Id	Plate	Row	Column	Clog	Scan rate	Status sort	Status sel	TOF	EXT	Green	Yellow	Red	PH Ext	PW Ext	PC Ext	PH Green	PW Green	PCGreen	PH Yellow	PW Yellow	PCYellow	PH Red	PW Red	PCRed	Time Stamp	
0	1	A	1	N	2500	6	40	370	129	16	5	13	0	0	0	0	0	0	0	0	0	0	0	0	326151	
1	1	A	2	N	2500	6	40	224	120	24	20	27	0	0	0	0	0	0	0	0	0	0	0	0	334216	
2	1	A	2	N	2500	6	40	360	156	28	18	24	0	0	0	0	0	0	0	0	0	0	0	0	334263	
3	1	A	2	N	2500	6	40	386	145	27	19	23	0	0	0	0	0	0	0	0	0	0	0	0	334918	
4	1	A	2	N	2500	0	40	380	138	24	17	28	0	0	0	0	0	0	0	0	0	0	0	0	335324	
5	1	A	2	N	2500	0	40	213	125	24	18	26	0	0	0	0	0	0	0	0	0	0	0	0	336385	
6	1	A	2	N	2500	0	40	301	127	23	17	19	0	0	0	0	0	0	0	0	0	0	0	0	336447	
7	1	A	2	N	2500	0	40	233	125	21	14	15	0	0	0	0	0	0	0	0	0	0	0	0	337227	
8	1	A	2	N	2500	0	40	391	168	36	24	28	0	0	0	0	0	0	0	0	0	0	0	0	337414	
9	1	A	2	N	2500	0	40	394	160	27	19	27	0	0	0	0	0	0	0	0	0	0	0	0	337539	
10	1	A	2	N	2500	0	40	323	120	22	15	21	0	0	0	0	0	0	0	0	0	0	0	0	337726	
11	1	A	2	N	2500	0	1	73	22	3	3	6	0	0	0	0	0	0	0	0	0	0	0	0	337789	
12	1	A	2	N	2500	0	40	339	143	30	20	27	0	0	0	0	0	0	0	0	0	0	0	0	338023	
13	1	A	2	N	2500	0	40	193	115	22	16	22	0	0	0	0	0	0	0	0	0	0	0	0	338038	
14	1	A	2	N	2500	0	40	211	136	32	18	23	0	0	0	0	0	0	0	0	0	0	0	0	338038	
15	1	A	2	N	2500	0	40	356	120	21	15	19	0	0	0	0	0	0	0	0	0	0	0	0	338257	
16	1	A	2	N	2500	0	40	371	164	33	24	35	0	0	0	0	0	0	0	0	0	0	0	0	338350	
17	1	A	2	N	2500	0	40	361	147	24	17	24	0	0	0	0	0	0	0	0	0	0	0	0	338522	
18	1	A	2	N	2500	0	40	242	130	28	19	25	0	0	0	0	0	0	0	0	0	0	0	0	338678	
19	1	A	2	N	2500	0	40	236	138	26	18	23	0	0	0	0	0	0	0	0	0	0	0	0	338709	
20	1	A	2	N	2500	0	1	153	101	22	15	18	0	0	0	0	0	0	0	0	0	0	0	0	338709	
21	1	A	2	N	2500	0	40	359	132	26	17	22	0	0	0	0	0	0	0	0	0	0	0	0	339193	
22	1	A	2	N	2500	0	40	364	135	24	18	22	0	0	0	0	0	0	0	0	0	0	0	0	339255	
23	1	A	2	N	2500	0	40	385	142	24	20	26	0	0	0	0	0	0	0	0	0	0	0	0	339411	
24	1	A	2	N	2500	0	40	372	137	24	21	29	0	0	0	0	0	0	0	0	0	0	0	0	339598	
25	1	A	2	N	2500	0	40	336	162	33	27	39	0	0	0	0	0	0	0	0	0	0	0	0	340020	
26	1	A	2	N	2500	0	40	221	136	27	21	25	0	0	0	0	0	0	0	0	0	0	0	0	340285	
27	1	A	4	N	2500	2	1	264	90	17	11	16	0	0	0	0	0	0	0	0	0	0	0	0	363576	
28	1	A	4	N	2500	2	1	165	111	26	15	22	0	0	0	0	0	0	0	0	0	0	0	0	363888	
29	1	A	4	N	2500	6	40	220	145	35	21	30	0	0	0	0	0	0	0	0	0	0	0	0	363919	
30	1	A	4	N	2500	2	1	279	82	15	8	14	0	0	0	0	0	0	0	0	0	0	0	0	364387	
31	1	A	4	N	2500	6	40	293	114	23	17	22	0	0	0	0	0	0	0	0	0	0	0	0	364559	
32	1	A	4	N	2500	6	40	370	156	27	17	21	0	0	0	0	0	0	0	0	0	0	0	0	364730	
33	1	A	4	N	2500	0	40	298	113	22	14	19	0	0	0	0	0	0	0	0	0	0	0	0	365136	
34	1	A	4	N	2500	0	40	320	127	23	17	21	0	0	0	0	0	0	0	0	0	0	0	0	365339	
35	1	A	4	N	2500	0	40	282	143	34	21	26	0	0	0	0	0	0	0	0	0	0	0	0	365588	
36	1	A	4	N	2500	0	1	185	91	15	11	18	0	0	0	0	0	0	0	0	0	0	0	0	366228	
37	1	A	4	N	2500	0	40	325	119	21	14	17	0	0	0	0	0	0	0	0	0	0	0	0	366290	
38	1	A	4	N	2500	0	40	260	129	24	15	21	0	0	0	0	0	0	0	0	0	0	0	0	366555	
39	1	A	4	N	2500	0	40	295	139	27	19	27	0	0	0	0	0	0	0	0	0	0	0	0	366571	
40	1	A	4	N	2500	0	40	218	125	27	19	26	0	0	0	0	0	0	0	0	0	0	0	0	366587	
41	1	A	4	N	2500	0	40	290	122	24	16	22	0	0	0	0	0	0	0	0	0	0	0	0	366774	
42	1	A	4	N	2500	0	40	304	129	22	16	22	0	0	0	0	0	0	0	0	0	0	0	0	367289	
43	1	A	4	N	2500	0	40	302	145	25	19	28	0	0	0	0	0	0	0	0	0	0	0	0	368396	
44	1	A	4	N	2500	0	40	299	118	26	14	20	0	0	0	0	0	0	0	0	0	0	0	0	368412	
45	1	A	4	N	2500	0	40	209	120	26	14	24	0	0	0	0	0	0	0	0	0	0	0	0	368537	
46	1	A	4	N	2500	0	40	449	181	32	24	34	0	0	0	0	0	0	0	0	0	0	0	0	369395	
47	1	A	6	N	2500	6	40	188	122	21	17	22	0	0	0	0	0	0	0	0	0	0	0	0	392607	
48	1	A	6	N	2500	2	1	58	13	1	1	4	0	0	0	0	0	0	0	0	0	0	0	0	392904	
49	1	A	6	N	2500	6	40	360	116	21	11	17	0	0	0	0	0	0	0	0	0	0	0	0	395072	
50	1	A	6	N	2500	6	40	301	107	21	12	15	0	0	0	0	0	0	0	0	0	0	0	0	395649	
51	1	A	6	N	2500	0	40	326	123	23	15	19	0	0	0	0	0	0	0	0	0	0	0	0	396242	
52	1	A	6	N	2500	0	40	265	115	18	13	18	0	0	0	0	0	0	0	0	0	0	0	0	396585	
53	1	A	6	N	2500	0	1	209	65	9	6	10	0	0	0	0	0	0	0	0	0	0	0	0	396819	
54	1	A	6	N	2500	0	40	274	128	24	16	23	0	0	0	0	0	0	0	0	0	0	0	0	397178	
55	1	A	6	N	2500	0	40	404	154	30	16	22	0	0	0	0	0	0	0	0	0	0	0	0	397693	
56	1	A	8	N	2500	2	1	198	103	22	13	15	0	0	0	0	0	0	0	0	0	0	0	0	420859	
57	1	A	8	N	2500	2	1	263	83	13	8	10	0	0	0	0	0	0	0	0	0	0	0	0	421842	
58	1	A	8	N	2500	2	1	74	36	4	0	1	0	0	0	0	0	0	0	0	0	0	0	0	422357	
59	1	A	8	N	2500	2	1	159	119	29	17	23	0	0	0	0	0	0	0	0	0	0	0	0	422825	
60	1	A	8	N	2500	6	40	214	114	21	13	16	0	0	0	0	0	0	0	0	0	0	0	0	422887	
61	1	A	8	N	2500	2	1	60	13	1	1	3	0	0	0	0	0	0	0	0	0	0	0	0	423277	
62	1	A	8	N	2500	6	40	243	129	25	15	22	0	0	0	0	0	0	0	0	0	0	0	0	423558	
63	1	A	8	N	2500	6	40	291	90	15	10	14	0	0	0	0	0	0	0	0	0	0	0	0	424322	
64	1	A	8	N	2500	0	40	331	105	14	10	17	0	0	0	0	0	0	0	0	0	0	0	0	424322	
65	1	A	8	N	2500	0	40	309	117	19	11	15	0	0	0	0	0	0	0	0	0	0	0	0	424385	
66	1	A	8	N	2500	0	40	256	138	30	17	19	0	0	0	0	0	0	0	0	0	0	0	0	424728	
67	1	A	8	N	2500	0	1	180	40	6	4	7	0	0	0	0	0	0	0	0	0	0	0	0	424993	
68	1	A	8	N	2500	0	40	199	110	20	12	14	0	0	0	0	0	0	0	0	0	0	0	0	425586	
69	1	A	8	N	2500	0	40	350	149	27	16	19	0	0	0	0	0	0	0	0	0	0	0	0	426225	
70	1	A	8	N	2500	0	40	416	153	24	16	18	0	0	0	0	0	0	0	0	0	0	0	0	426522	
71	1	A	8	N	2500	0	40	241	131	28	16	21	0	0	0	0	0	0	0	0	0	0	0	0	427567	
72	1	A	9	N	2500	2	1	62	36	10	0	1	0	0	0	0	0	0	0	0	0	0	0	0	435851	
73	1	A	9	N	2500	2	1	75	16	0	0	0	0	0	0	0	0	0	0	0	0	0	0	0	439298	
74	1	A	10	N	2500	2	1	144	32	4	3	4	0	0	0	0	0	0	0	0	0	0	0	0	449360	
75	1	A	10	N	2500	6	40	263	131	23	18	23	0	0	0	0	0	0	0	0	0	0	0	0	449750	
76	1	A	10	N	2500	2	1	136	188	55	1	6	0	0	0	0	0	0	0	0	0	0	0	0	449859	
77	1	A	10	N	2500	6	40	331	124	21	15	24	0	0	0	0	0	0	0	0	0	0	0	0	450125	
78	1	A	10	N	2500	6	40	211	133	22	15	17	0	0	0	0	0	0	0	0	0	0	0	0	450717	
79	1	A	10	N	2500	0	40	343	129	25	16	21	0	0	0	0	0	0	0	0	0	0	0	0	450795	
80	1	A	10	N	2500	0	1	126	100	17	14	18	0	0	0	0	0	0	0	0	0	0	0	0	451451	
81	1	A	10	N	2500	0	40	267	116	21	16	23	0	0	0	0	0	0	0	0	0	0	0	0	451669	
82	1	A	10	N	2500	0	1	137	121	22	17	22	0	0	0	0	0	0	0	0	0	0	0	0	451716	
83	1	A	10	N	2500	0	40	408	156	28	20	27	0	0	0	0	0	0	0	0	0	0	0	0	451747	
84	1	A	10	N	2500	0	1	195	89	22	14	20	0	0	0	0	0	0	0	0	0	0	0	0	451809	
85	1	A	10	N	2500	0	1	172	107	19	11	16	0	0	0	0	0	0	0	0	0	0	0	0	452199	
86	1	A	10	N	2500	0	1	70	48	2	0	2	0	0	0	0	0	0	0	0	0	0	0	0	452231	
87	1	A	10	N	2500	0	40	205	138	27	21	30	0	0	0	0	0	0	0	0	0	0	0	0	452543	
88	1	A	10	N	2500	0	1	137	33	3	3	5	0	0	0	0	0	0	0	0	0	0	0	0	452652	
89	1	A	10	N	2500	0	40	351	145	26	19	26	0	0	0	0	0	0	0	0	0	0	0	0	452979	
90	1	A	10	N	2500	0	40	333	106	19	12	18	0	0	0	0	0	0	0	0	0	0	0	0	453416	
91	1	A	10	N	2500	0	40	306	131	26	18	21	0	0	0	0	0	0	0	0	0	0	0	0	453557	
92	1	A	10	N	2500	0	40	378	135	24	17	23	0	0	0	0	0	0	0	0	0	0	0	0	453650	
93	1	A	10	N	2500	0	1	166	33	4	3	4	0	0	0	0	0	0	0	0	0	0	0	0	453728	
94	1	A	10	N	2500	0	40	380	148	25	17	21	0	0	0	0	0	0	0	0	0	0	0	0	453947	
95	1	A	10	N	2500	0	40	246	136	26	16	23	0	0	0	0	0	0	0	0	0	0	0	0	453962	
96	1	A	10	N	2500	0	40	407	151	27	18	23	0	0	0	0	0	0	0	0	0	0	0	0	454025	
97	1	A	10	N	2500	0	40	356	133	22	16	22	0	0	0	0	0	0	0	0	0	0	0	0	454274	
98	1	A	10	N	2500	0	40	351	122	20	16	20	0	0	0	0	0	0	0	0	0	0	0	0	454274	
99	1	A	10	N	2500	0	40	227	117	19	14	18	0	0	0	0	0	0	0	0	0	0	0	0	454337	
100	1	A	10	N	2500	0	40	302	122	23	19	23	0	0	0	0	0	0	0	0	0	0	0	0	454555	
101	1	A	10	N	2500	0	40	396	149	25	17	27	0	0	0	0	0	0	0	0	0	0	0	0	455070	
102	1	A	10	N	2500	0	40	249	143	29	19	26	0	0	0	0	0	0	0	0	0	0	0	0	455366	
103	1	A	11	N	2500	6	40	233	144	25	19	26	0	0	0	0	0	0	0	0	0	0	0	0	468829	
104	1	A	12	N	2500	6	40	208	120	28	16	20	0	0	0	0	0	0	0	0	0	0	0	0	479890	
105	1	A	12	N	2500	2	1	167	76	15	8	10	0	0	0	0	0	0	0	0	0	0	0	0	480389	
106	1	A	12	N	2500	6	40	306	96	22	12	17	0	0	0	0	0	0	0	0	0	0	0	0	480919	
107	1	A	12	N	2500	2	1	97	39	5	4	7	0	0	0	0	0	0	0	0	0	0	0	0	481574	
108	1	A	12	N	2500	6	40	337	111	18	13	18	0	0	0	0	0	0	0	0	0	0	0	0	482354	
109	1	A	12	N	2500	0	1	141	67	9	6	8	0	0	0	0	0	0	0	0	0	0	0	0	484804	
110	1	B	2	N	2500	2	2	292	86	13	9	13	0	0	0	0	0	0	0	0	0	0	0	0	508672	
111	1	B	2	N	2500	2	1	74	17	2	2	3	0	0	0	0	0	0	0	0	0	0	0	0	509046	
112	1	B	2	N	2500	33	1	105	21	3	2	4	0	0	0	0	0	0	0	0	0	0	0	0	509046	
113	1	B	2	N	2500	6	40	282	135	24	18	21	0	0	0	0	0	0	0	0	0	0	0	0	509639	
114	1	B	2	N	2500	2	1	66	39	2	0	1	0	0	0	0	0	0	0	0	0	0	0	0	512057	
115	1	B	2	N	2500	2	1	277	83	13	8	14	0	0	0	0	0	0	0	0	0	0	0	0	512306	
116	1	B	2	N	2500	6	40	203	135	26	17	24	0	0	0	0	0	0	0	0	0	0	0	0	512962	
117	1	B	2	N	2500	2	1	53	10	1	1	1	0	0	0	0	0	0	0	0	0	0	0	0	513664	
118	1	B	2	N	2500	33	1	104	41	6	4	8	0	0	0	0	0	0	0	0	0	0	0	0	513664	
119	1	B	2	N	2500	2	1	50	13	2	3	5	0	0	0	0	0	0	0	0	0	0	0	0	514490	
120	1	B	2	N	2500	6	40	349	137	25	17	23	0	0	0	0	0	0	0	0	0	0	0	0	514600	
121	1	B	3	N	2500	6	40	341	138	27	18	20	0	0	0	0	0	0	0	0	0	0	0	0	526315	
122	1	B	4	N	2500	6	40	358	135	21	13	17	0	0	0	0	0	0	0	0	0	0	0	0	537032	
123	1	B	4	N	2500	6	40	309	123	21	14	18	0	0	0	0	0	0	0	0	0	0	0	0	537500	
124	1	B	4	N	2500	6	40	246	109	18	14	16	0	0	0	0	0	0	0	0	0	0	0	0	538327	
125	1	B	4	N	2500	0	40	318	118	23	17	25	0	0	0	0	0	0	0	0	0	0	0	0	538561	
126	1	B	4	N	2500	0	40	363	138	25	20	30	0	0	0	0	0	0	0	0	0	0	0	0	538889	
127	1	B	4	N	2500	0	40	382	141	24	17	25	0	0	0	0	0	0	0	0	0	0	0	0	538920	
128	1	B	4	N	2500	0	40	374	144	27	17	26	0	0	0	0	0	0	0	0	0	0	0	0	538982	
129	1	B	4	N	2500	0	40	273	123	21	17	20	0	0	0	0	0	0	0	0	0	0	0	0	539357	
130	1	B	4	N	2500	0	40	323	94	15	10	17	0	0	0	0	0	0	0	0	0	0	0	0	539435	
131	1	B	4	N	2500	0	40	333	133	23	17	24	0	0	0	0	0	0	0	0	0	0	0	0	539684	
132	1	B	4	N	2500	0	1	155	42	7	4	7	0	0	0	0	0	0	0	0	0	0	0	0	539996	
133	1	B	4	N	2500	0	1	190	66	11	9	14	0	0	0	0	0	0	0	0	0	0	0	0	539996	
134	1	B	4	N	2500	0	40	327	116	19	14	22	0	0	0	0	0	0	0	0	0	0	0	0	540074	
135	1	B	4	N	2500	0	40	302	138	25	17	23	0	0	0	0	0	0	0	0	0	0	0	0	540121	
136	1	B	4	N	2500	0	40	323	155	27	24	32	0	0	0	0	0	0	0	0	0	0	0	0	540355	
137	1	B	4	N	2500	0	1	152	90	18	11	15	0	0	0	0	0	0	0	0	0	0	0	0	540371	
138	1	B	4	N	2500	0	40	375	142	24	19	29	0	0	0	0	0	0	0	0	0	0	0	0	540371	
139	1	B	4	N	2500	0	40	307	103	21	13	21	0	0	0	0	0	0	0	0	0	0	0	0	541260	
140	1	B	4	N	2500	0	40	346	126	25	17	27	0	0	0	0	0	0	0	0	0	0	0	0	541276	
141	1	B	4	N	2500	0	40	335	135	26	17	24	0	0	0	0	0	0	0	0	0	0	0	0	541400	
142	1	B	4	N	2500	0	40	269	119	26	15	17	0	0	0	0	0	0	0	0	0	0	0	0	541650	
143	1	B	4	N	2500	0	40	307	99	21	13	18	0	0	0	0	0	0	0	0	0	0	0	0	541697	
144	1	B	4	N	2500	0	1	206	79	13	8	10	0	0	0	0	0	0	0	0	0	0	0	0	541822	
145	1	B	4	N	2500	0	40	227	134	26	17	21	0	0	0	0	0	0	0	0	0	0	0	0	541853	
146	1	B	4	N	2500	0	40	277	123	26	16	22	0	0	0	0	0	0	0	0	0	0	0	0	541868	
147	1	B	4	N	2500	0	40	221	122	20	14	18	0	0	0	0	0	0	0	0	0	0	0	0	541978	
148	1	B	4	N	2500	0	1	186	94	13	11	13	0	0	0	0	0	0	0	0	0	0	0	0	542040	
149	1	B	4	N	2500	0	40	328	115	19	13	17	0	0	0	0	0	0	0	0	0	0	0	0	542087	
150	1	B	4	N	2500	0	1	135	112	24	18	21	0	0	0	0	0	0	0	0	0	0	0	0	542134	
151	1	B	4	N	2500	0	40	292	120	22	15	20	0	0	0	0	0	0	0	0	0	0	0	0	542149	
152	1	B	4	N	2500	0	40	271	131	24	18	23	0	0	0	0	0	0	0	0	0	0	0	0	542383	
153	1	B	4	N	2500	0	40	324	111	21	13	21	0	0	0	0	0	0	0	0	0	0	0	0	542414	
154	1	B	4	N	2500	0	40	332	138	28	18	20	0	0	0	0	0	0	0	0	0	0	0	0	542586	
155	1	B	4	N	2500	0	1	199	88	15	11	13	0	0	0	0	0	0	0	0	0	0	0	0	542648	
156	1	B	4	N	2500	0	40	327	108	18	13	18	0	0	0	0	0	0	0	0	0	0	0	0	542695	
157	1	B	4	N	2500	0	40	368	139	26	18	25	0	0	0	0	0	0	0	0	0	0	0	0	542695	
158	1	B	4	N	2500	0	40	250	127	20	16	22	0	0	0	0	0	0	0	0	0	0	0	0	542929	
159	1	B	4	N	2500	0	40	377	161	29	19	27	0	0	0	0	0	0	0	0	0	0	0	0	543132	
160	1	B	5	N	2500	6	40	408	142	24	17	22	0	0	0	0	0	0	0	0	0	0	0	0	554192	
161	1	B	6	N	2500	6	40	247	131	24	17	23	0	0	0	0	0	0	0	0	0	0	0	0	566173	
162	1	B	6	N	2500	2	1	169	110	22	13	20	0	0	0	0	0	0	0	0	0	0	0	0	567172	
163	1	B	6	N	2500	6	40	263	133	28	16	23	0	0	0	0	0	0	0	0	0	0	0	0	567546	
164	1	B	6	N	2500	6	40	291	116	24	14	18	0	0	0	0	0	0	0	0	0	0	0	0	567796	
165	1	B	6	N	2500	0	1	160	77	16	11	14	0	0	0	0	0	0	0	0	0	0	0	0	568685	
166	1	B	6	N	2500	0	1	156	66	8	7	12	0	0	0	0	0	0	0	0	0	0	0	0	568857	
167	1	B	6	N	2500	0	1	159	106	20	14	17	0	0	0	0	0	0	0	0	0	0	0	0	570479	
168	1	B	6	N	2500	0	40	373	141	25	18	28	0	0	0	0	0	0	0	0	0	0	0	0	570510	
169	1	B	6	N	2500	0	40	233	100	16	12	14	0	0	0	0	0	0	0	0	0	0	0	0	570573	
170	1	B	6	N	2500	0	40	345	138	26	17	22	0	0	0	0	0	0	0	0	0	0	0	0	570744	
171	1	B	6	N	2500	0	1	102	49	8	5	8	0	0	0	0	0	0	0	0	0	0	0	0	571259	
172	1	B	6	N	2500	0	1	92	20	3	3	4	0	0	0	0	0	0	0	0	0	0	0	0	571415	
173	1	B	6	N	2500	0	1	202	89	16	11	12	0	0	0	0	0	0	0	0	0	0	0	0	571415	
174	1	B	6	N	2500	0	1	170	105	22	13	18	0	0	0	0	0	0	0	0	0	0	0	0	571493	
175	1	B	6	N	2500	0	40	331	122	21	16	25	0	0	0	0	0	0	0	0	0	0	0	0	573069	
176	1	B	7	N	2500	6	40	322	127	21	15	20	0	0	0	0	0	0	0	0	0	0	0	0	584457	
177	1	B	8	N	2500	2	1	167	88	13	7	10	0	0	0	0	0	0	0	0	0	0	0	0	596484	
178	1	B	8	N	2500	6	40	309	116	21	12	16	0	0	0	0	0	0	0	0	0	0	0	0	596718	
179	1	B	8	N	2500	2	1	54	22	4	5	15	0	0	0	0	0	0	0	0	0	0	0	0	596796	
180	1	B	8	N	2500	6	40	335	134	25	16	21	0	0	0	0	0	0	0	0	0	0	0	0	597217	
181	1	B	8	N	2500	6	40	216	126	28	16	19	0	0	0	0	0	0	0	0	0	0	0	0	597888	
182	1	B	8	N	2500	0	40	299	135	25	16	21	0	0	0	0	0	0	0	0	0	0	0	0	598450	
183	1	B	8	N	2500	0	40	272	99	22	13	15	0	0	0	0	0	0	0	0	0	0	0	0	599011	
184	1	B	8	N	2500	0	40	249	119	22	16	21	0	0	0	0	0	0	0	0	0	0	0	0	599448	
185	1	B	8	N	2500	0	40	354	132	22	14	23	0	0	0	0	0	0	0	0	0	0	0	0	599542	
186	1	B	8	N	2500	0	1	60	22	6	3	5	0	0	0	0	0	0	0	0	0	0	0	0	600525	
187	1	B	10	N	2500	2	1	211	101	18	13	14	0	0	0	0	0	0	0	0	0	0	0	0	625375	
188	1	B	10	N	2500	2	1	115	35	5	3	7	0	0	0	0	0	0	0	0	0	0	0	0	625828	
189	1	B	10	N	2500	6	40	329	123	22	14	23	0	0	0	0	0	0	0	0	0	0	0	0	626748	
190	1	B	10	N	2500	6	40	311	176	39	23	27	0	0	0	0	0	0	0	0	0	0	0	0	627013	
191	1	B	10	N	2500	6	40	313	110	23	12	15	0	0	0	0	0	0	0	0	0	0	0	0	627341	
192	1	B	10	N	2500	0	40	279	92	16	11	15	0	0	0	0	0	0	0	0	0	0	0	0	627700	
193	1	B	10	N	2500	0	40	227	119	21	14	18	0	0	0	0	0	0	0	0	0	0	0	0	628090	
194	1	B	10	N	2500	0	40	312	116	22	16	19	0	0	0	0	0	0	0	0	0	0	0	0	628199	
195	1	B	10	N	2500	0	40	334	136	29	18	22	0	0	0	0	0	0	0	0	0	0	0	0	628885	
196	1	B	11	N	2500	2	1	83	70	21	0	1	0	0	0	0	0	0	0	0	0	0	0	0	637933	
197	1	B	12	N	2500	6	40	248	110	18	13	16	0	0	0	0	0	0	0	0	0	0	0	0	652363	
198	1	B	12	N	2500	6	40	219	118	27	17	21	0	0	0	0	0	0	0	0	0	0	0	0	653112	
199	1	B	12	N	2500	2	1	83	19	2	2	3	0	0	0	0	0	0	0	0	0	0	0	0	653190	
200	1	B	12	N	2500	6	40	348	133	25	15	19	0	0	0	0	0	0	0	0	0	0	0	0	653502	
201	1	B	12	N	2500	0	1	212	98	20	12	17	0	0	0	0	0	0	0	0	0	0	0	0	653955	
202	1	B	12	N	2500	0	40	340	130	23	16	21	0	0	0	0	0	0	0	0	0	0	0	0	654454	
203	1	B	12	N	2500	0	40	223	146	25	21	26	0	0	0	0	0	0	0	0	0	0	0	0	654937	
204	1	B	12	N	2500	0	40	317	126	22	15	19	0	0	0	0	0	0	0	0	0	0	0	0	655312	
205	1	B	12	N	2500	0	40	347	125	24	16	24	0	0	0	0	0	0	0	0	0	0	0	0	655452	
206	1	B	12	N	2500	0	40	255	111	19	14	16	0	0	0	0	0	0	0	0	0	0	0	0	655624	
207	1	B	12	N	2500	0	40	452	163	29	17	26	0	0	0	0	0	0	0	0	0	0	0	0	655717	
208	1	B	12	N	2500	0	40	246	105	18	12	18	0	0	0	0	0	0	0	0	0	0	0	0	656061	
209	1	B	12	N	2500	0	1	224	92	20	15	20	0	0	0	0	0	0	0	0	0	0	0	0	656107	
210	1	B	12	N	2500	0	40	296	99	16	12	20	0	0	0	0	0	0	0	0	0	0	0	0	656248	
211	1	B	12	N	2500	0	40	341	115	19	14	18	0	0	0	0	0	0	0	0	0	0	0	0	656544	
212	1	B	12	N	2500	0	1	197	108	25	16	21	0	0	0	0	0	0	0	0	0	0	0	0	656622	
213	1	B	12	N	2500	0	40	305	108	17	12	16	0	0	0	0	0	0	0	0	0	0	0	0	656685	
214	1	B	12	N	2500	0	40	258	119	23	15	17	0	0	0	0	0	0	0	0	0	0	0	0	656700	
215	1	B	12	N	2500	0	40	345	134	23	16	22	0	0	0	0	0	0	0	0	0	0	0	0	656903	
216	1	B	12	N	2500	0	40	203	123	24	18	23	0	0	0	0	0	0	0	0	0	0	0	0	656903	
217	1	B	12	N	2500	0	40	324	106	18	12	19	0	0	0	0	0	0	0	0	0	0	0	0	656950	
218	1	B	12	N	2500	0	1	184	94	20	12	16	0	0	0	0	0	0	0	0	0	0	0	0	656997	
219	1	B	12	N	2500	0	1	118	29	4	4	4	0	0	0	0	0	0	0	0	0	0	0	0	657075	
220	1	B	12	N	2500	0	1	191	75	13	11	14	0	0	0	0	0	0	0	0	0	0	0	0	657075	
221	1	B	12	N	2500	0	40	199	119	23	15	20	0	0	0	0	0	0	0	0	0	0	0	0	657075	
222	1	B	12	N	2500	0	40	215	120	26	17	20	0	0	0	0	0	0	0	0	0	0	0	0	657199	
223	1	B	12	N	2500	0	40	206	118	21	15	18	0	0	0	0	0	0	0	0	0	0	0	0	657480	
224	1	B	12	N	2500	0	40	322	117	24	14	19	0	0	0	0	0	0	0	0	0	0	0	0	657870	
225	1	B	12	N	2500	0	40	315	108	19	14	18	0	0	0	0	0	0	0	0	0	0	0	0	657917	
226	1	B	12	N	2500	0	1	188	105	25	15	16	0	0	0	0	0	0	0	0	0	0	0	0	657995	
227	1	B	12	N	2500	0	1	202	94	14	10	13	0	0	0	0	0	0	0	0	0	0	0	0	658494	
228	1	B	12	N	2500	0	40	264	107	17	13	16	0	0	0	0	0	0	0	0	0	0	0	0	659227	
229	1	B	12	N	2500	0	1	62	24	2	1	1	0	0	0	0	0	0	0	0	0	0	0	0	659415	
230	1	C	2	N	2500	6	40	179	135	28	20	24	0	0	0	0	0	0	0	0	0	0	0	0	683501	
231	1	C	2	N	2500	6	40	326	129	25	16	20	0	0	0	0	0	0	0	0	0	0	0	0	683532	
232	1	C	2	N	2500	6	40	278	128	28	20	27	0	0	0	0	0	0	0	0	0	0	0	0	683735	
233	1	C	2	N	2500	0	40	361	149	28	20	28	0	0	0	0	0	0	0	0	0	0	0	0	683985	
234	1	C	2	N	2500	0	40	300	149	28	20	25	0	0	0	0	0	0	0	0	0	0	0	0	684422	
235	1	C	2	N	2500	0	40	197	142	28	17	23	0	0	0	0	0	0	0	0	0	0	0	0	684593	
236	1	C	2	N	2500	0	40	475	183	33	22	32	0	0	0	0	0	0	0	0	0	0	0	0	684921	
237	1	C	2	N	2500	0	40	372	146	28	21	29	0	0	0	0	0	0	0	0	0	0	0	0	684983	
238	1	C	2	N	2500	0	40	369	150	27	19	26	0	0	0	0	0	0	0	0	0	0	0	0	685077	
239	1	C	2	N	2500	0	40	230	151	32	22	32	0	0	0	0	0	0	0	0	0	0	0	0	685202	
240	1	C	2	N	2500	0	40	378	140	25	16	23	0	0	0	0	0	0	0	0	0	0	0	0	685389	
241	1	C	2	N	2500	0	40	349	141	25	18	26	0	0	0	0	0	0	0	0	0	0	0	0	685467	
242	1	C	2	N	2500	0	40	412	170	34	21	29	0	0	0	0	0	0	0	0	0	0	0	0	685482	
243	1	C	2	N	2500	0	40	350	139	22	15	23	0	0	0	0	0	0	0	0	0	0	0	0	685529	
244	1	C	2	N	2500	0	1	166	111	22	14	17	0	0	0	0	0	0	0	0	0	0	0	0	685607	
245	1	C	2	N	2500	0	1	515	165	28	21	31	0	0	0	0	0	0	0	0	0	0	0	0	685670	
246	1	C	2	N	2500	0	40	357	133	24	16	20	0	0	0	0	0	0	0	0	0	0	0	0	685982	
247	1	C	2	N	2500	0	40	292	144	25	19	26	0	0	0	0	0	0	0	0	0	0	0	0	686075	
248	1	C	2	N	2500	0	40	373	156	28	22	35	0	0	0	0	0	0	0	0	0	0	0	0	686091	
249	1	C	2	N	2500	0	40	433	180	33	23	39	0	0	0	0	0	0	0	0	0	0	0	0	686559	
250	1	C	2	N	2500	0	40	347	146	24	18	24	0	0	0	0	0	0	0	0	0	0	0	0	687027	
251	1	C	2	N	2500	0	40	268	131	26	19	27	0	0	0	0	0	0	0	0	0	0	0	0	687261	
252	1	C	2	N	2500	0	40	232	128	23	19	26	0	0	0	0	0	0	0	0	0	0	0	0	687386	
253	1	C	2	N	2500	0	40	476	204	40	26	34	0	0	0	0	0	0	0	0	0	0	0	0	687386	
254	1	C	2	N	2500	0	40	288	197	44	33	51	0	0	0	0	0	0	0	0	0	0	0	0	687479	
255	1	C	2	N	2500	0	40	202	152	32	22	25	0	0	0	0	0	0	0	0	0	0	0	0	687495	
256	1	C	2	N	2500	0	40	362	151	27	20	25	0	0	0	0	0	0	0	0	0	0	0	0	687495	
257	1	C	2	N	2500	0	40	205	118	27	16	21	0	0	0	0	0	0	0	0	0	0	0	0	687526	
258	1	C	2	N	2500	0	40	353	148	29	19	29	0	0	0	0	0	0	0	0	0	0	0	0	687573	
259	1	C	2	N	2500	0	40	316	134	26	18	25	0	0	0	0	0	0	0	0	0	0	0	0	687588	
260	1	C	2	N	2500	0	40	360	139	24	19	28	0	0	0	0	0	0	0	0	0	0	0	0	687822	
261	1	C	3	N	2500	2	1	64	12	3	3	6	0	0	0	0	0	0	0	0	0	0	0	0	699491	
262	1	C	4	N	2500	2	1	87	29	6	6	10	0	0	0	0	0	0	0	0	0	0	0	0	711316	
263	1	C	4	N	2500	2	1	104	85	5	0	3	0	0	0	0	0	0	0	0	0	0	0	0	712096	
264	1	C	4	N	2500	2	1	59	15	2	1	2	0	0	0	0	0	0	0	0	0	0	0	0	712314	
265	1	C	4	N	2500	6	40	337	131	24	17	21	0	0	0	0	0	0	0	0	0	0	0	0	712377	
266	1	C	4	N	2500	6	40	416	194	40	31	39	0	0	0	0	0	0	0	0	0	0	0	0	712704	
267	1	C	4	N	2500	6	40	392	152	26	17	23	0	0	0	0	0	0	0	0	0	0	0	0	713016	
268	1	C	4	N	2500	0	40	198	113	28	15	19	0	0	0	0	0	0	0	0	0	0	0	0	713500	
269	1	C	4	N	2500	0	40	227	135	25	16	23	0	0	0	0	0	0	0	0	0	0	0	0	713765	
270	1	C	4	N	2500	0	1	165	62	10	9	15	0	0	0	0	0	0	0	0	0	0	0	0	714171	
271	1	C	4	N	2500	0	1	65	15	3	2	4	0	0	0	0	0	0	0	0	0	0	0	0	714576	
272	1	C	4	N	2500	0	1	265	79	12	11	19	0	0	0	0	0	0	0	0	0	0	0	0	714764	
273	1	C	4	N	2500	0	40	326	121	21	13	19	0	0	0	0	0	0	0	0	0	0	0	0	715372	
274	1	C	4	N	2500	0	40	326	117	23	14	23	0	0	0	0	0	0	0	0	0	0	0	0	715622	
275	1	C	4	N	2500	0	1	157	63	7	6	8	0	0	0	0	0	0	0	0	0	0	0	0	715668	
276	1	C	4	N	2500	0	40	409	159	32	18	26	0	0	0	0	0	0	0	0	0	0	0	0	716246	
277	1	C	4	N	2500	0	40	356	114	20	14	22	0	0	0	0	0	0	0	0	0	0	0	0	716714	
278	1	C	4	N	2500	0	40	327	136	24	18	22	0	0	0	0	0	0	0	0	0	0	0	0	717166	
279	1	C	4	N	2500	0	1	102	44	58	76	110	0	0	0	0	0	0	0	0	0	0	0	0	717494	
280	1	C	4	N	2500	0	40	298	95	14	10	14	0	0	0	0	0	0	0	0	0	0	0	0	717930	
281	1	C	4	N	2500	0	1	186	92	16	11	14	0	0	0	0	0	0	0	0	0	0	0	0	718445	
282	1	C	5	N	2500	6	40	276	128	21	14	18	0	0	0	0	0	0	0	0	0	0	0	0	730754	
283	1	C	5	N	2500	2	1	50	22	50	61	74	0	0	0	0	0	0	0	0	0	0	0	0	732532	
284	1	C	6	N	2500	6	40	257	113	18	15	20	0	0	0	0	0	0	0	0	0	0	0	0	740207	
285	1	C	6	N	2500	6	40	255	122	23	17	18	0	0	0	0	0	0	0	0	0	0	0	0	740972	
286	1	C	6	N	2500	6	40	330	123	24	14	18	0	0	0	0	0	0	0	0	0	0	0	0	741190	
287	1	C	6	N	2500	0	40	242	121	24	13	18	0	0	0	0	0	0	0	0	0	0	0	0	742204	
288	1	C	6	N	2500	0	40	315	134	24	18	22	0	0	0	0	0	0	0	0	0	0	0	0	742516	
289	1	C	6	N	2500	0	1	170	53	11	8	12	0	0	0	0	0	0	0	0	0	0	0	0	742594	
290	1	C	6	N	2500	0	40	211	106	22	14	20	0	0	0	0	0	0	0	0	0	0	0	0	742750	
291	1	C	6	N	2500	0	40	338	122	22	13	17	0	0	0	0	0	0	0	0	0	0	0	0	742766	
292	1	C	6	N	2500	0	40	338	128	23	14	17	0	0	0	0	0	0	0	0	0	0	0	0	742859	
293	1	C	6	N	2500	0	40	235	113	25	16	20	0	0	0	0	0	0	0	0	0	0	0	0	743390	
294	1	C	6	N	2500	0	40	253	132	25	16	22	0	0	0	0	0	0	0	0	0	0	0	0	743468	
295	1	C	6	N	2500	0	1	199	109	22	12	15	0	0	0	0	0	0	0	0	0	0	0	0	743608	
296	1	C	6	N	2500	0	40	356	126	20	13	19	0	0	0	0	0	0	0	0	0	0	0	0	744263	
297	1	C	6	N	2500	0	1	67	14	1	1	2	0	0	0	0	0	0	0	0	0	0	0	0	744326	
298	1	C	6	N	2500	0	40	266	109	18	15	19	0	0	0	0	0	0	0	0	0	0	0	0	744326	
299	1	C	6	N	2500	0	40	383	138	22	14	20	0	0	0	0	0	0	0	0	0	0	0	0	744341	
300	1	C	6	N	2500	0	40	348	134	25	15	18	0	0	0	0	0	0	0	0	0	0	0	0	744450	
301	1	C	6	N	2500	0	1	207	98	20	14	19	0	0	0	0	0	0	0	0	0	0	0	0	744560	
302	1	C	6	N	2500	0	1	148	75	9	7	12	0	0	0	0	0	0	0	0	0	0	0	0	744575	
303	1	C	6	N	2500	0	40	210	106	23	16	22	0	0	0	0	0	0	0	0	0	0	0	0	744575	
304	1	C	6	N	2500	0	40	351	134	21	14	16	0	0	0	0	0	0	0	0	0	0	0	0	744934	
305	1	C	6	N	2500	0	40	331	154	30	18	23	0	0	0	0	0	0	0	0	0	0	0	0	744996	
306	1	C	6	N	2500	0	40	263	139	26	16	23	0	0	0	0	0	0	0	0	0	0	0	0	745402	
307	1	C	6	N	2500	0	40	316	100	16	11	14	0	0	0	0	0	0	0	0	0	0	0	0	745433	
308	1	C	6	N	2500	0	40	308	105	16	11	17	0	0	0	0	0	0	0	0	0	0	0	0	745792	
309	1	C	6	N	2500	0	1	146	30	3	2	4	0	0	0	0	0	0	0	0	0	0	0	0	745823	
310	1	C	7	N	2500	6	40	265	120	21	16	18	0	0	0	0	0	0	0	0	0	0	0	0	757617	
311	1	C	8	N	2500	6	40	292	128	23	14	19	0	0	0	0	0	0	0	0	0	0	0	0	771922	
312	1	C	8	N	2500	2	1	144	67	14	9	11	0	0	0	0	0	0	0	0	0	0	0	0	771938	
313	1	C	8	N	2500	6	40	338	115	20	12	19	0	0	0	0	0	0	0	0	0	0	0	0	773310	
314	1	C	8	N	2500	6	40	336	114	19	12	21	0	0	0	0	0	0	0	0	0	0	0	0	773560	
315	1	C	8	N	2500	0	40	203	120	21	14	19	0	0	0	0	0	0	0	0	0	0	0	0	774278	
316	1	C	8	N	2500	0	40	294	94	15	9	13	0	0	0	0	0	0	0	0	0	0	0	0	774387	
317	1	C	8	N	2500	0	40	248	140	23	15	19	0	0	0	0	0	0	0	0	0	0	0	0	774512	
318	1	C	8	N	2500	0	1	174	54	7	6	8	0	0	0	0	0	0	0	0	0	0	0	0	774808	
319	1	C	8	N	2500	0	40	297	102	20	13	19	0	0	0	0	0	0	0	0	0	0	0	0	774824	
320	1	C	10	N	2500	6	40	289	107	20	13	16	0	0	0	0	0	0	0	0	0	0	0	0	800595	
321	1	C	10	N	2500	2	1	201	79	18	12	16	0	0	0	0	0	0	0	0	0	0	0	0	801219	
322	1	C	10	N	2500	6	40	294	107	21	11	15	0	0	0	0	0	0	0	0	0	0	0	0	802171	
323	1	C	10	N	2500	2	1	50	20	3	1	3	0	0	0	0	0	0	0	0	0	0	0	0	802202	
324	1	C	10	N	2500	2	1	165	113	22	13	23	0	0	0	0	0	0	0	0	0	0	0	0	802295	
325	1	C	10	N	2500	6	40	195	114	23	14	20	0	0	0	0	0	0	0	0	0	0	0	0	802451	
326	1	C	10	N	2500	0	40	424	168	29	21	30	0	0	0	0	0	0	0	0	0	0	0	0	802904	
327	1	C	10	N	2500	0	40	351	134	22	17	24	0	0	0	0	0	0	0	0	0	0	0	0	802935	
328	1	C	10	N	2500	0	1	133	94	19	12	17	0	0	0	0	0	0	0	0	0	0	0	0	803216	
329	1	C	10	N	2500	0	40	339	122	21	14	19	0	0	0	0	0	0	0	0	0	0	0	0	803419	
330	1	C	10	N	2500	0	40	334	126	21	16	23	0	0	0	0	0	0	0	0	0	0	0	0	804885	
331	1	C	12	N	2500	6	40	338	136	24	17	21	0	0	0	0	0	0	0	0	0	0	0	0	827786	
332	1	C	12	N	2500	6	40	326	121	21	14	19	0	0	0	0	0	0	0	0	0	0	0	0	828020	
333	1	C	12	N	2500	6	40	219	110	19	12	14	0	0	0	0	0	0	0	0	0	0	0	0	829642	
334	1	C	12	N	2500	0	40	357	135	23	15	23	0	0	0	0	0	0	0	0	0	0	0	0	829954	
335	1	C	12	N	2500	0	1	82	41	5	5	7	0	0	0	0	0	0	0	0	0	0	0	0	830219	
336	1	C	12	N	2500	0	40	340	151	33	20	27	0	0	0	0	0	0	0	0	0	0	0	0	830516	
337	1	C	12	N	2500	0	40	343	124	23	15	21	0	0	0	0	0	0	0	0	0	0	0	0	830625	
338	1	C	12	N	2500	0	40	325	116	19	12	15	0	0	0	0	0	0	0	0	0	0	0	0	830687	
339	1	C	12	N	2500	0	1	153	110	25	14	17	0	0	0	0	0	0	0	0	0	0	0	0	830703	
340	1	C	12	N	2500	0	40	321	144	32	21	28	0	0	0	0	0	0	0	0	0	0	0	0	830812	
341	1	C	12	N	2500	0	40	215	120	21	14	19	0	0	0	0	0	0	0	0	0	0	0	0	830875	
342	1	C	12	N	2500	0	1	64	12	3	3	6	0	0	0	0	0	0	0	0	0	0	0	0	831171	
343	1	C	12	N	2500	0	40	411	155	26	19	28	0	0	0	0	0	0	0	0	0	0	0	0	831218	
344	1	C	12	N	2500	0	40	396	156	26	19	22	0	0	0	0	0	0	0	0	0	0	0	0	831545	
345	1	C	12	N	2500	0	40	302	96	14	9	13	0	0	0	0	0	0	0	0	0	0	0	0	831779	
346	1	C	12	N	2500	0	40	447	156	26	16	16	0	0	0	0	0	0	0	0	0	0	0	0	831904	
347	1	C	12	N	2500	0	1	280	72	10	7	13	0	0	0	0	0	0	0	0	0	0	0	0	832232	
348	1	C	12	N	2500	0	40	389	130	20	12	17	0	0	0	0	0	0	0	0	0	0	0	0	832450	
349	1	C	12	N	2500	0	1	88	25	3	2	5	0	0	0	0	0	0	0	0	0	0	0	0	833527	
350	1	D	1	N	2500	2	1	54	10	1	1	4	0	0	0	0	0	0	0	0	0	0	0	0	845944	
351	1	D	1	N	2500	2	1	177	97	18	11	13	0	0	0	0	0	0	0	0	0	0	0	0	847957	
352	1	D	1	N	2500	33	1	74	16	2	1	2	0	0	0	0	0	0	0	0	0	0	0	0	847957	
353	1	D	2	N	2500	2	1	58	20	3	2	3	0	0	0	0	0	0	0	0	0	0	0	0	858409	
354	1	D	2	N	2500	6	40	371	147	26	20	28	0	0	0	0	0	0	0	0	0	0	0	0	859048	
355	1	D	2	N	2500	6	40	301	129	24	15	23	0	0	0	0	0	0	0	0	0	0	0	0	859282	
356	1	D	2	N	2500	2	1	184	108	19	11	16	0	0	0	0	0	0	0	0	0	0	0	0	859547	
357	1	D	2	N	2500	6	40	322	127	22	13	13	0	0	0	0	0	0	0	0	0	0	0	0	859688	
358	1	D	2	N	2500	0	40	316	159	33	18	25	0	0	0	0	0	0	0	0	0	0	0	0	860156	
359	1	D	2	N	2500	0	40	357	139	26	18	23	0	0	0	0	0	0	0	0	0	0	0	0	861139	
360	1	D	2	N	2500	0	40	311	110	18	11	15	0	0	0	0	0	0	0	0	0	0	0	0	861638	
361	1	D	2	N	2500	0	1	175	50	6	5	7	0	0	0	0	0	0	0	0	0	0	0	0	862106	
362	1	D	3	N	2500	2	1	143	125	22	17	24	0	0	0	0	0	0	0	0	0	0	0	0	870998	
363	1	D	3	N	2500	6	40	253	162	29	20	30	0	0	0	0	0	0	0	0	0	0	0	0	872589	
364	1	D	4	N	2500	6	40	338	132	23	16	21	0	0	0	0	0	0	0	0	0	0	0	0	885490	
365	1	D	4	N	2500	6	40	331	120	21	14	20	0	0	0	0	0	0	0	0	0	0	0	0	885802	
366	1	D	4	N	2500	6	40	257	134	28	19	22	0	0	0	0	0	0	0	0	0	0	0	0	885958	
367	1	D	4	N	2500	0	40	435	167	30	21	25	0	0	0	0	0	0	0	0	0	0	0	0	886473	
368	1	D	4	N	2500	0	1	53	11	1	1	1	0	0	0	0	0	0	0	0	0	0	0	0	886473	
369	1	D	4	N	2500	0	40	345	144	26	18	22	0	0	0	0	0	0	0	0	0	0	0	0	886723	
370	1	D	4	N	2500	0	40	215	142	28	17	23	0	0	0	0	0	0	0	0	0	0	0	0	886863	
371	1	D	4	N	2500	0	40	366	141	24	17	22	0	0	0	0	0	0	0	0	0	0	0	0	887035	
372	1	D	4	N	2500	0	40	335	201	41	27	31	0	0	0	0	0	0	0	0	0	0	0	0	887315	
373	1	D	4	N	2500	0	40	338	149	30	22	27	0	0	0	0	0	0	0	0	0	0	0	0	887659	
374	1	D	4	N	2500	0	40	381	123	18	12	18	0	0	0	0	0	0	0	0	0	0	0	0	887799	
375	1	D	4	N	2500	0	2	160	134	25	20	26	0	0	0	0	0	0	0	0	0	0	0	0	888049	
376	1	D	4	N	2500	0	40	273	150	28	19	22	0	0	0	0	0	0	0	0	0	0	0	0	888064	
377	1	D	4	N	2500	0	40	319	142	27	19	28	0	0	0	0	0	0	0	0	0	0	0	0	888548	
378	1	D	4	N	2500	0	40	228	135	23	17	28	0	0	0	0	0	0	0	0	0	0	0	0	888626	
379	1	D	4	N	2500	0	1	145	37	4	3	8	0	0	0	0	0	0	0	0	0	0	0	0	888626	
380	1	D	4	N	2500	0	40	256	142	29	20	28	0	0	0	0	0	0	0	0	0	0	0	0	888797	
381	1	D	4	N	2500	0	40	235	101	22	17	21	0	0	0	0	0	0	0	0	0	0	0	0	888813	
382	1	D	4	N	2500	0	40	351	141	30	16	23	0	0	0	0	0	0	0	0	0	0	0	0	889000	
383	1	D	4	N	2500	0	40	322	142	27	20	28	0	0	0	0	0	0	0	0	0	0	0	0	889094	
384	1	D	4	N	2500	0	1	208	102	22	18	22	0	0	0	0	0	0	0	0	0	0	0	0	889265	
385	1	D	4	N	2500	0	40	322	129	21	16	20	0	0	0	0	0	0	0	0	0	0	0	0	889312	
386	1	D	4	N	2500	0	40	191	127	22	17	21	0	0	0	0	0	0	0	0	0	0	0	0	889312	
387	1	D	4	N	2500	0	40	320	118	23	14	21	0	0	0	0	0	0	0	0	0	0	0	0	889687	
388	1	D	4	N	2500	0	40	332	156	27	24	31	0	0	0	0	0	0	0	0	0	0	0	0	889733	
389	1	D	4	N	2500	0	40	299	115	20	14	18	0	0	0	0	0	0	0	0	0	0	0	0	889733	
390	1	D	4	N	2500	0	40	210	129	26	16	20	0	0	0	0	0	0	0	0	0	0	0	0	890217	
391	1	D	4	N	2500	0	40	239	119	23	13	17	0	0	0	0	0	0	0	0	0	0	0	0	890233	
392	1	D	4	N	2500	0	40	477	166	28	18	22	0	0	0	0	0	0	0	0	0	0	0	0	890326	
393	1	D	4	N	2500	0	40	292	155	32	26	38	0	0	0	0	0	0	0	0	0	0	0	0	890342	
394	1	D	4	N	2500	0	40	270	142	30	18	26	0	0	0	0	0	0	0	0	0	0	0	0	890607	
395	1	D	4	N	2500	0	40	313	120	20	13	18	0	0	0	0	0	0	0	0	0	0	0	0	890607	
396	1	D	4	N	2500	0	40	354	127	22	14	17	0	0	0	0	0	0	0	0	0	0	0	0	890654	
397	1	D	4	N	2500	0	40	323	116	20	14	20	0	0	0	0	0	0	0	0	0	0	0	0	890747	
398	1	D	4	N	2500	0	40	187	144	29	18	21	0	0	0	0	0	0	0	0	0	0	0	0	890763	
399	1	D	4	N	2500	0	40	344	141	26	18	24	0	0	0	0	0	0	0	0	0	0	0	0	890857	
400	1	D	4	N	2500	0	40	186	122	30	17	24	0	0	0	0	0	0	0	0	0	0	0	0	890872	
401	1	D	4	N	2500	0	40	349	138	24	16	21	0	0	0	0	0	0	0	0	0	0	0	0	891137	
402	1	D	5	N	2500	2	1	65	19	3	4	19	0	0	0	0	0	0	0	0	0	0	0	0	905505	
403	1	D	6	N	2500	2	1	80	19	8	3	4	0	0	0	0	0	0	0	0	0	0	0	0	914085	
404	1	D	6	N	2500	6	40	331	116	25	15	22	0	0	0	0	0	0	0	0	0	0	0	0	914600	
405	1	D	6	N	2500	6	40	354	138	27	20	26	0	0	0	0	0	0	0	0	0	0	0	0	915255	
406	1	D	6	N	2500	6	40	395	141	24	20	25	0	0	0	0	0	0	0	0	0	0	0	0	915333	
407	1	D	6	N	2500	0	40	342	140	29	19	24	0	0	0	0	0	0	0	0	0	0	0	0	916051	
408	1	D	6	N	2500	0	40	267	136	26	19	27	0	0	0	0	0	0	0	0	0	0	0	0	916831	
409	1	D	6	N	2500	0	40	313	101	15	11	13	0	0	0	0	0	0	0	0	0	0	0	0	916831	
410	1	D	6	N	2500	0	40	340	128	23	16	23	0	0	0	0	0	0	0	0	0	0	0	0	917314	
411	1	D	6	N	2500	0	1	51	11	1	1	3	0	0	0	0	0	0	0	0	0	0	0	0	918001	
412	1	D	6	N	2500	0	40	280	131	27	19	25	0	0	0	0	0	0	0	0	0	0	0	0	918032	
413	1	D	6	N	2500	0	40	338	137	28	18	22	0	0	0	0	0	0	0	0	0	0	0	0	918204	
414	1	D	6	N	2500	0	40	304	138	25	20	26	0	0	0	0	0	0	0	0	0	0	0	0	918219	
415	1	D	6	N	2500	0	1	237	67	10	8	17	0	0	0	0	0	0	0	0	0	0	0	0	918531	
416	1	D	6	N	2500	0	40	361	139	27	17	25	0	0	0	0	0	0	0	0	0	0	0	0	918843	
417	1	D	6	N	2500	0	40	263	122	23	18	20	0	0	0	0	0	0	0	0	0	0	0	0	918874	
418	1	D	6	N	2500	0	40	357	129	21	15	21	0	0	0	0	0	0	0	0	0	0	0	0	918952	
419	1	D	6	N	2500	0	40	196	120	22	15	22	0	0	0	0	0	0	0	0	0	0	0	0	919467	
420	1	D	6	N	2500	0	40	223	125	27	15	21	0	0	0	0	0	0	0	0	0	0	0	0	920356	
421	1	D	7	N	2500	2	1	55	11	1	1	3	0	0	0	0	0	0	0	0	0	0	0	0	930621	
422	1	D	8	N	2500	2	1	82	36	6	8	13	0	0	0	0	0	0	0	0	0	0	0	0	943226	
423	1	D	8	N	2500	6	40	251	123	21	17	24	0	0	0	0	0	0	0	0	0	0	0	0	943881	
424	1	D	8	N	2500	2	1	186	112	22	16	18	0	0	0	0	0	0	0	0	0	0	0	0	943959	
425	1	D	8	N	2500	6	40	334	120	21	16	19	0	0	0	0	0	0	0	0	0	0	0	0	944037	
426	1	D	8	N	2500	6	40	385	149	31	22	30	0	0	0	0	0	0	0	0	0	0	0	0	944568	
427	1	D	8	N	2500	0	40	324	119	21	13	18	0	0	0	0	0	0	0	0	0	0	0	0	944614	
428	1	D	8	N	2500	0	40	273	189	38	25	30	0	0	0	0	0	0	0	0	0	0	0	0	945051	
429	1	D	8	N	2500	0	40	170	123	23	15	18	0	0	0	0	0	0	0	0	0	0	0	0	945145	
430	1	D	8	N	2500	0	40	331	118	25	14	19	0	0	0	0	0	0	0	0	0	0	0	0	945270	
431	1	D	8	N	2500	0	40	355	140	26	17	25	0	0	0	0	0	0	0	0	0	0	0	0	945301	
432	1	D	8	N	2500	0	1	180	88	21	16	22	0	0	0	0	0	0	0	0	0	0	0	0	945348	
433	1	D	8	N	2500	0	40	291	103	17	12	16	0	0	0	0	0	0	0	0	0	0	0	0	945379	
434	1	D	8	N	2500	0	1	59	17	5	7	14	0	0	0	0	0	0	0	0	0	0	0	0	945987	
435	1	D	8	N	2500	0	40	378	158	34	28	41	0	0	0	0	0	0	0	0	0	0	0	0	946096	
436	1	D	8	N	2500	0	40	423	183	41	28	37	0	0	0	0	0	0	0	0	0	0	0	0	947001	
437	1	D	8	N	2500	0	40	430	170	33	24	38	0	0	0	0	0	0	0	0	0	0	0	0	947095	
438	1	D	8	N	2500	0	40	423	168	30	23	29	0	0	0	0	0	0	0	0	0	0	0	0	947485	
439	1	D	8	N	2500	0	40	328	129	27	20	27	0	0	0	0	0	0	0	0	0	0	0	0	947532	
440	1	D	8	N	2500	0	40	261	111	24	16	21	0	0	0	0	0	0	0	0	0	0	0	0	947610	
441	1	D	8	N	2500	0	40	240	172	33	25	24	0	0	0	0	0	0	0	0	0	0	0	0	947656	
442	1	D	8	N	2500	0	40	370	147	27	21	26	0	0	0	0	0	0	0	0	0	0	0	0	947734	
443	1	D	8	N	2500	0	40	387	136	25	19	22	0	0	0	0	0	0	0	0	0	0	0	0	947953	
444	1	D	8	N	2500	0	40	371	149	27	19	22	0	0	0	0	0	0	0	0	0	0	0	0	948000	
445	1	D	8	N	2500	0	40	259	140	26	19	23	0	0	0	0	0	0	0	0	0	0	0	0	948202	
446	1	D	8	N	2500	0	40	392	165	33	23	34	0	0	0	0	0	0	0	0	0	0	0	0	948483	
447	1	D	8	N	2500	0	40	239	137	32	19	22	0	0	0	0	0	0	0	0	0	0	0	0	948608	
448	1	D	8	N	2500	0	40	336	139	28	17	25	0	0	0	0	0	0	0	0	0	0	0	0	948639	
449	1	D	8	N	2500	0	40	290	102	17	12	17	0	0	0	0	0	0	0	0	0	0	0	0	948655	
450	1	D	9	N	2500	6	40	279	127	26	17	22	0	0	0	0	0	0	0	0	0	0	0	0	956892	
451	1	D	9	N	2500	6	40	375	147	25	20	30	0	0	0	0	0	0	0	0	0	0	0	0	958452	
452	1	D	9	N	2500	6	40	335	130	24	16	22	0	0	0	0	0	0	0	0	0	0	0	0	961852	
453	1	D	10	N	2500	2	1	256	93	16	8	11	0	0	0	0	0	0	0	0	0	0	0	0	972102	
454	1	D	10	N	2500	6	40	297	93	15	9	12	0	0	0	0	0	0	0	0	0	0	0	0	973443	
455	1	D	10	N	2500	6	40	222	106	22	12	14	0	0	0	0	0	0	0	0	0	0	0	0	973708	
456	1	D	10	N	2500	2	1	119	37	5	4	4	0	0	0	0	0	0	0	0	0	0	0	0	974520	
457	1	D	10	N	2500	2	1	115	32	4	2	3	0	0	0	0	0	0	0	0	0	0	0	0	974520	
458	1	D	10	N	2500	2	1	142	75	9	6	8	0	0	0	0	0	0	0	0	0	0	0	0	974878	
459	1	D	10	N	2500	2	1	216	63	10	6	8	0	0	0	0	0	0	0	0	0	0	0	0	975487	
460	1	D	10	N	2500	2	1	156	39	4	3	7	0	0	0	0	0	0	0	0	0	0	0	0	978201	
461	1	D	12	N	2500	6	40	303	148	27	19	26	0	0	0	0	0	0	0	0	0	0	0	0	1000899	
462	1	D	12	N	2500	2	1	64	12	4	4	8	0	0	0	0	0	0	0	0	0	0	0	0	1001008	
463	1	D	12	N	2500	6	40	362	148	26	18	28	0	0	0	0	0	0	0	0	0	0	0	0	1002537	
464	1	D	12	N	2500	6	40	356	132	23	17	32	0	0	0	0	0	0	0	0	0	0	0	0	1002584	
465	1	D	12	N	2500	0	40	410	162	30	25	35	0	0	0	0	0	0	0	0	0	0	0	0	1002724	
466	1	D	12	N	2500	0	40	340	139	27	17	24	0	0	0	0	0	0	0	0	0	0	0	0	1002787	
467	1	D	12	N	2500	0	2	144	148	77	101	155	0	0	0	0	0	0	0	0	0	0	0	0	1003395	
468	1	D	12	N	2500	0	40	311	113	25	15	25	0	0	0	0	0	0	0	0	0	0	0	0	1003848	
469	1	D	12	N	2500	0	40	276	96	18	13	14	0	0	0	0	0	0	0	0	0	0	0	0	1004175	
470	1	D	12	N	2500	0	40	212	146	27	20	27	0	0	0	0	0	0	0	0	0	0	0	0	1004206	
471	1	D	12	N	2500	0	40	319	111	20	13	17	0	0	0	0	0	0	0	0	0	0	0	0	1004394	
472	1	D	12	N	2500	0	1	54	10	3	4	8	0	0	0	0	0	0	0	0	0	0	0	0	1004784	
473	1	D	12	N	2500	0	40	279	128	30	16	25	0	0	0	0	0	0	0	0	0	0	0	0	1005142	
474	1	D	12	N	2500	0	40	272	123	24	17	29	0	0	0	0	0	0	0	0	0	0	0	0	1005330	
475	1	D	12	N	2500	0	40	380	164	33	21	27	0	0	0	0	0	0	0	0	0	0	0	0	1005345	
476	1	D	12	N	2500	0	40	377	137	26	14	19	0	0	0	0	0	0	0	0	0	0	0	0	1005392	
477	1	D	12	N	2500	0	40	322	137	24	18	27	0	0	0	0	0	0	0	0	0	0	0	0	1005439	
478	1	D	12	N	2500	0	40	359	144	27	20	27	0	0	0	0	0	0	0	0	0	0	0	0	1005501	
479	1	D	12	N	2500	0	40	300	115	20	14	20	0	0	0	0	0	0	0	0	0	0	0	0	1005532	
480	1	D	12	N	2500	0	1	248	93	15	11	14	0	0	0	0	0	0	0	0	0	0	0	0	1005579	
481	1	D	12	N	2500	0	40	247	159	36	27	34	0	0	0	0	0	0	0	0	0	0	0	0	1005985	
482	1	D	12	N	2500	0	40	331	120	20	14	19	0	0	0	0	0	0	0	0	0	0	0	0	1006032	
483	1	D	12	N	2500	0	1	243	67	8	7	11	0	0	0	0	0	0	0	0	0	0	0	0	1006234	
484	1	D	12	N	2500	0	40	407	129	22	16	23	0	0	0	0	0	0	0	0	0	0	0	0	1007264	
485	1	E	2	N	2500	6	40	224	102	14	10	13	0	0	0	0	0	0	0	0	0	0	0	0	1031522	
486	1	E	2	N	2500	2	1	208	101	23	17	23	0	0	0	0	0	0	0	0	0	0	0	0	1031881	
487	1	E	2	N	2500	6	40	348	120	23	14	19	0	0	0	0	0	0	0	0	0	0	0	0	1031959	
488	1	E	2	N	2500	2	1	114	62	12	8	10	0	0	0	0	0	0	0	0	0	0	0	0	1032895	
489	1	E	2	N	2500	33	1	64	52	11	9	11	0	0	0	0	0	0	0	0	0	0	0	0	1032895	
490	1	E	2	N	2500	6	40	340	111	19	13	21	0	0	0	0	0	0	0	0	0	0	0	0	1033722	
491	1	E	2	N	2500	0	40	185	127	28	18	25	0	0	0	0	0	0	0	0	0	0	0	0	1034315	
492	1	E	2	N	2500	0	1	195	86	22	17	20	0	0	0	0	0	0	0	0	0	0	0	0	1034798	
493	1	E	2	N	2500	0	1	262	82	11	6	11	0	0	0	0	0	0	0	0	0	0	0	0	1035375	
494	1	E	2	N	2500	0	40	366	133	23	15	20	0	0	0	0	0	0	0	0	0	0	0	0	1035750	
495	1	E	2	N	2500	0	40	394	163	29	22	30	0	0	0	0	0	0	0	0	0	0	0	0	1035812	
496	1	E	3	N	2500	2	1	76	59	17	0	3	0	0	0	0	0	0	0	0	0	0	0	0	1045781	
497	1	E	3	N	2500	6	40	392	156	27	18	23	0	0	0	0	0	0	0	0	0	0	0	0	1047793	
498	1	E	4	N	2500	6	40	418	162	29	19	25	0	0	0	0	0	0	0	0	0	0	0	0	1059602	
499	1	E	4	N	2500	6	40	319	126	22	16	26	0	0	0	0	0	0	0	0	0	0	0	0	1059930	
500	1	E	4	N	2500	6	40	315	134	28	18	24	0	0	0	0	0	0	0	0	0	0	0	0	1059930	
501	1	E	4	N	2500	0	1	217	72	11	11	14	0	0	0	0	0	0	0	0	0	0	0	0	1059992	
502	1	E	4	N	2500	0	1	262	72	13	7	11	0	0	0	0	0	0	0	0	0	0	0	0	1060445	
503	1	E	4	N	2500	0	1	88	69	13	11	14	0	0	0	0	0	0	0	0	0	0	0	0	1060647	
504	1	E	4	N	2500	0	1	126	42	7	4	6	0	0	0	0	0	0	0	0	0	0	0	0	1060647	
505	1	E	4	N	2500	0	40	237	123	31	19	27	0	0	0	0	0	0	0	0	0	0	0	0	1060694	
506	1	E	4	N	2500	0	40	317	111	21	13	20	0	0	0	0	0	0	0	0	0	0	0	0	1060741	
507	1	E	4	N	2500	0	40	207	122	27	16	23	0	0	0	0	0	0	0	0	0	0	0	0	1060850	
508	1	E	4	N	2500	0	40	388	176	31	26	34	0	0	0	0	0	0	0	0	0	0	0	0	1060928	
509	1	E	4	N	2500	0	40	391	159	27	19	25	0	0	0	0	0	0	0	0	0	0	0	0	1061349	
510	1	E	4	N	2500	0	40	335	119	20	14	23	0	0	0	0	0	0	0	0	0	0	0	0	1061427	
511	1	E	4	N	2500	0	40	316	112	21	15	21	0	0	0	0	0	0	0	0	0	0	0	0	1061459	
512	1	E	4	N	2500	0	40	323	127	25	16	22	0	0	0	0	0	0	0	0	0	0	0	0	1061661	
513	1	E	4	N	2500	0	40	249	119	26	16	22	0	0	0	0	0	0	0	0	0	0	0	0	1062051	
514	1	E	4	N	2500	0	1	55	11	8	10	16	0	0	0	0	0	0	0	0	0	0	0	0	1062129	
515	1	E	4	N	2500	0	40	341	155	29	21	28	0	0	0	0	0	0	0	0	0	0	0	0	1062207	
516	1	E	4	N	2500	0	40	293	198	48	30	36	0	0	0	0	0	0	0	0	0	0	0	0	1062270	
517	1	E	4	N	2500	0	40	195	140	30	21	24	0	0	0	0	0	0	0	0	0	0	0	0	1062535	
518	1	E	4	N	2500	0	40	189	135	28	19	26	0	0	0	0	0	0	0	0	0	0	0	0	1062551	
519	1	E	4	N	2500	0	40	335	133	28	18	28	0	0	0	0	0	0	0	0	0	0	0	0	1062629	
520	1	E	4	N	2500	0	40	351	137	28	16	21	0	0	0	0	0	0	0	0	0	0	0	0	1062925	
521	1	E	4	N	2500	0	1	232	97	20	13	18	0	0	0	0	0	0	0	0	0	0	0	0	1062956	
522	1	E	4	N	2500	0	40	262	136	26	16	25	0	0	0	0	0	0	0	0	0	0	0	0	1063221	
523	1	E	4	N	2500	0	40	355	128	19	14	23	0	0	0	0	0	0	0	0	0	0	0	0	1063549	
524	1	E	4	N	2500	0	40	353	139	30	18	23	0	0	0	0	0	0	0	0	0	0	0	0	1063580	
525	1	E	4	N	2500	0	40	408	178	33	25	32	0	0	0	0	0	0	0	0	0	0	0	0	1063721	
526	1	E	4	N	2500	0	40	458	179	29	20	28	0	0	0	0	0	0	0	0	0	0	0	0	1063830	
527	1	E	4	N	2500	0	40	366	137	25	18	29	0	0	0	0	0	0	0	0	0	0	0	0	1063892	
528	1	E	4	N	2500	0	40	318	121	21	16	25	0	0	0	0	0	0	0	0	0	0	0	0	1063970	
529	1	E	4	N	2500	0	40	401	146	29	23	28	0	0	0	0	0	0	0	0	0	0	0	0	1064033	
530	1	E	4	N	2500	0	1	74	17	3	2	4	0	0	0	0	0	0	0	0	0	0	0	0	1064157	
531	1	E	4	N	2500	0	40	224	110	20	17	23	0	0	0	0	0	0	0	0	0	0	0	0	1064157	
532	1	E	4	N	2500	0	40	234	124	22	17	26	0	0	0	0	0	0	0	0	0	0	0	0	1064173	
533	1	E	4	N	2500	0	40	360	152	32	21	26	0	0	0	0	0	0	0	0	0	0	0	0	1064189	
534	1	E	4	N	2500	0	40	310	108	20	13	18	0	0	0	0	0	0	0	0	0	0	0	0	1064189	
535	1	E	4	N	2500	0	40	255	132	27	17	24	0	0	0	0	0	0	0	0	0	0	0	0	1064298	
536	1	E	4	N	2500	0	40	381	135	24	17	25	0	0	0	0	0	0	0	0	0	0	0	0	1064313	
537	1	E	4	N	2500	0	40	395	158	29	20	26	0	0	0	0	0	0	0	0	0	0	0	0	1064345	
538	1	E	4	N	2500	0	40	253	175	36	27	35	0	0	0	0	0	0	0	0	0	0	0	0	1064423	
539	1	E	4	N	2500	0	40	212	142	30	22	25	0	0	0	0	0	0	0	0	0	0	0	0	1064454	
540	1	E	4	N	2500	0	1	204	101	16	10	15	0	0	0	0	0	0	0	0	0	0	0	0	1064563	
541	1	E	4	N	2500	0	1	149	54	9	7	11	0	0	0	0	0	0	0	0	0	0	0	0	1064625	
542	1	E	4	N	2500	0	40	417	163	27	23	31	0	0	0	0	0	0	0	0	0	0	0	0	1064781	
543	1	E	4	N	2500	0	40	270	124	21	17	23	0	0	0	0	0	0	0	0	0	0	0	0	1064797	
544	1	E	4	N	2500	0	40	322	110	18	12	20	0	0	0	0	0	0	0	0	0	0	0	0	1064891	
545	1	E	4	N	2500	0	40	352	116	19	12	18	0	0	0	0	0	0	0	0	0	0	0	0	1065000	
546	1	E	4	N	2500	0	40	370	139	30	17	25	0	0	0	0	0	0	0	0	0	0	0	0	1065000	
547	1	E	4	N	2500	0	40	340	134	24	18	23	0	0	0	0	0	0	0	0	0	0	0	0	1065031	
548	1	E	4	N	2500	0	40	199	133	27	16	19	0	0	0	0	0	0	0	0	0	0	0	0	1065125	
549	1	E	4	N	2500	0	40	256	142	26	17	22	0	0	0	0	0	0	0	0	0	0	0	0	1065140	
550	1	E	4	N	2500	0	40	290	116	22	14	19	0	0	0	0	0	0	0	0	0	0	0	0	1065218	
551	1	E	4	N	2500	0	1	122	78	21	13	16	0	0	0	0	0	0	0	0	0	0	0	0	1065515	
552	1	E	4	N	2500	0	1	183	110	25	14	21	0	0	0	0	0	0	0	0	0	0	0	0	1065655	
553	1	E	4	N	2500	0	1	234	89	18	12	17	0	0	0	0	0	0	0	0	0	0	0	0	1066341	
554	1	E	5	N	2500	6	40	239	137	26	18	23	0	0	0	0	0	0	0	0	0	0	0	0	1079087	
555	1	E	6	N	2500	2	1	199	60	7	6	9	0	0	0	0	0	0	0	0	0	0	0	0	1088852	
556	1	E	6	N	2500	6	40	266	152	28	20	28	0	0	0	0	0	0	0	0	0	0	0	0	1090677	
557	1	E	6	N	2500	6	40	299	121	23	15	23	0	0	0	0	0	0	0	0	0	0	0	0	1090693	
558	1	E	6	N	2500	2	1	117	54	7	5	8	0	0	0	0	0	0	0	0	0	0	0	0	1090740	
559	1	E	6	N	2500	6	40	352	142	23	19	28	0	0	0	0	0	0	0	0	0	0	0	0	1090927	
560	1	E	6	N	2500	0	1	102	18	2	2	6	0	0	0	0	0	0	0	0	0	0	0	0	1091426	
561	1	E	6	N	2500	0	40	315	109	22	14	18	0	0	0	0	0	0	0	0	0	0	0	0	1091738	
562	1	E	6	N	2500	0	40	258	121	20	14	18	0	0	0	0	0	0	0	0	0	0	0	0	1092565	
563	1	E	6	N	2500	0	1	192	95	21	12	13	0	0	0	0	0	0	0	0	0	0	0	0	1093579	
564	1	E	6	N	2500	0	40	416	162	28	21	31	0	0	0	0	0	0	0	0	0	0	0	0	1093610	
565	1	E	6	N	2500	0	1	199	78	13	10	12	0	0	0	0	0	0	0	0	0	0	0	0	1094078	
566	1	E	6	N	2500	0	40	358	138	25	18	26	0	0	0	0	0	0	0	0	0	0	0	0	1094203	
567	1	E	8	N	2500	6	40	311	134	24	18	25	0	0	0	0	0	0	0	0	0	0	0	0	1119413	
568	1	E	8	N	2500	6	40	300	107	21	14	19	0	0	0	0	0	0	0	0	0	0	0	0	1119678	
569	1	E	8	N	2500	6	40	281	110	21	15	22	0	0	0	0	0	0	0	0	0	0	0	0	1122486	
570	1	E	8	N	2500	0	1	137	97	21	13	16	0	0	0	0	0	0	0	0	0	0	0	0	1123656	
571	1	E	9	N	2500	2	1	75	70	5	0	1	0	0	0	0	0	0	0	0	0	0	0	0	1132563	
572	1	E	9	N	2500	6	40	316	139	24	18	26	0	0	0	0	0	0	0	0	0	0	0	0	1132922	
573	1	E	9	N	2500	2	1	196	44	28	55	236	0	0	0	0	0	0	0	0	0	0	0	0	1133453	
574	1	E	9	N	2500	6	40	336	113	19	13	17	0	0	0	0	0	0	0	0	0	0	0	0	1135668	
575	1	E	10	N	2500	2	1	51	10	1	1	2	0	0	0	0	0	0	0	0	0	0	0	0	1147742	
576	1	E	10	N	2500	6	40	282	99	15	11	15	0	0	0	0	0	0	0	0	0	0	0	0	1149692	
577	1	E	10	N	2500	6	40	297	90	16	10	17	0	0	0	0	0	0	0	0	0	0	0	0	1150082	
578	1	E	10	N	2500	2	1	194	105	23	14	18	0	0	0	0	0	0	0	0	0	0	0	0	1150457	
579	1	E	10	N	2500	6	40	247	141	24	20	26	0	0	0	0	0	0	0	0	0	0	0	0	1150691	
580	1	E	10	N	2500	0	1	167	79	11	7	9	0	0	0	0	0	0	0	0	0	0	0	0	1150738	
581	1	E	12	N	2500	2	1	95	28	3	2	5	0	0	0	0	0	0	0	0	0	0	0	0	1176462	
582	1	E	12	N	2500	2	1	194	93	15	11	13	0	0	0	0	0	0	0	0	0	0	0	0	1176462	
583	1	E	12	N	2500	6	40	330	123	22	13	19	0	0	0	0	0	0	0	0	0	0	0	0	1176696	
584	1	E	12	N	2500	6	40	322	121	19	13	16	0	0	0	0	0	0	0	0	0	0	0	0	1177414	
585	1	E	12	N	2500	6	40	249	117	21	15	20	0	0	0	0	0	0	0	0	0	0	0	0	1177804	
586	1	E	12	N	2500	0	40	218	111	24	14	21	0	0	0	0	0	0	0	0	0	0	0	0	1178396	
587	1	E	12	N	2500	0	40	325	130	22	19	26	0	0	0	0	0	0	0	0	0	0	0	0	1179442	
588	1	E	12	N	2500	0	40	361	129	25	15	18	0	0	0	0	0	0	0	0	0	0	0	0	1179644	
589	1	E	12	N	2500	0	40	304	157	29	27	37	0	0	0	0	0	0	0	0	0	0	0	0	1179800	
590	1	F	2	N	2500	2	1	183	112	18	12	19	0	0	0	0	0	0	0	0	0	0	0	0	1204760	
591	1	F	2	N	2500	6	40	250	103	22	16	23	0	0	0	0	0	0	0	0	0	0	0	0	1204963	
592	1	F	2	N	2500	6	40	260	94	21	12	16	0	0	0	0	0	0	0	0	0	0	0	0	1205072	
593	1	F	2	N	2500	6	40	330	130	26	17	24	0	0	0	0	0	0	0	0	0	0	0	0	1206102	
594	1	F	2	N	2500	0	1	137	49	9	6	8	0	0	0	0	0	0	0	0	0	0	0	0	1206523	
595	1	F	2	N	2500	0	40	364	139	26	20	28	0	0	0	0	0	0	0	0	0	0	0	0	1206664	
596	1	F	2	N	2500	0	40	248	106	18	13	17	0	0	0	0	0	0	0	0	0	0	0	0	1206835	
597	1	F	2	N	2500	0	40	281	125	28	20	25	0	0	0	0	0	0	0	0	0	0	0	0	1207272	
598	1	F	2	N	2500	0	40	333	122	21	14	19	0	0	0	0	0	0	0	0	0	0	0	0	1207381	
599	1	F	2	N	2500	0	40	209	145	31	17	24	0	0	0	0	0	0	0	0	0	0	0	0	1207802	
600	1	F	2	N	2500	0	40	241	135	27	15	23	0	0	0	0	0	0	0	0	0	0	0	0	1208021	
601	1	F	2	N	2500	0	40	277	136	29	16	21	0	0	0	0	0	0	0	0	0	0	0	0	1208380	
602	1	F	2	N	2500	0	40	393	163	30	21	23	0	0	0	0	0	0	0	0	0	0	0	0	1208489	
603	1	F	2	N	2500	0	40	225	120	21	13	16	0	0	0	0	0	0	0	0	0	0	0	0	1208489	
604	1	F	2	N	2500	0	1	209	91	22	15	18	0	0	0	0	0	0	0	0	0	0	0	0	1208504	
605	1	F	2	N	2500	0	40	325	114	24	15	20	0	0	0	0	0	0	0	0	0	0	0	0	1209659	
606	1	F	2	N	2500	0	40	260	117	24	14	20	0	0	0	0	0	0	0	0	0	0	0	0	1210018	
607	1	F	2	N	2500	0	1	66	11	45	64	106	0	0	0	0	0	0	0	0	0	0	0	0	1210033	
608	1	F	2	N	2500	0	1	181	106	22	17	22	0	0	0	0	0	0	0	0	0	0	0	0	1210267	
609	1	F	2	N	2500	0	40	242	145	31	23	25	0	0	0	0	0	0	0	0	0	0	0	0	1210470	
610	1	F	2	N	2500	0	40	359	132	23	16	16	0	0	0	0	0	0	0	0	0	0	0	0	1211047	
611	1	F	4	N	2500	6	40	354	135	23	16	19	0	0	0	0	0	0	0	0	0	0	0	0	1235508	
612	1	F	4	N	2500	6	40	372	153	28	20	29	0	0	0	0	0	0	0	0	0	0	0	0	1235711	
613	1	F	4	N	2500	6	40	400	174	31	22	35	0	0	0	0	0	0	0	0	0	0	0	0	1236038	
614	1	F	4	N	2500	0	40	327	139	22	17	23	0	0	0	0	0	0	0	0	0	0	0	0	1236600	
615	1	F	4	N	2500	0	40	340	128	24	17	23	0	0	0	0	0	0	0	0	0	0	0	0	1237442	
616	1	F	4	N	2500	0	40	407	158	30	16	23	0	0	0	0	0	0	0	0	0	0	0	0	1237879	
617	1	F	4	N	2500	0	40	324	118	23	14	19	0	0	0	0	0	0	0	0	0	0	0	0	1238035	
618	1	F	4	N	2500	0	40	236	105	17	13	18	0	0	0	0	0	0	0	0	0	0	0	0	1238129	
619	1	F	4	N	2500	0	1	147	97	22	13	15	0	0	0	0	0	0	0	0	0	0	0	0	1238300	
620	1	F	4	N	2500	0	40	300	96	20	12	15	0	0	0	0	0	0	0	0	0	0	0	0	1238472	
621	1	F	4	N	2500	0	40	359	133	24	14	20	0	0	0	0	0	0	0	0	0	0	0	0	1238472	
622	1	F	4	N	2500	0	40	248	136	25	18	24	0	0	0	0	0	0	0	0	0	0	0	0	1238675	
623	1	F	4	N	2500	0	40	359	121	21	15	22	0	0	0	0	0	0	0	0	0	0	0	0	1238675	
624	1	F	4	N	2500	0	40	313	113	20	15	25	0	0	0	0	0	0	0	0	0	0	0	0	1238800	
625	1	F	4	N	2500	0	40	265	135	21	17	23	0	0	0	0	0	0	0	0	0	0	0	0	1239096	
626	1	F	4	N	2500	0	40	364	142	25	16	19	0	0	0	0	0	0	0	0	0	0	0	0	1239252	
627	1	F	5	N	2500	2	1	56	41	10	0	1	0	0	0	0	0	0	0	0	0	0	0	0	1250141	
628	1	F	5	N	2500	2	1	54	19	6	0	0	0	0	0	0	0	0	0	0	0	0	0	0	1252653	
629	1	F	5	N	2500	6	40	260	147	24	17	17	0	0	0	0	0	0	0	0	0	0	0	0	1253027	
630	1	F	6	N	2500	6	40	240	106	20	14	19	0	0	0	0	0	0	0	0	0	0	0	0	1262403	
631	1	F	6	N	2500	2	1	80	16	2	1	3	0	0	0	0	0	0	0	0	0	0	0	0	1262418	
632	1	F	6	N	2500	6	40	232	105	20	14	18	0	0	0	0	0	0	0	0	0	0	0	0	1262746	
633	1	F	6	N	2500	6	40	373	154	29	21	29	0	0	0	0	0	0	0	0	0	0	0	0	1262949	
634	1	F	6	N	2500	0	40	311	120	22	14	18	0	0	0	0	0	0	0	0	0	0	0	0	1263604	
635	1	F	6	N	2500	0	1	283	85	13	10	17	0	0	0	0	0	0	0	0	0	0	0	0	1264353	
636	1	F	6	N	2500	0	1	169	74	9	8	13	0	0	0	0	0	0	0	0	0	0	0	0	1264446	
637	1	F	6	N	2500	0	40	463	180	30	18	24	0	0	0	0	0	0	0	0	0	0	0	0	1266084	
638	1	F	6	N	2500	0	1	195	108	18	13	17	0	0	0	0	0	0	0	0	0	0	0	0	1266552	
639	1	F	6	N	2500	0	40	172	131	26	16	24	0	0	0	0	0	0	0	0	0	0	0	0	1266615	
640	1	F	6	N	2500	0	1	206	97	20	14	24	0	0	0	0	0	0	0	0	0	0	0	0	1266677	
641	1	F	6	N	2500	0	1	206	76	12	9	16	0	0	0	0	0	0	0	0	0	0	0	0	1267207	
642	1	F	6	N	2500	0	40	322	106	19	13	19	0	0	0	0	0	0	0	0	0	0	0	0	1267566	
643	1	F	8	N	2500	6	40	300	107	18	14	16	0	0	0	0	0	0	0	0	0	0	0	0	1291309	
644	1	F	8	N	2500	2	1	161	76	12	7	12	0	0	0	0	0	0	0	0	0	0	0	0	1291497	
645	1	F	8	N	2500	6	40	347	107	21	13	23	0	0	0	0	0	0	0	0	0	0	0	0	1291528	
646	1	F	8	N	2500	6	40	227	103	18	14	16	0	0	0	0	0	0	0	0	0	0	0	0	1291933	
647	1	F	8	N	2500	0	40	347	129	23	15	19	0	0	0	0	0	0	0	0	0	0	0	0	1293400	
648	1	F	8	N	2500	0	40	279	97	19	13	16	0	0	0	0	0	0	0	0	0	0	0	0	1293556	
649	1	F	8	N	2500	0	40	271	114	20	12	14	0	0	0	0	0	0	0	0	0	0	0	0	1293603	
650	1	F	8	N	2500	0	40	233	144	25	18	23	0	0	0	0	0	0	0	0	0	0	0	0	1293649	
651	1	F	8	N	2500	0	40	286	109	21	15	20	0	0	0	0	0	0	0	0	0	0	0	0	1293696	
652	1	F	8	N	2500	0	40	293	96	16	11	13	0	0	0	0	0	0	0	0	0	0	0	0	1293930	
653	1	F	8	N	2500	0	40	319	104	16	10	18	0	0	0	0	0	0	0	0	0	0	0	0	1293946	
654	1	F	8	N	2500	0	40	240	101	20	12	17	0	0	0	0	0	0	0	0	0	0	0	0	1294164	
655	1	F	8	N	2500	0	1	173	107	20	13	19	0	0	0	0	0	0	0	0	0	0	0	0	1294305	
656	1	F	8	N	2500	0	40	239	106	20	14	19	0	0	0	0	0	0	0	0	0	0	0	0	1294726	
657	1	F	8	N	2500	0	1	182	54	7	5	9	0	0	0	0	0	0	0	0	0	0	0	0	1294835	
658	1	F	8	N	2500	0	1	59	15	1	1	3	0	0	0	0	0	0	0	0	0	0	0	0	1294851	
659	1	F	8	N	2500	0	1	216	99	18	11	14	0	0	0	0	0	0	0	0	0	0	0	0	1294960	
660	1	F	8	N	2500	0	40	212	108	16	11	17	0	0	0	0	0	0	0	0	0	0	0	0	1295350	
661	1	F	8	N	2500	0	40	286	112	18	12	16	0	0	0	0	0	0	0	0	0	0	0	0	1295412	
662	1	F	8	N	2500	0	40	204	123	24	14	15	0	0	0	0	0	0	0	0	0	0	0	0	1295506	
663	1	F	8	N	2500	0	40	274	103	18	13	19	0	0	0	0	0	0	0	0	0	0	0	0	1295615	
664	1	F	8	N	2500	0	40	284	143	20	16	21	0	0	0	0	0	0	0	0	0	0	0	0	1295646	
665	1	F	8	N	2500	0	1	226	85	11	8	11	0	0	0	0	0	0	0	0	0	0	0	0	1295740	
666	1	F	8	N	2500	0	40	214	120	22	14	20	0	0	0	0	0	0	0	0	0	0	0	0	1295865	
667	1	F	8	N	2500	0	40	325	108	19	13	19	0	0	0	0	0	0	0	0	0	0	0	0	1295865	
668	1	F	8	N	2500	0	1	284	81	13	8	13	0	0	0	0	0	0	0	0	0	0	0	0	1296239	
669	1	F	8	N	2500	0	1	132	109	24	15	23	0	0	0	0	0	0	0	0	0	0	0	0	1296395	
670	1	F	8	N	2500	0	40	257	101	15	10	16	0	0	0	0	0	0	0	0	0	0	0	0	1296520	
671	1	F	9	N	2500	2	1	184	92	14	9	10	0	0	0	0	0	0	0	0	0	0	0	0	1305802	
672	1	F	10	N	2500	2	1	88	22	4	3	6	0	0	0	0	0	0	0	0	0	0	0	0	1319764	
673	1	F	10	N	2500	2	1	223	91	17	12	17	0	0	0	0	0	0	0	0	0	0	0	0	1319764	
674	1	F	10	N	2500	6	40	405	186	40	34	54	0	0	0	0	0	0	0	0	0	0	0	0	1319967	
675	1	F	10	N	2500	6	40	170	121	29	20	25	0	0	0	0	0	0	0	0	0	0	0	0	1320013	
676	1	F	10	N	2500	6	40	326	126	21	16	22	0	0	0	0	0	0	0	0	0	0	0	0	1320528	
677	1	F	10	N	2500	0	40	214	107	24	16	24	0	0	0	0	0	0	0	0	0	0	0	0	1320762	
678	1	F	10	N	2500	0	40	214	143	31	21	28	0	0	0	0	0	0	0	0	0	0	0	0	1321792	
679	1	F	10	N	2500	0	1	228	90	20	17	20	0	0	0	0	0	0	0	0	0	0	0	0	1321854	
680	1	F	10	N	2500	0	1	97	24	4	3	6	0	0	0	0	0	0	0	0	0	0	0	0	1321901	
681	1	F	10	N	2500	0	1	202	92	17	12	16	0	0	0	0	0	0	0	0	0	0	0	0	1321901	
682	1	F	10	N	2500	0	1	224	63	7	7	11	0	0	0	0	0	0	0	0	0	0	0	0	1322650	
683	1	F	10	N	2500	0	40	373	146	25	19	27	0	0	0	0	0	0	0	0	0	0	0	0	1322697	
684	1	F	10	N	2500	0	1	115	23	9	11	22	0	0	0	0	0	0	0	0	0	0	0	0	1322868	
685	1	F	10	N	2500	0	40	342	128	24	16	28	0	0	0	0	0	0	0	0	0	0	0	0	1322962	
686	1	F	10	N	2500	0	40	220	112	26	20	26	0	0	0	0	0	0	0	0	0	0	0	0	1323367	
687	1	F	10	N	2500	0	40	327	103	16	13	19	0	0	0	0	0	0	0	0	0	0	0	0	1323414	
688	1	F	10	N	2500	0	40	363	149	26	21	33	0	0	0	0	0	0	0	0	0	0	0	0	1324163	
689	1	F	10	N	2500	0	40	257	131	21	16	23	0	0	0	0	0	0	0	0	0	0	0	0	1324428	
690	1	F	10	N	2500	0	40	250	166	32	24	29	0	0	0	0	0	0	0	0	0	0	0	0	1324584	
691	1	F	10	N	2500	0	40	423	171	35	24	31	0	0	0	0	0	0	0	0	0	0	0	0	1324631	
692	1	F	10	N	2500	0	40	375	139	23	17	24	0	0	0	0	0	0	0	0	0	0	0	0	1324756	
693	1	F	10	N	2500	0	40	238	152	29	20	27	0	0	0	0	0	0	0	0	0	0	0	0	1324896	
694	1	F	10	N	2500	0	40	312	150	30	19	27	0	0	0	0	0	0	0	0	0	0	0	0	1324959	
695	1	F	10	N	2500	0	40	327	140	23	18	25	0	0	0	0	0	0	0	0	0	0	0	0	1324959	
696	1	F	10	N	2500	0	40	232	169	37	25	30	0	0	0	0	0	0	0	0	0	0	0	0	1325037	
697	1	F	10	N	2500	0	40	279	118	23	18	22	0	0	0	0	0	0	0	0	0	0	0	0	1325068	
698	1	F	10	N	2500	0	40	262	136	26	18	24	0	0	0	0	0	0	0	0	0	0	0	0	1325427	
699	1	F	10	N	2500	0	40	420	159	27	17	21	0	0	0	0	0	0	0	0	0	0	0	0	1326347	
700	1	F	10	N	2500	0	40	231	107	22	19	29	0	0	0	0	0	0	0	0	0	0	0	0	1326706	
701	1	F	11	N	2500	6	40	196	132	21	15	19	0	0	0	0	0	0	0	0	0	0	0	0	1336518	
702	1	F	11	N	2500	6	40	481	190	38	26	33	0	0	0	0	0	0	0	0	0	0	0	0	1336581	
703	1	F	11	N	2500	6	40	308	134	23	20	27	0	0	0	0	0	0	0	0	0	0	0	0	1336924	
704	1	F	12	N	2500	2	1	52	18	7	2	2	0	0	0	0	0	0	0	0	0	0	0	0	1348265	
705	1	F	12	N	2500	6	40	360	127	25	17	17	0	0	0	0	0	0	0	0	0	0	0	0	1349934	
706	1	F	12	N	2500	6	40	349	130	32	16	23	0	0	0	0	0	0	0	0	0	0	0	0	1349997	
707	1	F	12	N	2500	6	40	218	156	33	20	28	0	0	0	0	0	0	0	0	0	0	0	0	1349997	
708	1	F	12	N	2500	0	40	362	144	25	17	22	0	0	0	0	0	0	0	0	0	0	0	0	1350012	
709	1	F	12	N	2500	0	40	382	163	37	23	28	0	0	0	0	0	0	0	0	0	0	0	0	1350589	
710	1	F	12	N	2500	0	40	363	128	25	18	27	0	0	0	0	0	0	0	0	0	0	0	0	1350714	
711	1	F	12	N	2500	0	40	236	99	22	15	21	0	0	0	0	0	0	0	0	0	0	0	0	1350761	
712	1	F	12	N	2500	0	40	278	146	32	20	20	0	0	0	0	0	0	0	0	0	0	0	0	1350808	
713	1	F	12	N	2500	0	1	83	35	33	38	61	0	0	0	0	0	0	0	0	0	0	0	0	1350855	
714	1	F	12	N	2500	0	40	311	123	24	17	20	0	0	0	0	0	0	0	0	0	0	0	0	1351213	
715	1	F	12	N	2500	0	40	315	115	21	15	21	0	0	0	0	0	0	0	0	0	0	0	0	1352290	
716	1	F	12	N	2500	0	40	317	115	20	14	21	0	0	0	0	0	0	0	0	0	0	0	0	1352415	
717	1	F	12	N	2500	0	40	218	117	28	16	22	0	0	0	0	0	0	0	0	0	0	0	0	1352586	
718	1	F	12	N	2500	0	1	246	83	16	10	14	0	0	0	0	0	0	0	0	0	0	0	0	1352680	
719	1	F	12	N	2500	0	1	89	48	8	6	6	0	0	0	0	0	0	0	0	0	0	0	0	1352680	
720	1	F	12	N	2500	0	40	255	137	32	18	26	0	0	0	0	0	0	0	0	0	0	0	0	1352711	
721	1	F	12	N	2500	0	1	192	105	18	14	19	0	0	0	0	0	0	0	0	0	0	0	0	1353273	
722	1	F	12	N	2500	0	40	336	122	25	15	23	0	0	0	0	0	0	0	0	0	0	0	0	1353429	
723	1	F	12	N	2500	0	1	179	113	21	15	22	0	0	0	0	0	0	0	0	0	0	0	0	1353538	
724	1	F	12	N	2500	0	40	305	102	17	11	15	0	0	0	0	0	0	0	0	0	0	0	0	1353678	
725	1	F	12	N	2500	0	40	254	146	28	24	30	0	0	0	0	0	0	0	0	0	0	0	0	1353943	
726	1	G	2	N	2500	6	40	267	111	24	16	18	0	0	0	0	0	0	0	0	0	0	0	0	1378607	
727	1	G	2	N	2500	6	40	342	148	26	20	26	0	0	0	0	0	0	0	0	0	0	0	0	1380027	
728	1	G	2	N	2500	6	40	229	122	23	18	24	0	0	0	0	0	0	0	0	0	0	0	0	1381306	
729	1	G	2	N	2500	0	40	307	117	22	13	16	0	0	0	0	0	0	0	0	0	0	0	0	1381946	
730	1	G	2	N	2500	0	1	142	39	6	4	4	0	0	0	0	0	0	0	0	0	0	0	0	1382414	
731	1	G	2	N	2500	0	1	198	84	14	8	10	0	0	0	0	0	0	0	0	0	0	0	0	1382414	
732	1	G	2	N	2500	0	1	127	110	27	17	20	0	0	0	0	0	0	0	0	0	0	0	0	1382928	
733	1	G	2	N	2500	0	40	303	136	26	20	27	0	0	0	0	0	0	0	0	0	0	0	0	1383506	
734	1	G	2	N	2500	0	40	377	129	25	14	19	0	0	0	0	0	0	0	0	0	0	0	0	1383646	
735	1	G	3	N	2500	6	40	338	135	24	15	21	0	0	0	0	0	0	0	0	0	0	0	0	1395268	
736	1	G	4	N	2500	6	40	261	116	22	18	25	0	0	0	0	0	0	0	0	0	0	0	0	1407452	
737	1	G	4	N	2500	6	40	291	111	19	15	27	0	0	0	0	0	0	0	0	0	0	0	0	1408013	
738	1	G	4	N	2500	6	40	384	136	24	14	22	0	0	0	0	0	0	0	0	0	0	0	0	1408060	
739	1	G	4	N	2500	0	40	320	122	20	15	22	0	0	0	0	0	0	0	0	0	0	0	0	1408356	
740	1	G	4	N	2500	0	40	293	115	19	16	23	0	0	0	0	0	0	0	0	0	0	0	0	1408356	
741	1	G	4	N	2500	0	40	319	112	21	14	20	0	0	0	0	0	0	0	0	0	0	0	0	1408559	
742	1	G	4	N	2500	0	40	299	119	21	15	18	0	0	0	0	0	0	0	0	0	0	0	0	1408653	
743	1	G	4	N	2500	0	40	315	118	22	16	18	0	0	0	0	0	0	0	0	0	0	0	0	1408684	
744	1	G	4	N	2500	0	1	204	84	14	11	13	0	0	0	0	0	0	0	0	0	0	0	0	1408809	
745	1	G	4	N	2500	0	40	288	115	17	13	17	0	0	0	0	0	0	0	0	0	0	0	0	1409339	
746	1	G	4	N	2500	0	1	60	14	2	1	2	0	0	0	0	0	0	0	0	0	0	0	0	1409480	
747	1	G	4	N	2500	0	40	199	111	19	16	19	0	0	0	0	0	0	0	0	0	0	0	0	1409511	
748	1	G	4	N	2500	0	40	326	132	22	17	20	0	0	0	0	0	0	0	0	0	0	0	0	1409729	
749	1	G	4	N	2500	0	1	238	78	12	10	14	0	0	0	0	0	0	0	0	0	0	0	0	1409792	
750	1	G	4	N	2500	0	40	316	124	20	15	19	0	0	0	0	0	0	0	0	0	0	0	0	1409807	
751	1	G	4	N	2500	0	40	266	119	22	16	21	0	0	0	0	0	0	0	0	0	0	0	0	1410728	
752	1	G	4	N	2500	0	40	318	127	21	17	23	0	0	0	0	0	0	0	0	0	0	0	0	1410868	
753	1	G	4	N	2500	0	40	322	109	22	13	21	0	0	0	0	0	0	0	0	0	0	0	0	1411180	
754	1	G	4	N	2500	0	40	318	131	21	19	26	0	0	0	0	0	0	0	0	0	0	0	0	1411570	
755	1	G	4	N	2500	0	40	168	118	25	18	24	0	0	0	0	0	0	0	0	0	0	0	0	1411617	
756	1	G	4	N	2500	0	40	205	111	20	14	17	0	0	0	0	0	0	0	0	0	0	0	0	1411913	
757	1	G	4	N	2500	0	1	260	76	11	8	11	0	0	0	0	0	0	0	0	0	0	0	0	1412366	
758	1	G	4	N	2500	0	40	331	103	17	11	12	0	0	0	0	0	0	0	0	0	0	0	0	1412412	
759	1	G	4	N	2500	0	40	229	114	22	17	23	0	0	0	0	0	0	0	0	0	0	0	0	1412459	
760	1	G	4	N	2500	0	40	387	120	19	14	20	0	0	0	0	0	0	0	0	0	0	0	0	1412678	
761	1	G	4	N	2500	0	40	348	128	22	14	21	0	0	0	0	0	0	0	0	0	0	0	0	1413224	
762	1	G	4	N	2500	0	40	311	95	16	10	13	0	0	0	0	0	0	0	0	0	0	0	0	1413380	
763	1	G	5	N	2500	6	40	292	97	17	12	18	0	0	0	0	0	0	0	0	0	0	0	0	1421585	
764	1	G	5	N	2500	6	40	332	118	21	14	16	0	0	0	0	0	0	0	0	0	0	0	0	1424970	
765	1	G	6	N	2500	2	1	54	13	1	1	2	0	0	0	0	0	0	0	0	0	0	0	0	1436374	
766	1	G	6	N	2500	6	40	328	135	28	16	20	0	0	0	0	0	0	0	0	0	0	0	0	1436436	
767	1	G	6	N	2500	6	40	344	135	29	14	15	0	0	0	0	0	0	0	0	0	0	0	0	1436483	
768	1	G	6	N	2500	6	40	351	126	25	16	20	0	0	0	0	0	0	0	0	0	0	0	0	1436717	
769	1	G	6	N	2500	0	40	352	118	21	13	21	0	0	0	0	0	0	0	0	0	0	0	0	1436733	
770	1	G	6	N	2500	0	40	368	130	23	14	17	0	0	0	0	0	0	0	0	0	0	0	0	1437497	
771	1	G	6	N	2500	0	40	340	140	26	14	20	0	0	0	0	0	0	0	0	0	0	0	0	1437591	
772	1	G	6	N	2500	0	40	331	113	22	12	15	0	0	0	0	0	0	0	0	0	0	0	0	1438277	
773	1	G	6	N	2500	0	40	297	140	27	14	17	0	0	0	0	0	0	0	0	0	0	0	0	1438402	
774	1	G	6	N	2500	0	40	352	139	33	16	22	0	0	0	0	0	0	0	0	0	0	0	0	1438511	
775	1	G	6	N	2500	0	40	273	159	28	18	23	0	0	0	0	0	0	0	0	0	0	0	0	1438574	
776	1	G	6	N	2500	0	1	167	86	14	9	12	0	0	0	0	0	0	0	0	0	0	0	0	1438574	
777	1	G	6	N	2500	0	40	382	141	29	16	22	0	0	0	0	0	0	0	0	0	0	0	0	1438636	
778	1	G	6	N	2500	0	40	294	129	20	13	17	0	0	0	0	0	0	0	0	0	0	0	0	1438714	
779	1	G	6	N	2500	0	40	216	128	21	12	16	0	0	0	0	0	0	0	0	0	0	0	0	1438792	
780	1	G	6	N	2500	0	1	169	92	14	9	10	0	0	0	0	0	0	0	0	0	0	0	0	1438808	
781	1	G	6	N	2500	0	40	249	111	17	11	14	0	0	0	0	0	0	0	0	0	0	0	0	1438839	
782	1	G	6	N	2500	0	40	299	135	30	16	23	0	0	0	0	0	0	0	0	0	0	0	0	1438854	
783	1	G	6	N	2500	0	40	263	115	24	14	19	0	0	0	0	0	0	0	0	0	0	0	0	1439026	
784	1	G	6	N	2500	0	1	181	96	19	12	14	0	0	0	0	0	0	0	0	0	0	0	0	1439042	
785	1	G	6	N	2500	0	40	204	154	33	19	22	0	0	0	0	0	0	0	0	0	0	0	0	1439104	
786	1	G	6	N	2500	0	40	330	112	24	13	17	0	0	0	0	0	0	0	0	0	0	0	0	1439182	
787	1	G	6	N	2500	0	40	199	114	18	11	15	0	0	0	0	0	0	0	0	0	0	0	0	1439681	
788	1	G	6	N	2500	0	40	258	94	17	10	14	0	0	0	0	0	0	0	0	0	0	0	0	1439728	
789	1	G	6	N	2500	0	40	185	116	21	14	17	0	0	0	0	0	0	0	0	0	0	0	0	1439759	
790	1	G	6	N	2500	0	1	291	82	10	7	10	0	0	0	0	0	0	0	0	0	0	0	0	1439759	
791	1	G	6	N	2500	0	40	355	147	31	21	27	0	0	0	0	0	0	0	0	0	0	0	0	1439775	
792	1	G	6	N	2500	0	40	362	146	29	17	21	0	0	0	0	0	0	0	0	0	0	0	0	1439822	
793	1	G	6	N	2500	0	40	315	139	30	17	22	0	0	0	0	0	0	0	0	0	0	0	0	1440071	
794	1	G	6	N	2500	0	40	391	144	31	17	21	0	0	0	0	0	0	0	0	0	0	0	0	1440149	
795	1	G	6	N	2500	0	40	286	159	30	21	27	0	0	0	0	0	0	0	0	0	0	0	0	1440352	
796	1	G	6	N	2500	0	40	275	130	24	17	22	0	0	0	0	0	0	0	0	0	0	0	0	1440352	
797	1	G	6	N	2500	0	40	401	149	29	17	22	0	0	0	0	0	0	0	0	0	0	0	0	1440430	
798	1	G	6	N	2500	0	40	434	130	23	13	18	0	0	0	0	0	0	0	0	0	0	0	0	1440446	
799	1	G	6	N	2500	0	1	200	106	21	14	17	0	0	0	0	0	0	0	0	0	0	0	0	1440492	
800	1	G	6	N	2500	0	1	63	15	3	3	5	0	0	0	0	0	0	0	0	0	0	0	0	1440586	
801	1	G	6	N	2500	0	1	85	17	2	2	4	0	0	0	0	0	0	0	0	0	0	0	0	1440664	
802	1	G	6	N	2500	0	40	292	130	24	17	25	0	0	0	0	0	0	0	0	0	0	0	0	1440711	
803	1	G	6	N	2500	0	40	341	140	30	16	20	0	0	0	0	0	0	0	0	0	0	0	0	1440820	
804	1	G	6	N	2500	0	40	260	160	29	20	24	0	0	0	0	0	0	0	0	0	0	0	0	1440867	
805	1	G	6	N	2500	0	40	361	137	23	14	20	0	0	0	0	0	0	0	0	0	0	0	0	1440992	
806	1	G	6	N	2500	0	40	248	116	18	12	17	0	0	0	0	0	0	0	0	0	0	0	0	1441023	
807	1	G	6	N	2500	0	40	230	139	28	19	26	0	0	0	0	0	0	0	0	0	0	0	0	1441054	
808	1	G	6	N	2500	0	40	346	118	22	14	17	0	0	0	0	0	0	0	0	0	0	0	0	1441054	
809	1	G	6	N	2500	0	40	317	122	24	13	18	0	0	0	0	0	0	0	0	0	0	0	0	1441116	
810	1	G	6	N	2500	0	1	84	16	2	1	3	0	0	0	0	0	0	0	0	0	0	0	0	1441148	
811	1	G	6	N	2500	0	40	310	123	24	14	21	0	0	0	0	0	0	0	0	0	0	0	0	1441148	
812	1	G	6	N	2500	0	40	186	120	27	14	19	0	0	0	0	0	0	0	0	0	0	0	0	1441163	
813	1	G	6	N	2500	0	40	430	167	34	20	26	0	0	0	0	0	0	0	0	0	0	0	0	1441335	
814	1	G	6	N	2500	0	40	217	124	32	17	22	0	0	0	0	0	0	0	0	0	0	0	0	1441397	
815	1	G	6	N	2500	0	40	414	154	28	16	21	0	0	0	0	0	0	0	0	0	0	0	0	1441491	
816	1	G	6	N	2500	0	40	258	133	31	16	21	0	0	0	0	0	0	0	0	0	0	0	0	1441522	
817	1	G	6	N	2500	0	40	339	108	18	12	16	0	0	0	0	0	0	0	0	0	0	0	0	1441756	
818	1	G	6	N	2500	0	40	331	152	29	17	23	0	0	0	0	0	0	0	0	0	0	0	0	1441912	
819	1	G	6	N	2500	0	40	337	114	25	13	19	0	0	0	0	0	0	0	0	0	0	0	0	1442068	
820	1	G	6	N	2500	0	40	368	144	28	16	20	0	0	0	0	0	0	0	0	0	0	0	0	1442115	
821	1	G	6	N	2500	0	40	457	165	29	20	30	0	0	0	0	0	0	0	0	0	0	0	0	1442177	
822	1	G	6	N	2500	0	1	104	31	3	2	4	0	0	0	0	0	0	0	0	0	0	0	0	1442380	
823	1	G	7	N	2500	6	40	387	132	21	11	16	0	0	0	0	0	0	0	0	0	0	0	0	1450710	
824	1	G	7	N	2500	2	1	71	71	17	0	3	0	0	0	0	0	0	0	0	0	0	0	0	1450788	
825	1	G	7	N	2500	2	1	70	46	2	0	2	0	0	0	0	0	0	0	0	0	0	0	0	1451912	
826	1	G	7	N	2500	6	40	249	161	35	19	24	0	0	0	0	0	0	0	0	0	0	0	0	1452988	
827	1	G	8	N	2500	6	40	334	134	27	18	23	0	0	0	0	0	0	0	0	0	0	0	0	1465281	
828	1	G	8	N	2500	6	40	326	144	30	18	20	0	0	0	0	0	0	0	0	0	0	0	0	1465562	
829	1	G	8	N	2500	6	40	353	133	24	16	17	0	0	0	0	0	0	0	0	0	0	0	0	1466264	
830	1	G	8	N	2500	0	1	59	10	0	0	1	0	0	0	0	0	0	0	0	0	0	0	0	1466576	
831	1	G	8	N	2500	0	1	144	85	14	11	13	0	0	0	0	0	0	0	0	0	0	0	0	1466638	
832	1	G	8	N	2500	0	40	374	134	25	16	26	0	0	0	0	0	0	0	0	0	0	0	0	1466950	
833	1	G	8	N	2500	0	40	282	98	18	13	18	0	0	0	0	0	0	0	0	0	0	0	0	1467590	
834	1	G	8	N	2500	0	40	320	105	15	10	13	0	0	0	0	0	0	0	0	0	0	0	0	1467730	
835	1	G	8	N	2500	0	1	104	20	3	3	7	0	0	0	0	0	0	0	0	0	0	0	0	1467870	
836	1	G	8	N	2500	0	40	352	141	26	16	17	0	0	0	0	0	0	0	0	0	0	0	0	1468182	
837	1	G	8	N	2500	0	40	292	97	15	11	13	0	0	0	0	0	0	0	0	0	0	0	0	1468354	
838	1	G	8	N	2500	0	40	216	118	23	15	21	0	0	0	0	0	0	0	0	0	0	0	0	1468760	
839	1	G	8	N	2500	0	40	312	99	16	10	15	0	0	0	0	0	0	0	0	0	0	0	0	1468775	
840	1	G	8	N	2500	0	1	68	16	3	3	5	0	0	0	0	0	0	0	0	0	0	0	0	1468806	
841	1	G	8	N	2500	0	1	262	69	9	5	9	0	0	0	0	0	0	0	0	0	0	0	0	1468822	
842	1	G	8	N	2500	0	40	207	127	28	16	21	0	0	0	0	0	0	0	0	0	0	0	0	1468900	
843	1	G	8	N	2500	0	40	224	130	31	17	20	0	0	0	0	0	0	0	0	0	0	0	0	1468931	
844	1	G	8	N	2500	0	1	166	93	22	13	17	0	0	0	0	0	0	0	0	0	0	0	0	1469087	
845	1	G	8	N	2500	0	1	73	28	3	2	4	0	0	0	0	0	0	0	0	0	0	0	0	1469134	
846	1	G	8	N	2500	0	40	369	144	27	18	21	0	0	0	0	0	0	0	0	0	0	0	0	1469446	
847	1	G	8	N	2500	0	1	179	104	23	15	19	0	0	0	0	0	0	0	0	0	0	0	0	1469446	
848	1	G	8	N	2500	0	1	180	89	18	12	18	0	0	0	0	0	0	0	0	0	0	0	0	1469852	
849	1	G	8	N	2500	0	1	205	88	21	14	16	0	0	0	0	0	0	0	0	0	0	0	0	1470616	
850	1	G	8	N	2500	0	40	367	144	28	17	20	0	0	0	0	0	0	0	0	0	0	0	0	1471084	
851	1	G	8	N	2500	0	40	373	144	27	18	23	0	0	0	0	0	0	0	0	0	0	0	0	1472316	
852	1	G	9	N	2500	6	40	357	136	24	17	20	0	0	0	0	0	0	0	0	0	0	0	0	1481723	
853	1	G	10	N	2500	6	40	219	165	33	23	25	0	0	0	0	0	0	0	0	0	0	0	0	1493720	
854	1	G	10	N	2500	6	40	242	140	25	18	20	0	0	0	0	0	0	0	0	0	0	0	0	1494016	
855	1	G	10	N	2500	6	40	353	156	26	18	24	0	0	0	0	0	0	0	0	0	0	0	0	1495732	
856	1	G	10	N	2500	0	40	295	161	27	22	27	0	0	0	0	0	0	0	0	0	0	0	0	1495779	
857	1	G	10	N	2500	0	40	249	127	24	15	20	0	0	0	0	0	0	0	0	0	0	0	0	1496419	
858	1	G	10	N	2500	0	40	371	184	30	21	30	0	0	0	0	0	0	0	0	0	0	0	0	1496996	
859	1	G	10	N	2500	0	40	246	167	35	22	28	0	0	0	0	0	0	0	0	0	0	0	0	1497261	
860	1	G	10	N	2500	0	40	240	119	22	17	22	0	0	0	0	0	0	0	0	0	0	0	0	1498306	
861	1	G	10	N	2500	0	1	63	15	2	1	3	0	0	0	0	0	0	0	0	0	0	0	0	1498540	
862	1	G	10	N	2500	0	40	402	155	29	19	28	0	0	0	0	0	0	0	0	0	0	0	0	1498946	
863	1	G	10	N	2500	0	40	286	147	27	19	23	0	0	0	0	0	0	0	0	0	0	0	0	1499726	
864	1	G	10	N	2500	0	1	277	86	16	10	17	0	0	0	0	0	0	0	0	0	0	0	0	1500693	
865	1	G	10	N	2500	0	40	390	156	28	20	24	0	0	0	0	0	0	0	0	0	0	0	0	1500724	
866	1	G	10	N	2500	0	40	461	192	32	23	32	0	0	0	0	0	0	0	0	0	0	0	0	1500974	
867	1	G	10	N	2500	0	40	424	140	20	13	17	0	0	0	0	0	0	0	0	0	0	0	0	1500989	
868	1	G	11	N	2500	6	40	235	140	25	18	23	0	0	0	0	0	0	0	0	0	0	0	0	1513657	
869	1	G	12	N	2500	6	40	218	148	29	20	26	0	0	0	0	0	0	0	0	0	0	0	0	1522455	
870	1	G	12	N	2500	6	40	252	120	29	16	22	0	0	0	0	0	0	0	0	0	0	0	0	1522502	
871	1	G	12	N	2500	6	40	250	131	33	21	23	0	0	0	0	0	0	0	0	0	0	0	0	1522751	
872	1	G	12	N	2500	0	40	375	135	27	20	30	0	0	0	0	0	0	0	0	0	0	0	0	1523001	
873	1	G	12	N	2500	0	1	209	99	14	9	13	0	0	0	0	0	0	0	0	0	0	0	0	1523095	
874	1	G	12	N	2500	0	40	230	144	29	18	21	0	0	0	0	0	0	0	0	0	0	0	0	1523297	
875	1	G	12	N	2500	0	40	389	169	29	19	25	0	0	0	0	0	0	0	0	0	0	0	0	1523375	
876	1	G	12	N	2500	0	40	235	158	32	19	22	0	0	0	0	0	0	0	0	0	0	0	0	1523921	
877	1	G	12	N	2500	0	40	311	138	23	18	21	0	0	0	0	0	0	0	0	0	0	0	0	1524062	
878	1	G	12	N	2500	0	40	215	113	22	14	21	0	0	0	0	0	0	0	0	0	0	0	0	1524265	
879	1	G	12	N	2500	0	40	248	132	22	16	17	0	0	0	0	0	0	0	0	0	0	0	0	1524499	
880	1	G	12	N	2500	0	40	324	130	25	20	28	0	0	0	0	0	0	0	0	0	0	0	0	1524530	
881	1	G	12	N	2500	0	40	303	115	19	13	18	0	0	0	0	0	0	0	0	0	0	0	0	1524686	
882	1	G	12	N	2500	0	1	124	34	6	4	4	0	0	0	0	0	0	0	0	0	0	0	0	1524701	
883	1	G	12	N	2500	0	1	202	71	13	8	12	0	0	0	0	0	0	0	0	0	0	0	0	1524701	
884	1	G	12	N	2500	0	1	264	72	12	7	7	0	0	0	0	0	0	0	0	0	0	0	0	1524779	
885	1	G	12	N	2500	0	40	341	128	24	16	22	0	0	0	0	0	0	0	0	0	0	0	0	1524811	
886	1	G	12	N	2500	0	40	313	116	20	14	17	0	0	0	0	0	0	0	0	0	0	0	0	1524920	
887	1	G	12	N	2500	0	40	291	95	19	11	15	0	0	0	0	0	0	0	0	0	0	0	0	1525029	
888	1	G	12	N	2500	0	40	170	120	25	14	16	0	0	0	0	0	0	0	0	0	0	0	0	1525045	
889	1	G	12	N	2500	0	40	250	138	27	18	24	0	0	0	0	0	0	0	0	0	0	0	0	1525060	
890	1	G	12	N	2500	0	1	247	80	12	8	14	0	0	0	0	0	0	0	0	0	0	0	0	1525138	
891	1	G	12	N	2500	0	40	335	133	24	15	21	0	0	0	0	0	0	0	0	0	0	0	0	1525216	
892	1	G	12	N	2500	0	1	223	100	17	12	17	0	0	0	0	0	0	0	0	0	0	0	0	1525341	
893	1	G	12	N	2500	0	40	400	152	28	18	24	0	0	0	0	0	0	0	0	0	0	0	0	1525357	
894	1	G	12	N	2500	0	40	301	114	19	12	19	0	0	0	0	0	0	0	0	0	0	0	0	1525419	
895	1	G	12	N	2500	0	40	286	91	18	10	13	0	0	0	0	0	0	0	0	0	0	0	0	1525419	
896	1	G	12	N	2500	0	40	342	141	24	17	20	0	0	0	0	0	0	0	0	0	0	0	0	1525591	
897	1	G	12	N	2500	0	40	314	140	30	23	31	0	0	0	0	0	0	0	0	0	0	0	0	1525840	
898	1	G	12	N	2500	0	40	278	128	24	18	24	0	0	0	0	0	0	0	0	0	0	0	0	1526012	
899	1	G	12	N	2500	0	40	202	121	27	17	21	0	0	0	0	0	0	0	0	0	0	0	0	1526215	
900	1	G	12	N	2500	0	40	255	133	29	19	26	0	0	0	0	0	0	0	0	0	0	0	0	1526651	
901	1	G	12	N	2500	0	40	355	135	30	17	26	0	0	0	0	0	0	0	0	0	0	0	0	1526901	
902	1	G	12	N	2500	0	40	395	156	29	22	27	0	0	0	0	0	0	0	0	0	0	0	0	1527010	
903	1	G	12	N	2500	0	40	348	120	21	14	16	0	0	0	0	0	0	0	0	0	0	0	0	1527135	
904	1	G	12	N	2500	0	40	275	143	25	18	20	0	0	0	0	0	0	0	0	0	0	0	0	1527166	
905	1	G	12	N	2500	0	40	221	136	31	19	25	0	0	0	0	0	0	0	0	0	0	0	0	1527182	
906	1	G	12	N	2500	0	40	418	166	33	22	26	0	0	0	0	0	0	0	0	0	0	0	0	1527229	
907	1	G	12	N	2500	0	40	277	116	23	15	22	0	0	0	0	0	0	0	0	0	0	0	0	1527291	
908	1	G	12	N	2500	0	40	397	128	21	16	22	0	0	0	0	0	0	0	0	0	0	0	0	1527416	
909	1	G	12	N	2500	0	40	445	175	35	23	27	0	0	0	0	0	0	0	0	0	0	0	0	1527431	
910	1	G	12	N	2500	0	40	385	156	27	18	25	0	0	0	0	0	0	0	0	0	0	0	0	1527431	
911	1	G	12	N	2500	0	40	514	203	32	25	38	0	0	0	0	0	0	0	0	0	0	0	0	1527447	
912	1	G	12	N	2500	0	40	299	176	33	22	28	0	0	0	0	0	0	0	0	0	0	0	0	1527509	
913	1	G	12	N	2500	0	40	372	148	26	17	26	0	0	0	0	0	0	0	0	0	0	0	0	1527587	
914	1	G	12	N	2500	0	1	179	105	18	11	15	0	0	0	0	0	0	0	0	0	0	0	0	1527665	
915	1	G	12	N	2500	0	40	327	120	22	12	15	0	0	0	0	0	0	0	0	0	0	0	0	1527681	
916	1	G	12	N	2500	0	40	338	109	22	12	18	0	0	0	0	0	0	0	0	0	0	0	0	1527712	
917	1	G	12	N	2500	0	40	330	123	24	13	17	0	0	0	0	0	0	0	0	0	0	0	0	1527743	
918	1	G	12	N	2500	0	40	367	146	27	21	29	0	0	0	0	0	0	0	0	0	0	0	0	1527775	
919	1	G	12	N	2500	0	40	331	113	21	13	17	0	0	0	0	0	0	0	0	0	0	0	0	1527775	
920	1	G	12	N	2500	0	40	208	142	28	22	25	0	0	0	0	0	0	0	0	0	0	0	0	1527915	
921	1	G	12	N	2500	0	40	390	157	28	18	25	0	0	0	0	0	0	0	0	0	0	0	0	1527931	
922	1	G	12	N	2500	0	1	201	98	25	18	21	0	0	0	0	0	0	0	0	0	0	0	0	1527977	
923	1	G	12	N	2500	0	40	313	162	28	21	28	0	0	0	0	0	0	0	0	0	0	0	0	1528009	
924	1	G	12	N	2500	0	40	226	135	25	15	18	0	0	0	0	0	0	0	0	0	0	0	0	1528336	
925	1	G	12	N	2500	0	40	350	123	21	15	20	0	0	0	0	0	0	0	0	0	0	0	0	1528601	
926	1	G	12	N	2500	0	40	333	117	20	13	18	0	0	0	0	0	0	0	0	0	0	0	0	1528742	
927	1	H	1	N	2500	6	40	399	153	25	16	21	0	0	0	0	0	0	0	0	0	0	0	0	1544825	
928	1	H	2	N	2500	6	40	204	121	22	16	19	0	0	0	0	0	0	0	0	0	0	0	0	1554123	
929	1	H	2	N	2500	6	40	381	148	27	19	26	0	0	0	0	0	0	0	0	0	0	0	0	1555293	
930	1	H	2	N	2500	6	40	360	134	21	15	21	0	0	0	0	0	0	0	0	0	0	0	0	1555465	
931	1	H	2	N	2500	0	40	359	127	24	17	26	0	0	0	0	0	0	0	0	0	0	0	0	1555979	
932	1	H	2	N	2500	0	40	386	183	38	26	29	0	0	0	0	0	0	0	0	0	0	0	0	1556401	
933	1	H	2	N	2500	0	40	248	156	32	25	32	0	0	0	0	0	0	0	0	0	0	0	0	1556650	
934	1	H	2	N	2500	0	40	339	143	25	17	22	0	0	0	0	0	0	0	0	0	0	0	0	1557461	
935	1	H	2	N	2500	0	40	299	101	18	12	19	0	0	0	0	0	0	0	0	0	0	0	0	1557539	
936	1	H	2	N	2500	0	40	354	136	25	19	24	0	0	0	0	0	0	0	0	0	0	0	0	1558101	
937	1	H	3	N	2500	2	1	89	80	25	0	2	0	0	0	0	0	0	0	0	0	0	0	0	1567695	
938	1	H	3	N	2500	6	40	307	105	17	10	16	0	0	0	0	0	0	0	0	0	0	0	0	1570612	
939	1	H	3	N	2500	6	40	332	129	26	14	18	0	0	0	0	0	0	0	0	0	0	0	0	1571361	
940	1	H	4	N	2500	6	40	304	119	24	14	21	0	0	0	0	0	0	0	0	0	0	0	0	1581860	
941	1	H	4	N	2500	6	40	280	146	27	20	24	0	0	0	0	0	0	0	0	0	0	0	0	1582156	
942	1	H	4	N	2500	6	40	218	134	26	15	17	0	0	0	0	0	0	0	0	0	0	0	0	1583279	
943	1	H	4	N	2500	0	40	353	151	30	19	18	0	0	0	0	0	0	0	0	0	0	0	0	1583389	
944	1	H	4	N	2500	0	1	154	83	15	8	10	0	0	0	0	0	0	0	0	0	0	0	0	1583545	
945	1	H	4	N	2500	0	40	416	176	35	21	29	0	0	0	0	0	0	0	0	0	0	0	0	1584044	
946	1	H	4	N	2500	0	40	357	148	28	19	22	0	0	0	0	0	0	0	0	0	0	0	0	1584169	
947	1	H	4	N	2500	0	1	233	90	18	11	12	0	0	0	0	0	0	0	0	0	0	0	0	1584184	
948	1	H	4	N	2500	0	40	307	141	26	19	26	0	0	0	0	0	0	0	0	0	0	0	0	1584231	
949	1	H	4	N	2500	0	40	366	161	29	18	27	0	0	0	0	0	0	0	0	0	0	0	0	1584278	
950	1	H	4	N	2500	0	40	261	133	25	15	20	0	0	0	0	0	0	0	0	0	0	0	0	1585869	
951	1	H	4	N	2500	0	40	233	150	32	17	23	0	0	0	0	0	0	0	0	0	0	0	0	1586009	
952	1	H	4	N	2500	0	40	324	138	24	19	22	0	0	0	0	0	0	0	0	0	0	0	0	1586087	
953	1	H	4	N	2500	0	1	219	102	20	14	19	0	0	0	0	0	0	0	0	0	0	0	0	1586134	
954	1	H	4	N	2500	0	40	343	124	21	15	19	0	0	0	0	0	0	0	0	0	0	0	0	1586462	
955	1	H	4	N	2500	0	40	331	143	29	17	20	0	0	0	0	0	0	0	0	0	0	0	0	1586774	
956	1	H	4	N	2500	0	40	263	163	36	19	23	0	0	0	0	0	0	0	0	0	0	0	0	1586836	
957	1	H	4	N	2500	0	40	270	118	29	16	26	0	0	0	0	0	0	0	0	0	0	0	0	1587008	
958	1	H	4	N	2500	0	40	411	153	25	15	19	0	0	0	0	0	0	0	0	0	0	0	0	1587601	
959	1	H	4	N	2500	0	40	355	155	30	17	25	0	0	0	0	0	0	0	0	0	0	0	0	1588412	
960	1	H	4	N	2500	0	40	334	115	21	13	14	0	0	0	0	0	0	0	0	0	0	0	0	1588474	
961	1	H	5	N	2500	6	40	327	169	30	21	27	0	0	0	0	0	0	0	0	0	0	0	0	1601500	
962	1	H	5	N	2500	6	40	477	206	36	21	25	0	0	0	0	0	0	0	0	0	0	0	0	1602873	
963	1	H	6	N	2500	6	40	238	109	23	12	14	0	0	0	0	0	0	0	0	0	0	0	0	1610455	
964	1	H	6	N	2500	6	40	207	108	24	16	21	0	0	0	0	0	0	0	0	0	0	0	0	1610892	
965	1	H	6	N	2500	6	40	282	102	17	11	18	0	0	0	0	0	0	0	0	0	0	0	0	1611375	
966	1	H	6	N	2500	0	1	135	75	19	12	14	0	0	0	0	0	0	0	0	0	0	0	0	1611765	
967	1	H	6	N	2500	0	40	236	120	25	15	19	0	0	0	0	0	0	0	0	0	0	0	0	1612623	
968	1	H	6	N	2500	0	1	229	97	23	16	26	0	0	0	0	0	0	0	0	0	0	0	0	1612654	
969	1	H	6	N	2500	0	40	311	124	22	17	23	0	0	0	0	0	0	0	0	0	0	0	0	1612701	
970	1	H	6	N	2500	0	1	117	52	15	9	11	0	0	0	0	0	0	0	0	0	0	0	0	1612764	
971	1	H	6	N	2500	0	40	236	134	28	18	25	0	0	0	0	0	0	0	0	0	0	0	0	1613044	
972	1	H	6	N	2500	0	40	204	117	23	17	21	0	0	0	0	0	0	0	0	0	0	0	0	1613169	
973	1	H	6	N	2500	0	40	334	130	25	17	19	0	0	0	0	0	0	0	0	0	0	0	0	1613232	
974	1	H	6	N	2500	0	40	268	112	22	17	23	0	0	0	0	0	0	0	0	0	0	0	0	1613559	
975	1	H	6	N	2500	0	1	76	14	1	1	2	0	0	0	0	0	0	0	0	0	0	0	0	1613637	
976	1	H	6	N	2500	0	1	100	47	8	5	9	0	0	0	0	0	0	0	0	0	0	0	0	1613637	
977	1	H	6	N	2500	0	1	178	92	21	14	19	0	0	0	0	0	0	0	0	0	0	0	0	1613684	
978	1	H	6	N	2500	0	40	180	128	26	18	21	0	0	0	0	0	0	0	0	0	0	0	0	1613793	
979	1	H	6	N	2500	0	40	327	151	31	22	27	0	0	0	0	0	0	0	0	0	0	0	0	1613793	
980	1	H	6	N	2500	0	40	222	116	28	17	24	0	0	0	0	0	0	0	0	0	0	0	0	1613918	
981	1	H	6	N	2500	0	40	362	131	24	17	26	0	0	0	0	0	0	0	0	0	0	0	0	1613949	
982	1	H	6	N	2500	0	40	358	133	24	18	21	0	0	0	0	0	0	0	0	0	0	0	0	1614058	
983	1	H	6	N	2500	0	40	350	136	26	17	24	0	0	0	0	0	0	0	0	0	0	0	0	1614199	
984	1	H	6	N	2500	0	1	159	117	25	22	28	0	0	0	0	0	0	0	0	0	0	0	0	1614480	
985	1	H	6	N	2500	0	1	299	80	14	15	25	0	0	0	0	0	0	0	0	0	0	0	0	1614667	
986	1	H	6	N	2500	0	40	305	117	24	24	46	0	0	0	0	0	0	0	0	0	0	0	0	1614667	
987	1	H	6	N	2500	0	40	294	163	31	22	28	0	0	0	0	0	0	0	0	0	0	0	0	1614792	
988	1	H	6	N	2500	0	40	315	123	25	15	21	0	0	0	0	0	0	0	0	0	0	0	0	1614901	
989	1	H	6	N	2500	0	40	380	154	31	18	25	0	0	0	0	0	0	0	0	0	0	0	0	1614916	
990	1	H	6	N	2500	0	40	296	105	18	11	17	0	0	0	0	0	0	0	0	0	0	0	0	1614932	
991	1	H	6	N	2500	0	40	287	95	18	12	18	0	0	0	0	0	0	0	0	0	0	0	0	1614963	
992	1	H	6	N	2500	0	1	83	21	6	6	11	0	0	0	0	0	0	0	0	0	0	0	0	1615104	
993	1	H	6	N	2500	0	40	198	123	26	25	28	0	0	0	0	0	0	0	0	0	0	0	0	1615166	
994	1	H	6	N	2500	0	1	122	88	19	13	18	0	0	0	0	0	0	0	0	0	0	0	0	1615478	
995	1	H	6	N	2500	0	40	346	125	25	16	24	0	0	0	0	0	0	0	0	0	0	0	0	1616492	
996	1	H	6	N	2500	0	40	357	123	23	14	22	0	0	0	0	0	0	0	0	0	0	0	0	1617412	
997	1	H	7	N	2500	2	1	110	73	11	8	10	0	0	0	0	0	0	0	0	0	0	0	0	1624214	
998	1	H	7	N	2500	6	40	329	139	26	15	19	0	0	0	0	0	0	0	0	0	0	0	0	1624698	
999	1	H	8	N	2500	6	40	301	136	27	15	19	0	0	0	0	0	0	0	0	0	0	0	0	1638894	
1000	1	H	8	N	2500	6	40	267	127	27	17	19	0	0	0	0	0	0	0	0	0	0	0	0	1638925	
1001	1	H	8	N	2500	6	40	251	142	29	18	21	0	0	0	0	0	0	0	0	0	0	0	0	1638940	
1002	1	H	8	N	2500	0	40	380	157	27	19	23	0	0	0	0	0	0	0	0	0	0	0	0	1639096	
1003	1	H	8	N	2500	0	40	313	123	22	14	20	0	0	0	0	0	0	0	0	0	0	0	0	1639143	
1004	1	H	8	N	2500	0	40	204	135	25	15	21	0	0	0	0	0	0	0	0	0	0	0	0	1639502	
1005	1	H	8	N	2500	0	40	326	135	26	17	19	0	0	0	0	0	0	0	0	0	0	0	0	1639518	
1006	1	H	8	N	2500	0	1	172	108	20	13	17	0	0	0	0	0	0	0	0	0	0	0	0	1639674	
1007	1	H	8	N	2500	0	1	188	90	20	15	17	0	0	0	0	0	0	0	0	0	0	0	0	1640048	
1008	1	H	8	N	2500	0	40	336	141	27	19	23	0	0	0	0	0	0	0	0	0	0	0	0	1640110	
1009	1	H	8	N	2500	0	40	182	134	29	17	21	0	0	0	0	0	0	0	0	0	0	0	0	1640157	
1010	1	H	8	N	2500	0	40	258	98	21	15	18	0	0	0	0	0	0	0	0	0	0	0	0	1640376	
1011	1	H	8	N	2500	0	40	322	126	23	16	21	0	0	0	0	0	0	0	0	0	0	0	0	1640703	
1012	1	H	8	N	2500	0	40	293	115	21	14	21	0	0	0	0	0	0	0	0	0	0	0	0	1640890	
1013	1	H	8	N	2500	0	40	303	130	22	16	20	0	0	0	0	0	0	0	0	0	0	0	0	1640937	
1014	1	H	8	N	2500	0	40	266	134	27	19	26	0	0	0	0	0	0	0	0	0	0	0	0	1641015	
1015	1	H	8	N	2500	0	1	239	84	9	8	12	0	0	0	0	0	0	0	0	0	0	0	0	1641218	
1016	1	H	8	N	2500	0	40	319	128	21	15	18	0	0	0	0	0	0	0	0	0	0	0	0	1641265	
1017	1	H	8	N	2500	0	40	233	121	26	15	19	0	0	0	0	0	0	0	0	0	0	0	0	1641296	
1018	1	H	8	N	2500	0	40	195	123	23	18	18	0	0	0	0	0	0	0	0	0	0	0	0	1641327	
1019	1	H	8	N	2500	0	40	310	131	25	17	19	0	0	0	0	0	0	0	0	0	0	0	0	1641530	
1020	1	H	8	N	2500	0	40	278	118	22	15	17	0	0	0	0	0	0	0	0	0	0	0	0	1641530	
1021	1	H	8	N	2500	0	40	363	129	22	14	18	0	0	0	0	0	0	0	0	0	0	0	0	1641561	
1022	1	H	8	N	2500	0	40	188	136	23	15	17	0	0	0	0	0	0	0	0	0	0	0	0	1641639	
1023	1	H	8	N	2500	0	40	278	136	26	15	18	0	0	0	0	0	0	0	0	0	0	0	0	1641639	
1024	1	H	8	N	2500	0	40	258	119	22	17	19	0	0	0	0	0	0	0	0	0	0	0	0	1641795	
1025	1	H	8	N	2500	0	40	239	149	27	19	23	0	0	0	0	0	0	0	0	0	0	0	0	1641842	
1026	1	H	8	N	2500	0	40	208	113	28	14	17	0	0	0	0	0	0	0	0	0	0	0	0	1641920	
1027	1	H	8	N	2500	0	40	231	113	24	17	20	0	0	0	0	0	0	0	0	0	0	0	0	1641967	
1028	1	H	8	N	2500	0	1	84	23	3	3	4	0	0	0	0	0	0	0	0	0	0	0	0	1642076	
1029	1	H	8	N	2500	0	1	219	103	16	12	13	0	0	0	0	0	0	0	0	0	0	0	0	1642076	
1030	1	H	8	N	2500	0	40	251	135	25	15	17	0	0	0	0	0	0	0	0	0	0	0	0	1642123	
1031	1	H	8	N	2500	0	1	50	16	3	4	7	0	0	0	0	0	0	0	0	0	0	0	0	1642154	
1032	1	H	8	N	2500	0	40	217	148	33	19	23	0	0	0	0	0	0	0	0	0	0	0	0	1642216	
1033	1	H	8	N	2500	0	40	318	148	27	20	26	0	0	0	0	0	0	0	0	0	0	0	0	1642248	
1034	1	H	8	N	2500	0	40	400	161	28	18	25	0	0	0	0	0	0	0	0	0	0	0	0	1642357	
1035	1	H	8	N	2500	0	40	222	127	26	15	19	0	0	0	0	0	0	0	0	0	0	0	0	1642544	
1036	1	H	8	N	2500	0	40	357	143	25	19	22	0	0	0	0	0	0	0	0	0	0	0	0	1642622	
1037	1	H	8	N	2500	0	40	283	155	36	20	27	0	0	0	0	0	0	0	0	0	0	0	0	1642934	
1038	1	H	8	N	2500	0	40	330	134	22	15	21	0	0	0	0	0	0	0	0	0	0	0	0	1642950	
1039	1	H	8	N	2500	0	1	54	10	2	3	5	0	0	0	0	0	0	0	0	0	0	0	0	1643043	
1040	1	H	8	N	2500	0	40	423	172	32	21	27	0	0	0	0	0	0	0	0	0	0	0	0	1643043	
1041	1	H	8	N	2500	0	40	260	129	22	16	21	0	0	0	0	0	0	0	0	0	0	0	0	1643121	
1042	1	H	8	N	2500	0	1	206	103	18	14	15	0	0	0	0	0	0	0	0	0	0	0	0	1643152	
1043	1	H	8	N	2500	0	40	335	125	23	14	19	0	0	0	0	0	0	0	0	0	0	0	0	1643152	
1044	1	H	8	N	2500	0	40	404	150	26	17	23	0	0	0	0	0	0	0	0	0	0	0	0	1643168	
1045	1	H	8	N	2500	0	1	174	112	22	14	16	0	0	0	0	0	0	0	0	0	0	0	0	1643184	
1046	1	H	8	N	2500	0	1	80	47	7	6	8	0	0	0	0	0	0	0	0	0	0	0	0	1643215	
1047	1	H	8	N	2500	0	1	53	43	6	4	4	0	0	0	0	0	0	0	0	0	0	0	0	1643215	
1048	1	H	8	N	2500	0	40	314	133	25	17	20	0	0	0	0	0	0	0	0	0	0	0	0	1643230	
1049	1	H	8	N	2500	0	40	258	139	31	18	29	0	0	0	0	0	0	0	0	0	0	0	0	1643230	
1050	1	H	8	N	2500	0	40	305	114	18	11	15	0	0	0	0	0	0	0	0	0	0	0	0	1643246	
1051	1	H	8	N	2500	0	40	346	156	29	18	23	0	0	0	0	0	0	0	0	0	0	0	0	1643262	
1052	1	H	8	N	2500	0	40	348	135	23	14	16	0	0	0	0	0	0	0	0	0	0	0	0	1643308	
1053	1	H	8	N	2500	0	40	411	180	31	24	33	0	0	0	0	0	0	0	0	0	0	0	0	1643418	
1054	1	H	8	N	2500	0	1	174	53	8	7	10	0	0	0	0	0	0	0	0	0	0	0	0	1643464	
1055	1	H	8	N	2500	0	1	54	50	8	5	6	0	0	0	0	0	0	0	0	0	0	0	0	1643464	
1056	1	H	8	N	2500	0	40	398	152	30	17	23	0	0	0	0	0	0	0	0	0	0	0	0	1643496	
1057	1	H	8	N	2500	0	40	241	135	26	14	18	0	0	0	0	0	0	0	0	0	0	0	0	1643511	
1058	1	H	8	N	2500	0	40	245	156	29	20	26	0	0	0	0	0	0	0	0	0	0	0	0	1643527	
1059	1	H	8	N	2500	0	40	260	140	28	17	23	0	0	0	0	0	0	0	0	0	0	0	0	1643574	
1060	1	H	8	N	2500	0	40	363	151	24	19	31	0	0	0	0	0	0	0	0	0	0	0	0	1643854	
1061	1	H	8	N	2500	0	40	314	145	24	19	24	0	0	0	0	0	0	0	0	0	0	0	0	1643901	
1062	1	H	8	N	2500	0	40	368	148	31	18	23	0	0	0	0	0	0	0	0	0	0	0	0	1643901	
1063	1	H	8	N	2500	0	40	349	122	22	14	21	0	0	0	0	0	0	0	0	0	0	0	0	1644026	
1064	1	H	8	N	2500	0	40	217	119	22	15	20	0	0	0	0	0	0	0	0	0	0	0	0	1644073	
1065	1	H	8	N	2500	0	40	337	136	23	16	16	0	0	0	0	0	0	0	0	0	0	0	0	1644104	
1066	1	H	8	N	2500	0	40	344	126	22	16	18	0	0	0	0	0	0	0	0	0	0	0	0	1644182	
1067	1	H	8	N	2500	0	40	326	128	22	14	18	0	0	0	0	0	0	0	0	0	0	0	0	1644244	
1068	1	H	8	N	2500	0	40	260	115	19	11	16	0	0	0	0	0	0	0	0	0	0	0	0	1644385	
1069	1	H	8	N	2500	0	40	362	133	24	15	21	0	0	0	0	0	0	0	0	0	0	0	0	1644400	
1070	1	H	8	N	2500	0	40	226	117	25	17	22	0	0	0	0	0	0	0	0	0	0	0	0	1644541	
1071	1	H	8	N	2500	0	40	188	134	27	16	17	0	0	0	0	0	0	0	0	0	0	0	0	1644775	
1072	1	H	8	N	2500	0	1	184	80	18	13	17	0	0	0	0	0	0	0	0	0	0	0	0	1644790	
1073	1	H	8	N	2500	0	40	436	134	22	16	21	0	0	0	0	0	0	0	0	0	0	0	0	1645212	
1074	1	H	8	N	2500	0	40	361	144	26	17	22	0	0	0	0	0	0	0	0	0	0	0	0	1645695	
1075	1	H	10	N	2500	2	1	210	57	10	9	14	0	0	0	0	0	0	0	0	0	0	0	0	1667707	
1076	1	H	10	N	2500	2	1	118	43	3	3	3	0	0	0	0	0	0	0	0	0	0	0	0	1668159	
1077	1	H	10	N	2500	2	1	213	52	8	6	10	0	0	0	0	0	0	0	0	0	0	0	0	1668190	
1078	1	H	10	N	2500	2	1	159	52	8	8	12	0	0	0	0	0	0	0	0	0	0	0	0	1668752	
1079	1	H	10	N	2500	6	40	297	86	15	8	13	0	0	0	0	0	0	0	0	0	0	0	0	1668908	
1080	1	H	10	N	2500	2	1	50	17	2	2	4	0	0	0	0	0	0	0	0	0	0	0	0	1669002	
1081	1	H	10	N	2500	2	1	114	43	8	7	9	0	0	0	0	0	0	0	0	0	0	0	0	1669516	
1082	1	H	10	N	2500	6	40	216	112	21	13	15	0	0	0	0	0	0	0	0	0	0	0	0	1669563	
1083	1	H	10	N	2500	2	1	220	66	13	9	16	0	0	0	0	0	0	0	0	0	0	0	0	1669688	
1084	1	H	10	N	2500	6	40	246	126	22	17	22	0	0	0	0	0	0	0	0	0	0	0	0	1669750	
1085	1	H	10	N	2500	0	1	233	58	9	6	13	0	0	0	0	0	0	0	0	0	0	0	0	1670140	
1086	1	H	10	N	2500	0	1	308	77	12	10	17	0	0	0	0	0	0	0	0	0	0	0	0	1670187	
1087	1	H	10	N	2500	0	1	121	48	8	6	12	0	0	0	0	0	0	0	0	0	0	0	0	1670296	
1088	1	H	10	N	2500	0	1	187	53	10	8	12	0	0	0	0	0	0	0	0	0	0	0	0	1670530	
1089	1	H	10	N	2500	0	40	249	133	27	19	28	0	0	0	0	0	0	0	0	0	0	0	0	1670546	
1090	1	H	10	N	2500	0	1	183	58	9	7	12	0	0	0	0	0	0	0	0	0	0	0	0	1670718	
1091	1	H	10	N	2500	0	1	131	54	10	7	11	0	0	0	0	0	0	0	0	0	0	0	0	1671092	
1092	1	H	10	N	2500	0	1	234	44	8	5	9	0	0	0	0	0	0	0	0	0	0	0	0	1671310	
1093	1	H	10	N	2500	0	1	236	61	10	7	13	0	0	0	0	0	0	0	0	0	0	0	0	1671326	
1094	1	H	10	N	2500	0	1	136	45	7	5	6	0	0	0	0	0	0	0	0	0	0	0	0	1671357	
1095	1	H	10	N	2500	0	1	196	47	7	5	7	0	0	0	0	0	0	0	0	0	0	0	0	1671420	
1096	1	H	10	N	2500	0	1	252	62	11	8	13	0	0	0	0	0	0	0	0	0	0	0	0	1671576	
1097	1	H	10	N	2500	0	1	102	47	5	4	7	0	0	0	0	0	0	0	0	0	0	0	0	1671638	
1098	1	H	10	N	2500	0	1	154	60	11	8	13	0	0	0	0	0	0	0	0	0	0	0	0	1671654	
1099	1	H	10	N	2500	0	1	148	52	8	8	11	0	0	0	0	0	0	0	0	0	0	0	0	1671794	
1100	1	H	10	N	2500	0	1	206	90	14	11	14	0	0	0	0	0	0	0	0	0	0	0	0	1671810	
1101	1	H	10	N	2500	0	1	212	52	9	6	9	0	0	0	0	0	0	0	0	0	0	0	0	1671810	
1102	1	H	10	N	2500	0	1	212	45	7	5	10	0	0	0	0	0	0	0	0	0	0	0	0	1671888	
1103	1	H	10	N	2500	0	1	257	62	11	6	12	0	0	0	0	0	0	0	0	0	0	0	0	1671888	
1104	1	H	10	N	2500	0	1	215	53	9	6	9	0	0	0	0	0	0	0	0	0	0	0	0	1671919	
1105	1	H	10	N	2500	0	1	103	40	6	5	5	0	0	0	0	0	0	0	0	0	0	0	0	1671981	
1106	1	H	10	N	2500	0	1	207	49	9	6	10	0	0	0	0	0	0	0	0	0	0	0	0	1672044	
1107	1	H	10	N	2500	0	40	356	105	14	11	16	0	0	0	0	0	0	0	0	0	0	0	0	1672075	
1108	1	H	10	N	2500	0	1	136	43	9	9	16	0	0	0	0	0	0	0	0	0	0	0	0	1672184	
1109	1	H	10	N	2500	0	1	168	57	9	6	9	0	0	0	0	0	0	0	0	0	0	0	0	1672215	
1110	1	H	10	N	2500	0	1	235	60	10	8	10	0	0	0	0	0	0	0	0	0	0	0	0	1672340	
1111	1	H	10	N	2500	0	40	434	147	24	15	20	0	0	0	0	0	0	0	0	0	0	0	0	1672356	
1112	1	H	10	N	2500	0	1	141	56	9	8	12	0	0	0	0	0	0	0	0	0	0	0	0	1672387	
1113	1	H	10	N	2500	0	40	371	143	29	16	27	0	0	0	0	0	0	0	0	0	0	0	0	1672387	
1114	1	H	10	N	2500	0	40	330	156	30	17	24	0	0	0	0	0	0	0	0	0	0	0	0	1672480	
1115	1	H	10	N	2500	0	1	131	29	5	4	5	0	0	0	0	0	0	0	0	0	0	0	0	1672512	
1116	1	H	10	N	2500	0	1	118	69	14	10	13	0	0	0	0	0	0	0	0	0	0	0	0	1672527	
1117	1	H	10	N	2500	0	1	222	52	8	6	11	0	0	0	0	0	0	0	0	0	0	0	0	1672699	
1118	1	H	10	N	2500	0	1	291	60	10	6	11	0	0	0	0	0	0	0	0	0	0	0	0	1672824	
1119	1	H	10	N	2500	0	1	163	57	10	7	10	0	0	0	0	0	0	0	0	0	0	0	0	1672964	
1120	1	H	10	N	2500	0	1	227	51	9	7	11	0	0	0	0	0	0	0	0	0	0	0	0	1672964	
1121	1	H	10	N	2500	0	1	102	35	6	6	9	0	0	0	0	0	0	0	0	0	0	0	0	1673089	
1122	1	H	10	N	2500	0	1	136	25	3	1	3	0	0	0	0	0	0	0	0	0	0	0	0	1673198	
1123	1	H	10	N	2500	0	40	382	135	23	15	19	0	0	0	0	0	0	0	0	0	0	0	0	1673229	
1124	1	H	10	N	2500	0	40	341	114	18	12	17	0	0	0	0	0	0	0	0	0	0	0	0	1673276	
1125	1	H	10	N	2500	0	40	310	101	21	12	18	0	0	0	0	0	0	0	0	0	0	0	0	1673557	
1126	1	H	10	N	2500	0	1	173	56	9	8	12	0	0	0	0	0	0	0	0	0	0	0	0	1673744	
1127	1	H	10	N	2500	0	40	329	117	21	13	17	0	0	0	0	0	0	0	0	0	0	0	0	1673791	
1128	1	H	10	N	2500	0	1	190	57	7	5	5	0	0	0	0	0	0	0	0	0	0	0	0	1673791	
1129	1	H	10	N	2500	0	1	258	70	12	8	15	0	0	0	0	0	0	0	0	0	0	0	0	1673838	
1130	1	H	10	N	2500	0	1	202	51	10	7	13	0	0	0	0	0	0	0	0	0	0	0	0	1674181	
1131	1	H	11	N	2500	2	1	227	56	9	7	10	0	0	0	0	0	0	0	0	0	0	0	0	1682527	
1132	1	H	11	N	2500	2	1	200	59	9	6	7	0	0	0	0	0	0	0	0	0	0	0	0	1686115	
1133	1	H	11	N	2500	2	1	209	44	8	6	12	0	0	0	0	0	0	0	0	0	0	0	0	1687020	
1134	1	H	12	N	2500	6	40	336	132	22	16	22	0	0	0	0	0	0	0	0	0	0	0	0	1696411	
1135	1	H	12	N	2500	6	40	398	136	24	15	24	0	0	0	0	0	0	0	0	0	0	0	0	1696489	
1136	1	H	12	N	2500	2	1	269	87	14	9	11	0	0	0	0	0	0	0	0	0	0	0	0	1696614	
1137	1	H	12	N	2500	2	1	165	103	16	11	13	0	0	0	0	0	0	0	0	0	0	0	0	1697347	
1138	1	H	12	N	2500	6	40	341	128	26	17	22	0	0	0	0	0	0	0	0	0	0	0	0	1697440	
1139	1	H	12	N	2500	0	40	333	128	23	13	20	0	0	0	0	0	0	0	0	0	0	0	0	1698127	
1140	1	H	12	N	2500	0	40	327	146	28	15	18	0	0	0	0	0	0	0	0	0	0	0	0	1698142	
1141	1	H	12	N	2500	0	40	255	119	26	14	14	0	0	0	0	0	0	0	0	0	0	0	0	1698330	
1142	1	H	12	N	2500	0	40	334	128	22	15	18	0	0	0	0	0	0	0	0	0	0	0	0	1698454	
1143	1	H	12	N	2500	0	40	331	128	25	14	19	0	0	0	0	0	0	0	0	0	0	0	0	1699203	
1144	1	H	12	N	2500	0	40	401	166	27	21	29	0	0	0	0	0	0	0	0	0	0	0	0	1699437	
1145	1	H	12	N	2500	0	40	375	150	23	15	19	0	0	0	0	0	0	0	0	0	0	0	0	1699671	
1146	1	H	12	N	2500	0	40	380	127	20	14	18	0	0	0	0	0	0	0	0	0	0	0	0	1699827	
1147	1	H	12	N	2500	0	40	320	151	30	15	22	0	0	0	0	0	0	0	0	0	0	0	0	1700186	
1148	1	H	12	N	2500	0	40	279	110	18	13	17	0	0	0	0	0	0	0	0	0	0	0	0	1700233	
1149	1	H	12	N	2500	0	1	197	107	18	13	18	0	0	0	0	0	0	0	0	0	0	0	0	1700248	
1150	1	H	12	N	2500	0	40	340	134	27	17	18	0	0	0	0	0	0	0	0	0	0	0	0	1700436	
1151	1	H	12	N	2500	0	40	242	151	30	19	25	0	0	0	0	0	0	0	0	0	0	0	0	1700482	
1152	1	H	12	N	2500	0	1	172	65	8	5	10	0	0	0	0	0	0	0	0	0	0	0	0	1700482	
1153	1	H	12	N	2500	0	40	243	133	25	16	22	0	0	0	0	0	0	0	0	0	0	0	0	1700607	
1154	1	H	12	N	2500	0	40	229	125	21	13	17	0	0	0	0	0	0	0	0	0	0	0	0	1700701	
1155	1	H	12	N	2500	0	40	256	126	23	16	20	0	0	0	0	0	0	0	0	0	0	0	0	1700716	
1156	1	H	12	N	2500	0	40	314	124	27	13	17	0	0	0	0	0	0	0	0	0	0	0	0	1701122	
1157	1	H	12	N	2500	0	40	263	120	24	17	19	0	0	0	0	0	0	0	0	0	0	0	0	1701231	
1158	1	H	12	N	2500	0	40	264	126	22	15	18	0	0	0	0	0	0	0	0	0	0	0	0	1701231	
1159	1	H	12	N	2500	0	40	315	110	20	12	15	0	0	0	0	0	0	0	0	0	0	0	0	1701340	
1160	1	H	12	N	2500	0	1	150	88	13	9	13	0	0	0	0	0	0	0	0	0	0	0	0	1701372	
1161	1	H	12	N	2500	0	40	339	148	26	18	24	0	0	0	0	0	0	0	0	0	0	0	0	1701590	
1162	1	H	12	N	2500	0	40	232	129	29	16	19	0	0	0	0	0	0	0	0	0	0	0	0	1701793	
1163	1	H	12	N	2500	0	40	309	100	16	10	17	0	0	0	0	0	0	0	0	0	0	0	0	1702042	
1164	1	H	12	N	2500	0	40	305	99	16	11	17	0	0	0	0	0	0	0	0	0	0	0	0	1702136	


Threshold source: EXT,  value 50
Min TOF = 50
EXT signal gain 1.6
Green signal gain 3.0
Yellow signal gain 3.0
Red signal gain 3.0
Green PMT voltage 700
Yellow PMT voltage 700
Red PMT voltage 900
Signal multipliers: 1.0,1.0,1.0,1.0
C:\Users\unionbio\Desktop\COPAS Templates\USE for L4 dispense4.csv