Id	Plate	Row	Column	Clog	Scan rate	Status sort	Status sel	TOF	EXT	Green	Yellow	Red	PH Ext	PW Ext	PC Ext	PH Green	PW Green	PCGreen	PH Yellow	PW Yellow	PCYellow	PH Red	PW Red	PCRed	Time Stamp	
0	1	A	1	N	2500	2	1	127	172	12	1	0	0	0	0	0	0	0	0	0	0	0	0	0	6993492	
1	1	A	1	N	2500	2	1	84	84	19	0	3	0	0	0	0	0	0	0	0	0	0	0	0	6993492	
2	1	A	1	N	2500	2	1	50	18	6	0	0	0	0	0	0	0	0	0	0	0	0	0	0	6993508	
3	1	A	1	N	2500	2	2	112	135	8	1	5	0	0	0	0	0	0	0	0	0	0	0	0	6993523	
4	1	A	1	N	2500	2	1	114	150	19	1	4	0	0	0	0	0	0	0	0	0	0	0	0	6993555	
5	1	A	1	N	2500	2	1	58	21	2	0	1	0	0	0	0	0	0	0	0	0	0	0	0	6993555	
6	1	A	1	N	2500	2	1	73	77	15	0	1	0	0	0	0	0	0	0	0	0	0	0	0	6993555	
7	1	A	1	N	2500	2	1	58	32	6	0	0	0	0	0	0	0	0	0	0	0	0	0	0	6993679	
8	1	A	1	N	2500	2	1	70	61	5	0	1	0	0	0	0	0	0	0	0	0	0	0	0	6993679	
9	1	A	1	N	2500	2	1	52	26	9	0	0	0	0	0	0	0	0	0	0	0	0	0	0	6993711	
10	1	A	1	N	2500	2	1	56	20	2	0	1	0	0	0	0	0	0	0	0	0	0	0	0	6993742	
11	1	A	1	N	2500	2	1	50	38	7	0	1	0	0	0	0	0	0	0	0	0	0	0	0	6993913	
12	1	A	1	N	2500	2	1	52	40	10	0	0	0	0	0	0	0	0	0	0	0	0	0	0	6993960	
13	1	A	1	N	2500	2	1	90	103	25	1	1	0	0	0	0	0	0	0	0	0	0	0	0	6994038	
14	1	A	1	N	2500	2	1	90	90	25	0	2	0	0	0	0	0	0	0	0	0	0	0	0	6994054	
15	1	A	1	N	2500	2	1	55	45	10	0	1	0	0	0	0	0	0	0	0	0	0	0	0	6994069	
16	1	A	1	N	2500	2	1	73	64	14	0	2	0	0	0	0	0	0	0	0	0	0	0	0	6994085	
17	1	A	1	N	2500	2	1	100	131	30	1	2	0	0	0	0	0	0	0	0	0	0	0	0	6994179	
18	1	A	1	N	2500	2	1	62	48	12	0	1	0	0	0	0	0	0	0	0	0	0	0	0	6994241	
19	1	A	1	N	2500	2	1	68	56	5	0	1	0	0	0	0	0	0	0	0	0	0	0	0	6994241	
20	1	A	1	N	2500	2	1	82	71	20	0	2	0	0	0	0	0	0	0	0	0	0	0	0	6994257	
21	1	A	1	N	2500	2	1	77	59	18	0	1	0	0	0	0	0	0	0	0	0	0	0	0	6994303	
22	1	A	1	N	2500	2	1	71	75	4	0	2	0	0	0	0	0	0	0	0	0	0	0	0	6994335	
23	1	A	1	N	2500	2	1	55	46	9	0	1	0	0	0	0	0	0	0	0	0	0	0	0	6994335	
24	1	A	1	N	2500	2	1	68	28	5	0	0	0	0	0	0	0	0	0	0	0	0	0	0	6994350	
25	1	A	1	N	2500	2	1	52	43	8	0	1	0	0	0	0	0	0	0	0	0	0	0	0	6994366	
26	1	A	1	N	2500	2	1	65	37	2	0	1	0	0	0	0	0	0	0	0	0	0	0	0	6994428	
27	1	A	1	N	2500	2	1	58	43	9	0	1	0	0	0	0	0	0	0	0	0	0	0	0	6994491	
28	1	A	1	N	2500	2	1	93	87	21	0	1	0	0	0	0	0	0	0	0	0	0	0	0	6994615	
29	1	A	1	N	2500	2	1	78	63	18	0	2	0	0	0	0	0	0	0	0	0	0	0	0	6994631	
30	1	A	1	N	2500	2	1	87	65	12	0	1	0	0	0	0	0	0	0	0	0	0	0	0	6994756	
31	1	A	1	N	2500	2	1	79	76	4	0	0	0	0	0	0	0	0	0	0	0	0	0	0	6994771	
32	1	A	1	N	2500	2	1	59	39	11	0	1	0	0	0	0	0	0	0	0	0	0	0	0	6994803	
33	1	A	1	N	2500	2	1	52	41	7	0	1	0	0	0	0	0	0	0	0	0	0	0	0	6994849	
34	1	A	1	N	2500	2	1	177	56	14	15	25	0	0	0	0	0	0	0	0	0	0	0	0	6996019	
35	1	A	2	N	2500	6	40	288	99	15	11	12	0	0	0	0	0	0	0	0	0	0	0	0	7010153	
36	1	A	2	N	2500	2	1	151	80	13	9	14	0	0	0	0	0	0	0	0	0	0	0	0	7011167	
37	1	A	2	N	2500	2	1	180	44	6	3	4	0	0	0	0	0	0	0	0	0	0	0	0	7011183	
38	1	A	2	N	2500	6	40	279	101	15	11	16	0	0	0	0	0	0	0	0	0	0	0	0	7011807	
39	1	A	2	N	2500	2	2	244	126	250	304	352	0	0	0	0	0	0	0	0	0	0	0	0	7011838	
40	1	A	2	N	2500	6	40	313	104	17	10	12	0	0	0	0	0	0	0	0	0	0	0	0	7012197	
41	1	A	2	N	2500	0	40	256	135	21	13	17	0	0	0	0	0	0	0	0	0	0	0	0	7012446	
42	1	A	2	N	2500	0	2	167	122	23	15	20	0	0	0	0	0	0	0	0	0	0	0	0	7012540	
43	1	A	2	N	2500	0	1	126	43	5	3	5	0	0	0	0	0	0	0	0	0	0	0	0	7013663	
44	1	A	2	N	2500	0	1	171	87	12	7	12	0	0	0	0	0	0	0	0	0	0	0	0	7013788	
45	1	A	2	N	2500	0	1	131	56	7	6	6	0	0	0	0	0	0	0	0	0	0	0	0	7014022	
46	1	A	2	N	2500	0	40	320	124	20	12	16	0	0	0	0	0	0	0	0	0	0	0	0	7014599	
47	1	A	2	N	2500	0	1	76	16	3	2	3	0	0	0	0	0	0	0	0	0	0	0	0	7014911	
48	1	A	4	N	2500	2	1	207	68	8	6	10	0	0	0	0	0	0	0	0	0	0	0	0	7037110	
49	1	A	4	N	2500	2	1	281	83	10	7	10	0	0	0	0	0	0	0	0	0	0	0	0	7037453	
50	1	A	4	N	2500	2	1	88	29	4	2	5	0	0	0	0	0	0	0	0	0	0	0	0	7039309	
51	1	A	4	N	2500	2	1	166	64	9	7	15	0	0	0	0	0	0	0	0	0	0	0	0	7039793	
52	1	A	4	N	2500	2	1	242	69	8	5	10	0	0	0	0	0	0	0	0	0	0	0	0	7040167	
53	1	A	4	N	2500	6	40	367	151	27	19	26	0	0	0	0	0	0	0	0	0	0	0	0	7040417	
54	1	A	4	N	2500	6	40	374	128	19	12	19	0	0	0	0	0	0	0	0	0	0	0	0	7041525	
55	1	A	4	N	2500	2	1	230	61	8	5	9	0	0	0	0	0	0	0	0	0	0	0	0	7042726	
56	1	A	6	N	2500	6	40	278	104	17	11	18	0	0	0	0	0	0	0	0	0	0	0	0	7067702	
57	1	A	6	N	2500	2	1	255	77	12	8	12	0	0	0	0	0	0	0	0	0	0	0	0	7068123	
58	1	A	6	N	2500	6	40	317	106	16	12	17	0	0	0	0	0	0	0	0	0	0	0	0	7068310	
59	1	A	6	N	2500	6	40	222	116	17	13	18	0	0	0	0	0	0	0	0	0	0	0	0	7069340	
60	1	A	6	N	2500	0	1	279	86	12	8	12	0	0	0	0	0	0	0	0	0	0	0	0	7070026	
61	1	A	6	N	2500	0	40	294	98	16	11	17	0	0	0	0	0	0	0	0	0	0	0	0	7070135	
62	1	A	6	N	2500	0	40	268	106	18	12	17	0	0	0	0	0	0	0	0	0	0	0	0	7070525	
63	1	A	6	N	2500	0	1	161	81	11	8	11	0	0	0	0	0	0	0	0	0	0	0	0	7070681	
64	1	A	6	N	2500	0	1	259	86	12	8	12	0	0	0	0	0	0	0	0	0	0	0	0	7070931	
65	1	A	6	N	2500	0	40	201	116	18	14	14	0	0	0	0	0	0	0	0	0	0	0	0	7071258	
66	1	A	6	N	2500	0	1	177	105	17	14	18	0	0	0	0	0	0	0	0	0	0	0	0	7071336	
67	1	A	6	N	2500	0	40	321	111	18	12	16	0	0	0	0	0	0	0	0	0	0	0	0	7071414	
68	1	A	6	N	2500	0	40	219	104	16	11	14	0	0	0	0	0	0	0	0	0	0	0	0	7071430	
69	1	A	6	N	2500	0	40	267	101	14	11	16	0	0	0	0	0	0	0	0	0	0	0	0	7071820	
70	1	A	6	N	2500	0	40	338	129	21	14	24	0	0	0	0	0	0	0	0	0	0	0	0	7071851	
71	1	A	6	N	2500	0	40	289	101	15	11	17	0	0	0	0	0	0	0	0	0	0	0	0	7072834	
72	1	A	6	N	2500	0	1	216	80	13	6	10	0	0	0	0	0	0	0	0	0	0	0	0	7073271	
73	1	A	8	N	2500	2	1	64	14	5	0	1	0	0	0	0	0	0	0	0	0	0	0	0	7095267	
74	1	A	8	N	2500	2	1	181	68	8	6	8	0	0	0	0	0	0	0	0	0	0	0	0	7096062	
75	1	A	8	N	2500	6	40	213	147	26	16	21	0	0	0	0	0	0	0	0	0	0	0	0	7096343	
76	1	A	8	N	2500	6	40	309	144	23	17	22	0	0	0	0	0	0	0	0	0	0	0	0	7097186	
77	1	A	8	N	2500	6	40	373	139	23	13	20	0	0	0	0	0	0	0	0	0	0	0	0	7097825	
78	1	A	8	N	2500	0	1	170	75	12	9	12	0	0	0	0	0	0	0	0	0	0	0	0	7098714	
79	1	A	8	N	2500	0	1	153	95	14	11	13	0	0	0	0	0	0	0	0	0	0	0	0	7098808	
80	1	A	8	N	2500	0	1	178	107	16	11	14	0	0	0	0	0	0	0	0	0	0	0	0	7099541	
81	1	A	8	N	2500	0	1	232	65	9	7	13	0	0	0	0	0	0	0	0	0	0	0	0	7099557	
82	1	A	8	N	2500	0	1	60	19	1	1	2	0	0	0	0	0	0	0	0	0	0	0	0	7099869	
83	1	A	8	N	2500	0	40	283	92	15	10	15	0	0	0	0	0	0	0	0	0	0	0	0	7099884	
84	1	A	8	N	2500	0	2	290	90	13	9	11	0	0	0	0	0	0	0	0	0	0	0	0	7100228	
85	1	A	8	N	2500	0	40	311	102	18	11	17	0	0	0	0	0	0	0	0	0	0	0	0	7100602	
86	1	A	8	N	2500	0	1	193	110	16	11	13	0	0	0	0	0	0	0	0	0	0	0	0	7100867	
87	1	A	8	N	2500	0	40	293	104	18	11	15	0	0	0	0	0	0	0	0	0	0	0	0	7101288	
88	1	A	8	N	2500	0	1	174	110	19	12	12	0	0	0	0	0	0	0	0	0	0	0	0	7101351	
89	1	A	8	N	2500	0	1	162	39	5	3	4	0	0	0	0	0	0	0	0	0	0	0	0	7101460	
90	1	A	8	N	2500	0	1	186	62	9	7	12	0	0	0	0	0	0	0	0	0	0	0	0	7102131	
91	1	A	9	N	2500	6	40	211	106	16	10	14	0	0	0	0	0	0	0	0	0	0	0	0	7114330	
92	1	A	10	N	2500	2	1	56	9	2	3	7	0	0	0	0	0	0	0	0	0	0	0	0	7124813	
93	1	A	10	N	2500	6	40	309	98	16	10	13	0	0	0	0	0	0	0	0	0	0	0	0	7126654	
94	1	A	10	N	2500	2	1	129	59	8	6	8	0	0	0	0	0	0	0	0	0	0	0	0	7126748	
95	1	A	10	N	2500	2	1	53	15	1	1	2	0	0	0	0	0	0	0	0	0	0	0	0	7126935	
96	1	A	10	N	2500	6	40	223	121	22	17	23	0	0	0	0	0	0	0	0	0	0	0	0	7127106	
97	1	A	10	N	2500	2	1	183	85	13	9	13	0	0	0	0	0	0	0	0	0	0	0	0	7127684	
98	1	A	10	N	2500	2	1	96	64	10	8	10	0	0	0	0	0	0	0	0	0	0	0	0	7127824	
99	1	A	10	N	2500	33	1	115	48	8	6	7	0	0	0	0	0	0	0	0	0	0	0	0	7127824	
100	1	A	10	N	2500	2	1	214	92	20	13	16	0	0	0	0	0	0	0	0	0	0	0	0	7127902	
101	1	A	10	N	2500	2	1	204	78	18	12	14	0	0	0	0	0	0	0	0	0	0	0	0	7128354	
102	1	A	10	N	2500	2	1	214	66	8	6	12	0	0	0	0	0	0	0	0	0	0	0	0	7128557	
103	1	A	10	N	2500	2	1	169	113	19	13	21	0	0	0	0	0	0	0	0	0	0	0	0	7128620	
104	1	A	10	N	2500	2	1	221	77	11	7	9	0	0	0	0	0	0	0	0	0	0	0	0	7128885	
105	1	A	10	N	2500	2	1	224	89	20	11	15	0	0	0	0	0	0	0	0	0	0	0	0	7129509	
106	1	A	10	N	2500	6	40	330	125	25	15	20	0	0	0	0	0	0	0	0	0	0	0	0	7129680	
107	1	A	10	N	2500	0	1	292	83	13	8	12	0	0	0	0	0	0	0	0	0	0	0	0	7129977	
108	1	A	10	N	2500	0	40	295	93	17	10	14	0	0	0	0	0	0	0	0	0	0	0	0	7130320	
109	1	A	11	N	2500	6	40	371	117	18	11	15	0	0	0	0	0	0	0	0	0	0	0	0	7144376	
110	1	A	11	N	2500	6	40	266	127	20	13	16	0	0	0	0	0	0	0	0	0	0	0	0	7144485	
111	1	A	12	N	2500	6	40	305	127	19	12	15	0	0	0	0	0	0	0	0	0	0	0	0	7154188	
112	1	A	12	N	2500	2	1	197	95	15	10	16	0	0	0	0	0	0	0	0	0	0	0	0	7154578	
113	1	A	12	N	2500	2	1	144	73	11	8	11	0	0	0	0	0	0	0	0	0	0	0	0	7155452	
114	1	A	12	N	2500	2	1	282	83	14	9	12	0	0	0	0	0	0	0	0	0	0	0	0	7156278	
115	1	A	12	N	2500	6	40	186	132	21	15	18	0	0	0	0	0	0	0	0	0	0	0	0	7156824	
116	1	A	12	N	2500	2	1	253	87	13	10	13	0	0	0	0	0	0	0	0	0	0	0	0	7157058	
117	1	A	12	N	2500	2	1	220	89	13	10	12	0	0	0	0	0	0	0	0	0	0	0	0	7160116	
118	1	B	1	N	2500	6	40	305	90	17	9	13	0	0	0	0	0	0	0	0	0	0	0	0	7172440	
119	1	B	2	N	2500	2	1	199	102	25	14	19	0	0	0	0	0	0	0	0	0	0	0	0	7184000	
120	1	B	2	N	2500	2	1	169	107	18	10	13	0	0	0	0	0	0	0	0	0	0	0	0	7184109	
121	1	B	2	N	2500	6	40	295	112	16	8	13	0	0	0	0	0	0	0	0	0	0	0	0	7185763	
122	1	B	2	N	2500	2	1	153	105	20	12	15	0	0	0	0	0	0	0	0	0	0	0	0	7186527	
123	1	B	2	N	2500	2	1	180	103	20	12	14	0	0	0	0	0	0	0	0	0	0	0	0	7187026	
124	1	B	2	N	2500	6	40	208	107	20	11	14	0	0	0	0	0	0	0	0	0	0	0	0	7187416	
125	1	B	2	N	2500	2	1	154	98	14	10	12	0	0	0	0	0	0	0	0	0	0	0	0	7187557	
126	1	B	2	N	2500	6	40	311	126	22	11	18	0	0	0	0	0	0	0	0	0	0	0	0	7187681	
127	1	B	2	N	2500	0	1	91	41	4	3	4	0	0	0	0	0	0	0	0	0	0	0	0	7187697	
128	1	B	2	N	2500	0	1	264	78	11	6	9	0	0	0	0	0	0	0	0	0	0	0	0	7187806	
129	1	B	2	N	2500	0	1	224	55	7	5	8	0	0	0	0	0	0	0	0	0	0	0	0	7187884	
130	1	B	2	N	2500	0	40	389	131	18	11	15	0	0	0	0	0	0	0	0	0	0	0	0	7187900	
131	1	B	2	N	2500	0	1	160	90	18	13	17	0	0	0	0	0	0	0	0	0	0	0	0	7188040	
132	1	B	2	N	2500	0	1	169	97	15	9	12	0	0	0	0	0	0	0	0	0	0	0	0	7188305	
133	1	B	2	N	2500	0	40	368	117	17	10	17	0	0	0	0	0	0	0	0	0	0	0	0	7188368	
134	1	B	2	N	2500	0	1	160	57	9	5	7	0	0	0	0	0	0	0	0	0	0	0	0	7188508	
135	1	B	2	N	2500	0	1	164	105	19	12	17	0	0	0	0	0	0	0	0	0	0	0	0	7189007	
136	1	B	2	N	2500	0	2	293	86	12	7	8	0	0	0	0	0	0	0	0	0	0	0	0	7189023	
137	1	B	2	N	2500	0	1	153	91	17	9	9	0	0	0	0	0	0	0	0	0	0	0	0	7189335	
138	1	B	2	N	2500	0	1	137	76	11	6	7	0	0	0	0	0	0	0	0	0	0	0	0	7189756	
139	1	B	2	N	2500	0	1	211	56	7	4	5	0	0	0	0	0	0	0	0	0	0	0	0	7190240	
140	1	B	2	N	2500	0	1	264	84	9	6	7	0	0	0	0	0	0	0	0	0	0	0	0	7190255	
141	1	B	2	N	2500	0	1	244	83	12	8	11	0	0	0	0	0	0	0	0	0	0	0	0	7190536	
142	1	B	4	N	2500	6	40	285	101	16	9	14	0	0	0	0	0	0	0	0	0	0	0	0	7213016	
143	1	B	4	N	2500	2	1	216	72	13	9	11	0	0	0	0	0	0	0	0	0	0	0	0	7213343	
144	1	B	4	N	2500	2	1	271	71	11	8	11	0	0	0	0	0	0	0	0	0	0	0	0	7213889	
145	1	B	4	N	2500	2	1	64	12	1	0	1	0	0	0	0	0	0	0	0	0	0	0	0	7214451	
146	1	B	4	N	2500	33	1	128	86	14	10	15	0	0	0	0	0	0	0	0	0	0	0	0	7214451	
147	1	B	4	N	2500	6	40	324	111	21	13	19	0	0	0	0	0	0	0	0	0	0	0	0	7214779	
148	1	B	4	N	2500	6	40	318	97	15	11	15	0	0	0	0	0	0	0	0	0	0	0	0	7215184	
149	1	B	4	N	2500	0	40	340	136	23	15	20	0	0	0	0	0	0	0	0	0	0	0	0	7215325	
150	1	B	4	N	2500	0	1	57	13	3	3	4	0	0	0	0	0	0	0	0	0	0	0	0	7215387	
151	1	B	4	N	2500	0	1	191	99	23	14	18	0	0	0	0	0	0	0	0	0	0	0	0	7215574	
152	1	B	4	N	2500	0	1	172	103	20	13	16	0	0	0	0	0	0	0	0	0	0	0	0	7215917	
153	1	B	4	N	2500	0	40	301	126	24	16	17	0	0	0	0	0	0	0	0	0	0	0	0	7216323	
154	1	B	4	N	2500	0	1	219	62	8	6	9	0	0	0	0	0	0	0	0	0	0	0	0	7216557	
155	1	B	4	N	2500	0	1	171	95	19	12	15	0	0	0	0	0	0	0	0	0	0	0	0	7216588	
156	1	B	4	N	2500	0	40	190	113	20	15	20	0	0	0	0	0	0	0	0	0	0	0	0	7216807	
157	1	B	4	N	2500	0	40	290	100	17	12	15	0	0	0	0	0	0	0	0	0	0	0	0	7216822	
158	1	B	4	N	2500	0	40	344	119	23	15	19	0	0	0	0	0	0	0	0	0	0	0	0	7217025	
159	1	B	4	N	2500	0	40	218	109	18	13	19	0	0	0	0	0	0	0	0	0	0	0	0	7217072	
160	1	B	4	N	2500	0	2	275	90	12	8	13	0	0	0	0	0	0	0	0	0	0	0	0	7217087	
161	1	B	4	N	2500	0	40	294	110	18	13	19	0	0	0	0	0	0	0	0	0	0	0	0	7217181	
162	1	B	4	N	2500	0	1	184	87	13	10	13	0	0	0	0	0	0	0	0	0	0	0	0	7217243	
163	1	B	4	N	2500	0	40	239	112	25	16	22	0	0	0	0	0	0	0	0	0	0	0	0	7217852	
164	1	B	4	N	2500	0	1	136	58	11	8	11	0	0	0	0	0	0	0	0	0	0	0	0	7218148	
165	1	B	4	N	2500	0	40	278	99	16	10	15	0	0	0	0	0	0	0	0	0	0	0	0	7218710	
166	1	B	4	N	2500	0	40	286	90	16	11	18	0	0	0	0	0	0	0	0	0	0	0	0	7218897	
167	1	B	4	N	2500	0	1	156	76	10	7	12	0	0	0	0	0	0	0	0	0	0	0	0	7219084	
168	1	B	4	N	2500	0	40	275	120	20	13	19	0	0	0	0	0	0	0	0	0	0	0	0	7219771	
169	1	B	5	N	2500	2	1	80	24	15	20	53	0	0	0	0	0	0	0	0	0	0	0	0	7228631	
170	1	B	5	N	2500	6	40	332	114	23	15	22	0	0	0	0	0	0	0	0	0	0	0	0	7232781	
171	1	B	6	N	2500	6	40	207	110	18	12	16	0	0	0	0	0	0	0	0	0	0	0	0	7241283	
172	1	B	6	N	2500	2	1	58	23	20	23	30	0	0	0	0	0	0	0	0	0	0	0	0	7241907	
173	1	B	6	N	2500	6	40	236	100	18	12	15	0	0	0	0	0	0	0	0	0	0	0	0	7242235	
174	1	B	6	N	2500	2	1	97	46	4	3	6	0	0	0	0	0	0	0	0	0	0	0	0	7243483	
175	1	B	6	N	2500	6	40	270	96	14	10	15	0	0	0	0	0	0	0	0	0	0	0	0	7244013	
176	1	B	6	N	2500	0	1	113	56	7	5	8	0	0	0	0	0	0	0	0	0	0	0	0	7244341	
177	1	B	6	N	2500	0	40	307	103	14	10	14	0	0	0	0	0	0	0	0	0	0	0	0	7244528	
178	1	B	6	N	2500	0	40	201	114	16	9	13	0	0	0	0	0	0	0	0	0	0	0	0	7245121	
179	1	B	6	N	2500	0	40	218	112	22	13	17	0	0	0	0	0	0	0	0	0	0	0	0	7245339	
180	1	B	6	N	2500	0	2	290	84	10	7	10	0	0	0	0	0	0	0	0	0	0	0	0	7245355	
181	1	B	6	N	2500	0	40	392	154	28	15	17	0	0	0	0	0	0	0	0	0	0	0	0	7245355	
182	1	B	6	N	2500	0	1	176	100	15	9	15	0	0	0	0	0	0	0	0	0	0	0	0	7245745	
183	1	B	6	N	2500	0	1	159	80	10	6	9	0	0	0	0	0	0	0	0	0	0	0	0	7246275	
184	1	B	6	N	2500	0	1	166	110	22	15	17	0	0	0	0	0	0	0	0	0	0	0	0	7246665	
185	1	B	6	N	2500	0	40	337	124	19	13	17	0	0	0	0	0	0	0	0	0	0	0	0	7246821	
186	1	B	6	N	2500	0	1	264	85	12	7	12	0	0	0	0	0	0	0	0	0	0	0	0	7248412	
187	1	B	7	N	2500	2	1	136	50	52	69	110	0	0	0	0	0	0	0	0	0	0	0	0	7262218	
188	1	B	8	N	2500	2	1	51	15	2	2	6	0	0	0	0	0	0	0	0	0	0	0	0	7271157	
189	1	B	8	N	2500	2	1	174	97	15	8	9	0	0	0	0	0	0	0	0	0	0	0	0	7272202	
190	1	B	8	N	2500	2	1	78	19	2	2	5	0	0	0	0	0	0	0	0	0	0	0	0	7272951	
191	1	B	8	N	2500	6	40	429	150	25	15	24	0	0	0	0	0	0	0	0	0	0	0	0	7274371	
192	1	B	8	N	2500	2	2	309	78	11	6	9	0	0	0	0	0	0	0	0	0	0	0	0	7274542	
193	1	B	8	N	2500	2	1	274	77	9	5	10	0	0	0	0	0	0	0	0	0	0	0	0	7274683	
194	1	B	8	N	2500	2	1	129	64	8	6	8	0	0	0	0	0	0	0	0	0	0	0	0	7276929	
195	1	B	9	N	2500	6	40	376	127	19	10	14	0	0	0	0	0	0	0	0	0	0	0	0	7285634	
196	1	B	10	N	2500	6	40	171	118	19	12	15	0	0	0	0	0	0	0	0	0	0	0	0	7299783	
197	1	B	10	N	2500	2	2	160	132	26	15	23	0	0	0	0	0	0	0	0	0	0	0	0	7301718	
198	1	B	10	N	2500	6	40	401	154	25	13	21	0	0	0	0	0	0	0	0	0	0	0	0	7302092	
199	1	B	10	N	2500	2	1	244	63	9	5	11	0	0	0	0	0	0	0	0	0	0	0	0	7302420	
200	1	B	10	N	2500	6	40	396	128	21	14	18	0	0	0	0	0	0	0	0	0	0	0	0	7302903	
201	1	B	10	N	2500	0	1	254	77	10	7	12	0	0	0	0	0	0	0	0	0	0	0	0	7303356	
202	1	B	10	N	2500	0	40	443	177	29	19	28	0	0	0	0	0	0	0	0	0	0	0	0	7304042	
203	1	B	10	N	2500	0	40	299	94	14	9	11	0	0	0	0	0	0	0	0	0	0	0	0	7304307	
204	1	B	10	N	2500	0	1	52	14	2	2	4	0	0	0	0	0	0	0	0	0	0	0	0	7304541	
205	1	B	10	N	2500	0	1	227	92	15	8	12	0	0	0	0	0	0	0	0	0	0	0	0	7304572	
206	1	B	10	N	2500	0	40	233	113	19	13	19	0	0	0	0	0	0	0	0	0	0	0	0	7304838	
207	1	B	10	N	2500	0	40	363	129	22	15	17	0	0	0	0	0	0	0	0	0	0	0	0	7305883	
208	1	B	10	N	2500	0	1	96	35	39	51	83	0	0	0	0	0	0	0	0	0	0	0	0	7306320	
209	1	B	11	N	2500	2	1	91	100	25	1	3	0	0	0	0	0	0	0	0	0	0	0	0	7313823	
210	1	B	11	N	2500	6	40	196	139	26	17	21	0	0	0	0	0	0	0	0	0	0	0	0	7314369	
211	1	B	11	N	2500	2	1	54	33	9	0	1	0	0	0	0	0	0	0	0	0	0	0	0	7315851	
212	1	B	12	N	2500	2	1	187	99	22	11	14	0	0	0	0	0	0	0	0	0	0	0	0	7328175	
213	1	B	12	N	2500	2	1	124	36	13	6	7	0	0	0	0	0	0	0	0	0	0	0	0	7328362	
214	1	B	12	N	2500	2	1	284	430	196	3	9	0	0	0	0	0	0	0	0	0	0	0	0	7328456	
215	1	B	12	N	2500	2	1	64	21	5	0	1	0	0	0	0	0	0	0	0	0	0	0	0	7329220	
216	1	B	12	N	2500	2	1	77	14	2	2	3	0	0	0	0	0	0	0	0	0	0	0	0	7329252	
217	1	B	12	N	2500	2	1	80	18	2	1	2	0	0	0	0	0	0	0	0	0	0	0	0	7329922	
218	1	B	12	N	2500	33	1	98	64	11	7	9	0	0	0	0	0	0	0	0	0	0	0	0	7329922	
219	1	B	12	N	2500	6	40	379	140	24	15	22	0	0	0	0	0	0	0	0	0	0	0	0	7330874	
220	1	B	12	N	2500	2	1	192	85	15	10	13	0	0	0	0	0	0	0	0	0	0	0	0	7331077	
221	1	B	12	N	2500	6	40	363	130	22	15	17	0	0	0	0	0	0	0	0	0	0	0	0	7331233	
222	1	B	12	N	2500	6	40	187	117	18	13	19	0	0	0	0	0	0	0	0	0	0	0	0	7331950	
223	1	B	12	N	2500	0	40	247	123	20	12	18	0	0	0	0	0	0	0	0	0	0	0	0	7332028	
224	1	B	12	N	2500	0	40	336	128	19	13	20	0	0	0	0	0	0	0	0	0	0	0	0	7332262	
225	1	B	12	N	2500	0	40	214	118	19	13	15	0	0	0	0	0	0	0	0	0	0	0	0	7332512	
226	1	B	12	N	2500	0	1	55	26	3	1	1	0	0	0	0	0	0	0	0	0	0	0	0	7332559	
227	1	B	12	N	2500	0	40	371	119	26	16	22	0	0	0	0	0	0	0	0	0	0	0	0	7334946	
228	1	C	2	N	2500	2	1	219	99	22	15	18	0	0	0	0	0	0	0	0	0	0	0	0	7358408	
229	1	C	2	N	2500	2	1	67	15	3	1	1	0	0	0	0	0	0	0	0	0	0	0	0	7358673	
230	1	C	2	N	2500	6	40	240	103	18	13	16	0	0	0	0	0	0	0	0	0	0	0	0	7358892	
231	1	C	2	N	2500	2	1	73	16	5	1	2	0	0	0	0	0	0	0	0	0	0	0	0	7359531	
232	1	C	2	N	2500	6	40	385	118	16	12	17	0	0	0	0	0	0	0	0	0	0	0	0	7359609	
233	1	C	2	N	2500	6	40	354	139	26	17	23	0	0	0	0	0	0	0	0	0	0	0	0	7359750	
234	1	C	2	N	2500	0	40	249	109	16	12	17	0	0	0	0	0	0	0	0	0	0	0	0	7360015	
235	1	C	2	N	2500	0	40	313	166	29	20	28	0	0	0	0	0	0	0	0	0	0	0	0	7360264	
236	1	C	2	N	2500	0	40	289	114	20	13	22	0	0	0	0	0	0	0	0	0	0	0	0	7360342	
237	1	C	2	N	2500	0	2	263	92	12	10	18	0	0	0	0	0	0	0	0	0	0	0	0	7360982	
238	1	C	2	N	2500	0	40	350	131	21	15	21	0	0	0	0	0	0	0	0	0	0	0	0	7361076	
239	1	C	2	N	2500	0	40	330	123	24	15	17	0	0	0	0	0	0	0	0	0	0	0	0	7361091	
240	1	C	2	N	2500	0	1	156	100	16	12	13	0	0	0	0	0	0	0	0	0	0	0	0	7361356	
241	1	C	2	N	2500	0	40	288	99	16	9	11	0	0	0	0	0	0	0	0	0	0	0	0	7362714	
242	1	C	2	N	2500	0	40	309	127	25	15	22	0	0	0	0	0	0	0	0	0	0	0	0	7362745	
243	1	C	2	N	2500	0	40	337	122	22	14	22	0	0	0	0	0	0	0	0	0	0	0	0	7362963	
244	1	C	2	N	2500	0	40	301	115	20	12	15	0	0	0	0	0	0	0	0	0	0	0	0	7363057	
245	1	C	2	N	2500	0	40	201	136	25	16	21	0	0	0	0	0	0	0	0	0	0	0	0	7363072	
246	1	C	2	N	2500	0	40	197	143	26	15	22	0	0	0	0	0	0	0	0	0	0	0	0	7363088	
247	1	C	2	N	2500	0	40	289	146	31	16	21	0	0	0	0	0	0	0	0	0	0	0	0	7363119	
248	1	C	2	N	2500	0	40	287	104	14	9	13	0	0	0	0	0	0	0	0	0	0	0	0	7363400	
249	1	C	2	N	2500	0	1	164	107	15	12	16	0	0	0	0	0	0	0	0	0	0	0	0	7363540	
250	1	C	2	N	2500	0	40	213	113	17	11	15	0	0	0	0	0	0	0	0	0	0	0	0	7363712	
251	1	C	2	N	2500	0	1	188	111	19	12	16	0	0	0	0	0	0	0	0	0	0	0	0	7363790	
252	1	C	2	N	2500	0	40	322	116	20	12	17	0	0	0	0	0	0	0	0	0	0	0	0	7364102	
253	1	C	2	N	2500	0	40	248	97	16	12	17	0	0	0	0	0	0	0	0	0	0	0	0	7364461	
254	1	C	2	N	2500	0	40	326	117	18	14	20	0	0	0	0	0	0	0	0	0	0	0	0	7364820	
255	1	C	2	N	2500	0	40	329	120	22	12	17	0	0	0	0	0	0	0	0	0	0	0	0	7365381	
256	1	C	3	N	2500	2	1	224	98	19	11	11	0	0	0	0	0	0	0	0	0	0	0	0	7374991	
257	1	C	3	N	2500	6	40	224	129	24	15	19	0	0	0	0	0	0	0	0	0	0	0	0	7375334	
258	1	C	4	N	2500	6	40	426	138	22	14	16	0	0	0	0	0	0	0	0	0	0	0	0	7388017	
259	1	C	4	N	2500	6	40	262	106	18	12	17	0	0	0	0	0	0	0	0	0	0	0	0	7388282	
260	1	C	4	N	2500	6	40	174	122	32	17	21	0	0	0	0	0	0	0	0	0	0	0	0	7388516	
261	1	C	4	N	2500	0	1	136	62	8	5	9	0	0	0	0	0	0	0	0	0	0	0	0	7389093	
262	1	C	4	N	2500	0	40	327	115	22	13	18	0	0	0	0	0	0	0	0	0	0	0	0	7389452	
263	1	C	4	N	2500	0	1	187	103	16	10	10	0	0	0	0	0	0	0	0	0	0	0	0	7389702	
264	1	C	4	N	2500	0	40	359	150	26	15	19	0	0	0	0	0	0	0	0	0	0	0	0	7389998	
265	1	C	4	N	2500	0	1	50	10	1	0	1	0	0	0	0	0	0	0	0	0	0	0	0	7391932	
266	1	C	4	N	2500	0	40	368	152	27	17	25	0	0	0	0	0	0	0	0	0	0	0	0	7392525	
267	1	C	5	N	2500	2	1	202	65	11	1	7	0	0	0	0	0	0	0	0	0	0	0	0	7404506	
268	1	C	6	N	2500	2	1	175	81	20	13	18	0	0	0	0	0	0	0	0	0	0	0	0	7416269	
269	1	C	6	N	2500	6	40	332	124	23	10	14	0	0	0	0	0	0	0	0	0	0	0	0	7416347	
270	1	C	6	N	2500	2	1	210	95	20	10	13	0	0	0	0	0	0	0	0	0	0	0	0	7416362	
271	1	C	6	N	2500	2	1	276	84	15	7	11	0	0	0	0	0	0	0	0	0	0	0	0	7417751	
272	1	C	6	N	2500	2	1	52	18	5	0	1	0	0	0	0	0	0	0	0	0	0	0	0	7417797	
273	1	C	6	N	2500	2	1	127	63	8	4	6	0	0	0	0	0	0	0	0	0	0	0	0	7417875	
274	1	C	6	N	2500	6	40	315	137	28	13	17	0	0	0	0	0	0	0	0	0	0	0	0	7418437	
275	1	C	6	N	2500	6	40	371	107	15	10	13	0	0	0	0	0	0	0	0	0	0	0	0	7418593	
276	1	C	6	N	2500	0	40	222	131	24	15	18	0	0	0	0	0	0	0	0	0	0	0	0	7418655	
277	1	C	6	N	2500	0	1	146	53	8	4	6	0	0	0	0	0	0	0	0	0	0	0	0	7418874	
278	1	C	6	N	2500	0	40	295	121	29	16	20	0	0	0	0	0	0	0	0	0	0	0	0	7418905	
279	1	C	6	N	2500	0	1	189	92	12	8	10	0	0	0	0	0	0	0	0	0	0	0	0	7419342	
280	1	C	6	N	2500	0	1	207	96	18	9	13	0	0	0	0	0	0	0	0	0	0	0	0	7419451	
281	1	C	6	N	2500	0	40	218	118	18	11	16	0	0	0	0	0	0	0	0	0	0	0	0	7419857	
282	1	C	6	N	2500	0	40	311	116	26	14	20	0	0	0	0	0	0	0	0	0	0	0	0	7420059	
283	1	C	6	N	2500	0	1	111	27	3	2	4	0	0	0	0	0	0	0	0	0	0	0	0	7420403	
284	1	C	6	N	2500	0	1	120	69	12	9	10	0	0	0	0	0	0	0	0	0	0	0	0	7420403	
285	1	C	6	N	2500	0	1	169	96	18	10	17	0	0	0	0	0	0	0	0	0	0	0	0	7420403	
286	1	C	6	N	2500	0	1	270	81	14	7	10	0	0	0	0	0	0	0	0	0	0	0	0	7420590	
287	1	C	6	N	2500	0	1	233	73	8	6	9	0	0	0	0	0	0	0	0	0	0	0	0	7420715	
288	1	C	6	N	2500	0	40	203	135	30	15	17	0	0	0	0	0	0	0	0	0	0	0	0	7420839	
289	1	C	6	N	2500	0	40	242	125	23	16	20	0	0	0	0	0	0	0	0	0	0	0	0	7420855	
290	1	C	6	N	2500	0	40	346	139	28	13	17	0	0	0	0	0	0	0	0	0	0	0	0	7421198	
291	1	C	6	N	2500	0	1	248	95	12	8	12	0	0	0	0	0	0	0	0	0	0	0	0	7421307	
292	1	C	6	N	2500	0	1	268	73	10	6	10	0	0	0	0	0	0	0	0	0	0	0	0	7421307	
293	1	C	6	N	2500	0	1	89	57	11	7	10	0	0	0	0	0	0	0	0	0	0	0	0	7421354	
294	1	C	6	N	2500	0	1	130	58	11	7	8	0	0	0	0	0	0	0	0	0	0	0	0	7421354	
295	1	C	6	N	2500	0	1	209	99	18	12	15	0	0	0	0	0	0	0	0	0	0	0	0	7421588	
296	1	C	6	N	2500	0	40	326	114	19	12	14	0	0	0	0	0	0	0	0	0	0	0	0	7422259	
297	1	C	6	N	2500	0	1	160	111	18	12	15	0	0	0	0	0	0	0	0	0	0	0	0	7422462	
298	1	C	6	N	2500	0	1	119	84	11	8	10	0	0	0	0	0	0	0	0	0	0	0	0	7422821	
299	1	C	6	N	2500	0	40	192	122	22	15	20	0	0	0	0	0	0	0	0	0	0	0	0	7423304	
300	1	C	7	N	2500	2	1	164	89	12	7	8	0	0	0	0	0	0	0	0	0	0	0	0	7434084	
301	1	C	7	N	2500	2	1	149	62	8	5	8	0	0	0	0	0	0	0	0	0	0	0	0	7434801	
302	1	C	7	N	2500	2	1	117	33	16	14	34	0	0	0	0	0	0	0	0	0	0	0	0	7436159	
303	1	C	8	N	2500	2	1	54	19	1	0	1	0	0	0	0	0	0	0	0	0	0	0	0	7445534	
304	1	C	8	N	2500	2	1	54	16	4	1	1	0	0	0	0	0	0	0	0	0	0	0	0	7445581	
305	1	C	8	N	2500	2	1	259	92	12	8	10	0	0	0	0	0	0	0	0	0	0	0	0	7449060	
306	1	C	8	N	2500	6	40	364	113	18	12	16	0	0	0	0	0	0	0	0	0	0	0	0	7449325	
307	1	C	8	N	2500	2	1	65	22	1	1	3	0	0	0	0	0	0	0	0	0	0	0	0	7449434	
308	1	C	8	N	2500	2	1	266	83	10	7	10	0	0	0	0	0	0	0	0	0	0	0	0	7450121	
309	1	C	8	N	2500	2	1	170	69	9	6	9	0	0	0	0	0	0	0	0	0	0	0	0	7450589	
310	1	C	10	N	2500	6	40	210	125	20	14	18	0	0	0	0	0	0	0	0	0	0	0	0	7474503	
311	1	C	10	N	2500	2	1	60	18	4	2	2	0	0	0	0	0	0	0	0	0	0	0	0	7475034	
312	1	C	10	N	2500	2	1	191	106	15	10	12	0	0	0	0	0	0	0	0	0	0	0	0	7475143	
313	1	C	10	N	2500	6	40	274	123	23	14	16	0	0	0	0	0	0	0	0	0	0	0	0	7476422	
314	1	C	10	N	2500	2	1	231	69	9	6	8	0	0	0	0	0	0	0	0	0	0	0	0	7476843	
315	1	C	10	N	2500	6	40	276	101	19	14	17	0	0	0	0	0	0	0	0	0	0	0	0	7477514	
316	1	C	10	N	2500	0	1	66	32	9	2	2	0	0	0	0	0	0	0	0	0	0	0	0	7477873	
317	1	C	10	N	2500	0	40	284	102	17	11	13	0	0	0	0	0	0	0	0	0	0	0	0	7478013	
318	1	C	10	N	2500	0	40	364	133	24	15	19	0	0	0	0	0	0	0	0	0	0	0	0	7478029	
319	1	C	10	N	2500	0	1	100	52	9	7	11	0	0	0	0	0	0	0	0	0	0	0	0	7478138	
320	1	C	10	N	2500	0	1	200	87	12	9	11	0	0	0	0	0	0	0	0	0	0	0	0	7478279	
321	1	C	10	N	2500	0	40	307	133	23	15	20	0	0	0	0	0	0	0	0	0	0	0	0	7478279	
322	1	C	10	N	2500	0	40	353	129	19	12	15	0	0	0	0	0	0	0	0	0	0	0	0	7478544	
323	1	C	10	N	2500	0	40	315	126	22	14	18	0	0	0	0	0	0	0	0	0	0	0	0	7478684	
324	1	C	10	N	2500	0	40	330	119	22	13	16	0	0	0	0	0	0	0	0	0	0	0	0	7478825	
325	1	C	10	N	2500	0	1	201	105	22	13	17	0	0	0	0	0	0	0	0	0	0	0	0	7479199	
326	1	C	10	N	2500	0	40	265	121	17	10	15	0	0	0	0	0	0	0	0	0	0	0	0	7479339	
327	1	C	10	N	2500	0	40	314	125	21	13	14	0	0	0	0	0	0	0	0	0	0	0	0	7480244	
328	1	C	10	N	2500	0	1	192	110	20	13	19	0	0	0	0	0	0	0	0	0	0	0	0	7480806	
329	1	C	10	N	2500	0	1	166	87	12	9	10	0	0	0	0	0	0	0	0	0	0	0	0	7480868	
330	1	C	12	N	2500	2	1	69	23	9	3	5	0	0	0	0	0	0	0	0	0	0	0	0	7503894	
331	1	C	12	N	2500	6	40	220	105	23	17	20	0	0	0	0	0	0	0	0	0	0	0	0	7504206	
332	1	C	12	N	2500	2	1	91	20	4	3	5	0	0	0	0	0	0	0	0	0	0	0	0	7505469	
333	1	C	12	N	2500	6	40	323	117	19	13	16	0	0	0	0	0	0	0	0	0	0	0	0	7505657	
334	1	C	12	N	2500	6	40	300	105	18	12	14	0	0	0	0	0	0	0	0	0	0	0	0	7505984	
335	1	C	12	N	2500	0	1	277	87	15	9	12	0	0	0	0	0	0	0	0	0	0	0	0	7506109	
336	1	C	12	N	2500	0	40	288	105	16	11	15	0	0	0	0	0	0	0	0	0	0	0	0	7506234	
337	1	C	12	N	2500	0	1	50	9	1	1	2	0	0	0	0	0	0	0	0	0	0	0	0	7506593	
338	1	C	12	N	2500	0	1	154	77	11	9	13	0	0	0	0	0	0	0	0	0	0	0	0	7506827	
339	1	C	12	N	2500	0	1	88	29	5	3	5	0	0	0	0	0	0	0	0	0	0	0	0	7506936	
340	1	C	12	N	2500	0	1	281	81	10	7	12	0	0	0	0	0	0	0	0	0	0	0	0	7507419	
341	1	C	12	N	2500	0	40	290	125	22	14	18	0	0	0	0	0	0	0	0	0	0	0	0	7508699	
342	1	C	12	N	2500	0	1	195	91	12	9	10	0	0	0	0	0	0	0	0	0	0	0	0	7508964	
343	1	C	12	N	2500	0	1	171	55	7	6	9	0	0	0	0	0	0	0	0	0	0	0	0	7508995	
344	1	C	12	N	2500	0	1	52	9	1	1	4	0	0	0	0	0	0	0	0	0	0	0	0	7509463	
345	1	C	12	N	2500	0	1	55	15	2	2	4	0	0	0	0	0	0	0	0	0	0	0	0	7510087	
346	1	D	1	N	2500	2	1	247	365	114	2	7	0	0	0	0	0	0	0	0	0	0	0	0	7519400	
347	1	D	2	N	2500	6	40	234	116	22	16	22	0	0	0	0	0	0	0	0	0	0	0	0	7533316	
348	1	D	2	N	2500	6	40	278	95	16	9	14	0	0	0	0	0	0	0	0	0	0	0	0	7533643	
349	1	D	2	N	2500	2	1	134	115	23	14	16	0	0	0	0	0	0	0	0	0	0	0	0	7534439	
350	1	D	2	N	2500	6	40	256	107	18	12	14	0	0	0	0	0	0	0	0	0	0	0	0	7534517	
351	1	D	2	N	2500	0	40	362	123	25	15	19	0	0	0	0	0	0	0	0	0	0	0	0	7535624	
352	1	D	2	N	2500	0	1	222	55	7	5	8	0	0	0	0	0	0	0	0	0	0	0	0	7535640	
353	1	D	2	N	2500	0	1	194	104	17	14	17	0	0	0	0	0	0	0	0	0	0	0	0	7536217	
354	1	D	2	N	2500	0	1	229	91	19	12	17	0	0	0	0	0	0	0	0	0	0	0	0	7536498	
355	1	D	2	N	2500	0	40	234	100	18	12	13	0	0	0	0	0	0	0	0	0	0	0	0	7536950	
356	1	D	2	N	2500	0	40	312	121	19	12	20	0	0	0	0	0	0	0	0	0	0	0	0	7536966	
357	1	D	2	N	2500	0	40	209	132	24	15	16	0	0	0	0	0	0	0	0	0	0	0	0	7537091	
358	1	D	2	N	2500	0	1	160	112	20	15	20	0	0	0	0	0	0	0	0	0	0	0	0	7537294	
359	1	D	2	N	2500	0	40	303	104	19	12	17	0	0	0	0	0	0	0	0	0	0	0	0	7537543	
360	1	D	2	N	2500	0	40	336	137	24	16	22	0	0	0	0	0	0	0	0	0	0	0	0	7538011	
361	1	D	2	N	2500	0	1	54	41	8	0	1	0	0	0	0	0	0	0	0	0	0	0	0	7538027	
362	1	D	2	N	2500	0	2	307	87	10	8	14	0	0	0	0	0	0	0	0	0	0	0	0	7540632	
363	1	D	4	N	2500	2	1	57	10	1	1	2	0	0	0	0	0	0	0	0	0	0	0	0	7563658	
364	1	D	4	N	2500	6	40	205	118	22	12	18	0	0	0	0	0	0	0	0	0	0	0	0	7563923	
365	1	D	4	N	2500	2	1	75	18	0	0	6	0	0	0	0	0	0	0	0	0	0	0	0	7565436	
366	1	D	4	N	2500	2	1	60	21	2	2	4	0	0	0	0	0	0	0	0	0	0	0	0	7566044	
367	1	D	4	N	2500	2	1	188	99	13	8	10	0	0	0	0	0	0	0	0	0	0	0	0	7566169	
368	1	D	4	N	2500	2	1	90	37	36	42	59	0	0	0	0	0	0	0	0	0	0	0	0	7566200	
369	1	D	4	N	2500	2	1	51	9	2	2	4	0	0	0	0	0	0	0	0	0	0	0	0	7566653	
370	1	D	5	N	2500	2	1	54	10	2	2	3	0	0	0	0	0	0	0	0	0	0	0	0	7578540	
371	1	D	6	N	2500	6	40	354	145	25	14	21	0	0	0	0	0	0	0	0	0	0	0	0	7591660	
372	1	D	6	N	2500	6	40	233	100	17	13	15	0	0	0	0	0	0	0	0	0	0	0	0	7592518	
373	1	D	6	N	2500	6	40	320	149	27	16	22	0	0	0	0	0	0	0	0	0	0	0	0	7593563	
374	1	D	6	N	2500	0	40	273	147	25	15	16	0	0	0	0	0	0	0	0	0	0	0	0	7594093	
375	1	D	6	N	2500	0	40	361	148	26	15	17	0	0	0	0	0	0	0	0	0	0	0	0	7594343	
376	1	D	6	N	2500	0	40	331	130	23	14	19	0	0	0	0	0	0	0	0	0	0	0	0	7594592	
377	1	D	6	N	2500	0	40	320	107	17	11	13	0	0	0	0	0	0	0	0	0	0	0	0	7594982	
378	1	D	6	N	2500	0	40	338	120	19	12	15	0	0	0	0	0	0	0	0	0	0	0	0	7595107	
379	1	D	6	N	2500	0	1	231	59	8	4	9	0	0	0	0	0	0	0	0	0	0	0	0	7595326	
380	1	D	6	N	2500	0	40	318	111	22	12	16	0	0	0	0	0	0	0	0	0	0	0	0	7595560	
381	1	D	6	N	2500	0	40	299	112	18	13	22	0	0	0	0	0	0	0	0	0	0	0	0	7595575	
382	1	D	6	N	2500	0	40	452	179	29	20	31	0	0	0	0	0	0	0	0	0	0	0	0	7596028	
383	1	D	6	N	2500	0	1	171	78	141	184	241	0	0	0	0	0	0	0	0	0	0	0	0	7596168	
384	1	D	6	N	2500	0	40	204	113	20	14	18	0	0	0	0	0	0	0	0	0	0	0	0	7596776	
385	1	D	6	N	2500	0	1	106	46	4	3	5	0	0	0	0	0	0	0	0	0	0	0	0	7596808	
386	1	D	6	N	2500	0	40	186	121	21	14	15	0	0	0	0	0	0	0	0	0	0	0	0	7596901	
387	1	D	6	N	2500	0	40	350	126	19	12	17	0	0	0	0	0	0	0	0	0	0	0	0	7596964	
388	1	D	6	N	2500	0	1	101	46	49	60	94	0	0	0	0	0	0	0	0	0	0	0	0	7597010	
389	1	D	6	N	2500	0	40	258	113	18	13	19	0	0	0	0	0	0	0	0	0	0	0	0	7597104	
390	1	D	6	N	2500	0	40	374	161	27	17	19	0	0	0	0	0	0	0	0	0	0	0	0	7597135	
391	1	D	6	N	2500	0	40	320	116	21	13	16	0	0	0	0	0	0	0	0	0	0	0	0	7597276	
392	1	D	6	N	2500	0	40	292	110	25	16	21	0	0	0	0	0	0	0	0	0	0	0	0	7597697	
393	1	D	6	N	2500	0	40	331	123	23	13	18	0	0	0	0	0	0	0	0	0	0	0	0	7598508	
394	1	D	8	N	2500	6	40	197	142	23	17	20	0	0	0	0	0	0	0	0	0	0	0	0	7621144	
395	1	D	8	N	2500	6	40	369	139	26	15	19	0	0	0	0	0	0	0	0	0	0	0	0	7622064	
396	1	D	8	N	2500	2	1	153	96	15	12	14	0	0	0	0	0	0	0	0	0	0	0	0	7622126	
397	1	D	8	N	2500	6	40	203	138	26	16	20	0	0	0	0	0	0	0	0	0	0	0	0	7622267	
398	1	D	8	N	2500	0	40	252	136	23	15	17	0	0	0	0	0	0	0	0	0	0	0	0	7622875	
399	1	D	8	N	2500	0	1	120	52	60	72	108	0	0	0	0	0	0	0	0	0	0	0	0	7623047	
400	1	D	8	N	2500	0	40	313	102	20	11	17	0	0	0	0	0	0	0	0	0	0	0	0	7623359	
401	1	D	8	N	2500	0	40	363	147	24	14	20	0	0	0	0	0	0	0	0	0	0	0	0	7623499	
402	1	D	8	N	2500	0	40	396	155	27	16	24	0	0	0	0	0	0	0	0	0	0	0	0	7623624	
403	1	D	8	N	2500	0	1	109	60	10	6	5	0	0	0	0	0	0	0	0	0	0	0	0	7623702	
404	1	D	8	N	2500	0	1	76	47	7	5	7	0	0	0	0	0	0	0	0	0	0	0	0	7623702	
405	1	D	8	N	2500	0	40	282	136	25	15	19	0	0	0	0	0	0	0	0	0	0	0	0	7623702	
406	1	D	8	N	2500	0	40	422	141	25	13	18	0	0	0	0	0	0	0	0	0	0	0	0	7623718	
407	1	D	8	N	2500	0	40	325	120	17	12	20	0	0	0	0	0	0	0	0	0	0	0	0	7623796	
408	1	D	8	N	2500	0	40	178	116	24	14	19	0	0	0	0	0	0	0	0	0	0	0	0	7623858	
409	1	D	8	N	2500	0	1	209	105	18	8	10	0	0	0	0	0	0	0	0	0	0	0	0	7623889	
410	1	D	8	N	2500	0	1	171	93	17	14	19	0	0	0	0	0	0	0	0	0	0	0	0	7624373	
411	1	D	8	N	2500	0	1	218	84	11	7	12	0	0	0	0	0	0	0	0	0	0	0	0	7624451	
412	1	D	8	N	2500	0	40	338	124	19	12	17	0	0	0	0	0	0	0	0	0	0	0	0	7624466	
413	1	D	8	N	2500	0	40	455	186	29	19	26	0	0	0	0	0	0	0	0	0	0	0	0	7624513	
414	1	D	8	N	2500	0	40	289	86	14	8	9	0	0	0	0	0	0	0	0	0	0	0	0	7624794	
415	1	D	8	N	2500	0	40	231	102	17	12	18	0	0	0	0	0	0	0	0	0	0	0	0	7624841	
416	1	D	8	N	2500	0	1	155	83	11	7	10	0	0	0	0	0	0	0	0	0	0	0	0	7625028	
417	1	D	8	N	2500	0	1	267	80	12	8	14	0	0	0	0	0	0	0	0	0	0	0	0	7625184	
418	1	D	8	N	2500	0	40	276	107	17	10	12	0	0	0	0	0	0	0	0	0	0	0	0	7625262	
419	1	D	8	N	2500	0	40	207	110	17	10	14	0	0	0	0	0	0	0	0	0	0	0	0	7625434	
420	1	D	8	N	2500	0	1	212	103	17	11	19	0	0	0	0	0	0	0	0	0	0	0	0	7625465	
421	1	D	8	N	2500	0	1	136	99	15	12	15	0	0	0	0	0	0	0	0	0	0	0	0	7625512	
422	1	D	8	N	2500	0	1	231	96	18	11	15	0	0	0	0	0	0	0	0	0	0	0	0	7625558	
423	1	D	8	N	2500	0	1	69	12	0	1	1	0	0	0	0	0	0	0	0	0	0	0	0	7625558	
424	1	D	8	N	2500	0	1	163	73	13	9	15	0	0	0	0	0	0	0	0	0	0	0	0	7625636	
425	1	D	8	N	2500	0	1	73	31	4	3	5	0	0	0	0	0	0	0	0	0	0	0	0	7625636	
426	1	D	8	N	2500	0	40	302	102	14	9	13	0	0	0	0	0	0	0	0	0	0	0	0	7625746	
427	1	D	8	N	2500	0	1	157	83	15	11	15	0	0	0	0	0	0	0	0	0	0	0	0	7626245	
428	1	D	8	N	2500	0	1	88	20	2	2	2	0	0	0	0	0	0	0	0	0	0	0	0	7626245	
429	1	D	8	N	2500	0	1	73	14	2	1	3	0	0	0	0	0	0	0	0	0	0	0	0	7626900	
430	1	D	8	N	2500	0	40	299	105	17	11	14	0	0	0	0	0	0	0	0	0	0	0	0	7626994	
431	1	D	9	N	2500	6	40	338	142	26	16	21	0	0	0	0	0	0	0	0	0	0	0	0	7634669	
432	1	D	9	N	2500	6	40	361	124	20	14	20	0	0	0	0	0	0	0	0	0	0	0	0	7641876	
433	1	D	10	N	2500	2	1	203	62	9	5	8	0	0	0	0	0	0	0	0	0	0	0	0	7650721	
434	1	D	10	N	2500	2	1	145	79	10	7	7	0	0	0	0	0	0	0	0	0	0	0	0	7652157	
435	1	D	10	N	2500	2	1	257	72	11	6	8	0	0	0	0	0	0	0	0	0	0	0	0	7653919	
436	1	D	11	N	2500	2	1	64	10	1	2	1	0	0	0	0	0	0	0	0	0	0	0	0	7665744	
437	1	D	12	N	2500	2	1	171	74	11	8	12	0	0	0	0	0	0	0	0	0	0	0	0	7679706	
438	1	D	12	N	2500	6	40	302	116	19	12	17	0	0	0	0	0	0	0	0	0	0	0	0	7679956	
439	1	D	12	N	2500	2	1	235	80	14	9	14	0	0	0	0	0	0	0	0	0	0	0	0	7680003	
440	1	D	12	N	2500	2	1	62	51	8	7	10	0	0	0	0	0	0	0	0	0	0	0	0	7680003	
441	1	D	12	N	2500	2	1	459	125	20	14	19	0	0	0	0	0	0	0	0	0	0	0	0	7680003	
442	1	D	12	N	2500	2	1	197	105	26	15	16	0	0	0	0	0	0	0	0	0	0	0	0	7680439	
443	1	D	12	N	2500	6	40	244	112	19	12	16	0	0	0	0	0	0	0	0	0	0	0	0	7680455	
444	1	D	12	N	2500	6	40	310	115	18	12	16	0	0	0	0	0	0	0	0	0	0	0	0	7680564	
445	1	D	12	N	2500	0	1	186	96	20	11	13	0	0	0	0	0	0	0	0	0	0	0	0	7681095	
446	1	D	12	N	2500	0	40	358	117	17	10	14	0	0	0	0	0	0	0	0	0	0	0	0	7681516	
447	1	D	12	N	2500	0	1	210	104	14	10	10	0	0	0	0	0	0	0	0	0	0	0	0	7681687	
448	1	D	12	N	2500	0	40	387	153	28	16	24	0	0	0	0	0	0	0	0	0	0	0	0	7681999	
449	1	D	12	N	2500	0	40	342	130	21	13	22	0	0	0	0	0	0	0	0	0	0	0	0	7682015	
450	1	D	12	N	2500	0	40	332	127	19	13	17	0	0	0	0	0	0	0	0	0	0	0	0	7682218	
451	1	D	12	N	2500	0	40	223	110	20	13	15	0	0	0	0	0	0	0	0	0	0	0	0	7682249	
452	1	D	12	N	2500	0	1	223	86	12	7	12	0	0	0	0	0	0	0	0	0	0	0	0	7682623	
453	1	D	12	N	2500	0	1	95	53	7	6	8	0	0	0	0	0	0	0	0	0	0	0	0	7682670	
454	1	D	12	N	2500	0	1	66	13	1	1	2	0	0	0	0	0	0	0	0	0	0	0	0	7682670	
455	1	D	12	N	2500	0	40	364	132	22	14	20	0	0	0	0	0	0	0	0	0	0	0	0	7682733	
456	1	D	12	N	2500	0	40	267	122	27	21	25	0	0	0	0	0	0	0	0	0	0	0	0	7682920	
457	1	D	12	N	2500	0	40	199	119	19	11	13	0	0	0	0	0	0	0	0	0	0	0	0	7683185	
458	1	D	12	N	2500	0	40	345	120	21	11	15	0	0	0	0	0	0	0	0	0	0	0	0	7683700	
459	1	D	12	N	2500	0	40	234	122	19	12	16	0	0	0	0	0	0	0	0	0	0	0	0	7683825	
460	1	D	12	N	2500	0	40	188	118	20	13	16	0	0	0	0	0	0	0	0	0	0	0	0	7684012	
461	1	D	12	N	2500	0	1	254	82	13	7	12	0	0	0	0	0	0	0	0	0	0	0	0	7684074	
462	1	D	12	N	2500	0	1	256	80	11	8	11	0	0	0	0	0	0	0	0	0	0	0	0	7684339	
463	1	D	12	N	2500	0	40	362	139	22	12	16	0	0	0	0	0	0	0	0	0	0	0	0	7684433	
464	1	D	12	N	2500	0	40	179	119	18	12	18	0	0	0	0	0	0	0	0	0	0	0	0	7684807	
465	1	E	1	N	2500	6	40	329	122	21	11	14	0	0	0	0	0	0	0	0	0	0	0	0	7696648	
466	1	E	1	N	2500	6	40	368	114	18	10	15	0	0	0	0	0	0	0	0	0	0	0	0	7698801	
467	1	E	2	N	2500	2	1	184	110	20	10	13	0	0	0	0	0	0	0	0	0	0	0	0	7710657	
468	1	E	2	N	2500	6	40	273	130	28	16	20	0	0	0	0	0	0	0	0	0	0	0	0	7712154	
469	1	E	2	N	2500	6	40	340	134	27	14	18	0	0	0	0	0	0	0	0	0	0	0	0	7713137	
470	1	E	2	N	2500	6	40	329	118	20	13	18	0	0	0	0	0	0	0	0	0	0	0	0	7713418	
471	1	E	2	N	2500	0	40	397	151	23	12	15	0	0	0	0	0	0	0	0	0	0	0	0	7713465	
472	1	E	2	N	2500	0	40	349	132	21	13	20	0	0	0	0	0	0	0	0	0	0	0	0	7713605	
473	1	E	2	N	2500	0	40	191	120	20	12	18	0	0	0	0	0	0	0	0	0	0	0	0	7713745	
474	1	E	2	N	2500	0	40	311	120	21	13	18	0	0	0	0	0	0	0	0	0	0	0	0	7714744	
475	1	E	2	N	2500	0	40	288	110	20	11	15	0	0	0	0	0	0	0	0	0	0	0	0	7715259	
476	1	E	3	N	2500	6	40	342	124	23	13	18	0	0	0	0	0	0	0	0	0	0	0	0	7727068	
477	1	E	4	N	2500	6	40	302	126	25	16	23	0	0	0	0	0	0	0	0	0	0	0	0	7737832	
478	1	E	4	N	2500	2	1	251	72	10	7	8	0	0	0	0	0	0	0	0	0	0	0	0	7738331	
479	1	E	4	N	2500	2	1	98	47	6	4	5	0	0	0	0	0	0	0	0	0	0	0	0	7738378	
480	1	E	4	N	2500	2	1	149	69	88	118	166	0	0	0	0	0	0	0	0	0	0	0	0	7738487	
481	1	E	4	N	2500	2	1	231	93	12	8	11	0	0	0	0	0	0	0	0	0	0	0	0	7738518	
482	1	E	4	N	2500	6	40	184	120	20	12	18	0	0	0	0	0	0	0	0	0	0	0	0	7739938	
483	1	E	4	N	2500	2	1	226	56	9	5	10	0	0	0	0	0	0	0	0	0	0	0	0	7739953	
484	1	E	4	N	2500	2	1	157	76	15	12	14	0	0	0	0	0	0	0	0	0	0	0	0	7739969	
485	1	E	4	N	2500	2	1	243	63	8	6	9	0	0	0	0	0	0	0	0	0	0	0	0	7740187	
486	1	E	4	N	2500	2	1	288	81	11	7	13	0	0	0	0	0	0	0	0	0	0	0	0	7740515	
487	1	E	4	N	2500	2	1	108	84	12	9	16	0	0	0	0	0	0	0	0	0	0	0	0	7740718	
488	1	E	4	N	2500	6	40	306	133	23	13	19	0	0	0	0	0	0	0	0	0	0	0	0	7741513	
489	1	E	4	N	2500	0	1	200	63	8	5	7	0	0	0	0	0	0	0	0	0	0	0	0	7741701	
490	1	E	4	N	2500	0	1	189	102	21	12	16	0	0	0	0	0	0	0	0	0	0	0	0	7742325	
491	1	E	4	N	2500	0	1	171	89	14	10	13	0	0	0	0	0	0	0	0	0	0	0	0	7742699	
492	1	E	4	N	2500	0	1	172	89	14	10	13	0	0	0	0	0	0	0	0	0	0	0	0	7742777	
493	1	E	4	N	2500	0	40	287	90	14	9	13	0	0	0	0	0	0	0	0	0	0	0	0	7743089	
494	1	E	6	N	2500	2	1	171	74	10	6	12	0	0	0	0	0	0	0	0	0	0	0	0	7766864	
495	1	E	6	N	2500	2	1	192	82	12	6	9	0	0	0	0	0	0	0	0	0	0	0	0	7767550	
496	1	E	6	N	2500	6	40	324	144	26	15	17	0	0	0	0	0	0	0	0	0	0	0	0	7768439	
497	1	E	6	N	2500	2	1	259	83	14	8	10	0	0	0	0	0	0	0	0	0	0	0	0	7769266	
498	1	E	6	N	2500	2	1	163	112	21	12	13	0	0	0	0	0	0	0	0	0	0	0	0	7769469	
499	1	E	6	N	2500	6	40	276	117	27	12	14	0	0	0	0	0	0	0	0	0	0	0	0	7769843	
500	1	E	6	N	2500	6	40	202	119	25	14	17	0	0	0	0	0	0	0	0	0	0	0	0	7770561	
501	1	E	6	N	2500	0	40	229	114	22	14	19	0	0	0	0	0	0	0	0	0	0	0	0	7770701	
502	1	E	6	N	2500	0	1	93	18	2	2	4	0	0	0	0	0	0	0	0	0	0	0	0	7770764	
503	1	E	6	N	2500	0	40	327	131	25	14	18	0	0	0	0	0	0	0	0	0	0	0	0	7770842	
504	1	E	6	N	2500	0	40	283	127	26	14	16	0	0	0	0	0	0	0	0	0	0	0	0	7771154	
505	1	E	6	N	2500	0	1	50	20	3	2	4	0	0	0	0	0	0	0	0	0	0	0	0	7771466	
506	1	E	6	N	2500	0	40	261	107	21	14	19	0	0	0	0	0	0	0	0	0	0	0	0	7771887	
507	1	E	6	N	2500	0	40	306	137	23	14	17	0	0	0	0	0	0	0	0	0	0	0	0	7771996	
508	1	E	6	N	2500	0	40	304	119	22	12	14	0	0	0	0	0	0	0	0	0	0	0	0	7772370	
509	1	E	8	N	2500	6	40	298	117	20	12	17	0	0	0	0	0	0	0	0	0	0	0	0	7795724	
510	1	E	8	N	2500	6	40	188	136	26	15	19	0	0	0	0	0	0	0	0	0	0	0	0	7795833	
511	1	E	8	N	2500	6	40	313	113	23	13	18	0	0	0	0	0	0	0	0	0	0	0	0	7796238	
512	1	E	8	N	2500	0	1	176	81	12	10	13	0	0	0	0	0	0	0	0	0	0	0	0	7797206	
513	1	E	8	N	2500	0	1	239	84	11	8	13	0	0	0	0	0	0	0	0	0	0	0	0	7797237	
514	1	E	8	N	2500	0	1	197	87	12	8	11	0	0	0	0	0	0	0	0	0	0	0	0	7797658	
515	1	E	8	N	2500	0	40	306	107	17	11	15	0	0	0	0	0	0	0	0	0	0	0	0	7798142	
516	1	E	8	N	2500	0	1	163	35	5	2	4	0	0	0	0	0	0	0	0	0	0	0	0	7798266	
517	1	E	8	N	2500	0	40	300	116	21	13	15	0	0	0	0	0	0	0	0	0	0	0	0	7798344	
518	1	E	8	N	2500	0	40	305	147	25	17	19	0	0	0	0	0	0	0	0	0	0	0	0	7798672	
519	1	E	8	N	2500	0	2	275	89	11	7	12	0	0	0	0	0	0	0	0	0	0	0	0	7798750	
520	1	E	8	N	2500	0	40	230	136	22	16	20	0	0	0	0	0	0	0	0	0	0	0	0	7798906	
521	1	E	8	N	2500	0	1	152	73	11	6	10	0	0	0	0	0	0	0	0	0	0	0	0	7798906	
522	1	E	8	N	2500	0	40	213	116	18	12	12	0	0	0	0	0	0	0	0	0	0	0	0	7798968	
523	1	E	8	N	2500	0	1	52	12	1	0	1	0	0	0	0	0	0	0	0	0	0	0	0	7799093	
524	1	E	8	N	2500	0	1	170	80	11	8	10	0	0	0	0	0	0	0	0	0	0	0	0	7799265	
525	1	E	8	N	2500	0	1	183	104	18	13	15	0	0	0	0	0	0	0	0	0	0	0	0	7799343	
526	1	E	8	N	2500	0	40	214	107	22	14	21	0	0	0	0	0	0	0	0	0	0	0	0	7799358	
527	1	E	8	N	2500	0	40	338	99	14	7	11	0	0	0	0	0	0	0	0	0	0	0	0	7799436	
528	1	E	8	N	2500	0	40	319	108	17	10	17	0	0	0	0	0	0	0	0	0	0	0	0	7799717	
529	1	E	8	N	2500	0	40	321	97	17	10	12	0	0	0	0	0	0	0	0	0	0	0	0	7799811	
530	1	E	8	N	2500	0	40	331	109	14	11	15	0	0	0	0	0	0	0	0	0	0	0	0	7799873	
531	1	E	8	N	2500	0	40	176	123	22	15	20	0	0	0	0	0	0	0	0	0	0	0	0	7799904	
532	1	E	8	N	2500	0	40	331	134	24	14	20	0	0	0	0	0	0	0	0	0	0	0	0	7799951	
533	1	E	8	N	2500	0	40	299	99	15	9	12	0	0	0	0	0	0	0	0	0	0	0	0	7800014	
534	1	E	8	N	2500	0	40	295	104	16	9	12	0	0	0	0	0	0	0	0	0	0	0	0	7800123	
535	1	E	8	N	2500	0	40	331	114	20	10	14	0	0	0	0	0	0	0	0	0	0	0	0	7800123	
536	1	E	8	N	2500	0	40	292	88	15	9	14	0	0	0	0	0	0	0	0	0	0	0	0	7800856	
537	1	E	8	N	2500	0	40	222	136	23	16	18	0	0	0	0	0	0	0	0	0	0	0	0	7801152	
538	1	E	8	N	2500	0	2	279	89	11	8	12	0	0	0	0	0	0	0	0	0	0	0	0	7801823	
539	1	E	10	N	2500	6	40	354	150	29	15	17	0	0	0	0	0	0	0	0	0	0	0	0	7824381	
540	1	E	10	N	2500	2	1	220	70	11	7	10	0	0	0	0	0	0	0	0	0	0	0	0	7825130	
541	1	E	10	N	2500	2	1	68	16	1	1	3	0	0	0	0	0	0	0	0	0	0	0	0	7825130	
542	1	E	10	N	2500	6	40	212	131	23	13	21	0	0	0	0	0	0	0	0	0	0	0	0	7825629	
543	1	E	10	N	2500	2	1	179	113	25	15	18	0	0	0	0	0	0	0	0	0	0	0	0	7825722	
544	1	E	10	N	2500	6	40	274	129	27	17	25	0	0	0	0	0	0	0	0	0	0	0	0	7825832	
545	1	E	10	N	2500	0	40	341	126	23	13	20	0	0	0	0	0	0	0	0	0	0	0	0	7826050	
546	1	E	10	N	2500	0	40	217	141	35	20	27	0	0	0	0	0	0	0	0	0	0	0	0	7826097	
547	1	E	10	N	2500	0	40	403	152	26	14	19	0	0	0	0	0	0	0	0	0	0	0	0	7826643	
548	1	E	10	N	2500	0	1	247	87	11	8	9	0	0	0	0	0	0	0	0	0	0	0	0	7826690	
549	1	E	10	N	2500	0	40	353	151	24	15	22	0	0	0	0	0	0	0	0	0	0	0	0	7826752	
550	1	E	10	N	2500	0	40	241	133	27	15	20	0	0	0	0	0	0	0	0	0	0	0	0	7826799	
551	1	E	10	N	2500	0	1	98	26	6	3	3	0	0	0	0	0	0	0	0	0	0	0	0	7826986	
552	1	E	10	N	2500	0	1	203	97	12	7	10	0	0	0	0	0	0	0	0	0	0	0	0	7827017	
553	1	E	10	N	2500	0	40	364	132	22	17	21	0	0	0	0	0	0	0	0	0	0	0	0	7827048	
554	1	E	10	N	2500	0	1	170	53	6	6	8	0	0	0	0	0	0	0	0	0	0	0	0	7827064	
555	1	E	10	N	2500	0	40	366	131	23	15	17	0	0	0	0	0	0	0	0	0	0	0	0	7827220	
556	1	E	10	N	2500	0	40	388	126	20	15	19	0	0	0	0	0	0	0	0	0	0	0	0	7827392	
557	1	E	10	N	2500	0	40	283	106	14	10	20	0	0	0	0	0	0	0	0	0	0	0	0	7827813	
558	1	E	10	N	2500	0	40	378	156	25	16	21	0	0	0	0	0	0	0	0	0	0	0	0	7827828	
559	1	E	10	N	2500	0	1	270	76	9	5	10	0	0	0	0	0	0	0	0	0	0	0	0	7827953	
560	1	E	10	N	2500	0	40	214	115	19	13	17	0	0	0	0	0	0	0	0	0	0	0	0	7828140	
561	1	E	10	N	2500	0	1	150	73	11	7	9	0	0	0	0	0	0	0	0	0	0	0	0	7828312	
562	1	E	10	N	2500	0	40	386	154	26	18	25	0	0	0	0	0	0	0	0	0	0	0	0	7828359	
563	1	E	10	N	2500	0	1	74	16	1	1	2	0	0	0	0	0	0	0	0	0	0	0	0	7828406	
564	1	E	10	N	2500	0	1	177	97	16	11	12	0	0	0	0	0	0	0	0	0	0	0	0	7828406	
565	1	E	10	N	2500	0	1	261	89	12	8	13	0	0	0	0	0	0	0	0	0	0	0	0	7828733	
566	1	E	10	N	2500	0	40	394	141	23	15	21	0	0	0	0	0	0	0	0	0	0	0	0	7828749	
567	1	E	10	N	2500	0	40	201	119	19	13	14	0	0	0	0	0	0	0	0	0	0	0	0	7828889	
568	1	E	10	N	2500	0	40	446	167	27	18	28	0	0	0	0	0	0	0	0	0	0	0	0	7828920	
569	1	E	10	N	2500	0	40	510	182	36	18	26	0	0	0	0	0	0	0	0	0	0	0	0	7829154	
570	1	E	10	N	2500	0	40	194	113	24	16	19	0	0	0	0	0	0	0	0	0	0	0	0	7829576	
571	1	E	10	N	2500	0	40	316	115	16	10	16	0	0	0	0	0	0	0	0	0	0	0	0	7829638	
572	1	E	10	N	2500	0	40	264	142	25	14	17	0	0	0	0	0	0	0	0	0	0	0	0	7829669	
573	1	E	10	N	2500	0	40	342	119	18	12	18	0	0	0	0	0	0	0	0	0	0	0	0	7829997	
574	1	E	10	N	2500	0	40	368	138	23	14	19	0	0	0	0	0	0	0	0	0	0	0	0	7830012	
575	1	E	10	N	2500	0	40	239	155	27	19	24	0	0	0	0	0	0	0	0	0	0	0	0	7830028	
576	1	E	11	N	2500	6	40	447	166	25	16	23	0	0	0	0	0	0	0	0	0	0	0	0	7841135	
577	1	E	12	N	2500	2	1	210	90	14	9	10	0	0	0	0	0	0	0	0	0	0	0	0	7852898	
578	1	E	12	N	2500	2	1	85	19	2	1	3	0	0	0	0	0	0	0	0	0	0	0	0	7853054	
579	1	E	12	N	2500	6	40	287	133	25	17	24	0	0	0	0	0	0	0	0	0	0	0	0	7853802	
580	1	E	12	N	2500	6	40	181	124	23	13	16	0	0	0	0	0	0	0	0	0	0	0	0	7855316	
581	1	E	12	N	2500	2	1	182	105	19	11	14	0	0	0	0	0	0	0	0	0	0	0	0	7855425	
582	1	E	12	N	2500	6	40	265	129	19	13	21	0	0	0	0	0	0	0	0	0	0	0	0	7855643	
583	1	E	12	N	2500	0	40	371	133	25	13	21	0	0	0	0	0	0	0	0	0	0	0	0	7856205	
584	1	E	12	N	2500	0	40	343	131	20	14	18	0	0	0	0	0	0	0	0	0	0	0	0	7856283	
585	1	E	12	N	2500	0	1	121	45	30	37	55	0	0	0	0	0	0	0	0	0	0	0	0	7856720	
586	1	E	12	N	2500	0	40	312	146	24	16	27	0	0	0	0	0	0	0	0	0	0	0	0	7857110	
587	1	E	12	N	2500	0	40	220	121	21	13	17	0	0	0	0	0	0	0	0	0	0	0	0	7857359	
588	1	E	12	N	2500	0	40	302	96	16	8	13	0	0	0	0	0	0	0	0	0	0	0	0	7857640	
589	1	E	12	N	2500	0	40	223	107	15	10	14	0	0	0	0	0	0	0	0	0	0	0	0	7858248	
590	1	E	12	N	2500	0	40	309	105	16	11	15	0	0	0	0	0	0	0	0	0	0	0	0	7858951	
591	1	E	12	N	2500	0	40	312	113	16	11	14	0	0	0	0	0	0	0	0	0	0	0	0	7859075	
592	1	E	12	N	2500	0	1	253	89	15	10	13	0	0	0	0	0	0	0	0	0	0	0	0	7859637	
593	1	F	2	N	2500	2	1	187	85	14	9	11	0	0	0	0	0	0	0	0	0	0	0	0	7887545	
594	1	F	2	N	2500	2	1	125	79	12	9	11	0	0	0	0	0	0	0	0	0	0	0	0	7887733	
595	1	F	2	N	2500	2	1	74	34	3	3	4	0	0	0	0	0	0	0	0	0	0	0	0	7888076	
596	1	F	2	N	2500	33	1	65	12	2	1	2	0	0	0	0	0	0	0	0	0	0	0	0	7888076	
597	1	F	2	N	2500	2	1	90	40	24	22	39	0	0	0	0	0	0	0	0	0	0	0	0	7889870	
598	1	F	3	N	2500	2	1	226	99	17	9	13	0	0	0	0	0	0	0	0	0	0	0	0	7898575	
599	1	F	3	N	2500	2	1	72	15	1	1	2	0	0	0	0	0	0	0	0	0	0	0	0	7902022	
600	1	F	6	N	2500	6	40	280	110	18	12	14	0	0	0	0	0	0	0	0	0	0	0	0	7942114	
601	1	F	6	N	2500	2	1	233	98	14	10	11	0	0	0	0	0	0	0	0	0	0	0	0	7942286	
602	1	F	6	N	2500	2	1	89	17	2	1	3	0	0	0	0	0	0	0	0	0	0	0	0	7942801	
603	1	F	6	N	2500	6	40	333	111	17	10	13	0	0	0	0	0	0	0	0	0	0	0	0	7944205	
604	1	F	6	N	2500	6	40	290	132	22	14	17	0	0	0	0	0	0	0	0	0	0	0	0	7944470	
605	1	F	6	N	2500	0	1	182	72	11	8	13	0	0	0	0	0	0	0	0	0	0	0	0	7944641	
606	1	F	6	N	2500	0	1	158	64	8	7	9	0	0	0	0	0	0	0	0	0	0	0	0	7945967	
607	1	F	6	N	2500	0	1	68	14	1	1	3	0	0	0	0	0	0	0	0	0	0	0	0	7945999	
608	1	F	6	N	2500	0	1	124	98	22	13	15	0	0	0	0	0	0	0	0	0	0	0	0	7946030	
609	1	F	6	N	2500	0	1	254	81	10	6	11	0	0	0	0	0	0	0	0	0	0	0	0	7946841	
610	1	F	6	N	2500	0	1	64	12	1	1	2	0	0	0	0	0	0	0	0	0	0	0	0	7947309	
611	1	F	6	N	2500	0	1	109	21	1	1	3	0	0	0	0	0	0	0	0	0	0	0	0	7947356	
612	1	F	6	N	2500	0	40	347	134	25	13	17	0	0	0	0	0	0	0	0	0	0	0	0	7947527	
613	1	F	6	N	2500	0	1	178	87	12	8	11	0	0	0	0	0	0	0	0	0	0	0	0	7947590	
614	1	F	6	N	2500	0	40	312	110	16	11	19	0	0	0	0	0	0	0	0	0	0	0	0	7948385	
615	1	F	6	N	2500	0	1	51	10	1	1	2	0	0	0	0	0	0	0	0	0	0	0	0	7948573	
616	1	F	6	N	2500	0	1	56	11	1	1	3	0	0	0	0	0	0	0	0	0	0	0	0	7949072	
617	1	F	6	N	2500	0	1	231	97	14	10	12	0	0	0	0	0	0	0	0	0	0	0	0	7949165	
618	1	F	8	N	2500	2	1	202	95	17	9	12	0	0	0	0	0	0	0	0	0	0	0	0	7970662	
619	1	F	8	N	2500	2	1	150	71	10	6	7	0	0	0	0	0	0	0	0	0	0	0	0	7970725	
620	1	F	8	N	2500	2	2	287	93	13	9	10	0	0	0	0	0	0	0	0	0	0	0	0	7970927	
621	1	F	8	N	2500	6	40	340	128	22	12	17	0	0	0	0	0	0	0	0	0	0	0	0	7970990	
622	1	F	8	N	2500	6	40	391	161	29	16	22	0	0	0	0	0	0	0	0	0	0	0	0	7971645	
623	1	F	8	N	2500	2	2	298	94	12	7	12	0	0	0	0	0	0	0	0	0	0	0	0	7971723	
624	1	F	8	N	2500	6	40	362	138	25	18	26	0	0	0	0	0	0	0	0	0	0	0	0	7971926	
625	1	F	8	N	2500	0	40	428	159	25	17	26	0	0	0	0	0	0	0	0	0	0	0	0	7972456	
626	1	F	8	N	2500	0	40	251	136	23	16	18	0	0	0	0	0	0	0	0	0	0	0	0	7972800	
627	1	F	8	N	2500	0	40	205	117	23	12	13	0	0	0	0	0	0	0	0	0	0	0	0	7973080	
628	1	F	8	N	2500	0	40	293	119	23	16	23	0	0	0	0	0	0	0	0	0	0	0	0	7974016	
629	1	F	8	N	2500	0	40	297	114	15	9	13	0	0	0	0	0	0	0	0	0	0	0	0	7974048	
630	1	F	8	N	2500	0	40	388	142	25	16	23	0	0	0	0	0	0	0	0	0	0	0	0	7974438	
631	1	F	8	N	2500	0	40	212	131	22	15	20	0	0	0	0	0	0	0	0	0	0	0	0	7974656	
632	1	F	8	N	2500	0	1	150	94	19	13	15	0	0	0	0	0	0	0	0	0	0	0	0	7974750	
633	1	F	8	N	2500	0	40	303	106	17	11	13	0	0	0	0	0	0	0	0	0	0	0	0	7975077	
634	1	F	8	N	2500	0	40	331	113	17	10	14	0	0	0	0	0	0	0	0	0	0	0	0	7975296	
635	1	F	8	N	2500	0	40	390	156	25	18	19	0	0	0	0	0	0	0	0	0	0	0	0	7975514	
636	1	F	8	N	2500	0	40	411	172	27	18	28	0	0	0	0	0	0	0	0	0	0	0	0	7975545	
637	1	F	8	N	2500	0	40	313	118	20	11	15	0	0	0	0	0	0	0	0	0	0	0	0	7976029	
638	1	F	8	N	2500	0	40	438	163	30	20	28	0	0	0	0	0	0	0	0	0	0	0	0	7976091	
639	1	F	8	N	2500	0	40	311	131	21	13	19	0	0	0	0	0	0	0	0	0	0	0	0	7976091	
640	1	F	8	N	2500	0	40	198	116	21	11	16	0	0	0	0	0	0	0	0	0	0	0	0	7976122	
641	1	F	8	N	2500	0	40	307	111	17	12	13	0	0	0	0	0	0	0	0	0	0	0	0	7976372	
642	1	F	8	N	2500	0	40	185	126	24	13	17	0	0	0	0	0	0	0	0	0	0	0	0	7976668	
643	1	F	8	N	2500	0	2	308	92	12	9	15	0	0	0	0	0	0	0	0	0	0	0	0	7977230	
644	1	F	8	N	2500	0	40	382	140	21	14	19	0	0	0	0	0	0	0	0	0	0	0	0	7977963	
645	1	F	9	N	2500	6	40	257	112	19	11	17	0	0	0	0	0	0	0	0	0	0	0	0	7985170	
646	1	F	10	N	2500	6	40	300	108	20	10	16	0	0	0	0	0	0	0	0	0	0	0	0	7999788	
647	1	F	10	N	2500	2	1	172	100	18	13	16	0	0	0	0	0	0	0	0	0	0	0	0	7999819	
648	1	F	10	N	2500	2	1	132	75	13	9	12	0	0	0	0	0	0	0	0	0	0	0	0	8000926	
649	1	F	10	N	2500	6	40	312	119	21	11	14	0	0	0	0	0	0	0	0	0	0	0	0	8000942	
650	1	F	10	N	2500	2	1	183	104	25	14	20	0	0	0	0	0	0	0	0	0	0	0	0	8001270	
651	1	F	10	N	2500	6	40	216	108	16	11	15	0	0	0	0	0	0	0	0	0	0	0	0	8001613	
652	1	F	10	N	2500	0	1	64	23	19	22	29	0	0	0	0	0	0	0	0	0	0	0	0	8001847	
653	1	F	10	N	2500	0	1	176	105	18	12	15	0	0	0	0	0	0	0	0	0	0	0	0	8002018	
654	1	F	10	N	2500	0	1	202	50	7	4	7	0	0	0	0	0	0	0	0	0	0	0	0	8002050	
655	1	F	10	N	2500	0	1	88	18	2	1	1	0	0	0	0	0	0	0	0	0	0	0	0	8002081	
656	1	F	10	N	2500	0	1	209	81	11	7	9	0	0	0	0	0	0	0	0	0	0	0	0	8002081	
657	1	F	10	N	2500	0	40	267	139	26	16	20	0	0	0	0	0	0	0	0	0	0	0	0	8002502	
658	1	F	10	N	2500	0	40	243	107	16	13	17	0	0	0	0	0	0	0	0	0	0	0	0	8002861	
659	1	F	10	N	2500	0	1	196	84	9	7	12	0	0	0	0	0	0	0	0	0	0	0	0	8003282	
660	1	F	10	N	2500	0	2	153	130	28	19	26	0	0	0	0	0	0	0	0	0	0	0	0	8004031	
661	1	F	10	N	2500	0	40	314	123	21	15	21	0	0	0	0	0	0	0	0	0	0	0	0	8004062	
662	1	F	10	N	2500	0	40	286	93	14	9	15	0	0	0	0	0	0	0	0	0	0	0	0	8004109	
663	1	F	10	N	2500	0	1	119	69	10	8	9	0	0	0	0	0	0	0	0	0	0	0	0	8004343	
664	1	F	10	N	2500	0	40	367	138	23	17	21	0	0	0	0	0	0	0	0	0	0	0	0	8004358	
665	1	F	10	N	2500	0	40	314	119	16	10	14	0	0	0	0	0	0	0	0	0	0	0	0	8004468	
666	1	F	10	N	2500	0	40	382	145	26	18	26	0	0	0	0	0	0	0	0	0	0	0	0	8004624	
667	1	F	10	N	2500	0	40	365	145	27	19	28	0	0	0	0	0	0	0	0	0	0	0	0	8004655	
668	1	F	10	N	2500	0	40	305	131	23	15	17	0	0	0	0	0	0	0	0	0	0	0	0	8004920	
669	1	F	10	N	2500	0	40	321	124	22	12	14	0	0	0	0	0	0	0	0	0	0	0	0	8005029	
670	1	F	10	N	2500	0	40	327	116	20	12	17	0	0	0	0	0	0	0	0	0	0	0	0	8005076	
671	1	F	10	N	2500	0	40	307	106	19	10	14	0	0	0	0	0	0	0	0	0	0	0	0	8005528	
672	1	F	10	N	2500	0	40	285	96	15	11	13	0	0	0	0	0	0	0	0	0	0	0	0	8005606	
673	1	F	12	N	2500	6	40	304	120	18	11	0	0	0	0	0	0	0	0	0	0	0	0	0	8028133	
674	1	F	12	N	2500	6	40	311	116	25	14	17	0	0	0	0	0	0	0	0	0	0	0	0	8028367	
675	1	F	12	N	2500	6	40	373	134	21	11	16	0	0	0	0	0	0	0	0	0	0	0	0	8028445	
676	1	F	12	N	2500	0	40	327	100	13	7	9	0	0	0	0	0	0	0	0	0	0	0	0	8028648	
677	1	F	12	N	2500	0	40	309	102	19	11	15	0	0	0	0	0	0	0	0	0	0	0	0	8028944	
678	1	F	12	N	2500	0	1	159	89	12	8	11	0	0	0	0	0	0	0	0	0	0	0	0	8030036	
679	1	F	12	N	2500	0	1	180	87	15	9	12	0	0	0	0	0	0	0	0	0	0	0	0	8030566	
680	1	F	12	N	2500	0	40	346	119	20	13	17	0	0	0	0	0	0	0	0	0	0	0	0	8030707	
681	1	F	12	N	2500	0	40	207	115	19	12	16	0	0	0	0	0	0	0	0	0	0	0	0	8030738	
682	1	F	12	N	2500	0	40	284	105	18	12	16	0	0	0	0	0	0	0	0	0	0	0	0	8031081	
683	1	F	12	N	2500	0	40	215	116	28	17	25	0	0	0	0	0	0	0	0	0	0	0	0	8031487	
684	1	F	12	N	2500	0	1	203	100	16	11	13	0	0	0	0	0	0	0	0	0	0	0	0	8032298	
685	1	F	12	N	2500	0	1	187	83	14	10	12	0	0	0	0	0	0	0	0	0	0	0	0	8032376	
686	1	F	12	N	2500	0	40	299	113	24	13	14	0	0	0	0	0	0	0	0	0	0	0	0	8032579	
687	1	F	12	N	2500	0	1	203	99	17	9	12	0	0	0	0	0	0	0	0	0	0	0	0	8032594	
688	1	F	12	N	2500	0	40	387	141	22	16	21	0	0	0	0	0	0	0	0	0	0	0	0	8032626	
689	1	F	12	N	2500	0	40	274	113	18	12	16	0	0	0	0	0	0	0	0	0	0	0	0	8032906	
690	1	F	12	N	2500	0	40	311	104	18	11	13	0	0	0	0	0	0	0	0	0	0	0	0	8032938	
691	1	F	12	N	2500	0	1	175	88	13	9	10	0	0	0	0	0	0	0	0	0	0	0	0	8032953	
692	1	F	12	N	2500	0	40	283	95	17	10	15	0	0	0	0	0	0	0	0	0	0	0	0	8032984	
693	1	F	12	N	2500	0	40	279	104	19	11	14	0	0	0	0	0	0	0	0	0	0	0	0	8033062	
694	1	F	12	N	2500	0	40	298	103	19	10	14	0	0	0	0	0	0	0	0	0	0	0	0	8033203	
695	1	F	12	N	2500	0	40	315	113	21	11	14	0	0	0	0	0	0	0	0	0	0	0	0	8033265	
696	1	F	12	N	2500	0	40	291	102	15	8	14	0	0	0	0	0	0	0	0	0	0	0	0	8033546	
697	1	F	12	N	2500	0	40	310	109	21	10	12	0	0	0	0	0	0	0	0	0	0	0	0	8033920	
698	1	F	12	N	2500	0	40	197	116	25	14	16	0	0	0	0	0	0	0	0	0	0	0	0	8034591	
699	1	F	12	N	2500	0	40	289	128	23	14	14	0	0	0	0	0	0	0	0	0	0	0	0	8035418	
700	1	F	12	N	2500	0	40	193	113	25	13	14	0	0	0	0	0	0	0	0	0	0	0	0	8035558	
701	1	G	2	N	2500	6	40	318	110	17	10	13	0	0	0	0	0	0	0	0	0	0	0	0	8059504	
702	1	G	2	N	2500	6	40	325	119	18	12	18	0	0	0	0	0	0	0	0	0	0	0	0	8060815	
703	1	G	2	N	2500	2	1	118	54	7	4	7	0	0	0	0	0	0	0	0	0	0	0	0	8061408	
704	1	G	2	N	2500	2	1	162	75	9	6	8	0	0	0	0	0	0	0	0	0	0	0	0	8061642	
705	1	G	2	N	2500	2	1	262	84	12	8	10	0	0	0	0	0	0	0	0	0	0	0	0	8061673	
706	1	G	2	N	2500	2	1	67	17	2	1	2	0	0	0	0	0	0	0	0	0	0	0	0	8062219	
707	1	G	2	N	2500	2	1	195	44	7	5	11	0	0	0	0	0	0	0	0	0	0	0	0	8062219	
708	1	G	2	N	2500	6	40	341	115	15	9	14	0	0	0	0	0	0	0	0	0	0	0	0	8062266	
709	1	G	2	N	2500	0	1	89	39	53	63	89	0	0	0	0	0	0	0	0	0	0	0	0	8062437	
710	1	G	2	N	2500	0	1	126	56	8	7	10	0	0	0	0	0	0	0	0	0	0	0	0	8062562	
711	1	G	2	N	2500	0	1	208	72	9	7	8	0	0	0	0	0	0	0	0	0	0	0	0	8062593	
712	1	G	2	N	2500	0	1	213	89	11	7	10	0	0	0	0	0	0	0	0	0	0	0	0	8062593	
713	1	G	2	N	2500	0	1	134	39	7	4	5	0	0	0	0	0	0	0	0	0	0	0	0	8062640	
714	1	G	2	N	2500	0	1	273	83	11	6	10	0	0	0	0	0	0	0	0	0	0	0	0	8062687	
715	1	G	2	N	2500	0	2	220	104	13	9	12	0	0	0	0	0	0	0	0	0	0	0	0	8062905	
716	1	G	2	N	2500	0	2	304	100	12	9	11	0	0	0	0	0	0	0	0	0	0	0	0	8062936	
717	1	G	2	N	2500	0	1	159	75	13	9	11	0	0	0	0	0	0	0	0	0	0	0	0	8062983	
718	1	G	2	N	2500	0	40	247	109	25	15	18	0	0	0	0	0	0	0	0	0	0	0	0	8062999	
719	1	G	2	N	2500	0	1	217	83	10	8	12	0	0	0	0	0	0	0	0	0	0	0	0	8063451	
720	1	G	2	N	2500	0	2	314	85	11	8	11	0	0	0	0	0	0	0	0	0	0	0	0	8063685	
721	1	G	2	N	2500	0	40	339	135	24	16	21	0	0	0	0	0	0	0	0	0	0	0	0	8063779	
722	1	G	2	N	2500	0	40	326	114	16	10	12	0	0	0	0	0	0	0	0	0	0	0	0	8064060	
723	1	G	2	N	2500	0	1	100	49	6	4	5	0	0	0	0	0	0	0	0	0	0	0	0	8064122	
724	1	G	2	N	2500	0	1	180	58	8	5	9	0	0	0	0	0	0	0	0	0	0	0	0	8064715	
725	1	G	2	N	2500	0	1	181	47	6	4	7	0	0	0	0	0	0	0	0	0	0	0	0	8064918	
726	1	G	3	N	2500	2	1	139	195	10	2	6	0	0	0	0	0	0	0	0	0	0	0	0	8074496	
727	1	G	4	N	2500	2	1	276	76	10	7	10	0	0	0	0	0	0	0	0	0	0	0	0	8088099	
728	1	G	4	N	2500	6	40	296	109	17	10	13	0	0	0	0	0	0	0	0	0	0	0	0	8089207	
729	1	G	4	N	2500	2	1	190	101	15	10	13	0	0	0	0	0	0	0	0	0	0	0	0	8089238	
730	1	G	4	N	2500	2	1	135	70	11	8	9	0	0	0	0	0	0	0	0	0	0	0	0	8091157	
731	1	G	4	N	2500	6	40	220	131	26	15	20	0	0	0	0	0	0	0	0	0	0	0	0	8091672	
732	1	G	4	N	2500	2	1	83	41	6	4	6	0	0	0	0	0	0	0	0	0	0	0	0	8092389	
733	1	G	4	N	2500	33	1	51	30	4	3	4	0	0	0	0	0	0	0	0	0	0	0	0	8092389	
734	1	G	4	N	2500	2	1	237	83	12	7	13	0	0	0	0	0	0	0	0	0	0	0	0	8093762	
735	1	G	4	N	2500	6	40	251	102	17	10	14	0	0	0	0	0	0	0	0	0	0	0	0	8094105	
736	1	G	6	N	2500	6	40	315	111	19	13	18	0	0	0	0	0	0	0	0	0	0	0	0	8118675	
737	1	G	6	N	2500	6	40	356	128	22	14	20	0	0	0	0	0	0	0	0	0	0	0	0	8119206	
738	1	G	6	N	2500	6	40	292	148	28	17	21	0	0	0	0	0	0	0	0	0	0	0	0	8119970	
739	1	G	6	N	2500	0	1	160	113	25	15	20	0	0	0	0	0	0	0	0	0	0	0	0	8120360	
740	1	G	6	N	2500	0	40	358	122	20	13	21	0	0	0	0	0	0	0	0	0	0	0	0	8120407	
741	1	G	6	N	2500	0	1	146	87	15	11	12	0	0	0	0	0	0	0	0	0	0	0	0	8120735	
742	1	G	6	N	2500	0	40	284	124	21	13	17	0	0	0	0	0	0	0	0	0	0	0	0	8120953	
743	1	G	6	N	2500	0	40	337	134	25	16	24	0	0	0	0	0	0	0	0	0	0	0	0	8120984	
744	1	G	6	N	2500	0	40	220	118	17	13	18	0	0	0	0	0	0	0	0	0	0	0	0	8121093	
745	1	G	6	N	2500	0	40	291	102	16	10	14	0	0	0	0	0	0	0	0	0	0	0	0	8121749	
746	1	G	6	N	2500	0	1	183	88	13	9	12	0	0	0	0	0	0	0	0	0	0	0	0	8122575	
747	1	G	8	N	2500	2	1	60	16	8	9	12	0	0	0	0	0	0	0	0	0	0	0	0	8146163	
748	1	G	8	N	2500	6	40	293	118	19	12	15	0	0	0	0	0	0	0	0	0	0	0	0	8146475	
749	1	G	8	N	2500	2	1	134	86	12	8	12	0	0	0	0	0	0	0	0	0	0	0	0	8146833	
750	1	G	8	N	2500	6	40	275	139	21	13	20	0	0	0	0	0	0	0	0	0	0	0	0	8146943	
751	1	G	8	N	2500	6	40	323	124	23	12	18	0	0	0	0	0	0	0	0	0	0	0	0	8147645	
752	1	G	8	N	2500	0	1	164	59	7	4	7	0	0	0	0	0	0	0	0	0	0	0	0	8148206	
753	1	G	8	N	2500	0	40	302	114	21	11	17	0	0	0	0	0	0	0	0	0	0	0	0	8148471	
754	1	G	8	N	2500	0	40	354	134	25	13	17	0	0	0	0	0	0	0	0	0	0	0	0	8148705	
755	1	G	8	N	2500	0	40	226	121	19	13	14	0	0	0	0	0	0	0	0	0	0	0	0	8149407	
756	1	G	8	N	2500	0	40	377	153	27	17	24	0	0	0	0	0	0	0	0	0	0	0	0	8149704	
757	1	G	8	N	2500	0	1	141	60	77	98	150	0	0	0	0	0	0	0	0	0	0	0	0	8149938	
758	1	G	8	N	2500	0	1	221	97	20	11	14	0	0	0	0	0	0	0	0	0	0	0	0	8150203	
759	1	G	8	N	2500	0	1	170	107	16	10	15	0	0	0	0	0	0	0	0	0	0	0	0	8151435	
760	1	G	10	N	2500	6	40	412	176	32	21	27	0	0	0	0	0	0	0	0	0	0	0	0	8175241	
761	1	G	10	N	2500	6	40	343	151	27	18	19	0	0	0	0	0	0	0	0	0	0	0	0	8177269	
762	1	G	10	N	2500	6	40	197	142	23	15	19	0	0	0	0	0	0	0	0	0	0	0	0	8177331	
763	1	G	10	N	2500	0	40	314	126	22	16	18	0	0	0	0	0	0	0	0	0	0	0	0	8177971	
764	1	G	10	N	2500	0	40	320	122	20	13	18	0	0	0	0	0	0	0	0	0	0	0	0	8178673	
765	1	G	10	N	2500	0	40	256	104	15	12	15	0	0	0	0	0	0	0	0	0	0	0	0	8178860	
766	1	G	10	N	2500	0	40	264	113	19	13	19	0	0	0	0	0	0	0	0	0	0	0	0	8179625	
767	1	G	10	N	2500	0	40	354	138	25	17	25	0	0	0	0	0	0	0	0	0	0	0	0	8179687	
768	1	G	10	N	2500	0	40	342	131	24	16	19	0	0	0	0	0	0	0	0	0	0	0	0	8180576	
769	1	G	11	N	2500	6	40	331	114	16	11	16	0	0	0	0	0	0	0	0	0	0	0	0	8193321	
770	1	G	12	N	2500	2	1	171	45	6	4	7	0	0	0	0	0	0	0	0	0	0	0	0	8202432	
771	1	G	12	N	2500	33	1	86	47	7	6	7	0	0	0	0	0	0	0	0	0	0	0	0	8202432	
772	1	G	12	N	2500	6	40	336	101	15	10	15	0	0	0	0	0	0	0	0	0	0	0	0	8202448	
773	1	G	12	N	2500	6	40	348	138	29	15	19	0	0	0	0	0	0	0	0	0	0	0	0	8203399	
774	1	G	12	N	2500	6	40	436	186	30	20	31	0	0	0	0	0	0	0	0	0	0	0	0	8203540	
775	1	G	12	N	2500	0	40	293	93	16	8	14	0	0	0	0	0	0	0	0	0	0	0	0	8203571	
776	1	G	12	N	2500	0	40	400	148	25	15	20	0	0	0	0	0	0	0	0	0	0	0	0	8203758	
777	1	G	12	N	2500	0	40	267	132	24	13	20	0	0	0	0	0	0	0	0	0	0	0	0	8203992	
778	1	G	12	N	2500	0	1	168	108	16	12	16	0	0	0	0	0	0	0	0	0	0	0	0	8204148	
779	1	G	12	N	2500	0	1	118	29	4	3	5	0	0	0	0	0	0	0	0	0	0	0	0	8204335	
780	1	G	12	N	2500	0	1	171	76	14	9	11	0	0	0	0	0	0	0	0	0	0	0	0	8204335	
781	1	G	12	N	2500	0	40	314	115	21	11	18	0	0	0	0	0	0	0	0	0	0	0	0	8204647	
782	1	G	12	N	2500	0	40	209	137	26	17	20	0	0	0	0	0	0	0	0	0	0	0	0	8204663	
783	1	G	12	N	2500	0	40	344	130	21	13	19	0	0	0	0	0	0	0	0	0	0	0	0	8204678	
784	1	G	12	N	2500	0	40	326	107	15	11	17	0	0	0	0	0	0	0	0	0	0	0	0	8204990	
785	1	G	12	N	2500	0	40	291	142	23	16	21	0	0	0	0	0	0	0	0	0	0	0	0	8205037	
786	1	G	12	N	2500	0	40	371	128	20	14	21	0	0	0	0	0	0	0	0	0	0	0	0	8205084	
787	1	G	12	N	2500	0	1	169	54	8	5	7	0	0	0	0	0	0	0	0	0	0	0	0	8205224	
788	1	G	12	N	2500	0	1	142	62	11	8	9	0	0	0	0	0	0	0	0	0	0	0	0	8205224	
789	1	G	12	N	2500	0	40	298	108	17	11	16	0	0	0	0	0	0	0	0	0	0	0	0	8205240	
790	1	G	12	N	2500	0	40	323	130	22	15	20	0	0	0	0	0	0	0	0	0	0	0	0	8205287	
791	1	G	12	N	2500	0	40	267	100	16	12	17	0	0	0	0	0	0	0	0	0	0	0	0	8205365	
792	1	G	12	N	2500	0	40	312	115	18	12	16	0	0	0	0	0	0	0	0	0	0	0	0	8205458	
793	1	G	12	N	2500	0	40	242	131	23	17	22	0	0	0	0	0	0	0	0	0	0	0	0	8205505	
794	1	G	12	N	2500	0	1	53	10	2	2	5	0	0	0	0	0	0	0	0	0	0	0	0	8205692	
795	1	G	12	N	2500	0	1	161	67	9	6	10	0	0	0	0	0	0	0	0	0	0	0	0	8205708	
796	1	G	12	N	2500	0	40	321	126	20	12	18	0	0	0	0	0	0	0	0	0	0	0	0	8205724	
797	1	G	12	N	2500	0	40	242	162	35	20	24	0	0	0	0	0	0	0	0	0	0	0	0	8205724	
798	1	G	12	N	2500	0	40	338	106	19	12	19	0	0	0	0	0	0	0	0	0	0	0	0	8205770	
799	1	G	12	N	2500	0	40	405	153	26	14	22	0	0	0	0	0	0	0	0	0	0	0	0	8205848	
800	1	G	12	N	2500	0	2	282	100	12	9	17	0	0	0	0	0	0	0	0	0	0	0	0	8206036	
801	1	G	12	N	2500	0	40	243	109	18	11	16	0	0	0	0	0	0	0	0	0	0	0	0	8206051	
802	1	G	12	N	2500	0	40	221	138	26	16	18	0	0	0	0	0	0	0	0	0	0	0	0	8206192	
803	1	G	12	N	2500	0	40	304	114	22	13	20	0	0	0	0	0	0	0	0	0	0	0	0	8206441	
804	1	G	12	N	2500	0	40	316	143	24	17	20	0	0	0	0	0	0	0	0	0	0	0	0	8206472	
805	1	G	12	N	2500	0	1	57	11	2	2	5	0	0	0	0	0	0	0	0	0	0	0	0	8206582	
806	1	G	12	N	2500	0	40	285	110	24	15	23	0	0	0	0	0	0	0	0	0	0	0	0	8206691	
807	1	G	12	N	2500	0	40	241	114	21	12	19	0	0	0	0	0	0	0	0	0	0	0	0	8206784	
808	1	G	12	N	2500	0	40	212	118	25	16	17	0	0	0	0	0	0	0	0	0	0	0	0	8206847	
809	1	G	12	N	2500	0	40	252	105	17	12	17	0	0	0	0	0	0	0	0	0	0	0	0	8206878	
810	1	G	12	N	2500	0	40	333	137	24	18	21	0	0	0	0	0	0	0	0	0	0	0	0	8206940	
811	1	G	12	N	2500	0	1	147	93	15	11	13	0	0	0	0	0	0	0	0	0	0	0	0	8206940	
812	1	G	12	N	2500	0	40	363	142	24	15	16	0	0	0	0	0	0	0	0	0	0	0	0	8207128	
813	1	G	12	N	2500	0	40	222	104	17	12	16	0	0	0	0	0	0	0	0	0	0	0	0	8207174	
814	1	G	12	N	2500	0	1	131	90	14	9	13	0	0	0	0	0	0	0	0	0	0	0	0	8207190	
815	1	G	12	N	2500	0	40	236	141	24	16	21	0	0	0	0	0	0	0	0	0	0	0	0	8207393	
816	1	G	12	N	2500	0	40	374	134	20	14	16	0	0	0	0	0	0	0	0	0	0	0	0	8207549	
817	1	G	12	N	2500	0	40	357	141	25	16	19	0	0	0	0	0	0	0	0	0	0	0	0	8207658	
818	1	G	12	N	2500	0	40	202	114	24	17	22	0	0	0	0	0	0	0	0	0	0	0	0	8207908	
819	1	G	12	N	2500	0	40	352	144	25	15	20	0	0	0	0	0	0	0	0	0	0	0	0	8207970	
820	1	G	12	N	2500	0	1	114	25	4	3	4	0	0	0	0	0	0	0	0	0	0	0	0	8208298	
821	1	G	12	N	2500	0	1	209	72	11	9	13	0	0	0	0	0	0	0	0	0	0	0	0	8208298	
822	1	G	12	N	2500	0	1	201	88	11	8	13	0	0	0	0	0	0	0	0	0	0	0	0	8208500	
823	1	G	12	N	2500	0	1	201	96	19	13	16	0	0	0	0	0	0	0	0	0	0	0	0	8208672	
824	1	G	12	N	2500	0	40	183	114	21	14	20	0	0	0	0	0	0	0	0	0	0	0	0	8208875	
825	1	H	1	N	2500	6	40	371	152	25	16	20	0	0	0	0	0	0	0	0	0	0	0	0	8219545	
826	1	H	1	N	2500	6	40	279	149	27	17	20	0	0	0	0	0	0	0	0	0	0	0	0	8222665	
827	1	H	2	N	2500	2	1	258	88	12	8	11	0	0	0	0	0	0	0	0	0	0	0	0	8232618	
828	1	H	2	N	2500	2	1	160	82	11	7	8	0	0	0	0	0	0	0	0	0	0	0	0	8232977	
829	1	H	2	N	2500	2	1	98	19	5	1	3	0	0	0	0	0	0	0	0	0	0	0	0	8233648	
830	1	H	2	N	2500	2	1	159	81	12	10	13	0	0	0	0	0	0	0	0	0	0	0	0	8234849	
831	1	H	2	N	2500	2	1	183	98	19	9	12	0	0	0	0	0	0	0	0	0	0	0	0	8235145	
832	1	H	2	N	2500	2	1	57	11	2	1	1	0	0	0	0	0	0	0	0	0	0	0	0	8235956	
833	1	H	2	N	2500	2	1	187	98	14	10	11	0	0	0	0	0	0	0	0	0	0	0	0	8238796	
834	1	H	3	N	2500	2	1	93	19	2	1	2	0	0	0	0	0	0	0	0	0	0	0	0	8250246	
835	1	H	4	N	2500	6	40	293	112	18	12	14	0	0	0	0	0	0	0	0	0	0	0	0	8262164	
836	1	H	4	N	2500	6	40	319	111	19	10	14	0	0	0	0	0	0	0	0	0	0	0	0	8264458	
837	1	H	4	N	2500	6	40	201	122	21	14	18	0	0	0	0	0	0	0	0	0	0	0	0	8265050	
838	1	H	4	N	2500	0	1	62	17	11	14	21	0	0	0	0	0	0	0	0	0	0	0	0	8265456	
839	1	H	4	N	2500	0	40	317	110	19	10	13	0	0	0	0	0	0	0	0	0	0	0	0	8266595	
840	1	H	4	N	2500	0	40	351	141	23	14	17	0	0	0	0	0	0	0	0	0	0	0	0	8266922	
841	1	H	4	N	2500	0	2	297	92	12	8	8	0	0	0	0	0	0	0	0	0	0	0	0	8267000	
842	1	H	4	N	2500	0	40	231	144	33	18	20	0	0	0	0	0	0	0	0	0	0	0	0	8267390	
843	1	H	4	N	2500	0	1	289	80	9	6	7	0	0	0	0	0	0	0	0	0	0	0	0	8267468	
844	1	H	4	N	2500	0	40	196	128	25	18	24	0	0	0	0	0	0	0	0	0	0	0	0	8269294	
845	1	H	5	N	2500	6	40	467	161	23	16	24	0	0	0	0	0	0	0	0	0	0	0	0	8281883	
846	1	H	6	N	2500	2	1	82	92	22	0	2	0	0	0	0	0	0	0	0	0	0	0	0	8291227	
847	1	H	6	N	2500	2	1	143	86	14	11	17	0	0	0	0	0	0	0	0	0	0	0	0	8293271	
848	1	H	6	N	2500	6	40	207	120	21	11	16	0	0	0	0	0	0	0	0	0	0	0	0	8293614	
849	1	H	6	N	2500	2	1	209	86	13	8	10	0	0	0	0	0	0	0	0	0	0	0	0	8293864	
850	1	H	6	N	2500	6	40	306	113	21	11	15	0	0	0	0	0	0	0	0	0	0	0	0	8294066	
851	1	H	6	N	2500	2	1	179	86	11	8	14	0	0	0	0	0	0	0	0	0	0	0	0	8294269	
852	1	H	6	N	2500	2	1	139	56	57	75	116	0	0	0	0	0	0	0	0	0	0	0	0	8294909	
853	1	H	6	N	2500	8	40	303	115	18	11	16	0	0	0	0	0	0	0	0	0	0	0	0	8294909	
854	1	H	6	N	2500	2	1	204	88	18	12	18	0	0	0	0	0	0	0	0	0	0	0	0	8295034	
855	1	H	6	N	2500	2	1	164	77	10	6	8	0	0	0	0	0	0	0	0	0	0	0	0	8296469	
856	1	H	6	N	2500	2	1	122	64	8	6	7	0	0	0	0	0	0	0	0	0	0	0	0	8297951	
857	1	H	7	N	2500	6	40	292	106	19	10	15	0	0	0	0	0	0	0	0	0	0	0	0	8310961	
858	1	H	8	N	2500	2	1	223	78	13	9	12	0	0	0	0	0	0	0	0	0	0	0	0	8322973	
859	1	H	8	N	2500	4	40	396	152	26	16	21	0	0	0	0	0	0	0	0	0	0	0	0	8323566	
860	1	H	8	N	2500	2	1	151	93	15	10	11	0	0	0	0	0	0	0	0	0	0	0	0	8323566	
861	1	H	8	N	2500	2	1	57	22	3	2	3	0	0	0	0	0	0	0	0	0	0	0	0	8323566	
862	1	H	8	N	2500	6	40	302	95	15	9	12	0	0	0	0	0	0	0	0	0	0	0	0	8324455	
863	1	H	8	N	2500	2	1	115	43	47	54	76	0	0	0	0	0	0	0	0	0	0	0	0	8324799	
864	1	H	8	N	2500	2	1	184	113	21	13	16	0	0	0	0	0	0	0	0	0	0	0	0	8325173	
865	1	H	8	N	2500	6	40	338	127	21	14	19	0	0	0	0	0	0	0	0	0	0	0	0	8325298	
866	1	H	8	N	2500	6	40	298	108	20	12	19	0	0	0	0	0	0	0	0	0	0	0	0	8325345	
867	1	H	8	N	2500	0	1	149	69	109	137	178	0	0	0	0	0	0	0	0	0	0	0	0	8325438	
868	1	H	8	N	2500	0	40	477	169	25	13	23	0	0	0	0	0	0	0	0	0	0	0	0	8325438	
869	1	H	8	N	2500	0	1	155	118	20	13	16	0	0	0	0	0	0	0	0	0	0	0	0	8325454	
870	1	H	8	N	2500	0	1	166	68	10	7	12	0	0	0	0	0	0	0	0	0	0	0	0	8326218	
871	1	H	10	N	2500	2	1	84	18	2	2	5	0	0	0	0	0	0	0	0	0	0	0	0	8349213	
872	1	H	10	N	2500	2	1	57	32	4	1	3	0	0	0	0	0	0	0	0	0	0	0	0	8349369	
873	1	H	10	N	2500	2	1	127	57	7	4	8	0	0	0	0	0	0	0	0	0	0	0	0	8349930	
874	1	H	10	N	2500	2	2	305	88	11	6	11	0	0	0	0	0	0	0	0	0	0	0	0	8350273	
875	1	H	10	N	2500	2	1	82	22	3	3	6	0	0	0	0	0	0	0	0	0	0	0	0	8350273	
876	1	H	10	N	2500	2	1	95	39	11	3	5	0	0	0	0	0	0	0	0	0	0	0	0	8350476	
877	1	H	10	N	2500	2	1	277	79	10	6	11	0	0	0	0	0	0	0	0	0	0	0	0	8350476	
878	1	H	10	N	2500	6	40	380	163	27	15	21	0	0	0	0	0	0	0	0	0	0	0	0	8350601	
879	1	H	10	N	2500	6	40	294	114	17	12	16	0	0	0	0	0	0	0	0	0	0	0	0	8351131	
880	1	H	10	N	2500	6	40	348	120	25	16	21	0	0	0	0	0	0	0	0	0	0	0	0	8351350	
881	1	H	10	N	2500	0	40	232	118	18	10	15	0	0	0	0	0	0	0	0	0	0	0	0	8353066	
882	1	H	10	N	2500	0	40	297	99	15	9	13	0	0	0	0	0	0	0	0	0	0	0	0	8353206	
883	1	H	10	N	2500	0	40	303	104	19	10	13	0	0	0	0	0	0	0	0	0	0	0	0	8353237	
884	1	H	10	N	2500	0	40	350	107	13	8	12	0	0	0	0	0	0	0	0	0	0	0	0	8353362	
885	1	H	10	N	2500	0	40	275	95	15	10	13	0	0	0	0	0	0	0	0	0	0	0	0	8353690	
886	1	H	10	N	2500	0	40	308	102	14	9	13	0	0	0	0	0	0	0	0	0	0	0	0	8354049	
887	1	H	10	N	2500	0	1	157	81	10	7	8	0	0	0	0	0	0	0	0	0	0	0	0	8354173	
888	1	H	10	N	2500	0	40	321	105	16	11	17	0	0	0	0	0	0	0	0	0	0	0	0	8354220	
889	1	H	10	N	2500	0	1	165	81	10	7	10	0	0	0	0	0	0	0	0	0	0	0	0	8354251	
890	1	H	10	N	2500	0	2	277	92	11	7	12	0	0	0	0	0	0	0	0	0	0	0	0	8355172	
891	1	H	10	N	2500	0	40	386	131	20	11	13	0	0	0	0	0	0	0	0	0	0	0	0	8355718	
892	1	H	11	N	2500	2	1	58	14	1	1	2	0	0	0	0	0	0	0	0	0	0	0	0	8362987	
893	1	H	11	N	2500	2	1	173	103	14	9	12	0	0	0	0	0	0	0	0	0	0	0	0	8364828	
894	1	H	12	N	2500	6	40	298	85	14	9	12	0	0	0	0	0	0	0	0	0	0	0	0	8380210	
895	1	H	12	N	2500	2	1	70	23	12	13	22	0	0	0	0	0	0	0	0	0	0	0	0	8380647	
896	1	H	12	N	2500	2	1	239	68	9	5	11	0	0	0	0	0	0	0	0	0	0	0	0	8380834	
897	1	H	12	N	2500	2	1	110	52	74	105	143	0	0	0	0	0	0	0	0	0	0	0	0	8381458	
898	1	H	12	N	2500	6	40	215	107	17	12	15	0	0	0	0	0	0	0	0	0	0	0	0	8381910	
899	1	H	12	N	2500	2	1	91	44	6	4	5	0	0	0	0	0	0	0	0	0	0	0	0	8382160	
900	1	H	12	N	2500	6	40	308	114	18	9	15	0	0	0	0	0	0	0	0	0	0	0	0	8382472	
901	1	H	12	N	2500	0	1	114	60	111	133	146	0	0	0	0	0	0	0	0	0	0	0	0	8382877	
902	1	H	12	N	2500	0	1	58	12	2	2	5	0	0	0	0	0	0	0	0	0	0	0	0	8382971	
903	1	H	12	N	2500	0	40	354	122	19	11	14	0	0	0	0	0	0	0	0	0	0	0	0	8383189	
904	1	H	12	N	2500	0	1	267	81	10	7	10	0	0	0	0	0	0	0	0	0	0	0	0	8383236	
905	1	H	12	N	2500	0	40	229	115	18	11	16	0	0	0	0	0	0	0	0	0	0	0	0	8383813	
906	1	H	12	N	2500	0	1	135	83	13	8	11	0	0	0	0	0	0	0	0	0	0	0	0	8383845	
907	1	H	12	N	2500	0	1	208	44	4	2	4	0	0	0	0	0	0	0	0	0	0	0	0	8384297	


Threshold source: EXT,  value 50
Min TOF = 50
EXT signal gain 1.6
Green signal gain 3.0
Yellow signal gain 3.0
Red signal gain 3.0
Green PMT voltage 700
Yellow PMT voltage 700
Red PMT voltage 900
Signal multipliers: 1.0,1.0,1.0,1.0
C:\Users\unionbio\Desktop\COPAS Templates\USE for L4 dispense4.csv