Id	Plate	Row	Column	Clog	Scan rate	Status sort	Status sel	TOF	EXT	Green	Yellow	Red	PH Ext	PW Ext	PC Ext	PH Green	PW Green	PCGreen	PH Yellow	PW Yellow	PCYellow	PH Red	PW Red	PCRed	Time Stamp	
0	1	A	2	N	2500	2	1	55	10	1	1	0	0	0	0	0	0	0	0	0	0	0	0	0	16808265	
1	1	A	2	N	2500	10	40	291	110	18	12	17	0	0	0	0	0	0	0	0	0	0	0	0	16808265	
2	1	A	2	N	2500	6	40	401	146	29	18	27	0	0	0	0	0	0	0	0	0	0	0	0	16808390	
3	1	A	2	N	2500	6	40	330	129	24	15	20	0	0	0	0	0	0	0	0	0	0	0	0	16808437	
4	1	A	2	N	2500	6	40	289	116	19	11	16	0	0	0	0	0	0	0	0	0	0	0	0	16809513	
5	1	A	2	N	2500	0	40	241	131	26	15	21	0	0	0	0	0	0	0	0	0	0	0	0	16810387	
6	1	A	2	N	2500	0	1	148	75	11	6	9	0	0	0	0	0	0	0	0	0	0	0	0	16811525	
7	1	A	4	N	2500	2	1	69	24	2	2	3	0	0	0	0	0	0	0	0	0	0	0	0	16836205	
8	1	A	4	N	2500	2	1	203	55	7	6	7	0	0	0	0	0	0	0	0	0	0	0	0	16836938	
9	1	A	4	N	2500	2	1	252	81	11	7	9	0	0	0	0	0	0	0	0	0	0	0	0	16837031	
10	1	A	4	N	2500	2	1	91	25	3	3	4	0	0	0	0	0	0	0	0	0	0	0	0	16837577	
11	1	A	4	N	2500	2	1	130	61	9	5	9	0	0	0	0	0	0	0	0	0	0	0	0	16837889	
12	1	A	4	N	2500	2	1	254	76	10	8	13	0	0	0	0	0	0	0	0	0	0	0	0	16837921	
13	1	A	4	N	2500	2	1	159	45	5	4	6	0	0	0	0	0	0	0	0	0	0	0	0	16837952	
14	1	A	4	N	2500	2	1	223	81	10	7	11	0	0	0	0	0	0	0	0	0	0	0	0	16838529	
15	1	A	4	N	2500	2	1	170	68	9	6	6	0	0	0	0	0	0	0	0	0	0	0	0	16839309	
16	1	A	4	N	2500	2	1	168	71	9	7	11	0	0	0	0	0	0	0	0	0	0	0	0	16839496	
17	1	A	4	N	2500	2	1	78	33	33	38	55	0	0	0	0	0	0	0	0	0	0	0	0	16839777	
18	1	A	4	N	2500	6	40	325	91	18	10	15	0	0	0	0	0	0	0	0	0	0	0	0	16840042	
19	1	A	4	N	2500	6	40	276	97	15	9	12	0	0	0	0	0	0	0	0	0	0	0	0	16840042	
20	1	A	4	N	2500	2	1	224	92	14	8	13	0	0	0	0	0	0	0	0	0	0	0	0	16840261	
21	1	A	4	N	2500	2	1	193	95	12	8	13	0	0	0	0	0	0	0	0	0	0	0	0	16840947	
22	1	A	4	N	2500	2	1	176	64	8	7	11	0	0	0	0	0	0	0	0	0	0	0	0	16841072	
23	1	A	4	N	2500	2	1	62	14	2	1	1	0	0	0	0	0	0	0	0	0	0	0	0	16841181	
24	1	A	4	N	2500	2	1	147	81	10	7	11	0	0	0	0	0	0	0	0	0	0	0	0	16841290	
25	1	A	4	N	2500	2	1	222	63	8	5	9	0	0	0	0	0	0	0	0	0	0	0	0	16841977	
26	1	A	6	N	2500	2	1	234	68	9	5	9	0	0	0	0	0	0	0	0	0	0	0	0	16864581	
27	1	A	6	N	2500	2	1	212	68	8	6	10	0	0	0	0	0	0	0	0	0	0	0	0	16865548	
28	1	A	6	N	2500	6	40	325	120	18	13	17	0	0	0	0	0	0	0	0	0	0	0	0	16866750	
29	1	A	6	N	2500	6	40	278	125	25	15	13	0	0	0	0	0	0	0	0	0	0	0	0	16867608	
30	1	A	6	N	2500	6	40	182	140	25	16	23	0	0	0	0	0	0	0	0	0	0	0	0	16868060	
31	1	A	6	N	2500	0	1	164	113	21	16	21	0	0	0	0	0	0	0	0	0	0	0	0	16868107	
32	1	A	6	N	2500	0	40	298	139	20	15	23	0	0	0	0	0	0	0	0	0	0	0	0	16868278	
33	1	A	6	N	2500	0	40	211	115	24	13	18	0	0	0	0	0	0	0	0	0	0	0	0	16870010	
34	1	A	6	N	2500	0	40	211	106	18	12	17	0	0	0	0	0	0	0	0	0	0	0	0	16870572	
35	1	A	6	N	2500	0	1	220	85	11	9	14	0	0	0	0	0	0	0	0	0	0	0	0	16871289	
36	1	A	6	N	2500	0	40	328	126	19	13	16	0	0	0	0	0	0	0	0	0	0	0	0	16871320	
37	1	A	7	N	2500	2	1	50	17	5	0	1	0	0	0	0	0	0	0	0	0	0	0	0	16880602	
38	1	A	8	N	2500	6	40	309	113	16	12	17	0	0	0	0	0	0	0	0	0	0	0	0	16893753	
39	1	A	8	N	2500	6	40	349	130	21	12	19	0	0	0	0	0	0	0	0	0	0	0	0	16894455	
40	1	A	8	N	2500	6	40	233	123	20	15	16	0	0	0	0	0	0	0	0	0	0	0	0	16895204	
41	1	A	8	N	2500	0	1	162	90	14	10	12	0	0	0	0	0	0	0	0	0	0	0	0	16895407	
42	1	A	8	N	2500	0	1	162	95	17	10	14	0	0	0	0	0	0	0	0	0	0	0	0	16895532	
43	1	A	8	N	2500	0	1	155	82	12	9	11	0	0	0	0	0	0	0	0	0	0	0	0	16895625	
44	1	A	8	N	2500	0	1	189	58	7	6	12	0	0	0	0	0	0	0	0	0	0	0	0	16895703	
45	1	A	8	N	2500	0	40	194	127	25	16	19	0	0	0	0	0	0	0	0	0	0	0	0	16896093	
46	1	A	8	N	2500	0	1	64	25	6	4	6	0	0	0	0	0	0	0	0	0	0	0	0	16896249	
47	1	A	8	N	2500	0	1	192	111	21	14	16	0	0	0	0	0	0	0	0	0	0	0	0	16897014	
48	1	A	8	N	2500	0	1	123	55	7	5	7	0	0	0	0	0	0	0	0	0	0	0	0	16897014	
49	1	A	8	N	2500	0	40	284	97	16	10	15	0	0	0	0	0	0	0	0	0	0	0	0	16897372	
50	1	A	8	N	2500	0	1	229	64	9	6	10	0	0	0	0	0	0	0	0	0	0	0	0	16897638	
51	1	A	8	N	2500	0	40	329	138	24	14	16	0	0	0	0	0	0	0	0	0	0	0	0	16897918	
52	1	A	8	N	2500	0	40	298	104	19	10	14	0	0	0	0	0	0	0	0	0	0	0	0	16898184	
53	1	A	8	N	2500	0	40	273	128	24	15	19	0	0	0	0	0	0	0	0	0	0	0	0	16898418	
54	1	A	8	N	2500	0	40	288	106	18	12	13	0	0	0	0	0	0	0	0	0	0	0	0	16899354	
55	1	A	9	N	2500	6	40	331	140	25	16	21	0	0	0	0	0	0	0	0	0	0	0	0	16909026	
56	1	A	10	N	2500	2	1	197	107	22	14	19	0	0	0	0	0	0	0	0	0	0	0	0	16922176	
57	1	A	10	N	2500	6	40	339	122	21	13	16	0	0	0	0	0	0	0	0	0	0	0	0	16922488	
58	1	A	10	N	2500	6	40	300	99	15	10	16	0	0	0	0	0	0	0	0	0	0	0	0	16922707	
59	1	A	10	N	2500	6	40	297	120	20	12	18	0	0	0	0	0	0	0	0	0	0	0	0	16923409	
60	1	A	10	N	2500	0	1	137	64	9	6	10	0	0	0	0	0	0	0	0	0	0	0	0	16923908	
61	1	A	10	N	2500	0	40	190	128	28	16	20	0	0	0	0	0	0	0	0	0	0	0	0	16924735	
62	1	A	10	N	2500	0	40	248	111	20	12	16	0	0	0	0	0	0	0	0	0	0	0	0	16924922	
63	1	A	10	N	2500	0	40	249	102	15	9	18	0	0	0	0	0	0	0	0	0	0	0	0	16925593	
64	1	A	10	N	2500	0	40	253	102	23	14	16	0	0	0	0	0	0	0	0	0	0	0	0	16925593	
65	1	A	10	N	2500	0	1	184	93	15	11	13	0	0	0	0	0	0	0	0	0	0	0	0	16925624	
66	1	A	10	N	2500	0	40	171	119	21	12	15	0	0	0	0	0	0	0	0	0	0	0	0	16925952	
67	1	A	10	N	2500	0	40	292	105	16	11	20	0	0	0	0	0	0	0	0	0	0	0	0	16926404	
68	1	A	10	N	2500	0	40	279	100	15	10	15	0	0	0	0	0	0	0	0	0	0	0	0	16926435	
69	1	A	10	N	2500	0	1	209	101	17	10	13	0	0	0	0	0	0	0	0	0	0	0	0	16926856	
70	1	A	10	N	2500	0	40	272	96	16	12	16	0	0	0	0	0	0	0	0	0	0	0	0	16926856	
71	1	A	10	N	2500	0	1	179	68	13	8	11	0	0	0	0	0	0	0	0	0	0	0	0	16926981	
72	1	A	10	N	2500	0	40	269	129	24	14	18	0	0	0	0	0	0	0	0	0	0	0	0	16926981	
73	1	A	10	N	2500	0	40	302	111	20	11	18	0	0	0	0	0	0	0	0	0	0	0	0	16927012	
74	1	A	10	N	2500	0	40	256	106	22	12	17	0	0	0	0	0	0	0	0	0	0	0	0	16927012	
75	1	A	10	N	2500	0	40	363	129	21	13	16	0	0	0	0	0	0	0	0	0	0	0	0	16927137	
76	1	A	10	N	2500	0	40	191	124	22	17	22	0	0	0	0	0	0	0	0	0	0	0	0	16927262	
77	1	A	10	N	2500	0	1	182	79	12	8	11	0	0	0	0	0	0	0	0	0	0	0	0	16927278	
78	1	A	10	N	2500	0	40	316	103	16	11	12	0	0	0	0	0	0	0	0	0	0	0	0	16928354	
79	1	A	10	N	2500	0	40	320	144	25	16	19	0	0	0	0	0	0	0	0	0	0	0	0	16928635	
80	1	A	10	N	2500	0	40	310	139	24	16	23	0	0	0	0	0	0	0	0	0	0	0	0	16928760	
81	1	A	11	N	2500	2	1	128	63	9	5	6	0	0	0	0	0	0	0	0	0	0	0	0	16937964	
82	1	A	12	N	2500	2	1	60	20	9	1	2	0	0	0	0	0	0	0	0	0	0	0	0	16950849	
83	1	A	12	N	2500	2	1	238	92	20	13	18	0	0	0	0	0	0	0	0	0	0	0	0	16955342	
84	1	A	12	N	2500	2	1	213	96	15	9	13	0	0	0	0	0	0	0	0	0	0	0	0	16956122	
85	1	B	2	N	2500	2	1	207	97	12	8	9	0	0	0	0	0	0	0	0	0	0	0	0	16982034	
86	1	B	2	N	2500	2	1	166	82	13	8	12	0	0	0	0	0	0	0	0	0	0	0	0	16982861	
87	1	B	2	N	2500	2	1	168	102	16	9	9	0	0	0	0	0	0	0	0	0	0	0	0	16983578	
88	1	B	2	N	2500	2	1	133	74	10	8	11	0	0	0	0	0	0	0	0	0	0	0	0	16984358	
89	1	B	2	N	2500	2	1	176	94	15	9	11	0	0	0	0	0	0	0	0	0	0	0	0	16984467	
90	1	B	2	N	2500	6	40	307	99	14	8	13	0	0	0	0	0	0	0	0	0	0	0	0	16984795	
91	1	B	2	N	2500	2	1	200	86	17	10	14	0	0	0	0	0	0	0	0	0	0	0	0	16986246	
92	1	B	2	N	2500	6	40	291	103	16	9	11	0	0	0	0	0	0	0	0	0	0	0	0	16986527	
93	1	B	2	N	2500	2	1	261	82	10	7	9	0	0	0	0	0	0	0	0	0	0	0	0	16986714	
94	1	B	2	N	2500	2	1	171	71	9	6	9	0	0	0	0	0	0	0	0	0	0	0	0	16986745	
95	1	B	2	N	2500	6	40	197	118	23	14	15	0	0	0	0	0	0	0	0	0	0	0	0	16986917	
96	1	B	2	N	2500	0	40	233	109	21	12	17	0	0	0	0	0	0	0	0	0	0	0	0	16987010	
97	1	B	2	N	2500	0	1	169	96	16	10	10	0	0	0	0	0	0	0	0	0	0	0	0	16987541	
98	1	B	2	N	2500	0	40	283	105	21	10	15	0	0	0	0	0	0	0	0	0	0	0	0	16988180	
99	1	B	2	N	2500	0	40	317	122	20	12	14	0	0	0	0	0	0	0	0	0	0	0	0	16988305	
100	1	B	4	N	2500	2	1	214	60	9	6	9	0	0	0	0	0	0	0	0	0	0	0	0	17011143	
101	1	B	4	N	2500	2	1	255	83	12	9	11	0	0	0	0	0	0	0	0	0	0	0	0	17012267	
102	1	B	4	N	2500	6	40	174	117	26	15	21	0	0	0	0	0	0	0	0	0	0	0	0	17012313	
103	1	B	4	N	2500	2	1	208	88	13	9	9	0	0	0	0	0	0	0	0	0	0	0	0	17012641	
104	1	B	4	N	2500	6	40	284	99	20	13	17	0	0	0	0	0	0	0	0	0	0	0	0	17012672	
105	1	B	4	N	2500	2	1	220	95	16	10	15	0	0	0	0	0	0	0	0	0	0	0	0	17012922	
106	1	B	4	N	2500	2	1	154	104	18	12	15	0	0	0	0	0	0	0	0	0	0	0	0	17013452	
107	1	B	4	N	2500	2	1	254	77	12	8	13	0	0	0	0	0	0	0	0	0	0	0	0	17013639	
108	1	B	4	N	2500	6	40	260	94	16	10	12	0	0	0	0	0	0	0	0	0	0	0	0	17013780	
109	1	B	4	N	2500	0	40	332	121	20	14	21	0	0	0	0	0	0	0	0	0	0	0	0	17013936	
110	1	B	4	N	2500	0	1	153	93	18	10	13	0	0	0	0	0	0	0	0	0	0	0	0	17014045	
111	1	B	4	N	2500	0	40	337	129	27	17	22	0	0	0	0	0	0	0	0	0	0	0	0	17014092	
112	1	B	4	N	2500	0	1	135	59	7	5	7	0	0	0	0	0	0	0	0	0	0	0	0	17014341	
113	1	B	4	N	2500	0	40	242	103	16	13	19	0	0	0	0	0	0	0	0	0	0	0	0	17014622	
114	1	B	4	N	2500	0	1	201	100	19	12	15	0	0	0	0	0	0	0	0	0	0	0	0	17014638	
115	1	B	4	N	2500	0	1	195	100	18	12	14	0	0	0	0	0	0	0	0	0	0	0	0	17015246	
116	1	B	4	N	2500	0	1	157	63	9	6	8	0	0	0	0	0	0	0	0	0	0	0	0	17015511	
117	1	B	4	N	2500	0	40	289	100	18	11	13	0	0	0	0	0	0	0	0	0	0	0	0	17015652	
118	1	B	4	N	2500	0	40	292	103	18	12	14	0	0	0	0	0	0	0	0	0	0	0	0	17015792	
119	1	B	4	N	2500	0	1	173	97	19	14	17	0	0	0	0	0	0	0	0	0	0	0	0	17015839	
120	1	B	4	N	2500	0	1	58	28	4	4	6	0	0	0	0	0	0	0	0	0	0	0	0	17016057	
121	1	B	4	N	2500	0	1	204	94	17	12	17	0	0	0	0	0	0	0	0	0	0	0	0	17016120	
122	1	B	4	N	2500	0	40	277	110	23	13	18	0	0	0	0	0	0	0	0	0	0	0	0	17016182	
123	1	B	4	N	2500	0	1	134	97	16	11	15	0	0	0	0	0	0	0	0	0	0	0	0	17016401	
124	1	B	4	N	2500	0	1	90	63	10	8	10	0	0	0	0	0	0	0	0	0	0	0	0	17016463	
125	1	B	4	N	2500	0	1	245	74	12	7	10	0	0	0	0	0	0	0	0	0	0	0	0	17016463	
126	1	B	4	N	2500	0	1	166	102	19	11	15	0	0	0	0	0	0	0	0	0	0	0	0	17016588	
127	1	B	5	N	2500	2	1	130	27	3	2	4	0	0	0	0	0	0	0	0	0	0	0	0	17027258	
128	1	B	5	N	2500	2	1	194	100	18	12	13	0	0	0	0	0	0	0	0	0	0	0	0	17029707	
129	1	B	6	N	2500	2	1	167	49	5	3	7	0	0	0	0	0	0	0	0	0	0	0	0	17039333	
130	1	B	6	N	2500	6	40	257	103	19	13	15	0	0	0	0	0	0	0	0	0	0	0	0	17040752	
131	1	B	6	N	2500	2	1	245	94	19	12	15	0	0	0	0	0	0	0	0	0	0	0	0	17042078	
132	1	B	6	N	2500	2	1	162	88	18	10	13	0	0	0	0	0	0	0	0	0	0	0	0	17042094	
133	1	B	6	N	2500	6	40	231	112	16	12	12	0	0	0	0	0	0	0	0	0	0	0	0	17042156	
134	1	B	6	N	2500	6	40	199	120	23	14	16	0	0	0	0	0	0	0	0	0	0	0	0	17042172	
135	1	B	6	N	2500	0	40	334	110	19	13	16	0	0	0	0	0	0	0	0	0	0	0	0	17042187	
136	1	B	6	N	2500	0	1	124	65	8	6	9	0	0	0	0	0	0	0	0	0	0	0	0	17042250	
137	1	B	6	N	2500	0	40	293	136	28	14	18	0	0	0	0	0	0	0	0	0	0	0	0	17042453	
138	1	B	6	N	2500	0	1	65	34	9	7	13	0	0	0	0	0	0	0	0	0	0	0	0	17042593	
139	1	B	6	N	2500	0	1	197	88	14	9	13	0	0	0	0	0	0	0	0	0	0	0	0	17042640	
140	1	B	6	N	2500	0	40	312	126	26	14	21	0	0	0	0	0	0	0	0	0	0	0	0	17043061	
141	1	B	6	N	2500	0	40	270	128	22	14	18	0	0	0	0	0	0	0	0	0	0	0	0	17043716	
142	1	B	6	N	2500	0	40	339	126	24	13	17	0	0	0	0	0	0	0	0	0	0	0	0	17043825	
143	1	B	6	N	2500	0	1	236	77	11	7	9	0	0	0	0	0	0	0	0	0	0	0	0	17043888	
144	1	B	6	N	2500	0	1	276	83	13	8	12	0	0	0	0	0	0	0	0	0	0	0	0	17044013	
145	1	B	6	N	2500	0	1	210	100	22	10	14	0	0	0	0	0	0	0	0	0	0	0	0	17044028	
146	1	B	6	N	2500	0	40	266	115	17	11	14	0	0	0	0	0	0	0	0	0	0	0	0	17044169	
147	1	B	6	N	2500	0	40	270	94	15	9	14	0	0	0	0	0	0	0	0	0	0	0	0	17044403	
148	1	B	6	N	2500	0	1	223	86	14	8	11	0	0	0	0	0	0	0	0	0	0	0	0	17044449	
149	1	B	6	N	2500	0	1	157	87	13	8	14	0	0	0	0	0	0	0	0	0	0	0	0	17044871	
150	1	B	6	N	2500	0	40	280	109	18	12	15	0	0	0	0	0	0	0	0	0	0	0	0	17045853	
151	1	B	6	N	2500	0	1	63	12	1	1	2	0	0	0	0	0	0	0	0	0	0	0	0	17046072	
152	1	B	8	N	2500	2	1	210	59	7	5	9	0	0	0	0	0	0	0	0	0	0	0	0	17068988	
153	1	B	8	N	2500	6	40	274	101	16	9	15	0	0	0	0	0	0	0	0	0	0	0	0	17069175	
154	1	B	8	N	2500	2	1	166	102	19	10	13	0	0	0	0	0	0	0	0	0	0	0	0	17070579	
155	1	B	8	N	2500	6	40	299	104	18	10	14	0	0	0	0	0	0	0	0	0	0	0	0	17071531	
156	1	B	8	N	2500	2	1	105	44	5	3	4	0	0	0	0	0	0	0	0	0	0	0	0	17072436	
157	1	B	8	N	2500	6	40	290	99	15	8	12	0	0	0	0	0	0	0	0	0	0	0	0	17073590	
158	1	B	8	N	2500	0	40	275	96	15	8	13	0	0	0	0	0	0	0	0	0	0	0	0	17073918	
159	1	B	8	N	2500	0	1	208	54	6	4	8	0	0	0	0	0	0	0	0	0	0	0	0	17074058	
160	1	B	10	N	2500	6	40	318	117	21	14	19	0	0	0	0	0	0	0	0	0	0	0	0	17097630	
161	1	B	10	N	2500	6	40	292	109	17	12	12	0	0	0	0	0	0	0	0	0	0	0	0	17099471	
162	1	B	10	N	2500	2	1	201	59	9	5	9	0	0	0	0	0	0	0	0	0	0	0	0	17099689	
163	1	B	10	N	2500	2	1	76	50	9	5	8	0	0	0	0	0	0	0	0	0	0	0	0	17099689	
164	1	B	10	N	2500	6	40	329	116	20	13	19	0	0	0	0	0	0	0	0	0	0	0	0	17099752	
165	1	B	10	N	2500	0	1	212	104	19	11	17	0	0	0	0	0	0	0	0	0	0	0	0	17099814	
166	1	B	10	N	2500	0	1	238	81	16	9	10	0	0	0	0	0	0	0	0	0	0	0	0	17099861	
167	1	B	10	N	2500	0	1	190	87	15	10	14	0	0	0	0	0	0	0	0	0	0	0	0	17100235	
168	1	B	10	N	2500	0	40	226	154	27	19	25	0	0	0	0	0	0	0	0	0	0	0	0	17101327	
169	1	B	10	N	2500	0	40	350	139	26	17	23	0	0	0	0	0	0	0	0	0	0	0	0	17102794	
170	1	B	10	N	2500	0	40	220	109	22	13	20	0	0	0	0	0	0	0	0	0	0	0	0	17103714	
171	1	B	12	N	2500	2	1	50	9	1	1	2	0	0	0	0	0	0	0	0	0	0	0	0	17125429	
172	1	B	12	N	2500	2	1	248	75	12	6	10	0	0	0	0	0	0	0	0	0	0	0	0	17126662	
173	1	B	12	N	2500	6	40	320	146	27	17	24	0	0	0	0	0	0	0	0	0	0	0	0	17126786	
174	1	B	12	N	2500	6	40	262	127	24	16	27	0	0	0	0	0	0	0	0	0	0	0	0	17127582	
175	1	B	12	N	2500	2	1	153	55	6	4	6	0	0	0	0	0	0	0	0	0	0	0	0	17128362	
176	1	B	12	N	2500	6	40	333	124	20	11	19	0	0	0	0	0	0	0	0	0	0	0	0	17128534	
177	1	B	12	N	2500	0	1	143	75	11	7	6	0	0	0	0	0	0	0	0	0	0	0	0	17128565	
178	1	B	12	N	2500	0	1	204	101	13	10	11	0	0	0	0	0	0	0	0	0	0	0	0	17129095	
179	1	B	12	N	2500	0	40	342	128	24	14	18	0	0	0	0	0	0	0	0	0	0	0	0	17129828	
180	1	B	12	N	2500	0	1	90	24	2	1	1	0	0	0	0	0	0	0	0	0	0	0	0	17129906	
181	1	B	12	N	2500	0	2	288	92	13	10	14	0	0	0	0	0	0	0	0	0	0	0	0	17130109	
182	1	B	12	N	2500	0	1	216	101	19	11	16	0	0	0	0	0	0	0	0	0	0	0	0	17130515	
183	1	B	12	N	2500	0	40	284	133	24	17	24	0	0	0	0	0	0	0	0	0	0	0	0	17130593	
184	1	B	12	N	2500	0	40	341	126	21	13	17	0	0	0	0	0	0	0	0	0	0	0	0	17130686	
185	1	B	12	N	2500	0	40	290	114	21	14	19	0	0	0	0	0	0	0	0	0	0	0	0	17130811	
186	1	B	12	N	2500	0	40	404	159	29	20	28	0	0	0	0	0	0	0	0	0	0	0	0	17131061	
187	1	C	1	N	2500	2	1	70	26	1	0	1	0	0	0	0	0	0	0	0	0	0	0	0	17145272	
188	1	C	1	N	2500	2	1	99	31	4	2	4	0	0	0	0	0	0	0	0	0	0	0	0	17146349	
189	1	C	2	N	2500	6	40	189	128	26	16	21	0	0	0	0	0	0	0	0	0	0	0	0	17156052	
190	1	C	2	N	2500	6	40	280	120	25	17	25	0	0	0	0	0	0	0	0	0	0	0	0	17157862	
191	1	C	2	N	2500	6	40	345	135	26	14	20	0	0	0	0	0	0	0	0	0	0	0	0	17157908	
192	1	C	2	N	2500	0	40	229	127	23	15	20	0	0	0	0	0	0	0	0	0	0	0	0	17158064	
193	1	C	2	N	2500	0	1	187	100	16	12	14	0	0	0	0	0	0	0	0	0	0	0	0	17158220	
194	1	C	2	N	2500	0	40	201	129	25	14	18	0	0	0	0	0	0	0	0	0	0	0	0	17158345	
195	1	C	2	N	2500	0	40	216	131	25	15	17	0	0	0	0	0	0	0	0	0	0	0	0	17158735	
196	1	C	2	N	2500	0	40	314	126	19	12	16	0	0	0	0	0	0	0	0	0	0	0	0	17158751	
197	1	C	2	N	2500	0	40	338	177	32	23	31	0	0	0	0	0	0	0	0	0	0	0	0	17158766	
198	1	C	2	N	2500	0	1	174	88	18	11	14	0	0	0	0	0	0	0	0	0	0	0	0	17159141	
199	1	C	2	N	2500	0	40	308	117	21	13	15	0	0	0	0	0	0	0	0	0	0	0	0	17159219	
200	1	C	2	N	2500	0	40	287	114	22	13	17	0	0	0	0	0	0	0	0	0	0	0	0	17159890	
201	1	C	2	N	2500	0	40	318	120	20	15	18	0	0	0	0	0	0	0	0	0	0	0	0	17159968	
202	1	C	2	N	2500	0	40	308	105	16	10	17	0	0	0	0	0	0	0	0	0	0	0	0	17160482	
203	1	C	2	N	2500	0	40	346	123	20	14	19	0	0	0	0	0	0	0	0	0	0	0	0	17160607	
204	1	C	2	N	2500	0	40	332	150	26	16	17	0	0	0	0	0	0	0	0	0	0	0	0	17160841	
205	1	C	2	N	2500	0	1	256	76	11	8	10	0	0	0	0	0	0	0	0	0	0	0	0	17161574	
206	1	C	2	N	2500	0	40	516	227	41	22	26	0	0	0	0	0	0	0	0	0	0	0	0	17162183	
207	1	C	2	N	2500	0	1	91	37	5	4	7	0	0	0	0	0	0	0	0	0	0	0	0	17163025	
208	1	C	3	N	2500	6	40	226	140	25	16	19	0	0	0	0	0	0	0	0	0	0	0	0	17170123	
209	1	C	3	N	2500	2	1	86	33	5	4	7	0	0	0	0	0	0	0	0	0	0	0	0	17172869	
210	1	C	4	N	2500	2	1	81	25	3	3	4	0	0	0	0	0	0	0	0	0	0	0	0	17187190	
211	1	C	4	N	2500	2	1	177	95	16	10	12	0	0	0	0	0	0	0	0	0	0	0	0	17187626	
212	1	C	4	N	2500	6	40	272	93	19	9	11	0	0	0	0	0	0	0	0	0	0	0	0	17187736	
213	1	C	4	N	2500	2	1	55	21	4	3	5	0	0	0	0	0	0	0	0	0	0	0	0	17187767	
214	1	C	4	N	2500	2	1	194	66	9	6	8	0	0	0	0	0	0	0	0	0	0	0	0	17187860	
215	1	C	4	N	2500	2	1	153	72	13	12	20	0	0	0	0	0	0	0	0	0	0	0	0	17188640	
216	1	C	4	N	2500	6	40	319	104	16	11	15	0	0	0	0	0	0	0	0	0	0	0	0	17190965	
217	1	C	4	N	2500	6	40	307	102	15	9	13	0	0	0	0	0	0	0	0	0	0	0	0	17191121	
218	1	C	5	N	2500	6	40	292	97	16	9	14	0	0	0	0	0	0	0	0	0	0	0	0	17202868	
219	1	C	6	N	2500	6	40	310	120	20	13	18	0	0	0	0	0	0	0	0	0	0	0	0	17213179	
220	1	C	6	N	2500	2	1	142	79	10	7	8	0	0	0	0	0	0	0	0	0	0	0	0	17213694	
221	1	C	6	N	2500	6	40	253	132	23	14	19	0	0	0	0	0	0	0	0	0	0	0	0	17214505	
222	1	C	6	N	2500	6	40	280	106	21	11	20	0	0	0	0	0	0	0	0	0	0	0	0	17214568	
223	1	C	6	N	2500	0	1	180	97	16	11	11	0	0	0	0	0	0	0	0	0	0	0	0	17214630	
224	1	C	6	N	2500	0	1	189	91	14	10	11	0	0	0	0	0	0	0	0	0	0	0	0	17214911	
225	1	C	6	N	2500	0	1	187	93	15	10	12	0	0	0	0	0	0	0	0	0	0	0	0	17215020	
226	1	C	6	N	2500	0	40	295	98	19	11	16	0	0	0	0	0	0	0	0	0	0	0	0	17215301	
227	1	C	6	N	2500	0	40	232	113	18	12	18	0	0	0	0	0	0	0	0	0	0	0	0	17215504	
228	1	C	6	N	2500	0	1	96	18	1	1	2	0	0	0	0	0	0	0	0	0	0	0	0	17216019	
229	1	C	6	N	2500	0	40	213	111	19	12	16	0	0	0	0	0	0	0	0	0	0	0	0	17216253	
230	1	C	6	N	2500	0	40	207	120	21	15	17	0	0	0	0	0	0	0	0	0	0	0	0	17216814	
231	1	C	6	N	2500	0	1	217	92	15	10	13	0	0	0	0	0	0	0	0	0	0	0	0	17217142	
232	1	C	6	N	2500	0	40	230	109	18	13	16	0	0	0	0	0	0	0	0	0	0	0	0	17217189	
233	1	C	6	N	2500	0	40	317	113	17	11	18	0	0	0	0	0	0	0	0	0	0	0	0	17217454	
234	1	C	6	N	2500	0	40	401	168	28	15	19	0	0	0	0	0	0	0	0	0	0	0	0	17217579	
235	1	C	6	N	2500	0	1	165	103	24	13	16	0	0	0	0	0	0	0	0	0	0	0	0	17217688	
236	1	C	6	N	2500	0	1	180	88	13	7	11	0	0	0	0	0	0	0	0	0	0	0	0	17217906	
237	1	C	6	N	2500	0	40	284	100	20	10	16	0	0	0	0	0	0	0	0	0	0	0	0	17217922	
238	1	C	6	N	2500	0	1	210	77	14	8	11	0	0	0	0	0	0	0	0	0	0	0	0	17218312	
239	1	C	6	N	2500	0	40	229	116	19	12	17	0	0	0	0	0	0	0	0	0	0	0	0	17219560	
240	1	C	6	N	2500	0	40	276	140	24	14	16	0	0	0	0	0	0	0	0	0	0	0	0	17219669	
241	1	C	8	N	2500	2	1	200	98	22	13	17	0	0	0	0	0	0	0	0	0	0	0	0	17243662	
242	1	C	8	N	2500	2	1	121	31	3	2	6	0	0	0	0	0	0	0	0	0	0	0	0	17245113	
243	1	C	8	N	2500	2	1	119	41	7	5	7	0	0	0	0	0	0	0	0	0	0	0	0	17245690	
244	1	C	8	N	2500	2	1	160	52	9	7	10	0	0	0	0	0	0	0	0	0	0	0	0	17245690	
245	1	C	8	N	2500	2	1	98	22	3	3	6	0	0	0	0	0	0	0	0	0	0	0	0	17246517	
246	1	C	8	N	2500	2	1	96	18	2	2	5	0	0	0	0	0	0	0	0	0	0	0	0	17246782	
247	1	C	8	N	2500	2	1	199	93	13	8	9	0	0	0	0	0	0	0	0	0	0	0	0	17247234	
248	1	C	8	N	2500	6	40	322	110	17	13	21	0	0	0	0	0	0	0	0	0	0	0	0	17247453	
249	1	C	8	N	2500	2	1	64	29	3	3	3	0	0	0	0	0	0	0	0	0	0	0	0	17247687	
250	1	C	9	N	2500	2	1	104	25	4	3	6	0	0	0	0	0	0	0	0	0	0	0	0	17261602	
251	1	C	9	N	2500	2	1	117	35	4	4	5	0	0	0	0	0	0	0	0	0	0	0	0	17262475	
252	1	C	9	N	2500	2	1	100	31	3	3	6	0	0	0	0	0	0	0	0	0	0	0	0	17263567	
253	1	C	10	N	2500	2	1	189	93	22	11	17	0	0	0	0	0	0	0	0	0	0	0	0	17273208	
254	1	C	10	N	2500	2	1	190	77	10	8	10	0	0	0	0	0	0	0	0	0	0	0	0	17273551	
255	1	C	10	N	2500	6	40	311	111	19	13	15	0	0	0	0	0	0	0	0	0	0	0	0	17273926	
256	1	C	10	N	2500	6	40	199	119	21	14	20	0	0	0	0	0	0	0	0	0	0	0	0	17274300	
257	1	C	10	N	2500	2	1	115	52	9	6	9	0	0	0	0	0	0	0	0	0	0	0	0	17274612	
258	1	C	10	N	2500	33	1	120	52	8	5	7	0	0	0	0	0	0	0	0	0	0	0	0	17274612	
259	1	C	10	N	2500	2	1	124	86	19	12	15	0	0	0	0	0	0	0	0	0	0	0	0	17275174	
260	1	C	10	N	2500	2	1	194	82	11	8	9	0	0	0	0	0	0	0	0	0	0	0	0	17275267	
261	1	C	10	N	2500	2	1	179	109	20	14	14	0	0	0	0	0	0	0	0	0	0	0	0	17275891	
262	1	C	10	N	2500	2	1	206	56	7	5	7	0	0	0	0	0	0	0	0	0	0	0	0	17276406	
263	1	C	10	N	2500	2	1	244	78	14	8	10	0	0	0	0	0	0	0	0	0	0	0	0	17276531	
264	1	C	10	N	2500	6	40	335	123	21	14	17	0	0	0	0	0	0	0	0	0	0	0	0	17276625	
265	1	C	10	N	2500	0	40	276	96	16	10	15	0	0	0	0	0	0	0	0	0	0	0	0	17277498	
266	1	C	10	N	2500	0	40	356	135	26	15	22	0	0	0	0	0	0	0	0	0	0	0	0	17278294	
267	1	C	11	N	2500	2	1	125	78	16	9	12	0	0	0	0	0	0	0	0	0	0	0	0	17287607	
268	1	C	12	N	2500	2	1	199	56	6	4	7	0	0	0	0	0	0	0	0	0	0	0	0	17301319	
269	1	C	12	N	2500	2	1	283	77	11	9	15	0	0	0	0	0	0	0	0	0	0	0	0	17302053	
270	1	C	12	N	2500	2	1	176	72	12	8	13	0	0	0	0	0	0	0	0	0	0	0	0	17303316	
271	1	C	12	N	2500	2	1	116	46	7	4	6	0	0	0	0	0	0	0	0	0	0	0	0	17303753	
272	1	C	12	N	2500	2	1	103	55	11	7	8	0	0	0	0	0	0	0	0	0	0	0	0	17304034	
273	1	C	12	N	2500	6	40	307	98	17	11	14	0	0	0	0	0	0	0	0	0	0	0	0	17304221	
274	1	C	12	N	2500	6	40	270	93	16	9	13	0	0	0	0	0	0	0	0	0	0	0	0	17304346	
275	1	C	12	N	2500	6	40	189	112	18	13	18	0	0	0	0	0	0	0	0	0	0	0	0	17304424	
276	1	C	12	N	2500	0	1	227	68	9	6	10	0	0	0	0	0	0	0	0	0	0	0	0	17304689	
277	1	C	12	N	2500	0	40	240	99	18	9	13	0	0	0	0	0	0	0	0	0	0	0	0	17304705	
278	1	C	12	N	2500	0	1	147	90	13	10	13	0	0	0	0	0	0	0	0	0	0	0	0	17304923	
279	1	C	12	N	2500	0	40	299	106	19	12	16	0	0	0	0	0	0	0	0	0	0	0	0	17304954	
280	1	C	12	N	2500	0	1	204	56	8	7	12	0	0	0	0	0	0	0	0	0	0	0	0	17304970	
281	1	C	12	N	2500	0	40	366	119	19	14	16	0	0	0	0	0	0	0	0	0	0	0	0	17305375	
282	1	C	12	N	2500	0	1	246	81	14	9	13	0	0	0	0	0	0	0	0	0	0	0	0	17305485	
283	1	C	12	N	2500	0	40	214	115	19	12	14	0	0	0	0	0	0	0	0	0	0	0	0	17305641	
284	1	C	12	N	2500	0	1	65	18	3	3	4	0	0	0	0	0	0	0	0	0	0	0	0	17306826	
285	1	D	1	N	2500	6	40	326	109	14	8	12	0	0	0	0	0	0	0	0	0	0	0	0	17320757	
286	1	D	2	N	2500	6	40	339	127	22	14	22	0	0	0	0	0	0	0	0	0	0	0	0	17331038	
287	1	D	2	N	2500	6	40	275	132	22	16	24	0	0	0	0	0	0	0	0	0	0	0	0	17331147	
288	1	D	2	N	2500	6	40	211	125	25	17	23	0	0	0	0	0	0	0	0	0	0	0	0	17331334	
289	1	D	2	N	2500	0	1	54	23	4	4	5	0	0	0	0	0	0	0	0	0	0	0	0	17331896	
290	1	D	2	N	2500	0	40	328	120	21	13	15	0	0	0	0	0	0	0	0	0	0	0	0	17331911	
291	1	D	2	N	2500	0	40	314	116	19	13	17	0	0	0	0	0	0	0	0	0	0	0	0	17331989	
292	1	D	2	N	2500	0	40	185	118	19	15	21	0	0	0	0	0	0	0	0	0	0	0	0	17332145	
293	1	D	2	N	2500	0	40	265	131	28	17	23	0	0	0	0	0	0	0	0	0	0	0	0	17332707	
294	1	D	2	N	2500	0	1	183	111	19	13	17	0	0	0	0	0	0	0	0	0	0	0	0	17332769	
295	1	D	2	N	2500	0	40	391	147	23	16	18	0	0	0	0	0	0	0	0	0	0	0	0	17332894	
296	1	D	2	N	2500	0	40	245	112	20	13	19	0	0	0	0	0	0	0	0	0	0	0	0	17333190	
297	1	D	2	N	2500	0	40	197	130	23	15	18	0	0	0	0	0	0	0	0	0	0	0	0	17333222	
298	1	D	2	N	2500	0	40	298	141	26	19	26	0	0	0	0	0	0	0	0	0	0	0	0	17333424	
299	1	D	2	N	2500	0	40	284	140	27	16	19	0	0	0	0	0	0	0	0	0	0	0	0	17333471	
300	1	D	2	N	2500	0	40	220	126	24	16	22	0	0	0	0	0	0	0	0	0	0	0	0	17333487	
301	1	D	2	N	2500	0	40	287	153	28	15	22	0	0	0	0	0	0	0	0	0	0	0	0	17333674	
302	1	D	2	N	2500	0	40	290	129	25	16	20	0	0	0	0	0	0	0	0	0	0	0	0	17334251	
303	1	D	2	N	2500	0	1	229	59	8	6	8	0	0	0	0	0	0	0	0	0	0	0	0	17335078	
304	1	D	2	N	2500	0	1	144	105	19	12	15	0	0	0	0	0	0	0	0	0	0	0	0	17335390	
305	1	D	2	N	2500	0	40	352	141	28	16	18	0	0	0	0	0	0	0	0	0	0	0	0	17335655	
306	1	D	2	N	2500	0	1	63	12	3	3	7	0	0	0	0	0	0	0	0	0	0	0	0	17335780	
307	1	D	2	N	2500	0	40	353	118	18	12	18	0	0	0	0	0	0	0	0	0	0	0	0	17336123	
308	1	D	2	N	2500	0	40	272	111	19	14	19	0	0	0	0	0	0	0	0	0	0	0	0	17336232	
309	1	D	2	N	2500	0	1	85	40	5	3	4	0	0	0	0	0	0	0	0	0	0	0	0	17336342	
310	1	D	2	N	2500	0	40	316	98	14	9	11	0	0	0	0	0	0	0	0	0	0	0	0	17337231	
311	1	D	2	N	2500	0	40	370	147	23	15	20	0	0	0	0	0	0	0	0	0	0	0	0	17337527	
312	1	D	3	N	2500	2	2	292	100	13	9	10	0	0	0	0	0	0	0	0	0	0	0	0	17348260	
313	1	D	3	N	2500	6	40	225	124	21	13	18	0	0	0	0	0	0	0	0	0	0	0	0	17349149	
314	1	D	4	N	2500	2	1	212	96	17	10	14	0	0	0	0	0	0	0	0	0	0	0	0	17359414	
315	1	D	4	N	2500	6	40	195	119	22	15	18	0	0	0	0	0	0	0	0	0	0	0	0	17359554	
316	1	D	4	N	2500	6	40	249	120	19	12	18	0	0	0	0	0	0	0	0	0	0	0	0	17359960	
317	1	D	4	N	2500	6	40	319	114	19	13	17	0	0	0	0	0	0	0	0	0	0	0	0	17361286	
318	1	D	4	N	2500	0	40	253	121	18	13	17	0	0	0	0	0	0	0	0	0	0	0	0	17361582	
319	1	D	4	N	2500	0	40	356	112	17	12	16	0	0	0	0	0	0	0	0	0	0	0	0	17362534	
320	1	D	4	N	2500	0	1	218	60	6	5	7	0	0	0	0	0	0	0	0	0	0	0	0	17363205	
321	1	D	4	N	2500	0	40	277	92	14	10	15	0	0	0	0	0	0	0	0	0	0	0	0	17363236	
322	1	D	4	N	2500	0	40	292	117	19	14	19	0	0	0	0	0	0	0	0	0	0	0	0	17363376	
323	1	D	4	N	2500	0	1	252	67	10	7	11	0	0	0	0	0	0	0	0	0	0	0	0	17363704	
324	1	D	4	N	2500	0	40	303	97	18	11	17	0	0	0	0	0	0	0	0	0	0	0	0	17364047	
325	1	D	4	N	2500	0	1	208	105	19	13	19	0	0	0	0	0	0	0	0	0	0	0	0	17364328	
326	1	D	4	N	2500	0	2	273	89	12	9	14	0	0	0	0	0	0	0	0	0	0	0	0	17364359	
327	1	D	4	N	2500	0	1	157	72	14	9	14	0	0	0	0	0	0	0	0	0	0	0	0	17364406	
328	1	D	4	N	2500	0	40	204	115	21	13	19	0	0	0	0	0	0	0	0	0	0	0	0	17365108	
329	1	D	4	N	2500	0	1	125	60	7	5	9	0	0	0	0	0	0	0	0	0	0	0	0	17365482	
330	1	D	5	N	2500	2	1	241	69	8	6	9	0	0	0	0	0	0	0	0	0	0	0	0	17377479	
331	1	D	5	N	2500	2	1	138	61	8	8	13	0	0	0	0	0	0	0	0	0	0	0	0	17378586	
332	1	D	6	N	2500	2	1	160	99	14	9	13	0	0	0	0	0	0	0	0	0	0	0	0	17388258	
333	1	D	6	N	2500	2	1	181	106	18	13	16	0	0	0	0	0	0	0	0	0	0	0	0	17389959	
334	1	D	6	N	2500	6	40	303	109	20	12	18	0	0	0	0	0	0	0	0	0	0	0	0	17390099	
335	1	D	6	N	2500	2	1	72	21	6	1	2	0	0	0	0	0	0	0	0	0	0	0	0	17390162	
336	1	D	6	N	2500	6	40	302	115	21	12	17	0	0	0	0	0	0	0	0	0	0	0	0	17390318	
337	1	D	6	N	2500	6	40	197	120	21	17	21	0	0	0	0	0	0	0	0	0	0	0	0	17390723	
338	1	D	6	N	2500	0	1	260	82	11	8	12	0	0	0	0	0	0	0	0	0	0	0	0	17390801	
339	1	D	6	N	2500	0	40	307	111	18	12	18	0	0	0	0	0	0	0	0	0	0	0	0	17390817	
340	1	D	6	N	2500	0	40	244	101	18	14	18	0	0	0	0	0	0	0	0	0	0	0	0	17391051	
341	1	D	6	N	2500	0	40	336	141	27	18	23	0	0	0	0	0	0	0	0	0	0	0	0	17391300	
342	1	D	6	N	2500	0	40	260	104	23	14	19	0	0	0	0	0	0	0	0	0	0	0	0	17391737	
343	1	D	6	N	2500	0	1	156	32	2	2	4	0	0	0	0	0	0	0	0	0	0	0	0	17391831	
344	1	D	6	N	2500	0	40	373	143	28	15	20	0	0	0	0	0	0	0	0	0	0	0	0	17392065	
345	1	D	6	N	2500	0	40	341	119	21	11	17	0	0	0	0	0	0	0	0	0	0	0	0	17392829	
346	1	D	6	N	2500	0	40	346	105	16	10	15	0	0	0	0	0	0	0	0	0	0	0	0	17392907	
347	1	D	6	N	2500	0	40	367	151	24	14	19	0	0	0	0	0	0	0	0	0	0	0	0	17393094	
348	1	D	6	N	2500	0	40	216	123	19	15	19	0	0	0	0	0	0	0	0	0	0	0	0	17393235	
349	1	D	6	N	2500	0	1	211	95	18	12	14	0	0	0	0	0	0	0	0	0	0	0	0	17393297	
350	1	D	6	N	2500	0	40	281	151	25	19	23	0	0	0	0	0	0	0	0	0	0	0	0	17393406	
351	1	D	6	N	2500	0	1	140	83	16	10	13	0	0	0	0	0	0	0	0	0	0	0	0	17393406	
352	1	D	6	N	2500	0	40	266	120	20	14	22	0	0	0	0	0	0	0	0	0	0	0	0	17393843	
353	1	D	6	N	2500	0	1	228	88	16	9	9	0	0	0	0	0	0	0	0	0	0	0	0	17393921	
354	1	D	6	N	2500	0	40	316	121	20	13	18	0	0	0	0	0	0	0	0	0	0	0	0	17393921	
355	1	D	6	N	2500	0	40	235	112	17	11	16	0	0	0	0	0	0	0	0	0	0	0	0	17394140	
356	1	D	6	N	2500	0	40	219	138	30	17	19	0	0	0	0	0	0	0	0	0	0	0	0	17394483	
357	1	D	8	N	2500	6	40	359	124	19	13	20	0	0	0	0	0	0	0	0	0	0	0	0	17417758	
358	1	D	8	N	2500	2	1	161	96	15	10	13	0	0	0	0	0	0	0	0	0	0	0	0	17418335	
359	1	D	8	N	2500	2	2	276	92	13	9	12	0	0	0	0	0	0	0	0	0	0	0	0	17419786	
360	1	D	8	N	2500	2	1	186	91	16	9	12	0	0	0	0	0	0	0	0	0	0	0	0	17419848	
361	1	D	8	N	2500	6	40	196	116	22	12	13	0	0	0	0	0	0	0	0	0	0	0	0	17419942	
362	1	D	8	N	2500	6	40	333	107	18	12	18	0	0	0	0	0	0	0	0	0	0	0	0	17420270	
363	1	D	8	N	2500	0	40	359	122	22	12	20	0	0	0	0	0	0	0	0	0	0	0	0	17420301	
364	1	D	8	N	2500	0	1	114	23	3	3	5	0	0	0	0	0	0	0	0	0	0	0	0	17420426	
365	1	D	8	N	2500	0	1	193	94	14	9	10	0	0	0	0	0	0	0	0	0	0	0	0	17420457	
366	1	D	8	N	2500	0	40	233	108	20	13	16	0	0	0	0	0	0	0	0	0	0	0	0	17420504	
367	1	D	8	N	2500	0	40	271	124	20	14	17	0	0	0	0	0	0	0	0	0	0	0	0	17420613	
368	1	D	8	N	2500	0	40	302	87	16	10	14	0	0	0	0	0	0	0	0	0	0	0	0	17421736	
369	1	D	8	N	2500	0	40	265	118	18	12	13	0	0	0	0	0	0	0	0	0	0	0	0	17421767	
370	1	D	8	N	2500	0	1	60	21	2	3	4	0	0	0	0	0	0	0	0	0	0	0	0	17421783	
371	1	D	8	N	2500	0	40	321	114	21	12	19	0	0	0	0	0	0	0	0	0	0	0	0	17421798	
372	1	D	8	N	2500	0	1	275	80	11	7	11	0	0	0	0	0	0	0	0	0	0	0	0	17422142	
373	1	D	8	N	2500	0	1	150	77	14	9	13	0	0	0	0	0	0	0	0	0	0	0	0	17422313	
374	1	D	8	N	2500	0	40	336	111	16	11	17	0	0	0	0	0	0	0	0	0	0	0	0	17422391	
375	1	D	8	N	2500	0	1	76	24	2	2	2	0	0	0	0	0	0	0	0	0	0	0	0	17422438	
376	1	D	8	N	2500	0	40	338	124	21	14	19	0	0	0	0	0	0	0	0	0	0	0	0	17422563	
377	1	D	8	N	2500	0	40	333	113	15	12	17	0	0	0	0	0	0	0	0	0	0	0	0	17422766	
378	1	D	8	N	2500	0	1	129	62	7	5	7	0	0	0	0	0	0	0	0	0	0	0	0	17424185	
379	1	D	9	N	2500	2	1	167	81	13	9	13	0	0	0	0	0	0	0	0	0	0	0	0	17431580	
380	1	D	9	N	2500	2	1	67	18	2	1	4	0	0	0	0	0	0	0	0	0	0	0	0	17431736	
381	1	D	9	N	2500	2	1	180	98	13	9	11	0	0	0	0	0	0	0	0	0	0	0	0	17433655	
382	1	D	9	N	2500	2	1	50	12	1	1	2	0	0	0	0	0	0	0	0	0	0	0	0	17436197	
383	1	D	10	N	2500	2	1	255	87	11	6	9	0	0	0	0	0	0	0	0	0	0	0	0	17446322	
384	1	D	10	N	2500	2	1	131	29	3	3	4	0	0	0	0	0	0	0	0	0	0	0	0	17448490	
385	1	D	10	N	2500	6	40	269	99	15	10	13	0	0	0	0	0	0	0	0	0	0	0	0	17448599	
386	1	D	10	N	2500	2	1	156	75	10	7	12	0	0	0	0	0	0	0	0	0	0	0	0	17448615	
387	1	D	10	N	2500	2	1	206	74	8	6	10	0	0	0	0	0	0	0	0	0	0	0	0	17450081	
388	1	D	10	N	2500	2	1	173	91	17	11	13	0	0	0	0	0	0	0	0	0	0	0	0	17450191	
389	1	D	10	N	2500	2	1	174	63	8	6	8	0	0	0	0	0	0	0	0	0	0	0	0	17450612	
390	1	D	10	N	2500	2	1	224	85	11	9	9	0	0	0	0	0	0	0	0	0	0	0	0	17450830	
391	1	D	10	N	2500	2	1	249	67	8	6	10	0	0	0	0	0	0	0	0	0	0	0	0	17452265	
392	1	D	12	N	2500	6	40	313	109	16	10	14	0	0	0	0	0	0	0	0	0	0	0	0	17474963	
393	1	D	12	N	2500	2	1	185	104	18	11	12	0	0	0	0	0	0	0	0	0	0	0	0	17475213	
394	1	D	12	N	2500	2	1	190	84	13	10	13	0	0	0	0	0	0	0	0	0	0	0	0	17476009	
395	1	D	12	N	2500	2	1	255	71	9	7	10	0	0	0	0	0	0	0	0	0	0	0	0	17476305	
396	1	D	12	N	2500	2	1	126	74	9	7	9	0	0	0	0	0	0	0	0	0	0	0	0	17476336	
397	1	D	12	N	2500	6	40	250	115	18	13	15	0	0	0	0	0	0	0	0	0	0	0	0	17476586	
398	1	D	12	N	2500	6	40	331	123	22	13	18	0	0	0	0	0	0	0	0	0	0	0	0	17476742	
399	1	D	12	N	2500	0	1	84	37	7	6	10	0	0	0	0	0	0	0	0	0	0	0	0	17477366	
400	1	D	12	N	2500	0	40	298	105	16	11	15	0	0	0	0	0	0	0	0	0	0	0	0	17477522	
401	1	D	12	N	2500	0	40	252	108	22	12	14	0	0	0	0	0	0	0	0	0	0	0	0	17477693	
402	1	D	12	N	2500	0	40	314	95	16	9	16	0	0	0	0	0	0	0	0	0	0	0	0	17478380	
403	1	D	12	N	2500	0	1	78	47	7	5	8	0	0	0	0	0	0	0	0	0	0	0	0	17479004	
404	1	D	12	N	2500	0	40	279	92	16	8	10	0	0	0	0	0	0	0	0	0	0	0	0	17479035	
405	1	D	12	N	2500	0	1	165	89	11	8	10	0	0	0	0	0	0	0	0	0	0	0	0	17479238	
406	1	D	12	N	2500	0	40	277	120	20	14	17	0	0	0	0	0	0	0	0	0	0	0	0	17479425	
407	1	D	12	N	2500	0	40	247	118	18	13	18	0	0	0	0	0	0	0	0	0	0	0	0	17479519	
408	1	D	12	N	2500	0	40	202	124	20	13	17	0	0	0	0	0	0	0	0	0	0	0	0	17479643	
409	1	D	12	N	2500	0	40	307	106	18	11	13	0	0	0	0	0	0	0	0	0	0	0	0	17479706	
410	1	D	12	N	2500	0	1	164	109	19	11	15	0	0	0	0	0	0	0	0	0	0	0	0	17479893	
411	1	D	12	N	2500	0	40	229	125	22	14	17	0	0	0	0	0	0	0	0	0	0	0	0	17479940	
412	1	D	12	N	2500	0	40	311	108	16	10	14	0	0	0	0	0	0	0	0	0	0	0	0	17479971	
413	1	D	12	N	2500	0	1	257	70	8	5	6	0	0	0	0	0	0	0	0	0	0	0	0	17480189	
414	1	D	12	N	2500	0	40	341	127	19	12	16	0	0	0	0	0	0	0	0	0	0	0	0	17480642	
415	1	D	12	N	2500	0	1	239	66	8	6	8	0	0	0	0	0	0	0	0	0	0	0	0	17480673	
416	1	D	12	N	2500	0	40	267	123	19	11	16	0	0	0	0	0	0	0	0	0	0	0	0	17480923	
417	1	D	12	N	2500	0	40	287	94	18	10	13	0	0	0	0	0	0	0	0	0	0	0	0	17481157	
418	1	D	12	N	2500	0	1	187	85	13	9	12	0	0	0	0	0	0	0	0	0	0	0	0	17481640	
419	1	D	12	N	2500	0	1	178	51	6	5	7	0	0	0	0	0	0	0	0	0	0	0	0	17481687	
420	1	D	12	N	2500	0	1	247	64	10	5	10	0	0	0	0	0	0	0	0	0	0	0	0	17482327	
421	1	E	1	N	2500	6	40	327	105	19	11	13	0	0	0	0	0	0	0	0	0	0	0	0	17492201	
422	1	E	1	N	2500	2	1	187	84	14	8	10	0	0	0	0	0	0	0	0	0	0	0	0	17493434	
423	1	E	2	N	2500	2	1	237	76	12	7	11	0	0	0	0	0	0	0	0	0	0	0	0	17505961	
424	1	E	2	N	2500	6	40	279	105	17	11	15	0	0	0	0	0	0	0	0	0	0	0	0	17507115	
425	1	E	2	N	2500	2	1	173	109	20	12	14	0	0	0	0	0	0	0	0	0	0	0	0	17508503	
426	1	E	2	N	2500	2	1	84	22	3	3	7	0	0	0	0	0	0	0	0	0	0	0	0	17509221	
427	1	E	2	N	2500	2	1	257	82	11	7	11	0	0	0	0	0	0	0	0	0	0	0	0	17509658	
428	1	E	2	N	2500	2	1	95	43	7	4	6	0	0	0	0	0	0	0	0	0	0	0	0	17509954	
429	1	E	2	N	2500	33	1	87	36	6	5	6	0	0	0	0	0	0	0	0	0	0	0	0	17509954	
430	1	E	2	N	2500	6	40	283	106	21	12	16	0	0	0	0	0	0	0	0	0	0	0	0	17510126	
431	1	E	2	N	2500	6	40	212	110	19	12	12	0	0	0	0	0	0	0	0	0	0	0	0	17510453	
432	1	E	4	N	2500	6	40	292	107	20	11	14	0	0	0	0	0	0	0	0	0	0	0	0	17535757	
433	1	E	4	N	2500	2	1	238	67	10	6	8	0	0	0	0	0	0	0	0	0	0	0	0	17536583	
434	1	E	4	N	2500	2	1	156	66	10	6	6	0	0	0	0	0	0	0	0	0	0	0	0	17537036	
435	1	E	4	N	2500	6	40	333	103	14	9	12	0	0	0	0	0	0	0	0	0	0	0	0	17537239	
436	1	E	4	N	2500	2	1	208	80	11	7	9	0	0	0	0	0	0	0	0	0	0	0	0	17537754	
437	1	E	4	N	2500	2	1	168	39	7	6	8	0	0	0	0	0	0	0	0	0	0	0	0	17538050	
438	1	E	4	N	2500	2	1	155	39	7	5	7	0	0	0	0	0	0	0	0	0	0	0	0	17538050	
439	1	E	4	N	2500	2	1	178	71	8	6	9	0	0	0	0	0	0	0	0	0	0	0	0	17538144	
440	1	E	4	N	2500	2	1	163	39	3	2	4	0	0	0	0	0	0	0	0	0	0	0	0	17538627	
441	1	E	4	N	2500	2	1	152	81	10	9	11	0	0	0	0	0	0	0	0	0	0	0	0	17538830	
442	1	E	4	N	2500	2	1	270	83	10	7	10	0	0	0	0	0	0	0	0	0	0	0	0	17538986	
443	1	E	4	N	2500	2	1	259	82	10	7	9	0	0	0	0	0	0	0	0	0	0	0	0	17539282	
444	1	E	4	N	2500	2	1	112	50	40	48	74	0	0	0	0	0	0	0	0	0	0	0	0	17541092	
445	1	E	5	N	2500	2	1	55	12	1	1	2	0	0	0	0	0	0	0	0	0	0	0	0	17555865	
446	1	E	6	N	2500	6	40	295	96	19	12	16	0	0	0	0	0	0	0	0	0	0	0	0	17563509	
447	1	E	6	N	2500	2	1	53	19	5	2	2	0	0	0	0	0	0	0	0	0	0	0	0	17563712	
448	1	E	6	N	2500	2	1	198	71	8	5	6	0	0	0	0	0	0	0	0	0	0	0	0	17564570	
449	1	E	6	N	2500	2	1	158	118	21	13	14	0	0	0	0	0	0	0	0	0	0	0	0	17565397	
450	1	E	6	N	2500	2	1	218	69	11	7	8	0	0	0	0	0	0	0	0	0	0	0	0	17565506	
451	1	E	6	N	2500	2	1	211	81	18	10	12	0	0	0	0	0	0	0	0	0	0	0	0	17566317	
452	1	E	6	N	2500	2	1	108	53	9	7	7	0	0	0	0	0	0	0	0	0	0	0	0	17566879	
453	1	E	6	N	2500	6	40	286	113	20	14	18	0	0	0	0	0	0	0	0	0	0	0	0	17567284	
454	1	E	6	N	2500	6	40	253	99	20	10	14	0	0	0	0	0	0	0	0	0	0	0	0	17568142	
455	1	E	6	N	2500	0	40	177	122	25	15	18	0	0	0	0	0	0	0	0	0	0	0	0	17568642	
456	1	E	6	N	2500	0	40	208	113	21	12	13	0	0	0	0	0	0	0	0	0	0	0	0	17568751	
457	1	E	6	N	2500	0	1	194	92	22	13	15	0	0	0	0	0	0	0	0	0	0	0	0	17569047	
458	1	E	6	N	2500	0	1	180	89	14	8	10	0	0	0	0	0	0	0	0	0	0	0	0	17569562	
459	1	E	7	N	2500	2	1	50	10	1	1	1	0	0	0	0	0	0	0	0	0	0	0	0	17577502	
460	1	E	7	N	2500	6	40	297	106	21	13	18	0	0	0	0	0	0	0	0	0	0	0	0	17579078	
461	1	E	8	N	2500	2	1	200	76	9	7	10	0	0	0	0	0	0	0	0	0	0	0	0	17593180	
462	1	E	8	N	2500	6	40	331	135	26	14	22	0	0	0	0	0	0	0	0	0	0	0	0	17594210	
463	1	E	8	N	2500	6	40	316	122	19	13	16	0	0	0	0	0	0	0	0	0	0	0	0	17594538	
464	1	E	8	N	2500	6	40	200	118	21	12	16	0	0	0	0	0	0	0	0	0	0	0	0	17594678	
465	1	E	8	N	2500	0	1	90	23	3	2	4	0	0	0	0	0	0	0	0	0	0	0	0	17594803	
466	1	E	8	N	2500	0	40	416	144	20	15	25	0	0	0	0	0	0	0	0	0	0	0	0	17594850	
467	1	E	8	N	2500	0	1	156	53	7	5	6	0	0	0	0	0	0	0	0	0	0	0	0	17594974	
468	1	E	8	N	2500	0	40	319	121	20	13	20	0	0	0	0	0	0	0	0	0	0	0	0	17595380	
469	1	E	8	N	2500	0	40	188	112	17	13	16	0	0	0	0	0	0	0	0	0	0	0	0	17595676	
470	1	E	8	N	2500	0	40	354	137	24	17	29	0	0	0	0	0	0	0	0	0	0	0	0	17595895	
471	1	E	8	N	2500	0	1	125	51	9	6	12	0	0	0	0	0	0	0	0	0	0	0	0	17595973	
472	1	E	8	N	2500	0	40	397	160	27	17	23	0	0	0	0	0	0	0	0	0	0	0	0	17596254	
473	1	E	8	N	2500	0	40	278	89	14	9	15	0	0	0	0	0	0	0	0	0	0	0	0	17596410	
474	1	E	8	N	2500	0	1	210	59	7	5	8	0	0	0	0	0	0	0	0	0	0	0	0	17596410	
475	1	E	8	N	2500	0	1	259	77	12	7	11	0	0	0	0	0	0	0	0	0	0	0	0	17596425	
476	1	E	8	N	2500	0	1	211	100	13	9	11	0	0	0	0	0	0	0	0	0	0	0	0	17596534	
477	1	E	8	N	2500	0	1	254	91	16	12	15	0	0	0	0	0	0	0	0	0	0	0	0	17596550	
478	1	E	8	N	2500	0	40	335	126	23	14	20	0	0	0	0	0	0	0	0	0	0	0	0	17596597	
479	1	E	8	N	2500	0	1	55	16	1	1	1	0	0	0	0	0	0	0	0	0	0	0	0	17597018	
480	1	E	8	N	2500	0	1	75	21	2	1	3	0	0	0	0	0	0	0	0	0	0	0	0	17597236	
481	1	E	8	N	2500	0	40	281	123	23	14	20	0	0	0	0	0	0	0	0	0	0	0	0	17597564	
482	1	E	8	N	2500	0	40	257	98	17	10	13	0	0	0	0	0	0	0	0	0	0	0	0	17597642	
483	1	E	8	N	2500	0	1	230	81	12	8	14	0	0	0	0	0	0	0	0	0	0	0	0	17597736	
484	1	E	8	N	2500	0	1	198	56	7	5	10	0	0	0	0	0	0	0	0	0	0	0	0	17598562	
485	1	E	9	N	2500	2	1	241	96	14	10	16	0	0	0	0	0	0	0	0	0	0	0	0	17611276	
486	1	E	10	N	2500	6	40	269	120	27	17	26	0	0	0	0	0	0	0	0	0	0	0	0	17621541	
487	1	E	10	N	2500	6	40	382	148	26	15	21	0	0	0	0	0	0	0	0	0	0	0	0	17622009	
488	1	E	10	N	2500	2	1	211	90	19	13	17	0	0	0	0	0	0	0	0	0	0	0	0	17622025	
489	1	E	10	N	2500	6	40	326	106	16	11	16	0	0	0	0	0	0	0	0	0	0	0	0	17622789	
490	1	E	10	N	2500	0	40	289	119	23	13	20	0	0	0	0	0	0	0	0	0	0	0	0	17622961	
491	1	E	10	N	2500	0	1	205	69	12	8	11	0	0	0	0	0	0	0	0	0	0	0	0	17622992	
492	1	E	10	N	2500	0	40	211	134	21	16	23	0	0	0	0	0	0	0	0	0	0	0	0	17623242	
493	1	E	10	N	2500	0	40	192	118	25	14	16	0	0	0	0	0	0	0	0	0	0	0	0	17623850	
494	1	E	10	N	2500	0	40	250	123	21	13	17	0	0	0	0	0	0	0	0	0	0	0	0	17624178	
495	1	E	10	N	2500	0	40	301	123	20	12	17	0	0	0	0	0	0	0	0	0	0	0	0	17624224	
496	1	E	10	N	2500	0	40	299	114	18	12	16	0	0	0	0	0	0	0	0	0	0	0	0	17624474	
497	1	E	10	N	2500	0	40	322	118	20	14	23	0	0	0	0	0	0	0	0	0	0	0	0	17624536	
498	1	E	10	N	2500	0	40	203	114	20	13	18	0	0	0	0	0	0	0	0	0	0	0	0	17624552	
499	1	E	10	N	2500	0	40	339	137	25	16	22	0	0	0	0	0	0	0	0	0	0	0	0	17624848	
500	1	E	10	N	2500	0	40	301	117	23	13	17	0	0	0	0	0	0	0	0	0	0	0	0	17624911	
501	1	E	10	N	2500	0	40	300	96	15	10	15	0	0	0	0	0	0	0	0	0	0	0	0	17625519	
502	1	E	10	N	2500	0	40	321	129	20	14	16	0	0	0	0	0	0	0	0	0	0	0	0	17625613	
503	1	E	10	N	2500	0	40	340	112	17	12	18	0	0	0	0	0	0	0	0	0	0	0	0	17625613	
504	1	E	10	N	2500	0	40	344	139	27	15	18	0	0	0	0	0	0	0	0	0	0	0	0	17625706	
505	1	E	10	N	2500	0	40	188	124	21	15	20	0	0	0	0	0	0	0	0	0	0	0	0	17625769	
506	1	E	10	N	2500	0	1	56	14	1	1	2	0	0	0	0	0	0	0	0	0	0	0	0	17626143	
507	1	E	10	N	2500	0	40	298	97	14	8	16	0	0	0	0	0	0	0	0	0	0	0	0	17626268	
508	1	E	10	N	2500	0	1	120	23	3	2	4	0	0	0	0	0	0	0	0	0	0	0	0	17626455	
509	1	E	10	N	2500	0	1	161	45	7	5	7	0	0	0	0	0	0	0	0	0	0	0	0	17626455	
510	1	E	10	N	2500	0	40	278	113	21	14	19	0	0	0	0	0	0	0	0	0	0	0	0	17626564	
511	1	E	10	N	2500	0	40	272	143	22	16	21	0	0	0	0	0	0	0	0	0	0	0	0	17626658	
512	1	E	10	N	2500	0	40	327	121	21	15	20	0	0	0	0	0	0	0	0	0	0	0	0	17626798	
513	1	E	10	N	2500	0	1	204	58	8	5	6	0	0	0	0	0	0	0	0	0	0	0	0	17627407	
514	1	E	11	N	2500	2	1	63	14	1	1	2	0	0	0	0	0	0	0	0	0	0	0	0	17635098	
515	1	E	12	N	2500	2	1	100	110	27	1	1	0	0	0	0	0	0	0	0	0	0	0	0	17650963	
516	1	E	12	N	2500	2	1	64	18	2	2	3	0	0	0	0	0	0	0	0	0	0	0	0	17651337	
517	1	E	12	N	2500	2	1	158	58	8	5	7	0	0	0	0	0	0	0	0	0	0	0	0	17651774	
518	1	E	12	N	2500	6	40	312	113	15	10	14	0	0	0	0	0	0	0	0	0	0	0	0	17652866	
519	1	E	12	N	2500	2	1	53	9	3	3	5	0	0	0	0	0	0	0	0	0	0	0	0	17652913	
520	1	E	12	N	2500	2	1	56	22	2	2	3	0	0	0	0	0	0	0	0	0	0	0	0	17654379	
521	1	E	12	N	2500	2	1	227	58	7	4	7	0	0	0	0	0	0	0	0	0	0	0	0	17654379	
522	1	E	12	N	2500	2	1	138	96	15	10	12	0	0	0	0	0	0	0	0	0	0	0	0	17654972	
523	1	E	12	N	2500	6	40	227	110	20	11	14	0	0	0	0	0	0	0	0	0	0	0	0	17655175	
524	1	E	12	N	2500	2	1	138	37	4	3	6	0	0	0	0	0	0	0	0	0	0	0	0	17656158	
525	1	E	12	N	2500	2	1	51	18	1	1	2	0	0	0	0	0	0	0	0	0	0	0	0	17656844	
526	1	F	1	N	2500	2	1	51	8	3	1	2	0	0	0	0	0	0	0	0	0	0	0	0	17669277	
527	1	F	1	N	2500	33	1	85	16	5	2	3	0	0	0	0	0	0	0	0	0	0	0	0	17669277	
528	1	F	1	N	2500	33	1	88	16	6	2	3	0	0	0	0	0	0	0	0	0	0	0	0	17669277	
529	1	F	1	N	2500	2	1	146	106	19	12	14	0	0	0	0	0	0	0	0	0	0	0	0	17670822	
530	1	F	2	N	2500	2	1	265	88	13	10	15	0	0	0	0	0	0	0	0	0	0	0	0	17680837	
531	1	F	2	N	2500	2	2	116	137	33	1	4	0	0	0	0	0	0	0	0	0	0	0	0	17681477	
532	1	F	2	N	2500	2	1	260	90	14	11	13	0	0	0	0	0	0	0	0	0	0	0	0	17683302	
533	1	F	2	N	2500	6	40	281	104	16	10	14	0	0	0	0	0	0	0	0	0	0	0	0	17683598	
534	1	F	2	N	2500	2	1	174	61	13	9	12	0	0	0	0	0	0	0	0	0	0	0	0	17685033	
535	1	F	2	N	2500	2	1	185	81	13	8	12	0	0	0	0	0	0	0	0	0	0	0	0	17685049	
536	1	F	2	N	2500	2	1	181	83	12	8	12	0	0	0	0	0	0	0	0	0	0	0	0	17685189	
537	1	F	2	N	2500	6	40	307	102	16	10	14	0	0	0	0	0	0	0	0	0	0	0	0	17685361	
538	1	F	2	N	2500	6	40	272	109	17	14	24	0	0	0	0	0	0	0	0	0	0	0	0	17685408	
539	1	F	2	N	2500	0	1	142	76	11	8	11	0	0	0	0	0	0	0	0	0	0	0	0	17685876	
540	1	F	2	N	2500	0	1	171	103	17	11	14	0	0	0	0	0	0	0	0	0	0	0	0	17686219	
541	1	F	2	N	2500	0	1	166	59	7	7	9	0	0	0	0	0	0	0	0	0	0	0	0	17686500	
542	1	F	3	N	2500	6	40	320	128	22	12	19	0	0	0	0	0	0	0	0	0	0	0	0	17696889	
543	1	F	4	N	2500	2	1	64	14	1	1	4	0	0	0	0	0	0	0	0	0	0	0	0	17712162	
544	1	F	4	N	2500	2	1	260	90	12	7	15	0	0	0	0	0	0	0	0	0	0	0	0	17714190	
545	1	F	4	N	2500	2	1	122	53	6	4	5	0	0	0	0	0	0	0	0	0	0	0	0	17715266	
546	1	F	6	N	2500	2	1	148	83	12	8	10	0	0	0	0	0	0	0	0	0	0	0	0	17738791	
547	1	F	6	N	2500	2	1	246	74	9	7	8	0	0	0	0	0	0	0	0	0	0	0	0	17739493	
548	1	F	6	N	2500	6	40	366	136	23	14	16	0	0	0	0	0	0	0	0	0	0	0	0	17740491	
549	1	F	6	N	2500	2	1	186	54	6	5	6	0	0	0	0	0	0	0	0	0	0	0	0	17740866	
550	1	F	6	N	2500	2	1	85	40	40	46	67	0	0	0	0	0	0	0	0	0	0	0	0	17741193	
551	1	F	6	N	2500	2	1	254	74	10	7	10	0	0	0	0	0	0	0	0	0	0	0	0	17741802	
552	1	F	6	N	2500	2	1	197	89	11	8	10	0	0	0	0	0	0	0	0	0	0	0	0	17742020	
553	1	F	6	N	2500	2	1	192	103	18	12	16	0	0	0	0	0	0	0	0	0	0	0	0	17742566	
554	1	F	6	N	2500	6	40	327	127	21	13	20	0	0	0	0	0	0	0	0	0	0	0	0	17742878	
555	1	F	6	N	2500	6	40	346	134	23	12	15	0	0	0	0	0	0	0	0	0	0	0	0	17743003	
556	1	F	6	N	2500	0	1	271	89	12	8	10	0	0	0	0	0	0	0	0	0	0	0	0	17743159	
557	1	F	6	N	2500	0	1	54	10	1	2	3	0	0	0	0	0	0	0	0	0	0	0	0	17743471	
558	1	F	6	N	2500	0	40	321	132	21	14	22	0	0	0	0	0	0	0	0	0	0	0	0	17744048	
559	1	F	6	N	2500	0	40	328	112	19	13	19	0	0	0	0	0	0	0	0	0	0	0	0	17744095	
560	1	F	6	N	2500	0	1	61	13	2	2	3	0	0	0	0	0	0	0	0	0	0	0	0	17744111	
561	1	F	6	N	2500	0	1	152	74	12	8	9	0	0	0	0	0	0	0	0	0	0	0	0	17744189	
562	1	F	6	N	2500	0	1	199	91	16	9	15	0	0	0	0	0	0	0	0	0	0	0	0	17744220	
563	1	F	6	N	2500	0	1	146	64	12	9	10	0	0	0	0	0	0	0	0	0	0	0	0	17744267	
564	1	F	6	N	2500	0	1	258	69	10	7	10	0	0	0	0	0	0	0	0	0	0	0	0	17744267	
565	1	F	6	N	2500	0	1	128	65	9	6	8	0	0	0	0	0	0	0	0	0	0	0	0	17744516	
566	1	F	6	N	2500	0	1	177	71	10	6	11	0	0	0	0	0	0	0	0	0	0	0	0	17745000	
567	1	F	6	N	2500	0	1	166	37	5	3	8	0	0	0	0	0	0	0	0	0	0	0	0	17745093	
568	1	F	8	N	2500	2	1	246	94	17	10	15	0	0	0	0	0	0	0	0	0	0	0	0	17769305	
569	1	F	8	N	2500	6	40	183	115	21	16	21	0	0	0	0	0	0	0	0	0	0	0	0	17770085	
570	1	F	8	N	2500	6	40	285	134	25	13	17	0	0	0	0	0	0	0	0	0	0	0	0	17770366	
571	1	F	8	N	2500	2	1	245	93	17	10	14	0	0	0	0	0	0	0	0	0	0	0	0	17770381	
572	1	F	8	N	2500	2	1	106	43	42	51	76	0	0	0	0	0	0	0	0	0	0	0	0	17770506	
573	1	F	8	N	2500	2	1	137	63	12	8	9	0	0	0	0	0	0	0	0	0	0	0	0	17770880	
574	1	F	8	N	2500	33	1	74	46	7	4	3	0	0	0	0	0	0	0	0	0	0	0	0	17770880	
575	1	F	8	N	2500	6	40	277	130	23	16	21	0	0	0	0	0	0	0	0	0	0	0	0	17771021	
576	1	F	8	N	2500	0	40	318	132	22	15	19	0	0	0	0	0	0	0	0	0	0	0	0	17771114	
577	1	F	8	N	2500	0	40	432	175	32	20	26	0	0	0	0	0	0	0	0	0	0	0	0	17771442	
578	1	F	8	N	2500	0	40	324	144	27	19	26	0	0	0	0	0	0	0	0	0	0	0	0	17771567	
579	1	F	8	N	2500	0	40	397	168	33	19	26	0	0	0	0	0	0	0	0	0	0	0	0	17771754	
580	1	F	8	N	2500	0	1	150	103	18	14	16	0	0	0	0	0	0	0	0	0	0	0	0	17771848	
581	1	F	8	N	2500	0	40	296	106	18	12	14	0	0	0	0	0	0	0	0	0	0	0	0	17771863	
582	1	F	8	N	2500	0	40	236	135	24	14	17	0	0	0	0	0	0	0	0	0	0	0	0	17771910	
583	1	F	8	N	2500	0	40	316	118	22	12	17	0	0	0	0	0	0	0	0	0	0	0	0	17772300	
584	1	F	8	N	2500	0	40	184	123	23	14	19	0	0	0	0	0	0	0	0	0	0	0	0	17772394	
585	1	F	8	N	2500	0	1	237	70	10	6	11	0	0	0	0	0	0	0	0	0	0	0	0	17772409	
586	1	F	8	N	2500	0	40	408	159	27	17	22	0	0	0	0	0	0	0	0	0	0	0	0	17772487	
587	1	F	8	N	2500	0	40	290	114	18	12	15	0	0	0	0	0	0	0	0	0	0	0	0	17772518	
588	1	F	8	N	2500	0	40	403	151	27	15	18	0	0	0	0	0	0	0	0	0	0	0	0	17772862	
589	1	F	8	N	2500	0	40	307	123	23	15	20	0	0	0	0	0	0	0	0	0	0	0	0	17772877	
590	1	F	8	N	2500	0	40	256	108	23	16	22	0	0	0	0	0	0	0	0	0	0	0	0	17773080	
591	1	F	8	N	2500	0	40	305	95	16	11	15	0	0	0	0	0	0	0	0	0	0	0	0	17773579	
592	1	F	8	N	2500	0	1	266	81	10	6	8	0	0	0	0	0	0	0	0	0	0	0	0	17773751	
593	1	F	8	N	2500	0	40	269	139	26	17	22	0	0	0	0	0	0	0	0	0	0	0	0	17774406	
594	1	F	9	N	2500	2	1	86	36	43	53	77	0	0	0	0	0	0	0	0	0	0	0	0	17782003	
595	1	F	10	N	2500	2	1	78	16	2	1	4	0	0	0	0	0	0	0	0	0	0	0	0	17796776	
596	1	F	10	N	2500	2	1	209	79	10	7	8	0	0	0	0	0	0	0	0	0	0	0	0	17797276	
597	1	F	10	N	2500	2	1	68	13	1	1	1	0	0	0	0	0	0	0	0	0	0	0	0	17797712	
598	1	F	10	N	2500	2	1	129	27	4	2	5	0	0	0	0	0	0	0	0	0	0	0	0	17797712	
599	1	F	10	N	2500	2	1	206	52	7	4	8	0	0	0	0	0	0	0	0	0	0	0	0	17797900	
600	1	F	10	N	2500	6	40	311	95	14	8	12	0	0	0	0	0	0	0	0	0	0	0	0	17797962	
601	1	F	10	N	2500	6	40	247	120	21	13	15	0	0	0	0	0	0	0	0	0	0	0	0	17798305	
602	1	F	10	N	2500	2	1	195	61	7	6	9	0	0	0	0	0	0	0	0	0	0	0	0	17798648	
603	1	F	10	N	2500	2	1	226	91	14	8	11	0	0	0	0	0	0	0	0	0	0	0	0	17798742	
604	1	F	10	N	2500	2	1	210	92	14	10	13	0	0	0	0	0	0	0	0	0	0	0	0	17799616	
605	1	F	10	N	2500	6	40	308	96	14	8	13	0	0	0	0	0	0	0	0	0	0	0	0	17799974	
606	1	F	10	N	2500	0	1	140	28	2	2	5	0	0	0	0	0	0	0	0	0	0	0	0	17800786	
607	1	F	10	N	2500	0	40	263	131	24	17	21	0	0	0	0	0	0	0	0	0	0	0	0	17800801	
608	1	F	10	N	2500	0	1	175	91	11	8	10	0	0	0	0	0	0	0	0	0	0	0	0	17801004	
609	1	F	10	N	2500	0	1	174	95	12	10	14	0	0	0	0	0	0	0	0	0	0	0	0	17801566	
610	1	F	10	N	2500	0	1	75	26	16	19	28	0	0	0	0	0	0	0	0	0	0	0	0	17801659	
611	1	F	10	N	2500	0	1	201	69	8	5	7	0	0	0	0	0	0	0	0	0	0	0	0	17801878	
612	1	F	10	N	2500	0	40	291	96	18	11	11	0	0	0	0	0	0	0	0	0	0	0	0	17802439	
613	1	F	11	N	2500	2	1	263	89	12	9	14	0	0	0	0	0	0	0	0	0	0	0	0	17815075	
614	1	F	11	N	2500	2	1	253	75	8	6	9	0	0	0	0	0	0	0	0	0	0	0	0	17815559	
615	1	F	12	N	2500	2	1	221	93	16	11	15	0	0	0	0	0	0	0	0	0	0	0	0	17826432	
616	1	F	12	N	2500	2	1	239	60	10	5	8	0	0	0	0	0	0	0	0	0	0	0	0	17826541	
617	1	F	12	N	2500	6	40	297	103	15	9	12	0	0	0	0	0	0	0	0	0	0	0	0	17827259	
618	1	F	12	N	2500	6	40	285	107	17	12	14	0	0	0	0	0	0	0	0	0	0	0	0	17827290	
619	1	F	12	N	2500	2	1	149	76	9	8	7	0	0	0	0	0	0	0	0	0	0	0	0	17827493	
620	1	F	12	N	2500	2	1	248	69	10	7	10	0	0	0	0	0	0	0	0	0	0	0	0	17827711	
621	1	F	12	N	2500	2	1	270	78	11	7	10	0	0	0	0	0	0	0	0	0	0	0	0	17827961	
622	1	F	12	N	2500	6	40	326	112	16	11	15	0	0	0	0	0	0	0	0	0	0	0	0	17827992	
623	1	F	12	N	2500	0	40	320	94	14	9	14	0	0	0	0	0	0	0	0	0	0	0	0	17828491	
624	1	F	12	N	2500	0	1	192	87	15	11	11	0	0	0	0	0	0	0	0	0	0	0	0	17828975	
625	1	F	12	N	2500	0	1	171	96	15	10	13	0	0	0	0	0	0	0	0	0	0	0	0	17829380	
626	1	F	12	N	2500	0	40	283	99	14	8	13	0	0	0	0	0	0	0	0	0	0	0	0	17830597	
627	1	F	12	N	2500	0	40	291	97	14	8	12	0	0	0	0	0	0	0	0	0	0	0	0	17830628	
628	1	F	12	N	2500	0	40	308	102	14	9	9	0	0	0	0	0	0	0	0	0	0	0	0	17831065	
629	1	G	1	N	2500	2	1	58	13	1	1	2	0	0	0	0	0	0	0	0	0	0	0	0	17842984	
630	1	G	1	N	2500	6	40	307	120	20	11	15	0	0	0	0	0	0	0	0	0	0	0	0	17845526	
631	1	G	2	N	2500	2	2	308	91	12	8	9	0	0	0	0	0	0	0	0	0	0	0	0	17856493	
632	1	G	2	N	2500	6	40	256	110	17	11	14	0	0	0	0	0	0	0	0	0	0	0	0	17856602	
633	1	G	2	N	2500	6	40	413	142	20	12	17	0	0	0	0	0	0	0	0	0	0	0	0	17857460	
634	1	G	2	N	2500	2	1	113	45	7	5	7	0	0	0	0	0	0	0	0	0	0	0	0	17857601	
635	1	G	2	N	2500	6	40	307	113	21	13	18	0	0	0	0	0	0	0	0	0	0	0	0	17858084	
636	1	G	2	N	2500	0	1	215	85	12	9	13	0	0	0	0	0	0	0	0	0	0	0	0	17858272	
637	1	G	2	N	2500	0	40	344	131	21	12	14	0	0	0	0	0	0	0	0	0	0	0	0	17858693	
638	1	G	2	N	2500	0	40	322	101	16	12	15	0	0	0	0	0	0	0	0	0	0	0	0	17859005	
639	1	G	2	N	2500	0	1	201	97	15	9	11	0	0	0	0	0	0	0	0	0	0	0	0	17859130	
640	1	G	2	N	2500	0	40	368	122	17	12	18	0	0	0	0	0	0	0	0	0	0	0	0	17860034	
641	1	G	2	N	2500	0	1	130	47	6	5	4	0	0	0	0	0	0	0	0	0	0	0	0	17860565	
642	1	G	2	N	2500	0	40	290	132	26	18	22	0	0	0	0	0	0	0	0	0	0	0	0	17860596	
643	1	G	2	N	2500	0	1	268	73	10	6	9	0	0	0	0	0	0	0	0	0	0	0	0	17860643	
644	1	G	2	N	2500	0	1	113	54	8	6	7	0	0	0	0	0	0	0	0	0	0	0	0	17860674	
645	1	G	2	N	2500	0	1	289	77	10	7	9	0	0	0	0	0	0	0	0	0	0	0	0	17860674	
646	1	G	2	N	2500	0	1	196	95	16	10	11	0	0	0	0	0	0	0	0	0	0	0	0	17860861	
647	1	G	2	N	2500	0	40	299	107	16	10	17	0	0	0	0	0	0	0	0	0	0	0	0	17861064	
648	1	G	2	N	2500	0	1	227	80	9	7	8	0	0	0	0	0	0	0	0	0	0	0	0	17861392	
649	1	G	2	N	2500	0	1	56	10	2	2	5	0	0	0	0	0	0	0	0	0	0	0	0	17861516	
650	1	G	2	N	2500	0	1	185	98	14	8	11	0	0	0	0	0	0	0	0	0	0	0	0	17861516	
651	1	G	2	N	2500	0	1	100	24	3	3	3	0	0	0	0	0	0	0	0	0	0	0	0	17861828	
652	1	G	2	N	2500	0	1	210	82	13	8	10	0	0	0	0	0	0	0	0	0	0	0	0	17861828	
653	1	G	2	N	2500	0	1	243	76	11	7	12	0	0	0	0	0	0	0	0	0	0	0	0	17861984	
654	1	G	2	N	2500	0	1	221	64	7	5	8	0	0	0	0	0	0	0	0	0	0	0	0	17862109	
655	1	G	3	N	2500	2	1	172	71	8	6	10	0	0	0	0	0	0	0	0	0	0	0	0	17876009	
656	1	G	3	N	2500	2	1	54	13	0	0	4	0	0	0	0	0	0	0	0	0	0	0	0	17876633	
657	1	G	3	N	2500	2	1	168	35	2	0	12	0	0	0	0	0	0	0	0	0	0	0	0	17876633	
658	1	G	4	N	2500	6	40	290	96	20	11	12	0	0	0	0	0	0	0	0	0	0	0	0	17884776	
659	1	G	4	N	2500	2	1	66	17	1	1	4	0	0	0	0	0	0	0	0	0	0	0	0	17885385	
660	1	G	4	N	2500	6	40	279	104	18	11	16	0	0	0	0	0	0	0	0	0	0	0	0	17886071	
661	1	G	4	N	2500	6	40	197	116	25	15	19	0	0	0	0	0	0	0	0	0	0	0	0	17886867	
662	1	G	4	N	2500	0	40	324	111	17	10	14	0	0	0	0	0	0	0	0	0	0	0	0	17888255	
663	1	G	4	N	2500	0	40	313	111	16	11	14	0	0	0	0	0	0	0	0	0	0	0	0	17889425	
664	1	G	4	N	2500	0	40	290	95	14	10	14	0	0	0	0	0	0	0	0	0	0	0	0	17889534	
665	1	G	4	N	2500	0	40	339	104	14	9	13	0	0	0	0	0	0	0	0	0	0	0	0	17889628	
666	1	G	4	N	2500	0	40	322	123	22	15	17	0	0	0	0	0	0	0	0	0	0	0	0	17889675	
667	1	G	4	N	2500	0	1	55	12	1	1	2	0	0	0	0	0	0	0	0	0	0	0	0	17890002	
668	1	G	6	N	2500	6	40	332	150	24	16	22	0	0	0	0	0	0	0	0	0	0	0	0	17914135	
669	1	G	6	N	2500	6	40	306	112	21	13	18	0	0	0	0	0	0	0	0	0	0	0	0	17914385	
670	1	G	6	N	2500	2	1	96	21	1	1	3	0	0	0	0	0	0	0	0	0	0	0	0	17915181	
671	1	G	6	N	2500	6	40	337	137	29	14	17	0	0	0	0	0	0	0	0	0	0	0	0	17915867	
672	1	G	6	N	2500	0	40	413	135	20	14	21	0	0	0	0	0	0	0	0	0	0	0	0	17916039	
673	1	G	6	N	2500	0	40	213	112	19	13	21	0	0	0	0	0	0	0	0	0	0	0	0	17916148	
674	1	G	6	N	2500	0	40	372	136	23	13	16	0	0	0	0	0	0	0	0	0	0	0	0	17916163	
675	1	G	6	N	2500	0	40	215	140	24	17	21	0	0	0	0	0	0	0	0	0	0	0	0	17916366	
676	1	G	6	N	2500	0	40	227	137	24	16	23	0	0	0	0	0	0	0	0	0	0	0	0	17916366	
677	1	G	6	N	2500	0	40	342	116	23	15	21	0	0	0	0	0	0	0	0	0	0	0	0	17916522	
678	1	G	6	N	2500	0	1	272	82	10	6	10	0	0	0	0	0	0	0	0	0	0	0	0	17916787	
679	1	G	6	N	2500	0	1	131	99	20	12	17	0	0	0	0	0	0	0	0	0	0	0	0	17916834	
680	1	G	6	N	2500	0	1	180	98	21	11	17	0	0	0	0	0	0	0	0	0	0	0	0	17916928	
681	1	G	6	N	2500	0	40	220	163	26	19	22	0	0	0	0	0	0	0	0	0	0	0	0	17917209	
682	1	G	6	N	2500	0	40	480	199	34	22	30	0	0	0	0	0	0	0	0	0	0	0	0	17917302	
683	1	G	6	N	2500	0	40	321	116	22	11	15	0	0	0	0	0	0	0	0	0	0	0	0	17917552	
684	1	G	6	N	2500	0	40	342	126	21	14	23	0	0	0	0	0	0	0	0	0	0	0	0	17917973	
685	1	G	6	N	2500	0	40	353	136	21	15	20	0	0	0	0	0	0	0	0	0	0	0	0	17918332	
686	1	G	6	N	2500	0	40	197	136	25	16	23	0	0	0	0	0	0	0	0	0	0	0	0	17919190	
687	1	G	6	N	2500	0	1	240	78	11	7	11	0	0	0	0	0	0	0	0	0	0	0	0	17919330	
688	1	G	8	N	2500	2	1	257	92	13	9	12	0	0	0	0	0	0	0	0	0	0	0	0	17942091	
689	1	G	8	N	2500	6	40	340	118	19	12	19	0	0	0	0	0	0	0	0	0	0	0	0	17942434	
690	1	G	8	N	2500	6	40	227	115	21	15	17	0	0	0	0	0	0	0	0	0	0	0	0	17942481	
691	1	G	8	N	2500	6	40	292	96	15	9	13	0	0	0	0	0	0	0	0	0	0	0	0	17943120	
692	1	G	8	N	2500	0	40	285	87	14	8	13	0	0	0	0	0	0	0	0	0	0	0	0	17943526	
693	1	G	8	N	2500	0	40	318	114	19	12	15	0	0	0	0	0	0	0	0	0	0	0	0	17943604	
694	1	G	8	N	2500	0	1	209	82	16	11	14	0	0	0	0	0	0	0	0	0	0	0	0	17943853	
695	1	G	8	N	2500	0	1	120	93	15	11	14	0	0	0	0	0	0	0	0	0	0	0	0	17943900	
696	1	G	8	N	2500	0	1	140	70	13	9	10	0	0	0	0	0	0	0	0	0	0	0	0	17943978	
697	1	G	8	N	2500	0	40	290	114	18	10	17	0	0	0	0	0	0	0	0	0	0	0	0	17944087	
698	1	G	8	N	2500	0	40	299	114	25	14	19	0	0	0	0	0	0	0	0	0	0	0	0	17944649	
699	1	G	8	N	2500	0	1	190	99	18	12	14	0	0	0	0	0	0	0	0	0	0	0	0	17945086	
700	1	G	8	N	2500	0	1	266	80	13	7	10	0	0	0	0	0	0	0	0	0	0	0	0	17945304	
701	1	G	8	N	2500	0	1	231	70	8	5	6	0	0	0	0	0	0	0	0	0	0	0	0	17945881	
702	1	G	8	N	2500	0	1	228	92	13	9	14	0	0	0	0	0	0	0	0	0	0	0	0	17946381	
703	1	G	8	N	2500	0	40	231	116	21	14	14	0	0	0	0	0	0	0	0	0	0	0	0	17946474	
704	1	G	8	N	2500	0	2	280	86	11	7	10	0	0	0	0	0	0	0	0	0	0	0	0	17946708	
705	1	G	8	N	2500	0	1	242	92	12	7	8	0	0	0	0	0	0	0	0	0	0	0	0	17947083	
706	1	G	8	N	2500	0	1	138	63	9	5	9	0	0	0	0	0	0	0	0	0	0	0	0	17947270	
707	1	G	8	N	2500	0	1	268	88	12	9	12	0	0	0	0	0	0	0	0	0	0	0	0	17947769	
708	1	G	9	N	2500	2	1	170	100	16	11	15	0	0	0	0	0	0	0	0	0	0	0	0	17960483	
709	1	G	10	N	2500	6	40	193	117	22	14	17	0	0	0	0	0	0	0	0	0	0	0	0	17972167	
710	1	G	10	N	2500	2	1	232	66	9	7	8	0	0	0	0	0	0	0	0	0	0	0	0	17973712	
711	1	G	10	N	2500	6	40	317	111	17	11	14	0	0	0	0	0	0	0	0	0	0	0	0	17975100	
712	1	G	10	N	2500	6	40	311	120	19	13	20	0	0	0	0	0	0	0	0	0	0	0	0	17975740	
713	1	G	10	N	2500	0	40	286	92	15	7	12	0	0	0	0	0	0	0	0	0	0	0	0	17976395	
714	1	G	11	N	2500	6	40	399	141	23	14	19	0	0	0	0	0	0	0	0	0	0	0	0	17986707	
715	1	G	12	N	2500	6	40	211	108	21	13	17	0	0	0	0	0	0	0	0	0	0	0	0	18000248	
716	1	G	12	N	2500	2	1	72	18	1	1	2	0	0	0	0	0	0	0	0	0	0	0	0	18000372	
717	1	G	12	N	2500	6	40	282	97	16	11	13	0	0	0	0	0	0	0	0	0	0	0	0	18000638	
718	1	G	12	N	2500	2	1	237	73	10	6	10	0	0	0	0	0	0	0	0	0	0	0	0	18000762	
719	1	G	12	N	2500	2	1	236	95	14	10	13	0	0	0	0	0	0	0	0	0	0	0	0	18000794	
720	1	G	12	N	2500	6	40	322	107	20	11	16	0	0	0	0	0	0	0	0	0	0	0	0	18001808	
721	1	G	12	N	2500	0	1	211	102	23	13	16	0	0	0	0	0	0	0	0	0	0	0	0	18002229	
722	1	G	12	N	2500	0	40	304	120	22	14	18	0	0	0	0	0	0	0	0	0	0	0	0	18002307	
723	1	G	12	N	2500	0	1	162	96	15	10	13	0	0	0	0	0	0	0	0	0	0	0	0	18002510	
724	1	G	12	N	2500	0	2	254	97	13	10	11	0	0	0	0	0	0	0	0	0	0	0	0	18002541	
725	1	G	12	N	2500	0	1	173	88	16	10	10	0	0	0	0	0	0	0	0	0	0	0	0	18002588	
726	1	G	12	N	2500	0	1	187	103	17	12	15	0	0	0	0	0	0	0	0	0	0	0	0	18002603	
727	1	G	12	N	2500	0	40	350	124	23	15	18	0	0	0	0	0	0	0	0	0	0	0	0	18003056	
728	1	G	12	N	2500	0	40	300	108	17	12	14	0	0	0	0	0	0	0	0	0	0	0	0	18003149	
729	1	G	12	N	2500	0	40	330	112	19	11	17	0	0	0	0	0	0	0	0	0	0	0	0	18003212	
730	1	G	12	N	2500	0	1	115	23	2	1	2	0	0	0	0	0	0	0	0	0	0	0	0	18003758	
731	1	G	12	N	2500	0	1	193	108	20	14	17	0	0	0	0	0	0	0	0	0	0	0	0	18003867	
732	1	G	12	N	2500	0	40	274	107	15	10	14	0	0	0	0	0	0	0	0	0	0	0	0	18003929	
733	1	G	12	N	2500	0	40	362	130	22	13	21	0	0	0	0	0	0	0	0	0	0	0	0	18003976	
734	1	G	12	N	2500	0	1	187	86	11	8	9	0	0	0	0	0	0	0	0	0	0	0	0	18004116	
735	1	G	12	N	2500	0	40	262	129	22	14	16	0	0	0	0	0	0	0	0	0	0	0	0	18004522	
736	1	G	12	N	2500	0	40	344	107	17	11	16	0	0	0	0	0	0	0	0	0	0	0	0	18004678	
737	1	G	12	N	2500	0	40	225	105	16	12	18	0	0	0	0	0	0	0	0	0	0	0	0	18004912	
738	1	G	12	N	2500	0	40	294	104	17	11	14	0	0	0	0	0	0	0	0	0	0	0	0	18005115	
739	1	G	12	N	2500	0	40	228	111	17	11	14	0	0	0	0	0	0	0	0	0	0	0	0	18005318	
740	1	G	12	N	2500	0	40	293	92	16	9	13	0	0	0	0	0	0	0	0	0	0	0	0	18005598	
741	1	H	1	N	2500	6	40	357	132	20	11	16	0	0	0	0	0	0	0	0	0	0	0	0	18015785	
742	1	H	1	N	2500	2	1	201	69	9	7	11	0	0	0	0	0	0	0	0	0	0	0	0	18018390	
743	1	H	2	N	2500	2	1	175	89	13	9	11	0	0	0	0	0	0	0	0	0	0	0	0	18030449	
744	1	H	2	N	2500	2	1	304	78	11	7	10	0	0	0	0	0	0	0	0	0	0	0	0	18032212	
745	1	H	2	N	2500	2	1	252	60	8	6	8	0	0	0	0	0	0	0	0	0	0	0	0	18032430	
746	1	H	2	N	2500	2	1	196	74	13	8	9	0	0	0	0	0	0	0	0	0	0	0	0	18034614	
747	1	H	2	N	2500	2	1	179	86	17	9	12	0	0	0	0	0	0	0	0	0	0	0	0	18035176	
748	1	H	2	N	2500	6	40	328	122	20	14	21	0	0	0	0	0	0	0	0	0	0	0	0	18035550	
749	1	H	2	N	2500	2	1	182	92	14	8	10	0	0	0	0	0	0	0	0	0	0	0	0	18035644	
750	1	H	2	N	2500	2	2	267	95	13	9	11	0	0	0	0	0	0	0	0	0	0	0	0	18035925	
751	1	H	2	N	2500	6	40	268	92	15	11	14	0	0	0	0	0	0	0	0	0	0	0	0	18036564	
752	1	H	3	N	2500	2	1	144	94	17	12	14	0	0	0	0	0	0	0	0	0	0	0	0	18048030	
753	1	H	4	N	2500	2	1	200	109	15	10	12	0	0	0	0	0	0	0	0	0	0	0	0	18060183	
754	1	H	4	N	2500	6	40	235	105	20	14	17	0	0	0	0	0	0	0	0	0	0	0	0	18060448	
755	1	H	4	N	2500	2	1	73	31	4	3	5	0	0	0	0	0	0	0	0	0	0	0	0	18061212	
756	1	H	4	N	2500	6	40	348	104	15	10	15	0	0	0	0	0	0	0	0	0	0	0	0	18061322	
757	1	H	4	N	2500	2	1	195	80	12	7	10	0	0	0	0	0	0	0	0	0	0	0	0	18061540	
758	1	H	4	N	2500	6	40	378	156	29	15	19	0	0	0	0	0	0	0	0	0	0	0	0	18062289	
759	1	H	4	N	2500	0	1	78	22	2	1	3	0	0	0	0	0	0	0	0	0	0	0	0	18062336	
760	1	H	4	N	2500	0	1	102	22	2	2	2	0	0	0	0	0	0	0	0	0	0	0	0	18062445	
761	1	H	4	N	2500	0	1	146	70	14	10	12	0	0	0	0	0	0	0	0	0	0	0	0	18062445	
762	1	H	4	N	2500	0	40	312	116	20	12	16	0	0	0	0	0	0	0	0	0	0	0	0	18062523	
763	1	H	4	N	2500	0	40	178	124	23	13	15	0	0	0	0	0	0	0	0	0	0	0	0	18063396	
764	1	H	4	N	2500	0	40	198	124	21	14	17	0	0	0	0	0	0	0	0	0	0	0	0	18063864	
765	1	H	4	N	2500	0	1	185	101	19	15	18	0	0	0	0	0	0	0	0	0	0	0	0	18064098	
766	1	H	4	N	2500	0	1	266	82	12	7	11	0	0	0	0	0	0	0	0	0	0	0	0	18064286	
767	1	H	4	N	2500	0	40	395	147	26	16	22	0	0	0	0	0	0	0	0	0	0	0	0	18064379	
768	1	H	4	N	2500	0	40	295	104	15	10	14	0	0	0	0	0	0	0	0	0	0	0	0	18064582	
769	1	H	4	N	2500	0	40	339	101	14	9	17	0	0	0	0	0	0	0	0	0	0	0	0	18064754	
770	1	H	4	N	2500	0	40	325	116	17	11	14	0	0	0	0	0	0	0	0	0	0	0	0	18065237	
771	1	H	5	N	2500	2	1	67	29	4	3	7	0	0	0	0	0	0	0	0	0	0	0	0	18073770	
772	1	H	5	N	2500	2	1	68	30	5	0	2	0	0	0	0	0	0	0	0	0	0	0	0	18073895	
773	1	H	5	N	2500	2	1	122	49	5	4	7	0	0	0	0	0	0	0	0	0	0	0	0	18079355	
774	1	H	6	N	2500	2	1	130	42	17	4	5	0	0	0	0	0	0	0	0	0	0	0	0	18088247	
775	1	H	6	N	2500	2	1	98	24	3	4	8	0	0	0	0	0	0	0	0	0	0	0	0	18088622	
776	1	H	6	N	2500	6	40	296	83	14	8	13	0	0	0	0	0	0	0	0	0	0	0	0	18088731	
777	1	H	6	N	2500	2	1	183	88	14	10	11	0	0	0	0	0	0	0	0	0	0	0	0	18089090	
778	1	H	6	N	2500	6	40	335	115	18	12	15	0	0	0	0	0	0	0	0	0	0	0	0	18089994	
779	1	H	6	N	2500	6	40	337	111	19	13	18	0	0	0	0	0	0	0	0	0	0	0	0	18090774	
780	1	H	6	N	2500	0	1	118	59	7	6	8	0	0	0	0	0	0	0	0	0	0	0	0	18091055	
781	1	H	6	N	2500	0	2	326	92	11	9	16	0	0	0	0	0	0	0	0	0	0	0	0	18091383	
782	1	H	6	N	2500	0	1	143	78	13	9	13	0	0	0	0	0	0	0	0	0	0	0	0	18092100	
783	1	H	6	N	2500	0	1	153	96	24	14	14	0	0	0	0	0	0	0	0	0	0	0	0	18092990	
784	1	H	6	N	2500	0	40	332	111	19	12	15	0	0	0	0	0	0	0	0	0	0	0	0	18093114	
785	1	H	6	N	2500	0	1	148	64	8	5	6	0	0	0	0	0	0	0	0	0	0	0	0	18093582	
786	1	H	6	N	2500	0	40	229	113	27	14	15	0	0	0	0	0	0	0	0	0	0	0	0	18094144	
787	1	H	6	N	2500	0	1	200	86	10	7	12	0	0	0	0	0	0	0	0	0	0	0	0	18094160	
788	1	H	6	N	2500	0	1	228	93	13	10	15	0	0	0	0	0	0	0	0	0	0	0	0	18095252	
789	1	H	8	N	2500	2	1	166	68	8	5	8	0	0	0	0	0	0	0	0	0	0	0	0	18120430	
790	1	H	8	N	2500	2	1	97	22	2	1	3	0	0	0	0	0	0	0	0	0	0	0	0	18120586	
791	1	H	8	N	2500	33	1	106	44	5	4	6	0	0	0	0	0	0	0	0	0	0	0	0	18120586	
792	1	H	8	N	2500	6	40	241	110	18	11	14	0	0	0	0	0	0	0	0	0	0	0	0	18122099	
793	1	H	10	N	2500	6	40	268	94	14	9	12	0	0	0	0	0	0	0	0	0	0	0	0	18146342	
794	1	H	10	N	2500	2	1	190	70	9	7	11	0	0	0	0	0	0	0	0	0	0	0	0	18147730	
795	1	H	10	N	2500	2	1	61	20	16	19	25	0	0	0	0	0	0	0	0	0	0	0	0	18147902	
796	1	H	10	N	2500	2	1	172	90	15	10	15	0	0	0	0	0	0	0	0	0	0	0	0	18148885	
797	1	H	10	N	2500	6	40	295	98	15	9	13	0	0	0	0	0	0	0	0	0	0	0	0	18148947	
798	1	H	10	N	2500	2	1	203	97	15	9	13	0	0	0	0	0	0	0	0	0	0	0	0	18149056	
799	1	H	10	N	2500	2	1	172	59	9	7	8	0	0	0	0	0	0	0	0	0	0	0	0	18149290	
800	1	H	10	N	2500	2	1	132	30	3	1	3	0	0	0	0	0	0	0	0	0	0	0	0	18149368	
801	1	H	10	N	2500	2	1	251	83	11	10	15	0	0	0	0	0	0	0	0	0	0	0	0	18150601	
802	1	H	10	N	2500	2	2	288	90	12	8	11	0	0	0	0	0	0	0	0	0	0	0	0	18150679	
803	1	H	10	N	2500	2	1	256	87	13	9	12	0	0	0	0	0	0	0	0	0	0	0	0	18150959	
804	1	H	10	N	2500	2	1	187	87	14	7	11	0	0	0	0	0	0	0	0	0	0	0	0	18151162	
805	1	H	10	N	2500	2	1	222	82	13	9	11	0	0	0	0	0	0	0	0	0	0	0	0	18151646	
806	1	H	11	N	2500	2	1	50	13	1	1	1	0	0	0	0	0	0	0	0	0	0	0	0	18166793	
807	1	H	12	N	2500	6	40	354	115	19	9	13	0	0	0	0	0	0	0	0	0	0	0	0	18175529	
808	1	H	12	N	2500	2	1	155	98	16	15	23	0	0	0	0	0	0	0	0	0	0	0	0	18175997	
809	1	H	12	N	2500	2	1	128	26	2	1	3	0	0	0	0	0	0	0	0	0	0	0	0	18176325	
810	1	H	12	N	2500	2	1	233	78	11	7	8	0	0	0	0	0	0	0	0	0	0	0	0	18177433	
811	1	H	12	N	2500	2	1	89	34	4	3	4	0	0	0	0	0	0	0	0	0	0	0	0	18178743	
812	1	H	12	N	2500	33	1	67	12	1	1	2	0	0	0	0	0	0	0	0	0	0	0	0	18178743	
813	1	H	12	N	2500	6	40	286	102	19	12	14	0	0	0	0	0	0	0	0	0	0	0	0	18179195	
814	1	H	12	N	2500	6	40	286	93	15	10	15	0	0	0	0	0	0	0	0	0	0	0	0	18179679	
815	1	H	12	N	2500	0	2	283	91	13	8	12	0	0	0	0	0	0	0	0	0	0	0	0	18179788	
816	1	H	12	N	2500	0	40	204	114	18	13	15	0	0	0	0	0	0	0	0	0	0	0	0	18181801	
817	1	H	12	N	2500	0	1	61	12	0	0	1	0	0	0	0	0	0	0	0	0	0	0	0	18182378	


Threshold source: EXT,  value 50
Min TOF = 50
EXT signal gain 1.6
Green signal gain 3.0
Yellow signal gain 3.0
Red signal gain 3.0
Green PMT voltage 700
Yellow PMT voltage 700
Red PMT voltage 900
Signal multipliers: 1.0,1.0,1.0,1.0
C:\Users\unionbio\Desktop\COPAS Templates\USE for L4 dispense4.csv