Id	Plate	Row	Column	Clog	Scan rate	Status sort	Status sel	TOF	EXT	Green	Yellow	Red	PH Ext	PW Ext	PC Ext	PH Green	PW Green	PCGreen	PH Yellow	PW Yellow	PCYellow	PH Red	PW Red	PCRed	Time Stamp	
0	1	A	1	N	2500	6	40	398	120	19	11	19	0	0	0	0	0	0	0	0	0	0	0	0	27485742	
1	1	A	1	N	2500	6	40	326	94	17	9	15	0	0	0	0	0	0	0	0	0	0	0	0	27490516	
2	1	A	2	N	2500	6	40	347	123	19	11	15	0	0	0	0	0	0	0	0	0	0	0	0	27501217	
3	1	A	2	N	2500	6	40	324	118	20	13	18	0	0	0	0	0	0	0	0	0	0	0	0	27501373	
4	1	A	2	N	2500	2	1	250	78	11	7	11	0	0	0	0	0	0	0	0	0	0	0	0	27502528	
5	1	A	2	N	2500	2	1	103	70	17	15	24	0	0	0	0	0	0	0	0	0	0	0	0	27503745	
6	1	A	2	N	2500	6	40	294	111	18	12	18	0	0	0	0	0	0	0	0	0	0	0	0	27503916	
7	1	A	2	N	2500	0	1	139	67	10	8	10	0	0	0	0	0	0	0	0	0	0	0	0	27504088	
8	1	A	2	N	2500	0	1	224	63	10	6	9	0	0	0	0	0	0	0	0	0	0	0	0	27504259	
9	1	A	2	N	2500	0	40	321	133	23	13	18	0	0	0	0	0	0	0	0	0	0	0	0	27504306	
10	1	A	3	N	2500	2	1	53	16	2	1	3	0	0	0	0	0	0	0	0	0	0	0	0	27518627	
11	1	A	4	N	2500	2	1	162	72	12	8	8	0	0	0	0	0	0	0	0	0	0	0	0	27529110	
12	1	A	4	N	2500	2	1	57	22	4	3	5	0	0	0	0	0	0	0	0	0	0	0	0	27529235	
13	1	A	4	N	2500	6	40	265	95	15	9	11	0	0	0	0	0	0	0	0	0	0	0	0	27529360	
14	1	A	4	N	2500	6	40	269	94	14	8	11	0	0	0	0	0	0	0	0	0	0	0	0	27529953	
15	1	A	4	N	2500	2	1	146	39	5	3	7	0	0	0	0	0	0	0	0	0	0	0	0	27531403	
16	1	A	4	N	2500	2	1	167	56	6	4	5	0	0	0	0	0	0	0	0	0	0	0	0	27532215	
17	1	A	4	N	2500	2	1	66	18	5	3	2	0	0	0	0	0	0	0	0	0	0	0	0	27532527	
18	1	A	4	N	2500	2	1	165	40	5	3	6	0	0	0	0	0	0	0	0	0	0	0	0	27532698	
19	1	A	4	N	2500	2	2	309	82	9	7	12	0	0	0	0	0	0	0	0	0	0	0	0	27533026	
20	1	A	4	N	2500	2	1	100	20	2	2	5	0	0	0	0	0	0	0	0	0	0	0	0	27533197	
21	1	A	4	N	2500	2	1	253	77	11	8	13	0	0	0	0	0	0	0	0	0	0	0	0	27533291	
22	1	A	4	N	2500	2	1	244	71	10	7	12	0	0	0	0	0	0	0	0	0	0	0	0	27534196	
23	1	A	6	N	2500	6	40	241	143	28	15	20	0	0	0	0	0	0	0	0	0	0	0	0	27558828	
24	1	A	6	N	2500	2	1	70	38	9	7	12	0	0	0	0	0	0	0	0	0	0	0	0	27559499	
25	1	A	6	N	2500	2	1	185	100	15	10	11	0	0	0	0	0	0	0	0	0	0	0	0	27559920	
26	1	A	6	N	2500	6	40	179	122	21	12	13	0	0	0	0	0	0	0	0	0	0	0	0	27560217	
27	1	A	6	N	2500	6	40	367	143	29	16	21	0	0	0	0	0	0	0	0	0	0	0	0	27560825	
28	1	A	6	N	2500	0	40	239	107	20	13	16	0	0	0	0	0	0	0	0	0	0	0	0	27561137	
29	1	A	6	N	2500	0	1	147	87	11	7	12	0	0	0	0	0	0	0	0	0	0	0	0	27561200	
30	1	A	6	N	2500	0	40	367	123	20	11	15	0	0	0	0	0	0	0	0	0	0	0	0	27561496	
31	1	A	6	N	2500	0	40	243	108	19	13	16	0	0	0	0	0	0	0	0	0	0	0	0	27561964	
32	1	A	6	N	2500	0	1	186	95	16	10	14	0	0	0	0	0	0	0	0	0	0	0	0	27562214	
33	1	A	6	N	2500	0	40	261	103	15	10	13	0	0	0	0	0	0	0	0	0	0	0	0	27562541	
34	1	A	6	N	2500	0	40	220	138	20	14	15	0	0	0	0	0	0	0	0	0	0	0	0	27562666	
35	1	A	6	N	2500	0	40	252	131	22	14	18	0	0	0	0	0	0	0	0	0	0	0	0	27563118	
36	1	A	7	N	2500	6	40	274	112	18	11	18	0	0	0	0	0	0	0	0	0	0	0	0	27574694	
37	1	A	7	N	2500	2	1	135	162	77	57	93	0	0	0	0	0	0	0	0	0	0	0	0	27579186	
38	1	A	7	N	2500	2	1	90	36	5	4	9	0	0	0	0	0	0	0	0	0	0	0	0	27579186	
39	1	A	8	N	2500	6	40	265	99	16	11	17	0	0	0	0	0	0	0	0	0	0	0	0	27586893	
40	1	A	8	N	2500	6	40	235	111	17	11	11	0	0	0	0	0	0	0	0	0	0	0	0	27587361	
41	1	A	8	N	2500	6	40	296	105	18	11	15	0	0	0	0	0	0	0	0	0	0	0	0	27589358	
42	1	A	8	N	2500	0	40	317	114	17	11	16	0	0	0	0	0	0	0	0	0	0	0	0	27589592	
43	1	A	8	N	2500	0	40	214	122	23	16	17	0	0	0	0	0	0	0	0	0	0	0	0	27589748	
44	1	A	8	N	2500	0	40	283	133	25	16	22	0	0	0	0	0	0	0	0	0	0	0	0	27590013	
45	1	A	8	N	2500	0	40	241	122	24	14	17	0	0	0	0	0	0	0	0	0	0	0	0	27590153	
46	1	A	8	N	2500	0	40	286	150	25	17	20	0	0	0	0	0	0	0	0	0	0	0	0	27590465	
47	1	A	8	N	2500	0	40	259	129	24	14	21	0	0	0	0	0	0	0	0	0	0	0	0	27590933	
48	1	A	8	N	2500	0	40	398	159	25	16	20	0	0	0	0	0	0	0	0	0	0	0	0	27591011	
49	1	A	8	N	2500	0	40	312	105	19	11	15	0	0	0	0	0	0	0	0	0	0	0	0	27591027	
50	1	A	8	N	2500	0	40	327	124	20	12	16	0	0	0	0	0	0	0	0	0	0	0	0	27591214	
51	1	A	8	N	2500	0	1	238	69	10	6	9	0	0	0	0	0	0	0	0	0	0	0	0	27591635	
52	1	A	8	N	2500	0	40	330	116	19	12	15	0	0	0	0	0	0	0	0	0	0	0	0	27591651	
53	1	A	8	N	2500	0	40	220	104	17	11	16	0	0	0	0	0	0	0	0	0	0	0	0	27591666	
54	1	A	8	N	2500	0	40	338	125	21	14	20	0	0	0	0	0	0	0	0	0	0	0	0	27591666	
55	1	A	8	N	2500	0	40	334	130	24	13	20	0	0	0	0	0	0	0	0	0	0	0	0	27591698	
56	1	A	8	N	2500	0	40	233	125	21	15	22	0	0	0	0	0	0	0	0	0	0	0	0	27591791	
57	1	A	8	N	2500	0	1	109	23	1	1	3	0	0	0	0	0	0	0	0	0	0	0	0	27592306	
58	1	A	8	N	2500	0	40	318	141	26	13	18	0	0	0	0	0	0	0	0	0	0	0	0	27592337	
59	1	A	8	N	2500	0	40	330	112	17	12	20	0	0	0	0	0	0	0	0	0	0	0	0	27592353	
60	1	A	8	N	2500	0	40	323	103	16	10	13	0	0	0	0	0	0	0	0	0	0	0	0	27592493	
61	1	A	8	N	2500	0	40	335	120	21	12	20	0	0	0	0	0	0	0	0	0	0	0	0	27593694	
62	1	A	10	N	2500	6	40	288	92	14	8	0	0	0	0	0	0	0	0	0	0	0	0	0	27615144	
63	1	A	10	N	2500	6	40	281	98	19	11	16	0	0	0	0	0	0	0	0	0	0	0	0	27619715	
64	1	A	10	N	2500	6	40	318	115	20	12	15	0	0	0	0	0	0	0	0	0	0	0	0	27619809	
65	1	A	10	N	2500	0	40	361	123	23	14	20	0	0	0	0	0	0	0	0	0	0	0	0	27619934	
66	1	A	10	N	2500	0	1	130	63	8	6	9	0	0	0	0	0	0	0	0	0	0	0	0	27620136	
67	1	A	10	N	2500	0	40	191	121	23	13	17	0	0	0	0	0	0	0	0	0	0	0	0	27621509	
68	1	A	10	N	2500	0	40	274	94	16	10	13	0	0	0	0	0	0	0	0	0	0	0	0	27622133	
69	1	A	10	N	2500	0	1	178	115	19	12	16	0	0	0	0	0	0	0	0	0	0	0	0	27622445	
70	1	A	10	N	2500	0	40	210	113	18	12	14	0	0	0	0	0	0	0	0	0	0	0	0	27622476	
71	1	A	11	N	2500	6	40	238	102	23	15	19	0	0	0	0	0	0	0	0	0	0	0	0	27634956	
72	1	A	12	N	2500	2	1	120	55	7	5	7	0	0	0	0	0	0	0	0	0	0	0	0	27645611	
73	1	A	12	N	2500	2	1	155	73	18	12	17	0	0	0	0	0	0	0	0	0	0	0	0	27647062	
74	1	A	12	N	2500	2	1	180	107	24	15	18	0	0	0	0	0	0	0	0	0	0	0	0	27647140	
75	1	A	12	N	2500	2	1	51	8	0	0	0	0	0	0	0	0	0	0	0	0	0	0	0	27647982	
76	1	A	12	N	2500	6	40	311	114	20	12	19	0	0	0	0	0	0	0	0	0	0	0	0	27649012	
77	1	A	12	N	2500	2	1	125	107	17	11	15	0	0	0	0	0	0	0	0	0	0	0	0	27649043	
78	1	A	12	N	2500	6	40	346	133	24	16	17	0	0	0	0	0	0	0	0	0	0	0	0	27649418	
79	1	A	12	N	2500	2	1	191	93	22	14	19	0	0	0	0	0	0	0	0	0	0	0	0	27649464	
80	1	A	12	N	2500	6	40	387	151	26	14	19	0	0	0	0	0	0	0	0	0	0	0	0	27649574	
81	1	B	2	N	2500	2	1	190	101	21	12	16	0	0	0	0	0	0	0	0	0	0	0	0	27674331	
82	1	B	2	N	2500	2	2	282	92	12	8	11	0	0	0	0	0	0	0	0	0	0	0	0	27675173	
83	1	B	2	N	2500	2	1	70	16	2	2	3	0	0	0	0	0	0	0	0	0	0	0	0	27675251	
84	1	B	2	N	2500	2	1	291	82	8	7	13	0	0	0	0	0	0	0	0	0	0	0	0	27675298	
85	1	B	2	N	2500	6	40	270	107	14	9	11	0	0	0	0	0	0	0	0	0	0	0	0	27675891	
86	1	B	2	N	2500	6	40	279	102	16	10	12	0	0	0	0	0	0	0	0	0	0	0	0	27677077	
87	1	B	2	N	2500	2	1	62	14	4	4	6	0	0	0	0	0	0	0	0	0	0	0	0	27677560	
88	1	B	2	N	2500	2	1	241	91	15	10	14	0	0	0	0	0	0	0	0	0	0	0	0	27677623	
89	1	B	2	N	2500	6	40	300	97	14	9	15	0	0	0	0	0	0	0	0	0	0	0	0	27677654	
90	1	B	2	N	2500	0	40	196	110	20	11	12	0	0	0	0	0	0	0	0	0	0	0	0	27677810	
91	1	B	2	N	2500	0	40	304	102	14	10	10	0	0	0	0	0	0	0	0	0	0	0	0	27678434	
92	1	B	2	N	2500	0	40	233	103	14	9	12	0	0	0	0	0	0	0	0	0	0	0	0	27678730	
93	1	B	2	N	2500	0	40	218	113	20	13	18	0	0	0	0	0	0	0	0	0	0	0	0	27678980	
94	1	B	2	N	2500	0	1	178	103	24	12	16	0	0	0	0	0	0	0	0	0	0	0	0	27679058	
95	1	B	2	N	2500	0	2	157	123	26	15	20	0	0	0	0	0	0	0	0	0	0	0	0	27679058	
96	1	B	2	N	2500	0	1	256	76	9	6	8	0	0	0	0	0	0	0	0	0	0	0	0	27679214	
97	1	B	2	N	2500	0	40	241	102	17	10	15	0	0	0	0	0	0	0	0	0	0	0	0	27679417	
98	1	B	2	N	2500	0	2	275	90	12	7	9	0	0	0	0	0	0	0	0	0	0	0	0	27679588	
99	1	B	2	N	2500	0	40	267	107	23	12	17	0	0	0	0	0	0	0	0	0	0	0	0	27679604	
100	1	B	2	N	2500	0	40	330	112	19	11	14	0	0	0	0	0	0	0	0	0	0	0	0	27679635	
101	1	B	2	N	2500	0	1	189	107	23	12	11	0	0	0	0	0	0	0	0	0	0	0	0	27679651	
102	1	B	2	N	2500	0	40	247	113	19	13	18	0	0	0	0	0	0	0	0	0	0	0	0	27679869	
103	1	B	2	N	2500	0	40	193	115	23	13	17	0	0	0	0	0	0	0	0	0	0	0	0	27679947	
104	1	B	2	N	2500	0	1	216	81	16	8	10	0	0	0	0	0	0	0	0	0	0	0	0	27679994	
105	1	B	2	N	2500	0	1	184	86	15	9	12	0	0	0	0	0	0	0	0	0	0	0	0	27681070	
106	1	B	2	N	2500	0	1	140	41	5	4	4	0	0	0	0	0	0	0	0	0	0	0	0	27681523	
107	1	B	2	N	2500	0	1	206	54	6	5	7	0	0	0	0	0	0	0	0	0	0	0	0	27681569	
108	1	B	3	N	2500	6	40	313	127	22	10	16	0	0	0	0	0	0	0	0	0	0	0	0	27690945	
109	1	B	3	N	2500	2	1	185	79	10	7	8	0	0	0	0	0	0	0	0	0	0	0	0	27692911	
110	1	B	4	N	2500	2	1	140	75	12	7	9	0	0	0	0	0	0	0	0	0	0	0	0	27703753	
111	1	B	4	N	2500	2	1	56	18	5	3	3	0	0	0	0	0	0	0	0	0	0	0	0	27703924	
112	1	B	4	N	2500	33	1	126	33	11	6	7	0	0	0	0	0	0	0	0	0	0	0	0	27703924	
113	1	B	4	N	2500	2	1	180	93	14	11	14	0	0	0	0	0	0	0	0	0	0	0	0	27704236	
114	1	B	4	N	2500	6	40	344	128	22	13	20	0	0	0	0	0	0	0	0	0	0	0	0	27704377	
115	1	B	4	N	2500	2	1	189	109	24	15	22	0	0	0	0	0	0	0	0	0	0	0	0	27704751	
116	1	B	4	N	2500	6	40	303	110	21	13	20	0	0	0	0	0	0	0	0	0	0	0	0	27704891	
117	1	B	4	N	2500	8	40	308	118	24	14	17	0	0	0	0	0	0	0	0	0	0	0	0	27705515	
118	1	B	4	N	2500	8	40	288	107	19	13	18	0	0	0	0	0	0	0	0	0	0	0	0	27705531	
119	1	B	4	N	2500	6	40	230	112	26	14	19	0	0	0	0	0	0	0	0	0	0	0	0	27705609	
120	1	B	4	N	2500	0	40	229	120	23	14	19	0	0	0	0	0	0	0	0	0	0	0	0	27705843	
121	1	B	4	N	2500	0	1	70	21	18	23	38	0	0	0	0	0	0	0	0	0	0	0	0	27706061	
122	1	B	4	N	2500	0	1	214	99	18	12	18	0	0	0	0	0	0	0	0	0	0	0	0	27706077	
123	1	B	4	N	2500	0	1	206	84	13	8	13	0	0	0	0	0	0	0	0	0	0	0	0	27706701	
124	1	B	4	N	2500	0	40	303	107	21	13	19	0	0	0	0	0	0	0	0	0	0	0	0	27706951	
125	1	B	4	N	2500	0	1	207	81	18	11	14	0	0	0	0	0	0	0	0	0	0	0	0	27707075	
126	1	B	4	N	2500	0	1	240	62	8	6	10	0	0	0	0	0	0	0	0	0	0	0	0	27707231	
127	1	B	4	N	2500	0	1	221	72	12	11	15	0	0	0	0	0	0	0	0	0	0	0	0	27707294	
128	1	B	4	N	2500	0	1	180	89	22	13	15	0	0	0	0	0	0	0	0	0	0	0	0	27707497	
129	1	B	4	N	2500	0	1	243	63	10	6	10	0	0	0	0	0	0	0	0	0	0	0	0	27707871	
130	1	B	4	N	2500	0	40	189	120	23	17	18	0	0	0	0	0	0	0	0	0	0	0	0	27708121	
131	1	B	4	N	2500	0	40	282	122	21	12	16	0	0	0	0	0	0	0	0	0	0	0	0	27708230	
132	1	B	4	N	2500	0	40	294	116	24	14	16	0	0	0	0	0	0	0	0	0	0	0	0	27708277	
133	1	B	4	N	2500	0	1	174	54	8	7	11	0	0	0	0	0	0	0	0	0	0	0	0	27708355	
134	1	B	4	N	2500	0	1	183	111	22	13	15	0	0	0	0	0	0	0	0	0	0	0	0	27708698	
135	1	B	4	N	2500	0	40	302	106	18	13	17	0	0	0	0	0	0	0	0	0	0	0	0	27708916	
136	1	B	4	N	2500	0	1	68	21	15	15	25	0	0	0	0	0	0	0	0	0	0	0	0	27709135	
137	1	B	4	N	2500	0	40	284	98	17	11	17	0	0	0	0	0	0	0	0	0	0	0	0	27709322	
138	1	B	4	N	2500	0	40	296	107	19	12	13	0	0	0	0	0	0	0	0	0	0	0	0	27709587	
139	1	B	4	N	2500	0	40	335	116	21	14	21	0	0	0	0	0	0	0	0	0	0	0	0	27709852	
140	1	B	6	N	2500	6	40	323	126	21	13	15	0	0	0	0	0	0	0	0	0	0	0	0	27732753	
141	1	B	6	N	2500	2	1	151	119	27	15	19	0	0	0	0	0	0	0	0	0	0	0	0	27732893	
142	1	B	6	N	2500	6	40	234	117	24	14	16	0	0	0	0	0	0	0	0	0	0	0	0	27733720	
143	1	B	6	N	2500	6	40	311	117	19	11	18	0	0	0	0	0	0	0	0	0	0	0	0	27733767	
144	1	B	6	N	2500	0	1	194	83	18	11	16	0	0	0	0	0	0	0	0	0	0	0	0	27733798	
145	1	B	6	N	2500	0	40	255	117	20	13	16	0	0	0	0	0	0	0	0	0	0	0	0	27733939	
146	1	B	6	N	2500	0	40	354	129	20	11	17	0	0	0	0	0	0	0	0	0	0	0	0	27734750	
147	1	B	6	N	2500	0	1	62	24	17	19	29	0	0	0	0	0	0	0	0	0	0	0	0	27734781	
148	1	B	6	N	2500	0	40	327	124	19	12	15	0	0	0	0	0	0	0	0	0	0	0	0	27735421	
149	1	B	6	N	2500	0	40	311	117	21	12	16	0	0	0	0	0	0	0	0	0	0	0	0	27735530	
150	1	B	6	N	2500	0	40	297	142	30	17	22	0	0	0	0	0	0	0	0	0	0	0	0	27735577	
151	1	B	6	N	2500	0	1	112	37	26	31	43	0	0	0	0	0	0	0	0	0	0	0	0	27735733	
152	1	B	6	N	2500	0	1	183	110	24	11	14	0	0	0	0	0	0	0	0	0	0	0	0	27736325	
153	1	B	6	N	2500	0	1	175	80	18	10	13	0	0	0	0	0	0	0	0	0	0	0	0	27736606	
154	1	B	6	N	2500	0	1	181	110	25	12	15	0	0	0	0	0	0	0	0	0	0	0	0	27736653	
155	1	B	6	N	2500	0	40	280	97	17	11	16	0	0	0	0	0	0	0	0	0	0	0	0	27736731	
156	1	B	6	N	2500	0	40	294	103	21	11	14	0	0	0	0	0	0	0	0	0	0	0	0	27737402	
157	1	B	6	N	2500	0	40	329	110	20	9	11	0	0	0	0	0	0	0	0	0	0	0	0	27737449	
158	1	B	6	N	2500	0	40	346	107	20	12	16	0	0	0	0	0	0	0	0	0	0	0	0	27737901	
159	1	B	6	N	2500	0	1	199	69	12	8	10	0	0	0	0	0	0	0	0	0	0	0	0	27738603	
160	1	B	6	N	2500	0	40	308	109	20	9	13	0	0	0	0	0	0	0	0	0	0	0	0	27738634	
161	1	B	6	N	2500	0	1	88	16	2	1	2	0	0	0	0	0	0	0	0	0	0	0	0	27739118	
162	1	B	8	N	2500	2	1	230	95	15	10	13	0	0	0	0	0	0	0	0	0	0	0	0	27763079	
163	1	B	8	N	2500	2	1	145	79	19	11	12	0	0	0	0	0	0	0	0	0	0	0	0	27763173	
164	1	B	8	N	2500	2	1	203	109	20	13	15	0	0	0	0	0	0	0	0	0	0	0	0	27763657	
165	1	B	8	N	2500	2	1	117	61	6	4	5	0	0	0	0	0	0	0	0	0	0	0	0	27764125	
166	1	B	8	N	2500	2	1	276	78	12	7	12	0	0	0	0	0	0	0	0	0	0	0	0	27764655	
167	1	B	8	N	2500	6	40	221	109	19	13	14	0	0	0	0	0	0	0	0	0	0	0	0	27764702	
168	1	B	8	N	2500	2	1	263	79	12	7	10	0	0	0	0	0	0	0	0	0	0	0	0	27765201	
169	1	B	8	N	2500	2	2	303	97	13	9	13	0	0	0	0	0	0	0	0	0	0	0	0	27765653	
170	1	B	8	N	2500	2	1	256	70	9	5	10	0	0	0	0	0	0	0	0	0	0	0	0	27765841	
171	1	B	8	N	2500	6	40	280	90	16	8	13	0	0	0	0	0	0	0	0	0	0	0	0	27766324	
172	1	B	8	N	2500	2	1	98	25	2	1	5	0	0	0	0	0	0	0	0	0	0	0	0	27767931	
173	1	B	10	N	2500	6	40	313	116	19	12	17	0	0	0	0	0	0	0	0	0	0	0	0	27789849	
174	1	B	10	N	2500	6	40	269	132	24	17	23	0	0	0	0	0	0	0	0	0	0	0	0	27790068	
175	1	B	10	N	2500	2	1	54	14	5	0	1	0	0	0	0	0	0	0	0	0	0	0	0	27790099	
176	1	B	10	N	2500	6	40	309	131	23	14	18	0	0	0	0	0	0	0	0	0	0	0	0	27790395	
177	1	B	10	N	2500	0	40	297	139	23	16	20	0	0	0	0	0	0	0	0	0	0	0	0	27792298	
178	1	B	10	N	2500	0	1	69	46	6	4	6	0	0	0	0	0	0	0	0	0	0	0	0	27792298	
179	1	B	10	N	2500	0	1	140	83	13	8	10	0	0	0	0	0	0	0	0	0	0	0	0	27792392	
180	1	B	10	N	2500	0	40	207	108	23	15	19	0	0	0	0	0	0	0	0	0	0	0	0	27792688	
181	1	B	10	N	2500	0	1	206	99	19	12	14	0	0	0	0	0	0	0	0	0	0	0	0	27792704	
182	1	B	10	N	2500	0	40	341	126	23	15	21	0	0	0	0	0	0	0	0	0	0	0	0	27792735	
183	1	B	10	N	2500	0	40	354	130	24	15	22	0	0	0	0	0	0	0	0	0	0	0	0	27792751	
184	1	B	10	N	2500	0	40	309	142	24	16	21	0	0	0	0	0	0	0	0	0	0	0	0	27793047	
185	1	B	10	N	2500	0	40	206	114	22	13	19	0	0	0	0	0	0	0	0	0	0	0	0	27793640	
186	1	B	10	N	2500	0	1	105	35	5	4	7	0	0	0	0	0	0	0	0	0	0	0	0	27793858	
187	1	B	10	N	2500	0	1	101	35	35	43	71	0	0	0	0	0	0	0	0	0	0	0	0	27793936	
188	1	B	10	N	2500	0	40	308	129	26	16	23	0	0	0	0	0	0	0	0	0	0	0	0	27794389	
189	1	B	10	N	2500	0	40	218	123	22	16	19	0	0	0	0	0	0	0	0	0	0	0	0	27794404	
190	1	B	10	N	2500	0	40	369	154	27	15	19	0	0	0	0	0	0	0	0	0	0	0	0	27794576	
191	1	B	10	N	2500	0	1	59	15	1	1	2	0	0	0	0	0	0	0	0	0	0	0	0	27794685	
192	1	B	10	N	2500	0	40	226	104	23	14	17	0	0	0	0	0	0	0	0	0	0	0	0	27794794	
193	1	B	10	N	2500	0	40	293	118	21	13	19	0	0	0	0	0	0	0	0	0	0	0	0	27794950	
194	1	B	10	N	2500	0	1	130	46	6	5	9	0	0	0	0	0	0	0	0	0	0	0	0	27795247	
195	1	B	10	N	2500	0	40	239	116	26	13	17	0	0	0	0	0	0	0	0	0	0	0	0	27795387	
196	1	B	10	N	2500	0	40	280	98	18	11	17	0	0	0	0	0	0	0	0	0	0	0	0	27795621	
197	1	B	11	N	2500	6	40	302	105	15	9	12	0	0	0	0	0	0	0	0	0	0	0	0	27811440	
198	1	B	12	N	2500	6	40	251	132	21	14	0	0	0	0	0	0	0	0	0	0	0	0	0	27818522	
199	1	B	12	N	2500	2	1	57	14	4	2	2	0	0	0	0	0	0	0	0	0	0	0	0	27819177	
200	1	B	12	N	2500	6	40	351	145	24	16	21	0	0	0	0	0	0	0	0	0	0	0	0	27819193	
201	1	B	12	N	2500	6	40	200	115	19	15	19	0	0	0	0	0	0	0	0	0	0	0	0	27819879	
202	1	B	12	N	2500	0	1	55	10	1	2	2	0	0	0	0	0	0	0	0	0	0	0	0	27819910	
203	1	B	12	N	2500	0	1	106	46	6	4	5	0	0	0	0	0	0	0	0	0	0	0	0	27820269	
204	1	B	12	N	2500	0	40	319	136	23	16	20	0	0	0	0	0	0	0	0	0	0	0	0	27821080	
205	1	B	12	N	2500	0	40	331	113	20	13	18	0	0	0	0	0	0	0	0	0	0	0	0	27821548	
206	1	B	12	N	2500	0	1	138	123	28	20	24	0	0	0	0	0	0	0	0	0	0	0	0	27822001	
207	1	B	12	N	2500	0	40	265	119	19	13	16	0	0	0	0	0	0	0	0	0	0	0	0	27822126	
208	1	B	12	N	2500	0	40	354	143	26	15	20	0	0	0	0	0	0	0	0	0	0	0	0	27822609	
209	1	B	12	N	2500	0	40	320	119	22	14	20	0	0	0	0	0	0	0	0	0	0	0	0	27822921	
210	1	B	12	N	2500	0	40	316	106	20	13	16	0	0	0	0	0	0	0	0	0	0	0	0	27822968	
211	1	B	12	N	2500	0	40	285	96	16	11	17	0	0	0	0	0	0	0	0	0	0	0	0	27823046	
212	1	B	12	N	2500	0	40	285	101	20	12	17	0	0	0	0	0	0	0	0	0	0	0	0	27823608	
213	1	B	12	N	2500	0	40	307	112	18	14	19	0	0	0	0	0	0	0	0	0	0	0	0	27823810	
214	1	B	12	N	2500	0	1	94	19	2	2	4	0	0	0	0	0	0	0	0	0	0	0	0	27825074	
215	1	B	12	N	2500	0	1	219	83	11	9	15	0	0	0	0	0	0	0	0	0	0	0	0	27825074	
216	1	C	1	N	2500	2	1	83	20	2	2	3	0	0	0	0	0	0	0	0	0	0	0	0	27835698	
217	1	C	1	N	2500	6	40	196	117	22	16	20	0	0	0	0	0	0	0	0	0	0	0	0	27838022	
218	1	C	1	N	2500	2	1	51	14	4	2	3	0	0	0	0	0	0	0	0	0	0	0	0	27839098	
219	1	C	1	N	2500	2	1	200	105	19	14	19	0	0	0	0	0	0	0	0	0	0	0	0	27840596	
220	1	C	2	N	2500	6	40	299	130	21	13	15	0	0	0	0	0	0	0	0	0	0	0	0	27848895	
221	1	C	2	N	2500	6	40	307	112	20	13	17	0	0	0	0	0	0	0	0	0	0	0	0	27849582	
222	1	C	2	N	2500	6	40	301	139	27	15	19	0	0	0	0	0	0	0	0	0	0	0	0	27849691	
223	1	C	2	N	2500	0	40	276	98	16	12	18	0	0	0	0	0	0	0	0	0	0	0	0	27850424	
224	1	C	2	N	2500	0	40	227	119	22	16	20	0	0	0	0	0	0	0	0	0	0	0	0	27850564	
225	1	C	2	N	2500	0	40	320	139	30	13	17	0	0	0	0	0	0	0	0	0	0	0	0	27851048	
226	1	C	2	N	2500	0	40	256	94	16	11	16	0	0	0	0	0	0	0	0	0	0	0	0	27851157	
227	1	C	2	N	2500	0	1	232	79	13	9	15	0	0	0	0	0	0	0	0	0	0	0	0	27851251	
228	1	C	2	N	2500	0	1	225	77	10	6	10	0	0	0	0	0	0	0	0	0	0	0	0	27851266	
229	1	C	2	N	2500	0	40	244	117	19	14	18	0	0	0	0	0	0	0	0	0	0	0	0	27851313	
230	1	C	2	N	2500	0	1	241	75	10	7	10	0	0	0	0	0	0	0	0	0	0	0	0	27851719	
231	1	C	2	N	2500	0	1	194	99	21	12	16	0	0	0	0	0	0	0	0	0	0	0	0	27852031	
232	1	C	2	N	2500	0	40	268	150	28	18	21	0	0	0	0	0	0	0	0	0	0	0	0	27852234	
233	1	C	2	N	2500	0	1	271	85	11	9	14	0	0	0	0	0	0	0	0	0	0	0	0	27852483	
234	1	C	2	N	2500	0	1	240	85	17	10	17	0	0	0	0	0	0	0	0	0	0	0	0	27852499	
235	1	C	2	N	2500	0	40	305	113	20	10	13	0	0	0	0	0	0	0	0	0	0	0	0	27852514	
236	1	C	2	N	2500	0	40	231	121	22	14	17	0	0	0	0	0	0	0	0	0	0	0	0	27852546	
237	1	C	2	N	2500	0	1	141	81	12	8	10	0	0	0	0	0	0	0	0	0	0	0	0	27853014	
238	1	C	2	N	2500	0	40	339	136	21	14	16	0	0	0	0	0	0	0	0	0	0	0	0	27853341	
239	1	C	2	N	2500	0	40	291	102	21	13	16	0	0	0	0	0	0	0	0	0	0	0	0	27853482	
240	1	C	2	N	2500	0	40	387	150	30	18	23	0	0	0	0	0	0	0	0	0	0	0	0	27853560	
241	1	C	2	N	2500	0	40	326	121	22	14	18	0	0	0	0	0	0	0	0	0	0	0	0	27853778	
242	1	C	2	N	2500	0	40	300	134	28	15	22	0	0	0	0	0	0	0	0	0	0	0	0	27853872	
243	1	C	2	N	2500	0	40	239	114	21	14	16	0	0	0	0	0	0	0	0	0	0	0	0	27853903	
244	1	C	2	N	2500	0	40	326	139	29	15	21	0	0	0	0	0	0	0	0	0	0	0	0	27854074	
245	1	C	2	N	2500	0	40	212	114	21	14	21	0	0	0	0	0	0	0	0	0	0	0	0	27854121	
246	1	C	2	N	2500	0	40	362	147	26	16	23	0	0	0	0	0	0	0	0	0	0	0	0	27854324	
247	1	C	2	N	2500	0	40	356	133	22	15	24	0	0	0	0	0	0	0	0	0	0	0	0	27854324	
248	1	C	2	N	2500	0	40	356	135	26	14	21	0	0	0	0	0	0	0	0	0	0	0	0	27854496	
249	1	C	2	N	2500	0	40	234	119	22	14	17	0	0	0	0	0	0	0	0	0	0	0	0	27854589	
250	1	C	2	N	2500	0	40	214	112	20	13	16	0	0	0	0	0	0	0	0	0	0	0	0	27854652	
251	1	C	2	N	2500	0	40	283	104	19	12	16	0	0	0	0	0	0	0	0	0	0	0	0	27854776	
252	1	C	2	N	2500	0	40	261	126	24	16	20	0	0	0	0	0	0	0	0	0	0	0	0	27855057	
253	1	C	2	N	2500	0	40	298	103	16	10	15	0	0	0	0	0	0	0	0	0	0	0	0	27856305	
254	1	C	4	N	2500	6	40	325	123	20	13	18	0	0	0	0	0	0	0	0	0	0	0	0	27879612	
255	1	C	4	N	2500	2	1	85	89	34	30	51	0	0	0	0	0	0	0	0	0	0	0	0	27880017	
256	1	C	4	N	2500	2	1	204	85	14	9	13	0	0	0	0	0	0	0	0	0	0	0	0	27881874	
257	1	C	4	N	2500	2	1	159	53	7	5	6	0	0	0	0	0	0	0	0	0	0	0	0	27882466	
258	1	C	4	N	2500	33	1	80	15	1	0	2	0	0	0	0	0	0	0	0	0	0	0	0	27882466	
259	1	C	4	N	2500	6	40	198	126	22	15	17	0	0	0	0	0	0	0	0	0	0	0	0	27882622	
260	1	C	4	N	2500	2	1	169	112	19	12	15	0	0	0	0	0	0	0	0	0	0	0	0	27882888	
261	1	C	4	N	2500	6	40	329	130	23	15	17	0	0	0	0	0	0	0	0	0	0	0	0	27884432	
262	1	C	5	N	2500	6	40	324	121	19	12	17	0	0	0	0	0	0	0	0	0	0	0	0	27898394	
263	1	C	6	N	2500	6	40	260	128	20	12	15	0	0	0	0	0	0	0	0	0	0	0	0	27907380	
264	1	C	6	N	2500	6	40	190	126	24	14	21	0	0	0	0	0	0	0	0	0	0	0	0	27907505	
265	1	C	6	N	2500	6	40	171	124	25	16	17	0	0	0	0	0	0	0	0	0	0	0	0	27907567	
266	1	C	6	N	2500	0	1	196	105	17	10	15	0	0	0	0	0	0	0	0	0	0	0	0	27907661	
267	1	C	6	N	2500	0	1	238	94	16	10	14	0	0	0	0	0	0	0	0	0	0	0	0	27908035	
268	1	C	6	N	2500	0	40	318	132	23	16	25	0	0	0	0	0	0	0	0	0	0	0	0	27908550	
269	1	C	6	N	2500	0	40	339	113	16	11	15	0	0	0	0	0	0	0	0	0	0	0	0	27908784	
270	1	C	6	N	2500	0	40	275	138	26	16	17	0	0	0	0	0	0	0	0	0	0	0	0	27908924	
271	1	C	6	N	2500	0	1	170	47	6	5	6	0	0	0	0	0	0	0	0	0	0	0	0	27909423	
272	1	C	6	N	2500	0	1	164	57	8	6	9	0	0	0	0	0	0	0	0	0	0	0	0	27909626	
273	1	C	6	N	2500	0	1	218	101	16	11	15	0	0	0	0	0	0	0	0	0	0	0	0	27909813	
274	1	C	6	N	2500	0	40	415	120	20	12	23	0	0	0	0	0	0	0	0	0	0	0	0	27909907	
275	1	C	6	N	2500	0	40	323	133	22	14	13	0	0	0	0	0	0	0	0	0	0	0	0	27910063	
276	1	C	6	N	2500	0	40	290	114	22	14	18	0	0	0	0	0	0	0	0	0	0	0	0	27910313	
277	1	C	6	N	2500	0	40	301	108	23	11	14	0	0	0	0	0	0	0	0	0	0	0	0	27910500	
278	1	C	6	N	2500	0	40	357	119	25	13	19	0	0	0	0	0	0	0	0	0	0	0	0	27910734	
279	1	C	6	N	2500	0	1	141	96	17	9	10	0	0	0	0	0	0	0	0	0	0	0	0	27910999	
280	1	C	6	N	2500	0	40	334	127	21	12	13	0	0	0	0	0	0	0	0	0	0	0	0	27910999	
281	1	C	6	N	2500	0	40	347	135	25	15	21	0	0	0	0	0	0	0	0	0	0	0	0	27910999	
282	1	C	6	N	2500	0	40	254	94	15	8	12	0	0	0	0	0	0	0	0	0	0	0	0	27911046	
283	1	C	6	N	2500	0	40	266	100	18	11	17	0	0	0	0	0	0	0	0	0	0	0	0	27911077	
284	1	C	6	N	2500	0	1	196	107	19	13	16	0	0	0	0	0	0	0	0	0	0	0	0	27911093	
285	1	C	6	N	2500	0	40	313	115	21	11	14	0	0	0	0	0	0	0	0	0	0	0	0	27911217	
286	1	C	6	N	2500	0	1	142	97	15	11	11	0	0	0	0	0	0	0	0	0	0	0	0	27911249	
287	1	C	6	N	2500	0	1	206	107	16	11	18	0	0	0	0	0	0	0	0	0	0	0	0	27911280	
288	1	C	6	N	2500	0	1	213	95	16	11	18	0	0	0	0	0	0	0	0	0	0	0	0	27911420	
289	1	C	6	N	2500	0	1	159	75	9	6	6	0	0	0	0	0	0	0	0	0	0	0	0	27912153	
290	1	C	6	N	2500	0	1	248	92	16	11	18	0	0	0	0	0	0	0	0	0	0	0	0	27912200	
291	1	C	6	N	2500	0	40	372	138	23	15	22	0	0	0	0	0	0	0	0	0	0	0	0	27912497	
292	1	C	6	N	2500	0	40	308	113	18	12	17	0	0	0	0	0	0	0	0	0	0	0	0	27912668	
293	1	C	6	N	2500	0	1	247	78	11	9	13	0	0	0	0	0	0	0	0	0	0	0	0	27912809	
294	1	C	6	N	2500	0	40	226	127	28	16	20	0	0	0	0	0	0	0	0	0	0	0	0	27913417	
295	1	C	6	N	2500	0	40	203	110	23	11	15	0	0	0	0	0	0	0	0	0	0	0	0	27913807	
296	1	C	7	N	2500	6	40	263	109	21	12	18	0	0	0	0	0	0	0	0	0	0	0	0	27921654	
297	1	C	7	N	2500	6	40	275	101	15	9	16	0	0	0	0	0	0	0	0	0	0	0	0	27923385	
298	1	C	8	N	2500	6	40	287	91	15	10	15	0	0	0	0	0	0	0	0	0	0	0	0	27940031	
299	1	C	8	N	2500	6	40	295	103	15	11	18	0	0	0	0	0	0	0	0	0	0	0	0	27940343	
300	1	C	8	N	2500	6	40	225	131	21	14	16	0	0	0	0	0	0	0	0	0	0	0	0	27940358	
301	1	C	8	N	2500	0	1	82	22	5	3	4	0	0	0	0	0	0	0	0	0	0	0	0	27941123	
302	1	C	10	N	2500	2	1	182	106	20	14	15	0	0	0	0	0	0	0	0	0	0	0	0	27963992	
303	1	C	10	N	2500	2	1	181	105	21	12	14	0	0	0	0	0	0	0	0	0	0	0	0	27965427	
304	1	C	10	N	2500	6	40	343	137	23	17	26	0	0	0	0	0	0	0	0	0	0	0	0	27966270	
305	1	C	10	N	2500	2	1	206	93	18	11	15	0	0	0	0	0	0	0	0	0	0	0	0	27967393	
306	1	C	10	N	2500	2	1	92	48	7	4	5	0	0	0	0	0	0	0	0	0	0	0	0	27967409	
307	1	C	10	N	2500	6	40	222	121	26	14	18	0	0	0	0	0	0	0	0	0	0	0	0	27967580	
308	1	C	10	N	2500	6	40	313	118	22	14	17	0	0	0	0	0	0	0	0	0	0	0	0	27967596	
309	1	C	10	N	2500	0	40	241	104	17	12	16	0	0	0	0	0	0	0	0	0	0	0	0	27969187	
310	1	C	10	N	2500	0	2	280	91	13	8	12	0	0	0	0	0	0	0	0	0	0	0	0	27970965	
311	1	C	10	N	2500	0	40	243	107	19	12	17	0	0	0	0	0	0	0	0	0	0	0	0	27971137	
312	1	C	10	N	2500	0	40	363	135	23	15	21	0	0	0	0	0	0	0	0	0	0	0	0	27971215	
313	1	C	12	N	2500	6	40	286	120	25	14	19	0	0	0	0	0	0	0	0	0	0	0	0	27992993	
314	1	C	12	N	2500	6	40	271	106	20	12	13	0	0	0	0	0	0	0	0	0	0	0	0	27993149	
315	1	C	12	N	2500	2	1	205	97	16	12	17	0	0	0	0	0	0	0	0	0	0	0	0	27993164	
316	1	C	12	N	2500	6	40	306	101	19	12	14	0	0	0	0	0	0	0	0	0	0	0	0	27994319	
317	1	C	12	N	2500	0	40	291	123	24	14	13	0	0	0	0	0	0	0	0	0	0	0	0	27994724	
318	1	C	12	N	2500	0	1	185	104	21	14	19	0	0	0	0	0	0	0	0	0	0	0	0	27994787	
319	1	C	12	N	2500	0	1	87	18	2	2	3	0	0	0	0	0	0	0	0	0	0	0	0	27995738	
320	1	C	12	N	2500	0	1	191	61	8	6	13	0	0	0	0	0	0	0	0	0	0	0	0	27995941	
321	1	C	12	N	2500	0	1	203	105	19	12	17	0	0	0	0	0	0	0	0	0	0	0	0	27995972	
322	1	C	12	N	2500	0	40	296	109	23	12	14	0	0	0	0	0	0	0	0	0	0	0	0	27996378	
323	1	C	12	N	2500	0	1	198	89	19	10	9	0	0	0	0	0	0	0	0	0	0	0	0	27996456	
324	1	C	12	N	2500	0	1	80	18	3	3	4	0	0	0	0	0	0	0	0	0	0	0	0	27996783	
325	1	C	12	N	2500	0	1	137	50	8	5	9	0	0	0	0	0	0	0	0	0	0	0	0	27996815	
326	1	C	12	N	2500	0	1	121	66	16	11	12	0	0	0	0	0	0	0	0	0	0	0	0	27996908	
327	1	C	12	N	2500	0	40	213	121	20	13	15	0	0	0	0	0	0	0	0	0	0	0	0	27997236	
328	1	C	12	N	2500	0	1	166	73	16	11	11	0	0	0	0	0	0	0	0	0	0	0	0	27997251	
329	1	C	12	N	2500	0	1	59	13	1	1	3	0	0	0	0	0	0	0	0	0	0	0	0	27997283	
330	1	C	12	N	2500	0	40	258	104	19	12	14	0	0	0	0	0	0	0	0	0	0	0	0	27997548	
331	1	C	12	N	2500	0	1	174	106	22	12	16	0	0	0	0	0	0	0	0	0	0	0	0	27997626	
332	1	C	12	N	2500	0	40	311	101	17	12	13	0	0	0	0	0	0	0	0	0	0	0	0	27997891	
333	1	C	12	N	2500	0	1	199	93	16	10	12	0	0	0	0	0	0	0	0	0	0	0	0	27998031	
334	1	C	12	N	2500	0	1	169	116	21	14	17	0	0	0	0	0	0	0	0	0	0	0	0	27998063	
335	1	C	12	N	2500	0	2	159	123	24	14	14	0	0	0	0	0	0	0	0	0	0	0	0	27998187	
336	1	C	12	N	2500	0	1	256	78	11	7	12	0	0	0	0	0	0	0	0	0	0	0	0	27998265	
337	1	C	12	N	2500	0	1	100	30	3	3	8	0	0	0	0	0	0	0	0	0	0	0	0	27998577	
338	1	C	12	N	2500	0	1	58	22	4	2	4	0	0	0	0	0	0	0	0	0	0	0	0	27998655	
339	1	C	12	N	2500	0	1	59	11	1	2	3	0	0	0	0	0	0	0	0	0	0	0	0	27999732	
340	1	D	1	N	2500	2	1	196	62	7	7	13	0	0	0	0	0	0	0	0	0	0	0	0	28009575	
341	1	D	1	N	2500	6	40	310	113	25	13	19	0	0	0	0	0	0	0	0	0	0	0	0	28015098	
342	1	D	2	N	2500	2	1	216	93	18	11	13	0	0	0	0	0	0	0	0	0	0	0	0	28024193	
343	1	D	2	N	2500	6	40	384	140	23	14	22	0	0	0	0	0	0	0	0	0	0	0	0	28024645	
344	1	D	2	N	2500	6	40	386	134	25	15	23	0	0	0	0	0	0	0	0	0	0	0	0	28024895	
345	1	D	2	N	2500	2	1	71	15	2	1	1	0	0	0	0	0	0	0	0	0	0	0	0	28025144	
346	1	D	2	N	2500	2	1	195	87	15	11	12	0	0	0	0	0	0	0	0	0	0	0	0	28025144	
347	1	D	2	N	2500	6	40	239	104	18	13	14	0	0	0	0	0	0	0	0	0	0	0	0	28025347	
348	1	D	2	N	2500	0	40	304	107	17	12	17	0	0	0	0	0	0	0	0	0	0	0	0	28025690	
349	1	D	2	N	2500	0	1	130	63	19	14	19	0	0	0	0	0	0	0	0	0	0	0	0	28025846	
350	1	D	2	N	2500	0	1	52	12	1	1	2	0	0	0	0	0	0	0	0	0	0	0	0	28025878	
351	1	D	2	N	2500	0	40	212	115	20	14	18	0	0	0	0	0	0	0	0	0	0	0	0	28027204	
352	1	D	2	N	2500	0	40	291	130	25	16	21	0	0	0	0	0	0	0	0	0	0	0	0	28027313	
353	1	D	2	N	2500	0	40	330	106	18	12	18	0	0	0	0	0	0	0	0	0	0	0	0	28027718	
354	1	D	2	N	2500	0	40	305	104	20	13	18	0	0	0	0	0	0	0	0	0	0	0	0	28027781	
355	1	D	2	N	2500	0	40	343	125	24	15	22	0	0	0	0	0	0	0	0	0	0	0	0	28027968	
356	1	D	2	N	2500	0	40	327	97	16	11	14	0	0	0	0	0	0	0	0	0	0	0	0	28028140	
357	1	D	2	N	2500	0	1	123	106	21	15	20	0	0	0	0	0	0	0	0	0	0	0	0	28028218	
358	1	D	2	N	2500	0	40	277	113	20	12	15	0	0	0	0	0	0	0	0	0	0	0	0	28028686	
359	1	D	2	N	2500	0	1	203	105	20	13	16	0	0	0	0	0	0	0	0	0	0	0	0	28028842	
360	1	D	2	N	2500	0	1	163	65	16	12	13	0	0	0	0	0	0	0	0	0	0	0	0	28028857	
361	1	D	2	N	2500	0	40	322	110	23	12	15	0	0	0	0	0	0	0	0	0	0	0	0	28029325	
362	1	D	4	N	2500	2	1	196	62	8	5	9	0	0	0	0	0	0	0	0	0	0	0	0	28052429	
363	1	D	4	N	2500	6	40	289	122	21	14	18	0	0	0	0	0	0	0	0	0	0	0	0	28054114	
364	1	D	4	N	2500	6	40	311	116	17	11	14	0	0	0	0	0	0	0	0	0	0	0	0	28054192	
365	1	D	4	N	2500	2	1	148	47	8	7	11	0	0	0	0	0	0	0	0	0	0	0	0	28054582	
366	1	D	4	N	2500	2	1	268	76	11	7	10	0	0	0	0	0	0	0	0	0	0	0	0	28055190	
367	1	D	4	N	2500	2	1	111	53	9	4	6	0	0	0	0	0	0	0	0	0	0	0	0	28055689	
368	1	D	4	N	2500	6	40	299	104	20	12	15	0	0	0	0	0	0	0	0	0	0	0	0	28056064	
369	1	D	4	N	2500	0	40	335	124	23	12	18	0	0	0	0	0	0	0	0	0	0	0	0	28056953	
370	1	D	4	N	2500	0	1	56	13	2	2	4	0	0	0	0	0	0	0	0	0	0	0	0	28057202	
371	1	D	4	N	2500	0	1	64	32	8	7	12	0	0	0	0	0	0	0	0	0	0	0	0	28057202	
372	1	D	4	N	2500	0	40	247	107	16	13	18	0	0	0	0	0	0	0	0	0	0	0	0	28057717	
373	1	D	4	N	2500	0	1	223	68	10	6	11	0	0	0	0	0	0	0	0	0	0	0	0	28058341	
374	1	D	6	N	2500	6	40	226	115	23	15	20	0	0	0	0	0	0	0	0	0	0	0	0	28080509	
375	1	D	6	N	2500	2	1	70	19	3	2	4	0	0	0	0	0	0	0	0	0	0	0	0	28081086	
376	1	D	6	N	2500	6	40	376	154	26	14	20	0	0	0	0	0	0	0	0	0	0	0	0	28081632	
377	1	D	6	N	2500	6	40	324	121	19	12	13	0	0	0	0	0	0	0	0	0	0	0	0	28081694	
378	1	D	6	N	2500	0	1	117	31	10	7	8	0	0	0	0	0	0	0	0	0	0	0	0	28081913	
379	1	D	6	N	2500	0	40	214	141	27	15	16	0	0	0	0	0	0	0	0	0	0	0	0	28082318	
380	1	D	6	N	2500	0	40	309	117	18	12	14	0	0	0	0	0	0	0	0	0	0	0	0	28082552	
381	1	D	6	N	2500	0	40	340	140	23	15	19	0	0	0	0	0	0	0	0	0	0	0	0	28082818	
382	1	D	6	N	2500	0	1	167	81	12	7	9	0	0	0	0	0	0	0	0	0	0	0	0	28082989	
383	1	D	6	N	2500	0	40	255	99	18	13	16	0	0	0	0	0	0	0	0	0	0	0	0	28083020	
384	1	D	6	N	2500	0	40	298	142	26	15	20	0	0	0	0	0	0	0	0	0	0	0	0	28083098	
385	1	D	6	N	2500	0	40	214	122	20	13	16	0	0	0	0	0	0	0	0	0	0	0	0	28083473	
386	1	D	6	N	2500	0	40	246	128	23	16	18	0	0	0	0	0	0	0	0	0	0	0	0	28083691	
387	1	D	6	N	2500	0	40	238	115	22	14	17	0	0	0	0	0	0	0	0	0	0	0	0	28083738	
388	1	D	6	N	2500	0	40	310	139	25	17	26	0	0	0	0	0	0	0	0	0	0	0	0	28083754	
389	1	D	6	N	2500	0	1	66	28	19	22	33	0	0	0	0	0	0	0	0	0	0	0	0	28084814	
390	1	D	6	N	2500	0	1	185	99	148	184	237	0	0	0	0	0	0	0	0	0	0	0	0	28085017	
391	1	D	6	N	2500	0	40	332	128	26	14	19	0	0	0	0	0	0	0	0	0	0	0	0	28085189	
392	1	D	6	N	2500	0	40	225	120	26	14	19	0	0	0	0	0	0	0	0	0	0	0	0	28085267	
393	1	D	6	N	2500	0	40	334	118	19	14	23	0	0	0	0	0	0	0	0	0	0	0	0	28085438	
394	1	D	6	N	2500	0	40	320	118	20	13	16	0	0	0	0	0	0	0	0	0	0	0	0	28085516	
395	1	D	6	N	2500	0	1	79	21	2	1	3	0	0	0	0	0	0	0	0	0	0	0	0	28085594	
396	1	D	6	N	2500	0	40	251	131	20	14	17	0	0	0	0	0	0	0	0	0	0	0	0	28085626	
397	1	D	6	N	2500	0	40	226	125	24	17	20	0	0	0	0	0	0	0	0	0	0	0	0	28085906	
398	1	D	6	N	2500	0	1	167	102	24	12	16	0	0	0	0	0	0	0	0	0	0	0	0	28085969	
399	1	D	6	N	2500	0	40	379	141	24	15	20	0	0	0	0	0	0	0	0	0	0	0	0	28086281	
400	1	D	6	N	2500	0	40	234	122	18	12	16	0	0	0	0	0	0	0	0	0	0	0	0	28086702	
401	1	D	6	N	2500	0	40	304	95	17	10	14	0	0	0	0	0	0	0	0	0	0	0	0	28086702	
402	1	D	7	N	2500	6	40	248	129	31	19	20	0	0	0	0	0	0	0	0	0	0	0	0	28098152	
403	1	D	8	N	2500	2	1	180	108	21	13	16	0	0	0	0	0	0	0	0	0	0	0	0	28111116	
404	1	D	8	N	2500	2	1	194	70	13	8	10	0	0	0	0	0	0	0	0	0	0	0	0	28111319	
405	1	D	8	N	2500	2	1	201	100	18	12	13	0	0	0	0	0	0	0	0	0	0	0	0	28111381	
406	1	D	8	N	2500	2	1	197	59	8	5	9	0	0	0	0	0	0	0	0	0	0	0	0	28111568	
407	1	D	8	N	2500	6	40	265	128	20	14	20	0	0	0	0	0	0	0	0	0	0	0	0	28111756	
408	1	D	8	N	2500	2	1	245	81	11	8	14	0	0	0	0	0	0	0	0	0	0	0	0	28112036	
409	1	D	8	N	2500	6	40	355	120	20	14	17	0	0	0	0	0	0	0	0	0	0	0	0	28112426	
410	1	D	8	N	2500	2	1	189	111	18	12	17	0	0	0	0	0	0	0	0	0	0	0	0	28112426	
411	1	D	8	N	2500	6	40	282	86	14	9	14	0	0	0	0	0	0	0	0	0	0	0	0	28112629	
412	1	D	8	N	2500	0	40	342	126	24	14	20	0	0	0	0	0	0	0	0	0	0	0	0	28112660	
413	1	D	8	N	2500	0	1	233	90	12	10	15	0	0	0	0	0	0	0	0	0	0	0	0	28112848	
414	1	D	8	N	2500	0	40	291	108	17	12	15	0	0	0	0	0	0	0	0	0	0	0	0	28113487	
415	1	D	8	N	2500	0	40	362	99	15	10	15	0	0	0	0	0	0	0	0	0	0	0	0	28113908	
416	1	D	8	N	2500	0	40	340	123	21	11	16	0	0	0	0	0	0	0	0	0	0	0	0	28114189	
417	1	D	8	N	2500	0	1	142	34	3	3	7	0	0	0	0	0	0	0	0	0	0	0	0	28114189	
418	1	D	8	N	2500	0	40	301	114	18	12	15	0	0	0	0	0	0	0	0	0	0	0	0	28114298	
419	1	D	8	N	2500	0	40	337	114	18	11	18	0	0	0	0	0	0	0	0	0	0	0	0	28114642	
420	1	D	8	N	2500	0	40	300	102	17	11	16	0	0	0	0	0	0	0	0	0	0	0	0	28114673	
421	1	D	8	N	2500	0	40	344	136	23	14	18	0	0	0	0	0	0	0	0	0	0	0	0	28115609	
422	1	D	9	N	2500	2	1	70	14	1	1	3	0	0	0	0	0	0	0	0	0	0	0	0	28126232	
423	1	D	10	N	2500	2	1	136	65	8	6	10	0	0	0	0	0	0	0	0	0	0	0	0	28138135	
424	1	D	10	N	2500	2	1	67	18	2	2	5	0	0	0	0	0	0	0	0	0	0	0	0	28138416	
425	1	D	10	N	2500	2	1	67	19	2	2	2	0	0	0	0	0	0	0	0	0	0	0	0	28139103	
426	1	D	10	N	2500	2	1	77	16	2	2	2	0	0	0	0	0	0	0	0	0	0	0	0	28141209	
427	1	D	10	N	2500	2	1	87	47	18	4	4	0	0	0	0	0	0	0	0	0	0	0	0	28141396	
428	1	D	10	N	2500	2	2	283	90	13	8	13	0	0	0	0	0	0	0	0	0	0	0	0	28142176	
429	1	D	10	N	2500	6	40	324	112	17	10	17	0	0	0	0	0	0	0	0	0	0	0	0	28142410	
430	1	D	10	N	2500	2	1	51	19	2	3	4	0	0	0	0	0	0	0	0	0	0	0	0	28142753	
431	1	D	10	N	2500	2	1	241	94	14	10	14	0	0	0	0	0	0	0	0	0	0	0	0	28143190	
432	1	D	10	N	2500	2	1	270	80	13	8	11	0	0	0	0	0	0	0	0	0	0	0	0	28143549	
433	1	D	10	N	2500	2	1	204	90	14	9	13	0	0	0	0	0	0	0	0	0	0	0	0	28143970	
434	1	D	10	N	2500	2	1	56	26	5	4	9	0	0	0	0	0	0	0	0	0	0	0	0	28144656	
435	1	D	10	N	2500	2	1	131	55	7	4	7	0	0	0	0	0	0	0	0	0	0	0	0	28144984	
436	1	D	12	N	2500	2	1	168	98	21	12	17	0	0	0	0	0	0	0	0	0	0	0	0	28167557	
437	1	D	12	N	2500	6	40	297	104	19	11	15	0	0	0	0	0	0	0	0	0	0	0	0	28167807	
438	1	D	12	N	2500	6	40	323	124	18	11	17	0	0	0	0	0	0	0	0	0	0	0	0	28168945	
439	1	D	12	N	2500	6	40	309	120	19	14	19	0	0	0	0	0	0	0	0	0	0	0	0	28169148	
440	1	D	12	N	2500	0	40	318	136	24	13	17	0	0	0	0	0	0	0	0	0	0	0	0	28169445	
441	1	D	12	N	2500	0	40	313	116	18	12	16	0	0	0	0	0	0	0	0	0	0	0	0	28170864	
442	1	D	12	N	2500	0	40	299	141	26	18	24	0	0	0	0	0	0	0	0	0	0	0	0	28170880	
443	1	D	12	N	2500	0	40	272	95	14	9	14	0	0	0	0	0	0	0	0	0	0	0	0	28170895	
444	1	D	12	N	2500	0	40	211	116	19	13	15	0	0	0	0	0	0	0	0	0	0	0	0	28170895	
445	1	D	12	N	2500	0	40	203	125	20	12	15	0	0	0	0	0	0	0	0	0	0	0	0	28171036	
446	1	D	12	N	2500	0	40	313	130	24	16	26	0	0	0	0	0	0	0	0	0	0	0	0	28171987	
447	1	D	12	N	2500	0	1	105	56	7	5	7	0	0	0	0	0	0	0	0	0	0	0	0	28172081	
448	1	D	12	N	2500	0	1	299	76	12	7	11	0	0	0	0	0	0	0	0	0	0	0	0	28172221	
449	1	D	12	N	2500	0	40	236	110	18	13	15	0	0	0	0	0	0	0	0	0	0	0	0	28172221	
450	1	D	12	N	2500	0	40	327	95	13	8	13	0	0	0	0	0	0	0	0	0	0	0	0	28172736	
451	1	D	12	N	2500	0	40	371	112	16	8	15	0	0	0	0	0	0	0	0	0	0	0	0	28172814	
452	1	D	12	N	2500	0	40	383	138	25	14	21	0	0	0	0	0	0	0	0	0	0	0	0	28172908	
453	1	D	12	N	2500	0	40	258	110	17	12	15	0	0	0	0	0	0	0	0	0	0	0	0	28173079	
454	1	E	2	N	2500	2	1	244	90	13	9	12	0	0	0	0	0	0	0	0	0	0	0	0	28198195	
455	1	E	2	N	2500	2	1	124	56	77	106	146	0	0	0	0	0	0	0	0	0	0	0	0	28199662	
456	1	E	2	N	2500	6	40	295	114	21	12	16	0	0	0	0	0	0	0	0	0	0	0	0	28199693	
457	1	E	2	N	2500	6	40	305	108	19	10	14	0	0	0	0	0	0	0	0	0	0	0	0	28200333	
458	1	E	2	N	2500	2	1	240	66	10	6	8	0	0	0	0	0	0	0	0	0	0	0	0	28202392	
459	1	E	2	N	2500	6	40	337	122	22	14	18	0	0	0	0	0	0	0	0	0	0	0	0	28202595	
460	1	E	2	N	2500	0	40	288	111	17	12	16	0	0	0	0	0	0	0	0	0	0	0	0	28202688	
461	1	E	2	N	2500	0	40	359	125	18	10	15	0	0	0	0	0	0	0	0	0	0	0	0	28202860	
462	1	E	2	N	2500	0	1	193	96	19	12	14	0	0	0	0	0	0	0	0	0	0	0	0	28203109	
463	1	E	2	N	2500	0	1	184	64	12	9	12	0	0	0	0	0	0	0	0	0	0	0	0	28204311	
464	1	E	2	N	2500	0	40	279	102	16	10	16	0	0	0	0	0	0	0	0	0	0	0	0	28204451	
465	1	E	3	N	2500	2	1	85	19	2	2	3	0	0	0	0	0	0	0	0	0	0	0	0	28217305	
466	1	E	4	N	2500	6	40	285	103	17	12	16	0	0	0	0	0	0	0	0	0	0	0	0	28226821	
467	1	E	4	N	2500	2	1	245	89	13	9	11	0	0	0	0	0	0	0	0	0	0	0	0	28226977	
468	1	E	4	N	2500	2	1	160	81	11	8	9	0	0	0	0	0	0	0	0	0	0	0	0	28227071	
469	1	E	4	N	2500	2	1	150	44	5	5	8	0	0	0	0	0	0	0	0	0	0	0	0	28227149	
470	1	E	4	N	2500	2	1	202	54	7	5	8	0	0	0	0	0	0	0	0	0	0	0	0	28227991	
471	1	E	4	N	2500	2	1	209	96	115	161	248	0	0	0	0	0	0	0	0	0	0	0	0	28228849	
472	1	E	4	N	2500	6	40	346	113	18	10	14	0	0	0	0	0	0	0	0	0	0	0	0	28229052	
473	1	E	4	N	2500	6	40	288	101	18	13	16	0	0	0	0	0	0	0	0	0	0	0	0	28229099	
474	1	E	4	N	2500	0	2	227	106	114	147	224	0	0	0	0	0	0	0	0	0	0	0	0	28229286	
475	1	E	4	N	2500	0	40	285	93	14	10	14	0	0	0	0	0	0	0	0	0	0	0	0	28229442	
476	1	E	4	N	2500	0	1	118	60	9	6	9	0	0	0	0	0	0	0	0	0	0	0	0	28229707	
477	1	E	4	N	2500	0	1	239	68	11	6	8	0	0	0	0	0	0	0	0	0	0	0	0	28230097	
478	1	E	4	N	2500	0	1	193	109	21	13	17	0	0	0	0	0	0	0	0	0	0	0	0	28230160	
479	1	E	4	N	2500	0	1	67	20	1	1	1	0	0	0	0	0	0	0	0	0	0	0	0	28230456	
480	1	E	4	N	2500	0	40	243	118	24	16	19	0	0	0	0	0	0	0	0	0	0	0	0	28230565	
481	1	E	4	N	2500	0	1	83	17	2	2	3	0	0	0	0	0	0	0	0	0	0	0	0	28230799	
482	1	E	4	N	2500	0	40	276	95	16	11	15	0	0	0	0	0	0	0	0	0	0	0	0	28230831	
483	1	E	4	N	2500	0	1	219	53	7	5	5	0	0	0	0	0	0	0	0	0	0	0	0	28231236	
484	1	E	4	N	2500	0	40	291	97	18	10	13	0	0	0	0	0	0	0	0	0	0	0	0	28231252	
485	1	E	4	N	2500	0	1	213	57	8	5	7	0	0	0	0	0	0	0	0	0	0	0	0	28231377	
486	1	E	4	N	2500	0	1	87	18	3	3	6	0	0	0	0	0	0	0	0	0	0	0	0	28231798	
487	1	E	4	N	2500	0	40	314	123	23	12	17	0	0	0	0	0	0	0	0	0	0	0	0	28232172	
488	1	E	4	N	2500	0	40	305	115	19	14	21	0	0	0	0	0	0	0	0	0	0	0	0	28232188	
489	1	E	4	N	2500	0	1	223	83	19	14	15	0	0	0	0	0	0	0	0	0	0	0	0	28232328	
490	1	E	4	N	2500	0	1	184	56	6	4	7	0	0	0	0	0	0	0	0	0	0	0	0	28232500	
491	1	E	4	N	2500	0	2	280	86	13	9	12	0	0	0	0	0	0	0	0	0	0	0	0	28233061	
492	1	E	4	N	2500	0	1	213	57	6	4	7	0	0	0	0	0	0	0	0	0	0	0	0	28233514	
493	1	E	5	N	2500	2	1	61	20	3	3	4	0	0	0	0	0	0	0	0	0	0	0	0	28241766	
494	1	E	5	N	2500	2	1	266	86	12	8	10	0	0	0	0	0	0	0	0	0	0	0	0	28243529	
495	1	E	6	N	2500	6	40	301	124	24	14	19	0	0	0	0	0	0	0	0	0	0	0	0	28256025	
496	1	E	6	N	2500	2	1	166	113	24	15	21	0	0	0	0	0	0	0	0	0	0	0	0	28256087	
497	1	E	6	N	2500	6	40	211	109	20	13	14	0	0	0	0	0	0	0	0	0	0	0	0	28256898	
498	1	E	6	N	2500	2	1	163	115	22	16	20	0	0	0	0	0	0	0	0	0	0	0	0	28256914	
499	1	E	6	N	2500	2	1	75	25	14	2	3	0	0	0	0	0	0	0	0	0	0	0	0	28257398	
500	1	E	6	N	2500	2	1	157	91	16	9	12	0	0	0	0	0	0	0	0	0	0	0	0	28257741	
501	1	E	6	N	2500	2	1	82	15	1	1	2	0	0	0	0	0	0	0	0	0	0	0	0	28257756	
502	1	E	6	N	2500	2	1	181	61	11	7	10	0	0	0	0	0	0	0	0	0	0	0	0	28257990	
503	1	E	6	N	2500	6	40	298	104	16	10	15	0	0	0	0	0	0	0	0	0	0	0	0	28258552	
504	1	E	6	N	2500	0	40	303	120	23	15	20	0	0	0	0	0	0	0	0	0	0	0	0	28258630	
505	1	E	6	N	2500	0	40	263	98	17	9	14	0	0	0	0	0	0	0	0	0	0	0	0	28258802	
506	1	E	6	N	2500	0	40	329	141	24	14	16	0	0	0	0	0	0	0	0	0	0	0	0	28259285	
507	1	E	6	N	2500	0	1	55	35	6	4	9	0	0	0	0	0	0	0	0	0	0	0	0	28259363	
508	1	E	6	N	2500	0	1	203	76	14	8	14	0	0	0	0	0	0	0	0	0	0	0	0	28259660	
509	1	E	6	N	2500	0	1	172	84	18	10	14	0	0	0	0	0	0	0	0	0	0	0	0	28259738	
510	1	E	6	N	2500	0	1	125	40	4	2	4	0	0	0	0	0	0	0	0	0	0	0	0	28259800	
511	1	E	6	N	2500	0	1	188	89	15	8	12	0	0	0	0	0	0	0	0	0	0	0	0	28260455	
512	1	E	6	N	2500	0	1	186	112	18	13	16	0	0	0	0	0	0	0	0	0	0	0	0	28261422	
513	1	E	6	N	2500	0	40	283	116	21	16	19	0	0	0	0	0	0	0	0	0	0	0	0	28261422	
514	1	E	8	N	2500	2	1	168	66	11	8	12	0	0	0	0	0	0	0	0	0	0	0	0	28284261	
515	1	E	8	N	2500	6	40	314	121	20	12	17	0	0	0	0	0	0	0	0	0	0	0	0	28284885	
516	1	E	8	N	2500	2	2	289	92	12	9	13	0	0	0	0	0	0	0	0	0	0	0	0	28284916	
517	1	E	8	N	2500	6	40	266	98	15	11	17	0	0	0	0	0	0	0	0	0	0	0	0	28285478	
518	1	E	8	N	2500	2	1	188	55	7	5	9	0	0	0	0	0	0	0	0	0	0	0	0	28285868	
519	1	E	8	N	2500	2	1	239	72	10	6	10	0	0	0	0	0	0	0	0	0	0	0	0	28285883	
520	1	E	8	N	2500	6	40	223	114	20	14	20	0	0	0	0	0	0	0	0	0	0	0	0	28285961	
521	1	E	8	N	2500	0	1	154	84	10	7	10	0	0	0	0	0	0	0	0	0	0	0	0	28286492	
522	1	E	8	N	2500	0	1	80	32	4	4	7	0	0	0	0	0	0	0	0	0	0	0	0	28286975	
523	1	E	8	N	2500	0	40	324	106	17	12	12	0	0	0	0	0	0	0	0	0	0	0	0	28287147	
524	1	E	8	N	2500	0	40	220	117	18	12	16	0	0	0	0	0	0	0	0	0	0	0	0	28287147	
525	1	E	8	N	2500	0	40	263	128	24	17	22	0	0	0	0	0	0	0	0	0	0	0	0	28287568	
526	1	E	8	N	2500	0	40	339	126	22	14	19	0	0	0	0	0	0	0	0	0	0	0	0	28287599	
527	1	E	8	N	2500	0	40	336	140	22	16	23	0	0	0	0	0	0	0	0	0	0	0	0	28287771	
528	1	E	8	N	2500	0	1	189	86	16	10	12	0	0	0	0	0	0	0	0	0	0	0	0	28287864	
529	1	E	8	N	2500	0	1	157	69	9	7	10	0	0	0	0	0	0	0	0	0	0	0	0	28287989	
530	1	E	8	N	2500	0	1	166	90	18	11	16	0	0	0	0	0	0	0	0	0	0	0	0	28288286	
531	1	E	8	N	2500	0	1	193	79	12	9	12	0	0	0	0	0	0	0	0	0	0	0	0	28288395	
532	1	E	8	N	2500	0	1	263	68	8	6	8	0	0	0	0	0	0	0	0	0	0	0	0	28289019	
533	1	E	8	N	2500	0	1	168	72	15	10	11	0	0	0	0	0	0	0	0	0	0	0	0	28289019	
534	1	E	8	N	2500	0	40	254	116	22	12	16	0	0	0	0	0	0	0	0	0	0	0	0	28289128	
535	1	E	8	N	2500	0	40	393	161	25	19	24	0	0	0	0	0	0	0	0	0	0	0	0	28289471	
536	1	E	8	N	2500	0	40	321	102	14	8	10	0	0	0	0	0	0	0	0	0	0	0	0	28289549	
537	1	E	8	N	2500	0	40	297	121	23	15	19	0	0	0	0	0	0	0	0	0	0	0	0	28290704	
538	1	E	8	N	2500	0	40	319	125	21	12	15	0	0	0	0	0	0	0	0	0	0	0	0	28291374	
539	1	E	10	N	2500	2	1	100	34	12	2	0	0	0	0	0	0	0	0	0	0	0	0	0	28312731	
540	1	E	10	N	2500	6	40	281	131	26	16	24	0	0	0	0	0	0	0	0	0	0	0	0	28313433	
541	1	E	10	N	2500	6	40	232	155	28	17	21	0	0	0	0	0	0	0	0	0	0	0	0	28313870	
542	1	E	10	N	2500	6	40	220	146	24	18	21	0	0	0	0	0	0	0	0	0	0	0	0	28314213	
543	1	E	10	N	2500	0	40	300	123	25	16	20	0	0	0	0	0	0	0	0	0	0	0	0	28314228	
544	1	E	10	N	2500	0	40	419	152	25	18	24	0	0	0	0	0	0	0	0	0	0	0	0	28314228	
545	1	E	10	N	2500	0	1	275	82	11	9	12	0	0	0	0	0	0	0	0	0	0	0	0	28314338	
546	1	E	10	N	2500	0	40	261	115	18	14	18	0	0	0	0	0	0	0	0	0	0	0	0	28314962	
547	1	E	10	N	2500	0	40	312	119	19	13	16	0	0	0	0	0	0	0	0	0	0	0	0	28315336	
548	1	E	10	N	2500	0	1	200	97	20	13	17	0	0	0	0	0	0	0	0	0	0	0	0	28315336	
549	1	E	10	N	2500	0	40	268	104	21	12	20	0	0	0	0	0	0	0	0	0	0	0	0	28315476	
550	1	E	10	N	2500	0	40	365	154	27	19	26	0	0	0	0	0	0	0	0	0	0	0	0	28315757	
551	1	E	10	N	2500	0	40	239	137	27	17	23	0	0	0	0	0	0	0	0	0	0	0	0	28315757	
552	1	E	10	N	2500	0	40	186	119	21	14	19	0	0	0	0	0	0	0	0	0	0	0	0	28315976	
553	1	E	10	N	2500	0	40	337	110	19	10	14	0	0	0	0	0	0	0	0	0	0	0	0	28316007	
554	1	E	10	N	2500	0	40	451	184	33	23	32	0	0	0	0	0	0	0	0	0	0	0	0	28316288	
555	1	E	10	N	2500	0	40	342	136	23	15	20	0	0	0	0	0	0	0	0	0	0	0	0	28316756	
556	1	E	10	N	2500	0	40	280	126	22	16	19	0	0	0	0	0	0	0	0	0	0	0	0	28317021	
557	1	E	10	N	2500	0	40	365	136	23	14	20	0	0	0	0	0	0	0	0	0	0	0	0	28317489	
558	1	E	10	N	2500	0	40	180	122	22	15	18	0	0	0	0	0	0	0	0	0	0	0	0	28317551	
559	1	E	10	N	2500	0	40	325	111	22	12	14	0	0	0	0	0	0	0	0	0	0	0	0	28317567	
560	1	E	10	N	2500	0	40	306	116	24	14	22	0	0	0	0	0	0	0	0	0	0	0	0	28317785	
561	1	E	10	N	2500	0	40	312	107	19	12	15	0	0	0	0	0	0	0	0	0	0	0	0	28317894	
562	1	E	10	N	2500	0	40	270	102	17	11	16	0	0	0	0	0	0	0	0	0	0	0	0	28317957	
563	1	E	10	N	2500	0	40	263	133	22	16	21	0	0	0	0	0	0	0	0	0	0	0	0	28318019	
564	1	E	10	N	2500	0	40	298	123	20	12	13	0	0	0	0	0	0	0	0	0	0	0	0	28318035	
565	1	E	10	N	2500	0	40	407	147	28	15	21	0	0	0	0	0	0	0	0	0	0	0	0	28318113	
566	1	E	10	N	2500	0	40	189	125	23	17	18	0	0	0	0	0	0	0	0	0	0	0	0	28318160	
567	1	E	10	N	2500	0	40	247	108	22	13	19	0	0	0	0	0	0	0	0	0	0	0	0	28318206	
568	1	E	10	N	2500	0	40	298	112	23	14	17	0	0	0	0	0	0	0	0	0	0	0	0	28318347	
569	1	E	10	N	2500	0	40	347	139	23	14	16	0	0	0	0	0	0	0	0	0	0	0	0	28318487	
570	1	E	10	N	2500	0	1	178	103	22	14	15	0	0	0	0	0	0	0	0	0	0	0	0	28318721	
571	1	E	10	N	2500	0	40	215	124	18	14	17	0	0	0	0	0	0	0	0	0	0	0	0	28319002	
572	1	E	10	N	2500	0	40	351	144	30	18	23	0	0	0	0	0	0	0	0	0	0	0	0	28319236	
573	1	E	10	N	2500	0	40	362	142	28	16	22	0	0	0	0	0	0	0	0	0	0	0	0	28319985	
574	1	E	11	N	2500	2	1	51	10	2	1	2	0	0	0	0	0	0	0	0	0	0	0	0	28333448	
575	1	E	11	N	2500	6	40	194	120	22	13	19	0	0	0	0	0	0	0	0	0	0	0	0	28333744	
576	1	E	12	N	2500	6	40	360	127	18	10	13	0	0	0	0	0	0	0	0	0	0	0	0	28342698	
577	1	E	12	N	2500	6	40	237	108	16	10	11	0	0	0	0	0	0	0	0	0	0	0	0	28343416	
578	1	E	12	N	2500	6	40	343	129	23	12	17	0	0	0	0	0	0	0	0	0	0	0	0	28343510	
579	1	E	12	N	2500	0	40	267	102	17	12	16	0	0	0	0	0	0	0	0	0	0	0	0	28343650	
580	1	E	12	N	2500	0	40	351	116	18	12	12	0	0	0	0	0	0	0	0	0	0	0	0	28343837	
581	1	E	12	N	2500	0	1	183	113	21	13	15	0	0	0	0	0	0	0	0	0	0	0	0	28343884	
582	1	E	12	N	2500	0	40	262	97	14	11	14	0	0	0	0	0	0	0	0	0	0	0	0	28344258	
583	1	E	12	N	2500	0	1	218	90	18	10	12	0	0	0	0	0	0	0	0	0	0	0	0	28344524	
584	1	E	12	N	2500	0	2	366	102	12	8	14	0	0	0	0	0	0	0	0	0	0	0	0	28345319	
585	1	E	12	N	2500	0	40	352	120	20	11	17	0	0	0	0	0	0	0	0	0	0	0	0	28346099	
586	1	E	12	N	2500	0	1	73	16	2	1	3	0	0	0	0	0	0	0	0	0	0	0	0	28346146	
587	1	E	12	N	2500	0	1	225	59	10	6	12	0	0	0	0	0	0	0	0	0	0	0	0	28346302	
588	1	E	12	N	2500	0	40	308	113	16	11	16	0	0	0	0	0	0	0	0	0	0	0	0	28346380	
589	1	E	12	N	2500	0	2	297	85	12	8	12	0	0	0	0	0	0	0	0	0	0	0	0	28346536	
590	1	E	12	N	2500	0	40	266	103	16	10	13	0	0	0	0	0	0	0	0	0	0	0	0	28346786	
591	1	E	12	N	2500	0	40	306	100	15	10	15	0	0	0	0	0	0	0	0	0	0	0	0	28346942	
592	1	E	12	N	2500	0	40	309	104	20	11	16	0	0	0	0	0	0	0	0	0	0	0	0	28347753	
593	1	E	12	N	2500	0	40	302	104	16	12	16	0	0	0	0	0	0	0	0	0	0	0	0	28347753	
594	1	F	2	N	2500	2	2	288	89	13	10	14	0	0	0	0	0	0	0	0	0	0	0	0	28373618	
595	1	F	2	N	2500	2	1	255	78	11	7	9	0	0	0	0	0	0	0	0	0	0	0	0	28374413	
596	1	F	2	N	2500	2	1	144	56	13	9	11	0	0	0	0	0	0	0	0	0	0	0	0	28375927	
597	1	F	2	N	2500	6	40	266	107	21	13	22	0	0	0	0	0	0	0	0	0	0	0	0	28375958	
598	1	F	2	N	2500	6	40	288	101	16	10	16	0	0	0	0	0	0	0	0	0	0	0	0	28376972	
599	1	F	2	N	2500	2	1	205	61	9	6	11	0	0	0	0	0	0	0	0	0	0	0	0	28377206	
600	1	F	2	N	2500	2	1	132	67	12	7	10	0	0	0	0	0	0	0	0	0	0	0	0	28377206	
601	1	F	2	N	2500	6	40	219	107	16	11	15	0	0	0	0	0	0	0	0	0	0	0	0	28377455	
602	1	F	2	N	2500	0	1	58	20	13	15	33	0	0	0	0	0	0	0	0	0	0	0	0	28377892	
603	1	F	2	N	2500	0	1	241	69	8	6	9	0	0	0	0	0	0	0	0	0	0	0	0	28377970	
604	1	F	2	N	2500	0	1	244	67	8	7	10	0	0	0	0	0	0	0	0	0	0	0	0	28378345	
605	1	F	2	N	2500	0	40	410	133	19	11	21	0	0	0	0	0	0	0	0	0	0	0	0	28378376	
606	1	F	3	N	2500	6	40	292	100	19	12	14	0	0	0	0	0	0	0	0	0	0	0	0	28391246	
607	1	F	4	N	2500	2	1	177	115	20	12	13	0	0	0	0	0	0	0	0	0	0	0	0	28402883	
608	1	F	4	N	2500	6	40	270	123	22	12	13	0	0	0	0	0	0	0	0	0	0	0	0	28404802	
609	1	F	4	N	2500	2	1	182	47	5	3	4	0	0	0	0	0	0	0	0	0	0	0	0	28406908	
610	1	F	4	N	2500	6	40	235	135	23	13	18	0	0	0	0	0	0	0	0	0	0	0	0	28407017	
611	1	F	4	N	2500	2	1	104	106	26	19	33	0	0	0	0	0	0	0	0	0	0	0	0	28407719	
612	1	F	5	N	2500	2	1	53	16	2	1	2	0	0	0	0	0	0	0	0	0	0	0	0	28416705	
613	1	F	5	N	2500	6	40	327	127	20	13	21	0	0	0	0	0	0	0	0	0	0	0	0	28417329	
614	1	F	6	N	2500	2	2	270	91	13	9	15	0	0	0	0	0	0	0	0	0	0	0	0	28431353	
615	1	F	6	N	2500	2	1	251	79	13	7	9	0	0	0	0	0	0	0	0	0	0	0	0	28431525	
616	1	F	6	N	2500	2	1	50	11	3	3	6	0	0	0	0	0	0	0	0	0	0	0	0	28431915	
617	1	F	6	N	2500	2	1	166	89	14	10	10	0	0	0	0	0	0	0	0	0	0	0	0	28432211	
618	1	F	6	N	2500	2	1	190	77	13	9	11	0	0	0	0	0	0	0	0	0	0	0	0	28432305	
619	1	F	6	N	2500	6	40	312	119	20	13	20	0	0	0	0	0	0	0	0	0	0	0	0	28433428	
620	1	F	6	N	2500	6	40	319	119	21	14	18	0	0	0	0	0	0	0	0	0	0	0	0	28433803	
621	1	F	6	N	2500	6	40	328	111	17	13	17	0	0	0	0	0	0	0	0	0	0	0	0	28434083	
622	1	F	6	N	2500	0	1	246	81	14	8	12	0	0	0	0	0	0	0	0	0	0	0	0	28434505	
623	1	F	6	N	2500	0	40	282	105	17	12	15	0	0	0	0	0	0	0	0	0	0	0	0	28434910	
624	1	F	6	N	2500	0	40	215	107	21	11	16	0	0	0	0	0	0	0	0	0	0	0	0	28434957	
625	1	F	6	N	2500	0	40	306	103	16	11	15	0	0	0	0	0	0	0	0	0	0	0	0	28435004	
626	1	F	6	N	2500	0	1	153	88	15	11	12	0	0	0	0	0	0	0	0	0	0	0	0	28435082	
627	1	F	6	N	2500	0	1	157	94	14	11	13	0	0	0	0	0	0	0	0	0	0	0	0	28435487	
628	1	F	6	N	2500	0	40	277	94	18	12	18	0	0	0	0	0	0	0	0	0	0	0	0	28435706	
629	1	F	6	N	2500	0	40	230	113	21	13	19	0	0	0	0	0	0	0	0	0	0	0	0	28436267	
630	1	F	6	N	2500	0	1	118	34	2	1	4	0	0	0	0	0	0	0	0	0	0	0	0	28436392	
631	1	F	6	N	2500	0	1	88	52	9	6	9	0	0	0	0	0	0	0	0	0	0	0	0	28436829	
632	1	F	6	N	2500	0	1	58	17	2	2	4	0	0	0	0	0	0	0	0	0	0	0	0	28436954	
633	1	F	7	N	2500	6	40	330	121	21	13	16	0	0	0	0	0	0	0	0	0	0	0	0	28444364	
634	1	F	7	N	2500	2	1	73	14	2	2	4	0	0	0	0	0	0	0	0	0	0	0	0	28450885	
635	1	F	8	N	2500	2	1	155	100	23	13	15	0	0	0	0	0	0	0	0	0	0	0	0	28458841	
636	1	F	8	N	2500	2	1	189	104	26	15	19	0	0	0	0	0	0	0	0	0	0	0	0	28459090	
637	1	F	8	N	2500	2	1	125	52	7	6	6	0	0	0	0	0	0	0	0	0	0	0	0	28459917	
638	1	F	8	N	2500	2	1	165	114	20	13	14	0	0	0	0	0	0	0	0	0	0	0	0	28459917	
639	1	F	8	N	2500	2	1	284	83	10	7	11	0	0	0	0	0	0	0	0	0	0	0	0	28459964	
640	1	F	8	N	2500	6	40	431	167	27	20	24	0	0	0	0	0	0	0	0	0	0	0	0	28460011	
641	1	F	8	N	2500	6	40	319	118	19	14	18	0	0	0	0	0	0	0	0	0	0	0	0	28460229	
642	1	F	8	N	2500	2	1	156	112	18	13	18	0	0	0	0	0	0	0	0	0	0	0	0	28460354	
643	1	F	8	N	2500	6	40	248	105	24	15	20	0	0	0	0	0	0	0	0	0	0	0	0	28460853	
644	1	F	8	N	2500	0	40	328	128	25	15	18	0	0	0	0	0	0	0	0	0	0	0	0	28461196	
645	1	F	8	N	2500	0	40	319	113	18	13	17	0	0	0	0	0	0	0	0	0	0	0	0	28461274	
646	1	F	8	N	2500	0	40	318	113	20	13	19	0	0	0	0	0	0	0	0	0	0	0	0	28461321	
647	1	F	8	N	2500	0	40	377	151	26	16	23	0	0	0	0	0	0	0	0	0	0	0	0	28461337	
648	1	F	8	N	2500	0	40	183	118	23	15	21	0	0	0	0	0	0	0	0	0	0	0	0	28461430	
649	1	F	8	N	2500	0	1	188	100	17	11	13	0	0	0	0	0	0	0	0	0	0	0	0	28461586	
650	1	F	8	N	2500	0	40	224	118	22	13	17	0	0	0	0	0	0	0	0	0	0	0	0	28461649	
651	1	F	8	N	2500	0	1	187	98	16	10	11	0	0	0	0	0	0	0	0	0	0	0	0	28461664	
652	1	F	8	N	2500	0	40	366	118	18	11	17	0	0	0	0	0	0	0	0	0	0	0	0	28461836	
653	1	F	8	N	2500	0	40	337	123	21	14	18	0	0	0	0	0	0	0	0	0	0	0	0	28462070	
654	1	F	8	N	2500	0	40	256	124	25	15	16	0	0	0	0	0	0	0	0	0	0	0	0	28462382	
655	1	F	8	N	2500	0	40	214	122	27	16	19	0	0	0	0	0	0	0	0	0	0	0	0	28462507	
656	1	F	8	N	2500	0	40	190	112	19	13	22	0	0	0	0	0	0	0	0	0	0	0	0	28462522	
657	1	F	8	N	2500	0	40	305	121	20	13	17	0	0	0	0	0	0	0	0	0	0	0	0	28462538	
658	1	F	8	N	2500	0	1	107	48	8	4	7	0	0	0	0	0	0	0	0	0	0	0	0	28462553	
659	1	F	8	N	2500	0	40	320	114	18	12	16	0	0	0	0	0	0	0	0	0	0	0	0	28462647	
660	1	F	8	N	2500	0	40	325	107	20	12	15	0	0	0	0	0	0	0	0	0	0	0	0	28462772	
661	1	F	8	N	2500	0	1	173	82	13	7	11	0	0	0	0	0	0	0	0	0	0	0	0	28462943	
662	1	F	8	N	2500	0	40	212	132	29	17	21	0	0	0	0	0	0	0	0	0	0	0	0	28463474	
663	1	F	8	N	2500	0	1	174	101	18	11	13	0	0	0	0	0	0	0	0	0	0	0	0	28463536	
664	1	F	8	N	2500	0	40	287	131	25	19	24	0	0	0	0	0	0	0	0	0	0	0	0	28463755	
665	1	F	8	N	2500	0	40	279	106	19	12	16	0	0	0	0	0	0	0	0	0	0	0	0	28463833	
666	1	F	8	N	2500	0	40	183	122	24	15	18	0	0	0	0	0	0	0	0	0	0	0	0	28463957	
667	1	F	8	N	2500	0	40	306	109	20	11	17	0	0	0	0	0	0	0	0	0	0	0	0	28464535	
668	1	F	8	N	2500	0	40	288	127	24	15	20	0	0	0	0	0	0	0	0	0	0	0	0	28464550	
669	1	F	8	N	2500	0	40	321	127	24	15	16	0	0	0	0	0	0	0	0	0	0	0	0	28464597	
670	1	F	8	N	2500	0	40	266	136	27	16	24	0	0	0	0	0	0	0	0	0	0	0	0	28464659	
671	1	F	8	N	2500	0	40	294	104	18	11	14	0	0	0	0	0	0	0	0	0	0	0	0	28465283	
672	1	F	10	N	2500	2	1	176	105	18	13	18	0	0	0	0	0	0	0	0	0	0	0	0	28487607	
673	1	F	10	N	2500	6	40	266	102	21	13	17	0	0	0	0	0	0	0	0	0	0	0	0	28487623	
674	1	F	10	N	2500	2	1	72	34	4	5	8	0	0	0	0	0	0	0	0	0	0	0	0	28487748	
675	1	F	10	N	2500	2	1	178	103	20	12	16	0	0	0	0	0	0	0	0	0	0	0	0	28487982	
676	1	F	10	N	2500	6	40	187	121	23	14	20	0	0	0	0	0	0	0	0	0	0	0	0	28488434	
677	1	F	10	N	2500	2	2	166	128	22	14	19	0	0	0	0	0	0	0	0	0	0	0	0	28489042	
678	1	F	10	N	2500	6	40	300	113	18	13	17	0	0	0	0	0	0	0	0	0	0	0	0	28489074	
679	1	F	10	N	2500	0	40	308	135	23	19	26	0	0	0	0	0	0	0	0	0	0	0	0	28489635	
680	1	F	10	N	2500	0	1	154	93	19	12	15	0	0	0	0	0	0	0	0	0	0	0	0	28489744	
681	1	F	10	N	2500	0	1	52	10	1	1	2	0	0	0	0	0	0	0	0	0	0	0	0	28489744	
682	1	F	10	N	2500	0	1	73	23	9	3	5	0	0	0	0	0	0	0	0	0	0	0	0	28489932	
683	1	F	10	N	2500	0	1	83	33	4	2	4	0	0	0	0	0	0	0	0	0	0	0	0	28490025	
684	1	F	10	N	2500	0	1	76	28	22	25	33	0	0	0	0	0	0	0	0	0	0	0	0	28490119	
685	1	F	10	N	2500	0	40	358	132	22	14	22	0	0	0	0	0	0	0	0	0	0	0	0	28490821	
686	1	F	10	N	2500	0	1	193	101	22	13	16	0	0	0	0	0	0	0	0	0	0	0	0	28491039	
687	1	F	10	N	2500	0	40	310	112	20	14	17	0	0	0	0	0	0	0	0	0	0	0	0	28491445	
688	1	F	10	N	2500	0	40	265	126	21	13	17	0	0	0	0	0	0	0	0	0	0	0	0	28491679	
689	1	F	10	N	2500	0	40	319	122	21	12	19	0	0	0	0	0	0	0	0	0	0	0	0	28491679	
690	1	F	10	N	2500	0	1	208	99	14	10	14	0	0	0	0	0	0	0	0	0	0	0	0	28491788	
691	1	F	10	N	2500	0	1	56	15	4	1	2	0	0	0	0	0	0	0	0	0	0	0	0	28492147	
692	1	F	10	N	2500	0	1	135	109	21	15	16	0	0	0	0	0	0	0	0	0	0	0	0	28492209	
693	1	F	10	N	2500	0	40	296	124	28	14	18	0	0	0	0	0	0	0	0	0	0	0	0	28492459	
694	1	F	10	N	2500	0	40	323	142	28	15	18	0	0	0	0	0	0	0	0	0	0	0	0	28492552	
695	1	F	10	N	2500	0	1	162	108	22	13	18	0	0	0	0	0	0	0	0	0	0	0	0	28492630	
696	1	F	10	N	2500	0	40	328	128	22	16	21	0	0	0	0	0	0	0	0	0	0	0	0	28492833	
697	1	F	10	N	2500	0	40	275	123	22	13	19	0	0	0	0	0	0	0	0	0	0	0	0	28492880	
698	1	F	10	N	2500	0	1	250	95	17	13	19	0	0	0	0	0	0	0	0	0	0	0	0	28493145	
699	1	F	10	N	2500	0	1	60	11	2	2	5	0	0	0	0	0	0	0	0	0	0	0	0	28493941	
700	1	F	10	N	2500	0	40	301	92	16	9	13	0	0	0	0	0	0	0	0	0	0	0	0	28494019	
701	1	F	11	N	2500	6	40	253	106	21	13	16	0	0	0	0	0	0	0	0	0	0	0	0	28505688	
702	1	F	12	N	2500	6	40	333	113	18	13	19	0	0	0	0	0	0	0	0	0	0	0	0	28516779	
703	1	F	12	N	2500	6	40	316	120	21	14	19	0	0	0	0	0	0	0	0	0	0	0	0	28517544	
704	1	F	12	N	2500	2	1	244	91	15	12	14	0	0	0	0	0	0	0	0	0	0	0	0	28517575	
705	1	F	12	N	2500	2	1	173	59	8	5	9	0	0	0	0	0	0	0	0	0	0	0	0	28518667	
706	1	F	12	N	2500	6	40	293	121	21	13	17	0	0	0	0	0	0	0	0	0	0	0	0	28518776	
707	1	F	12	N	2500	0	40	369	134	23	16	20	0	0	0	0	0	0	0	0	0	0	0	0	28518823	
708	1	F	12	N	2500	0	1	199	97	15	10	11	0	0	0	0	0	0	0	0	0	0	0	0	28519135	
709	1	F	12	N	2500	0	40	279	100	21	12	16	0	0	0	0	0	0	0	0	0	0	0	0	28519431	
710	1	F	12	N	2500	0	40	296	110	20	12	19	0	0	0	0	0	0	0	0	0	0	0	0	28519743	
711	1	F	12	N	2500	0	1	126	79	16	12	16	0	0	0	0	0	0	0	0	0	0	0	0	28519759	
712	1	F	12	N	2500	0	40	348	122	24	15	21	0	0	0	0	0	0	0	0	0	0	0	0	28519868	
713	1	F	12	N	2500	0	1	123	83	17	13	15	0	0	0	0	0	0	0	0	0	0	0	0	28520320	
714	1	F	12	N	2500	0	40	319	109	20	12	20	0	0	0	0	0	0	0	0	0	0	0	0	28520648	
715	1	F	12	N	2500	0	40	241	124	25	16	18	0	0	0	0	0	0	0	0	0	0	0	0	28520913	
716	1	F	12	N	2500	0	40	317	123	22	13	20	0	0	0	0	0	0	0	0	0	0	0	0	28521350	
717	1	F	12	N	2500	0	40	270	112	18	10	13	0	0	0	0	0	0	0	0	0	0	0	0	28522380	
718	1	F	12	N	2500	0	40	336	124	23	13	20	0	0	0	0	0	0	0	0	0	0	0	0	28522988	
719	1	F	12	N	2500	0	40	269	104	19	12	15	0	0	0	0	0	0	0	0	0	0	0	0	28523643	
720	1	G	2	N	2500	2	1	142	53	8	6	11	0	0	0	0	0	0	0	0	0	0	0	0	28548135	
721	1	G	2	N	2500	6	40	323	108	19	12	19	0	0	0	0	0	0	0	0	0	0	0	0	28548213	
722	1	G	2	N	2500	2	1	186	54	8	7	12	0	0	0	0	0	0	0	0	0	0	0	0	28548213	
723	1	G	2	N	2500	2	1	159	51	9	6	11	0	0	0	0	0	0	0	0	0	0	0	0	28548291	
724	1	G	2	N	2500	2	1	172	97	17	10	12	0	0	0	0	0	0	0	0	0	0	0	0	28548354	
725	1	G	2	N	2500	2	1	227	75	11	8	10	0	0	0	0	0	0	0	0	0	0	0	0	28548385	
726	1	G	2	N	2500	2	1	243	76	15	10	14	0	0	0	0	0	0	0	0	0	0	0	0	28548432	
727	1	G	2	N	2500	2	1	224	71	12	8	13	0	0	0	0	0	0	0	0	0	0	0	0	28548556	
728	1	G	2	N	2500	2	1	128	42	8	5	9	0	0	0	0	0	0	0	0	0	0	0	0	28548603	
729	1	G	2	N	2500	2	1	165	91	15	9	12	0	0	0	0	0	0	0	0	0	0	0	0	28548837	
730	1	G	2	N	2500	2	1	143	54	8	7	11	0	0	0	0	0	0	0	0	0	0	0	0	28548868	
731	1	G	2	N	2500	2	1	191	100	23	14	18	0	0	0	0	0	0	0	0	0	0	0	0	28548993	
732	1	G	2	N	2500	6	40	296	104	16	9	11	0	0	0	0	0	0	0	0	0	0	0	0	28549102	
733	1	G	2	N	2500	6	40	274	111	19	14	19	0	0	0	0	0	0	0	0	0	0	0	0	28549305	
734	1	G	2	N	2500	0	1	189	81	13	8	11	0	0	0	0	0	0	0	0	0	0	0	0	28549633	
735	1	G	2	N	2500	0	1	178	109	21	12	14	0	0	0	0	0	0	0	0	0	0	0	0	28550070	
736	1	G	2	N	2500	0	1	175	103	15	9	11	0	0	0	0	0	0	0	0	0	0	0	0	28550818	
737	1	G	2	N	2500	0	1	202	78	10	8	10	0	0	0	0	0	0	0	0	0	0	0	0	28550974	
738	1	G	2	N	2500	0	1	134	52	8	7	10	0	0	0	0	0	0	0	0	0	0	0	0	28551162	
739	1	G	2	N	2500	0	1	97	38	5	3	6	0	0	0	0	0	0	0	0	0	0	0	0	28551786	
740	1	G	2	N	2500	0	40	304	131	22	16	21	0	0	0	0	0	0	0	0	0	0	0	0	28551817	
741	1	G	2	N	2500	0	40	311	92	13	8	14	0	0	0	0	0	0	0	0	0	0	0	0	28552098	
742	1	G	2	N	2500	0	40	317	107	16	10	14	0	0	0	0	0	0	0	0	0	0	0	0	28552207	
743	1	G	2	N	2500	0	1	201	71	9	6	6	0	0	0	0	0	0	0	0	0	0	0	0	28552378	
744	1	G	2	N	2500	0	40	329	106	18	11	18	0	0	0	0	0	0	0	0	0	0	0	0	28552971	
745	1	G	2	N	2500	0	1	120	59	10	6	9	0	0	0	0	0	0	0	0	0	0	0	0	28553330	
746	1	G	2	N	2500	0	1	129	27	4	3	6	0	0	0	0	0	0	0	0	0	0	0	0	28553548	
747	1	G	3	N	2500	2	1	219	75	10	6	8	0	0	0	0	0	0	0	0	0	0	0	0	28561005	
748	1	G	3	N	2500	2	1	193	60	28	27	64	0	0	0	0	0	0	0	0	0	0	0	0	28561411	
749	1	G	4	N	2500	2	1	180	81	12	8	11	0	0	0	0	0	0	0	0	0	0	0	0	28575622	
750	1	G	4	N	2500	6	40	340	116	19	11	13	0	0	0	0	0	0	0	0	0	0	0	0	28575981	
751	1	G	4	N	2500	2	1	173	101	17	12	14	0	0	0	0	0	0	0	0	0	0	0	0	28576278	
752	1	G	4	N	2500	2	1	62	19	5	3	3	0	0	0	0	0	0	0	0	0	0	0	0	28576418	
753	1	G	4	N	2500	33	1	125	44	12	7	9	0	0	0	0	0	0	0	0	0	0	0	0	28576418	
754	1	G	4	N	2500	2	1	75	19	4	2	3	0	0	0	0	0	0	0	0	0	0	0	0	28576886	
755	1	G	4	N	2500	2	1	144	60	20	13	15	0	0	0	0	0	0	0	0	0	0	0	0	28577619	
756	1	G	4	N	2500	2	1	176	103	17	13	14	0	0	0	0	0	0	0	0	0	0	0	0	28580271	
757	1	G	5	N	2500	2	1	113	28	9	4	3	0	0	0	0	0	0	0	0	0	0	0	0	28594499	
758	1	G	6	N	2500	6	40	254	142	24	16	22	0	0	0	0	0	0	0	0	0	0	0	0	28605777	
759	1	G	6	N	2500	6	40	244	112	25	17	21	0	0	0	0	0	0	0	0	0	0	0	0	28606027	
760	1	G	6	N	2500	6	40	273	123	22	14	16	0	0	0	0	0	0	0	0	0	0	0	0	28606682	
761	1	G	6	N	2500	0	40	171	130	31	17	22	0	0	0	0	0	0	0	0	0	0	0	0	28606854	
762	1	G	6	N	2500	0	40	330	121	22	14	18	0	0	0	0	0	0	0	0	0	0	0	0	28607025	
763	1	G	6	N	2500	0	40	313	160	27	20	28	0	0	0	0	0	0	0	0	0	0	0	0	28607696	
764	1	G	6	N	2500	0	40	202	126	24	15	20	0	0	0	0	0	0	0	0	0	0	0	0	28607852	
765	1	G	6	N	2500	0	40	343	148	26	20	28	0	0	0	0	0	0	0	0	0	0	0	0	28608086	
766	1	G	6	N	2500	0	40	241	155	24	19	25	0	0	0	0	0	0	0	0	0	0	0	0	28608445	
767	1	G	6	N	2500	0	40	342	142	22	15	20	0	0	0	0	0	0	0	0	0	0	0	0	28608585	
768	1	G	6	N	2500	0	1	184	77	16	11	15	0	0	0	0	0	0	0	0	0	0	0	0	28608773	
769	1	G	6	N	2500	0	40	364	140	25	17	24	0	0	0	0	0	0	0	0	0	0	0	0	28609085	
770	1	G	6	N	2500	0	40	255	121	23	16	22	0	0	0	0	0	0	0	0	0	0	0	0	28609272	
771	1	G	6	N	2500	0	1	53	10	1	1	1	0	0	0	0	0	0	0	0	0	0	0	0	28609428	
772	1	G	6	N	2500	0	40	238	158	29	17	23	0	0	0	0	0	0	0	0	0	0	0	0	28609709	
773	1	G	6	N	2500	0	40	371	143	25	15	22	0	0	0	0	0	0	0	0	0	0	0	0	28609787	
774	1	G	6	N	2500	0	40	210	141	26	20	22	0	0	0	0	0	0	0	0	0	0	0	0	28609896	
775	1	G	6	N	2500	0	40	348	154	26	15	20	0	0	0	0	0	0	0	0	0	0	0	0	28610067	
776	1	G	6	N	2500	0	40	288	152	25	18	24	0	0	0	0	0	0	0	0	0	0	0	0	28610099	
777	1	G	6	N	2500	0	40	233	135	29	17	20	0	0	0	0	0	0	0	0	0	0	0	0	28610286	
778	1	G	6	N	2500	0	40	269	166	30	21	24	0	0	0	0	0	0	0	0	0	0	0	0	28610598	
779	1	G	6	N	2500	0	40	331	132	23	16	21	0	0	0	0	0	0	0	0	0	0	0	0	28611237	
780	1	G	6	N	2500	0	40	361	141	23	15	19	0	0	0	0	0	0	0	0	0	0	0	0	28612220	
781	1	G	8	N	2500	6	40	214	114	23	12	16	0	0	0	0	0	0	0	0	0	0	0	0	28635308	
782	1	G	8	N	2500	6	40	266	100	19	11	17	0	0	0	0	0	0	0	0	0	0	0	0	28635620	
783	1	G	8	N	2500	2	1	192	106	22	13	18	0	0	0	0	0	0	0	0	0	0	0	0	28635870	
784	1	G	8	N	2500	6	40	341	136	21	13	19	0	0	0	0	0	0	0	0	0	0	0	0	28635995	
785	1	G	8	N	2500	0	40	273	95	18	11	12	0	0	0	0	0	0	0	0	0	0	0	0	28636619	
786	1	G	8	N	2500	0	1	126	87	20	12	15	0	0	0	0	0	0	0	0	0	0	0	0	28636712	
787	1	G	8	N	2500	0	1	157	83	12	8	9	0	0	0	0	0	0	0	0	0	0	0	0	28637102	
788	1	G	8	N	2500	0	40	334	131	21	13	18	0	0	0	0	0	0	0	0	0	0	0	0	28637289	
789	1	G	8	N	2500	0	40	232	120	18	14	15	0	0	0	0	0	0	0	0	0	0	0	0	28637789	
790	1	G	8	N	2500	0	40	315	109	19	12	17	0	0	0	0	0	0	0	0	0	0	0	0	28637804	
791	1	G	8	N	2500	0	40	265	130	22	16	17	0	0	0	0	0	0	0	0	0	0	0	0	28638522	
792	1	G	8	N	2500	0	40	209	135	21	15	21	0	0	0	0	0	0	0	0	0	0	0	0	28638600	
793	1	G	8	N	2500	0	40	256	109	24	13	16	0	0	0	0	0	0	0	0	0	0	0	0	28638662	
794	1	G	8	N	2500	0	40	309	132	23	14	16	0	0	0	0	0	0	0	0	0	0	0	0	28638740	
795	1	G	8	N	2500	0	40	273	95	19	11	15	0	0	0	0	0	0	0	0	0	0	0	0	28639005	
796	1	G	8	N	2500	0	1	168	114	22	12	17	0	0	0	0	0	0	0	0	0	0	0	0	28640066	
797	1	G	10	N	2500	2	1	235	64	9	7	12	0	0	0	0	0	0	0	0	0	0	0	0	28662639	
798	1	G	10	N	2500	2	1	191	93	12	9	11	0	0	0	0	0	0	0	0	0	0	0	0	28662983	
799	1	G	10	N	2500	6	40	410	149	29	18	24	0	0	0	0	0	0	0	0	0	0	0	0	28665385	
800	1	G	11	N	2500	2	1	148	68	9	7	14	0	0	0	0	0	0	0	0	0	0	0	0	28682529	
801	1	G	12	N	2500	6	40	271	107	21	13	17	0	0	0	0	0	0	0	0	0	0	0	0	28691889	
802	1	G	12	N	2500	6	40	342	125	23	12	18	0	0	0	0	0	0	0	0	0	0	0	0	28692014	
803	1	G	12	N	2500	6	40	216	143	27	17	20	0	0	0	0	0	0	0	0	0	0	0	0	28692030	
804	1	G	12	N	2500	0	40	328	122	22	15	23	0	0	0	0	0	0	0	0	0	0	0	0	28692404	
805	1	G	12	N	2500	0	40	243	146	26	17	23	0	0	0	0	0	0	0	0	0	0	0	0	28692467	
806	1	G	12	N	2500	0	1	189	109	17	12	17	0	0	0	0	0	0	0	0	0	0	0	0	28692498	
807	1	G	12	N	2500	0	1	221	91	21	12	16	0	0	0	0	0	0	0	0	0	0	0	0	28692732	
808	1	G	12	N	2500	0	1	222	67	9	7	10	0	0	0	0	0	0	0	0	0	0	0	0	28693200	
809	1	G	12	N	2500	0	1	147	46	18	8	10	0	0	0	0	0	0	0	0	0	0	0	0	28693371	
810	1	G	12	N	2500	0	40	256	99	15	11	15	0	0	0	0	0	0	0	0	0	0	0	0	28693699	
811	1	G	12	N	2500	0	40	319	127	21	14	18	0	0	0	0	0	0	0	0	0	0	0	0	28693730	
812	1	G	12	N	2500	0	40	216	108	20	12	16	0	0	0	0	0	0	0	0	0	0	0	0	28693761	
813	1	G	12	N	2500	0	40	299	107	22	13	18	0	0	0	0	0	0	0	0	0	0	0	0	28694105	
814	1	G	12	N	2500	0	40	338	122	20	13	18	0	0	0	0	0	0	0	0	0	0	0	0	28694729	
815	1	G	12	N	2500	0	40	245	132	23	15	18	0	0	0	0	0	0	0	0	0	0	0	0	28694807	
816	1	G	12	N	2500	0	40	260	135	24	14	18	0	0	0	0	0	0	0	0	0	0	0	0	28694994	
817	1	G	12	N	2500	0	40	284	101	19	10	15	0	0	0	0	0	0	0	0	0	0	0	0	28695103	
818	1	G	12	N	2500	0	40	357	139	29	19	26	0	0	0	0	0	0	0	0	0	0	0	0	28695259	
819	1	G	12	N	2500	0	40	273	110	24	12	17	0	0	0	0	0	0	0	0	0	0	0	0	28695665	
820	1	G	12	N	2500	0	40	320	133	26	14	21	0	0	0	0	0	0	0	0	0	0	0	0	28695696	
821	1	G	12	N	2500	0	40	308	108	19	13	15	0	0	0	0	0	0	0	0	0	0	0	0	28695821	
822	1	G	12	N	2500	0	40	311	113	16	11	16	0	0	0	0	0	0	0	0	0	0	0	0	28695836	
823	1	G	12	N	2500	0	40	311	126	23	13	17	0	0	0	0	0	0	0	0	0	0	0	0	28695945	
824	1	G	12	N	2500	0	40	205	140	25	15	19	0	0	0	0	0	0	0	0	0	0	0	0	28696055	
825	1	G	12	N	2500	0	2	279	91	13	8	12	0	0	0	0	0	0	0	0	0	0	0	0	28696070	
826	1	G	12	N	2500	0	40	186	121	23	15	17	0	0	0	0	0	0	0	0	0	0	0	0	28696133	
827	1	G	12	N	2500	0	40	332	152	24	15	20	0	0	0	0	0	0	0	0	0	0	0	0	28696148	
828	1	G	12	N	2500	0	40	348	140	22	15	19	0	0	0	0	0	0	0	0	0	0	0	0	28696180	
829	1	G	12	N	2500	0	40	345	132	21	15	22	0	0	0	0	0	0	0	0	0	0	0	0	28696398	
830	1	G	12	N	2500	0	40	328	131	22	14	22	0	0	0	0	0	0	0	0	0	0	0	0	28696414	
831	1	G	12	N	2500	0	40	292	141	25	18	24	0	0	0	0	0	0	0	0	0	0	0	0	28696492	
832	1	G	12	N	2500	0	40	303	105	16	10	12	0	0	0	0	0	0	0	0	0	0	0	0	28696710	
833	1	G	12	N	2500	0	40	364	132	20	12	15	0	0	0	0	0	0	0	0	0	0	0	0	28696757	
834	1	G	12	N	2500	0	1	192	64	10	8	11	0	0	0	0	0	0	0	0	0	0	0	0	28697100	
835	1	G	12	N	2500	0	40	259	127	26	14	16	0	0	0	0	0	0	0	0	0	0	0	0	28697381	
836	1	G	12	N	2500	0	1	195	86	19	12	17	0	0	0	0	0	0	0	0	0	0	0	0	28697693	
837	1	G	12	N	2500	0	40	345	129	22	13	19	0	0	0	0	0	0	0	0	0	0	0	0	28698020	
838	1	G	12	N	2500	0	40	201	127	21	14	18	0	0	0	0	0	0	0	0	0	0	0	0	28698098	
839	1	G	12	N	2500	0	40	324	121	18	13	18	0	0	0	0	0	0	0	0	0	0	0	0	28698551	
840	1	H	1	N	2500	6	40	182	128	22	14	18	0	0	0	0	0	0	0	0	0	0	0	0	28711998	
841	1	H	2	N	2500	2	1	162	81	11	8	10	0	0	0	0	0	0	0	0	0	0	0	0	28722403	
842	1	H	2	N	2500	2	1	132	65	8	6	9	0	0	0	0	0	0	0	0	0	0	0	0	28724275	
843	1	H	2	N	2500	2	1	192	99	19	13	17	0	0	0	0	0	0	0	0	0	0	0	0	28724540	
844	1	H	2	N	2500	2	1	241	66	8	5	8	0	0	0	0	0	0	0	0	0	0	0	0	28724540	
845	1	H	2	N	2500	2	1	182	76	14	8	11	0	0	0	0	0	0	0	0	0	0	0	0	28724572	
846	1	H	2	N	2500	2	1	160	35	4	3	7	0	0	0	0	0	0	0	0	0	0	0	0	28724852	
847	1	H	2	N	2500	33	1	103	22	3	2	3	0	0	0	0	0	0	0	0	0	0	0	0	28724852	
848	1	H	2	N	2500	2	1	187	75	17	11	15	0	0	0	0	0	0	0	0	0	0	0	0	28725180	
849	1	H	2	N	2500	2	1	119	36	4	3	4	0	0	0	0	0	0	0	0	0	0	0	0	28725258	
850	1	H	2	N	2500	2	1	196	95	15	11	11	0	0	0	0	0	0	0	0	0	0	0	0	28725773	
851	1	H	2	N	2500	2	1	174	67	13	8	9	0	0	0	0	0	0	0	0	0	0	0	0	28726132	
852	1	H	2	N	2500	6	40	354	136	25	15	20	0	0	0	0	0	0	0	0	0	0	0	0	28726194	
853	1	H	2	N	2500	2	1	232	63	7	6	8	0	0	0	0	0	0	0	0	0	0	0	0	28726210	
854	1	H	2	N	2500	2	1	136	38	7	5	9	0	0	0	0	0	0	0	0	0	0	0	0	28727083	
855	1	H	2	N	2500	2	1	194	107	22	13	19	0	0	0	0	0	0	0	0	0	0	0	0	28727146	
856	1	H	2	N	2500	6	40	268	95	18	11	13	0	0	0	0	0	0	0	0	0	0	0	0	28727598	
857	1	H	2	N	2500	2	1	51	16	3	2	6	0	0	0	0	0	0	0	0	0	0	0	0	28728706	
858	1	H	3	N	2500	2	1	159	34	3	2	2	0	0	0	0	0	0	0	0	0	0	0	0	28739438	
859	1	H	3	N	2500	2	1	53	27	5	6	10	0	0	0	0	0	0	0	0	0	0	0	0	28740952	
860	1	H	3	N	2500	2	1	170	102	19	10	13	0	0	0	0	0	0	0	0	0	0	0	0	28743916	
861	1	H	4	N	2500	2	1	79	65	13	1	2	0	0	0	0	0	0	0	0	0	0	0	0	28751216	
862	1	H	4	N	2500	2	1	76	37	6	0	2	0	0	0	0	0	0	0	0	0	0	0	0	28751279	
863	1	H	4	N	2500	2	1	90	55	10	0	1	0	0	0	0	0	0	0	0	0	0	0	0	28751903	
864	1	H	4	N	2500	2	2	284	91	13	9	13	0	0	0	0	0	0	0	0	0	0	0	0	28752324	
865	1	H	4	N	2500	2	1	198	106	20	14	20	0	0	0	0	0	0	0	0	0	0	0	0	28752652	
866	1	H	4	N	2500	2	1	204	80	11	8	13	0	0	0	0	0	0	0	0	0	0	0	0	28752776	
867	1	H	4	N	2500	2	1	174	109	20	15	21	0	0	0	0	0	0	0	0	0	0	0	0	28753369	
868	1	H	4	N	2500	2	1	235	69	8	6	10	0	0	0	0	0	0	0	0	0	0	0	0	28753603	
869	1	H	4	N	2500	6	40	235	108	23	14	17	0	0	0	0	0	0	0	0	0	0	0	0	28754165	
870	1	H	4	N	2500	2	1	59	12	3	3	6	0	0	0	0	0	0	0	0	0	0	0	0	28754742	
871	1	H	4	N	2500	2	1	170	99	17	11	14	0	0	0	0	0	0	0	0	0	0	0	0	28754836	
872	1	H	4	N	2500	6	40	278	117	23	14	18	0	0	0	0	0	0	0	0	0	0	0	0	28754867	
873	1	H	4	N	2500	2	1	255	93	17	11	17	0	0	0	0	0	0	0	0	0	0	0	0	28755257	
874	1	H	4	N	2500	2	1	271	82	12	8	8	0	0	0	0	0	0	0	0	0	0	0	0	28755366	
875	1	H	4	N	2500	6	40	354	134	25	16	24	0	0	0	0	0	0	0	0	0	0	0	0	28755428	
876	1	H	4	N	2500	0	40	258	111	18	13	12	0	0	0	0	0	0	0	0	0	0	0	0	28755553	
877	1	H	4	N	2500	0	1	188	99	20	12	18	0	0	0	0	0	0	0	0	0	0	0	0	28755865	
878	1	H	4	N	2500	0	40	320	114	20	13	20	0	0	0	0	0	0	0	0	0	0	0	0	28756037	
879	1	H	4	N	2500	0	1	145	76	15	8	8	0	0	0	0	0	0	0	0	0	0	0	0	28756052	
880	1	H	4	N	2500	0	40	192	126	26	15	19	0	0	0	0	0	0	0	0	0	0	0	0	28756099	
881	1	H	4	N	2500	0	40	326	120	24	16	21	0	0	0	0	0	0	0	0	0	0	0	0	28756146	
882	1	H	4	N	2500	0	40	309	107	19	13	15	0	0	0	0	0	0	0	0	0	0	0	0	28756177	
883	1	H	4	N	2500	0	1	58	22	7	0	0	0	0	0	0	0	0	0	0	0	0	0	0	28756302	
884	1	H	4	N	2500	0	40	204	125	26	15	21	0	0	0	0	0	0	0	0	0	0	0	0	28757254	
885	1	H	4	N	2500	0	40	209	114	19	14	18	0	0	0	0	0	0	0	0	0	0	0	0	28757909	
886	1	H	5	N	2500	2	1	70	60	5	0	1	0	0	0	0	0	0	0	0	0	0	0	0	28766614	
887	1	H	5	N	2500	2	1	62	37	4	0	1	0	0	0	0	0	0	0	0	0	0	0	0	28766676	
888	1	H	5	N	2500	2	1	86	77	22	0	2	0	0	0	0	0	0	0	0	0	0	0	0	28766926	
889	1	H	5	N	2500	2	1	71	47	2	0	1	0	0	0	0	0	0	0	0	0	0	0	0	28767175	
890	1	H	6	N	2500	2	1	132	48	7	5	7	0	0	0	0	0	0	0	0	0	0	0	0	28780139	
891	1	H	6	N	2500	6	40	259	102	19	12	16	0	0	0	0	0	0	0	0	0	0	0	0	28780607	
892	1	H	6	N	2500	2	1	87	32	3	2	1	0	0	0	0	0	0	0	0	0	0	0	0	28781122	
893	1	H	6	N	2500	2	1	227	96	20	14	22	0	0	0	0	0	0	0	0	0	0	0	0	28781184	
894	1	H	6	N	2500	6	40	287	95	16	10	18	0	0	0	0	0	0	0	0	0	0	0	0	28781683	
895	1	H	6	N	2500	6	40	249	97	17	11	12	0	0	0	0	0	0	0	0	0	0	0	0	28781917	
896	1	H	6	N	2500	0	1	237	80	11	7	9	0	0	0	0	0	0	0	0	0	0	0	0	28782073	
897	1	H	6	N	2500	0	1	228	80	14	10	13	0	0	0	0	0	0	0	0	0	0	0	0	28782448	
898	1	H	6	N	2500	0	40	338	112	16	12	15	0	0	0	0	0	0	0	0	0	0	0	0	28782682	
899	1	H	6	N	2500	0	1	102	34	41	55	93	0	0	0	0	0	0	0	0	0	0	0	0	28782994	
900	1	H	6	N	2500	0	1	159	70	13	8	11	0	0	0	0	0	0	0	0	0	0	0	0	28783040	
901	1	H	6	N	2500	0	1	266	87	16	11	11	0	0	0	0	0	0	0	0	0	0	0	0	28783056	
902	1	H	6	N	2500	0	1	268	85	16	8	12	0	0	0	0	0	0	0	0	0	0	0	0	28783103	
903	1	H	6	N	2500	0	1	192	107	22	14	15	0	0	0	0	0	0	0	0	0	0	0	0	28783259	
904	1	H	6	N	2500	0	1	232	92	15	10	13	0	0	0	0	0	0	0	0	0	0	0	0	28783415	
905	1	H	6	N	2500	0	1	239	61	8	6	8	0	0	0	0	0	0	0	0	0	0	0	0	28783430	
906	1	H	6	N	2500	0	1	226	64	8	6	8	0	0	0	0	0	0	0	0	0	0	0	0	28783493	
907	1	H	6	N	2500	0	1	184	77	17	11	13	0	0	0	0	0	0	0	0	0	0	0	0	28784023	
908	1	H	6	N	2500	0	40	238	120	24	12	15	0	0	0	0	0	0	0	0	0	0	0	0	28784148	
909	1	H	6	N	2500	0	40	355	126	21	14	21	0	0	0	0	0	0	0	0	0	0	0	0	28785037	
910	1	H	6	N	2500	0	40	323	132	22	14	17	0	0	0	0	0	0	0	0	0	0	0	0	28785848	
911	1	H	7	N	2500	2	1	179	75	11	7	10	0	0	0	0	0	0	0	0	0	0	0	0	28794491	
912	1	H	7	N	2500	2	1	243	73	11	7	13	0	0	0	0	0	0	0	0	0	0	0	0	28795614	
913	1	H	7	N	2500	6	40	317	104	14	9	15	0	0	0	0	0	0	0	0	0	0	0	0	28796581	
914	1	H	8	N	2500	6	40	186	116	23	14	16	0	0	0	0	0	0	0	0	0	0	0	0	28809779	
915	1	H	8	N	2500	6	40	307	138	22	15	22	0	0	0	0	0	0	0	0	0	0	0	0	28810356	
916	1	H	8	N	2500	6	40	300	129	22	15	17	0	0	0	0	0	0	0	0	0	0	0	0	28810465	
917	1	H	8	N	2500	0	1	226	42	6	4	10	0	0	0	0	0	0	0	0	0	0	0	0	28810777	
918	1	H	8	N	2500	0	1	153	107	25	15	20	0	0	0	0	0	0	0	0	0	0	0	0	28810996	
919	1	H	8	N	2500	0	1	78	16	2	3	5	0	0	0	0	0	0	0	0	0	0	0	0	28811557	
920	1	H	8	N	2500	0	40	194	119	22	14	19	0	0	0	0	0	0	0	0	0	0	0	0	28811573	
921	1	H	8	N	2500	0	40	313	116	20	11	18	0	0	0	0	0	0	0	0	0	0	0	0	28811838	
922	1	H	8	N	2500	0	1	94	46	28	30	75	0	0	0	0	0	0	0	0	0	0	0	0	28811994	
923	1	H	8	N	2500	0	1	158	79	145	183	207	0	0	0	0	0	0	0	0	0	0	0	0	28812478	
924	1	H	8	N	2500	0	40	256	120	18	13	21	0	0	0	0	0	0	0	0	0	0	0	0	28812837	
925	1	H	8	N	2500	0	40	307	134	22	15	18	0	0	0	0	0	0	0	0	0	0	0	0	28812883	
926	1	H	8	N	2500	0	40	316	109	18	11	16	0	0	0	0	0	0	0	0	0	0	0	0	28813227	
927	1	H	8	N	2500	0	1	162	85	14	8	12	0	0	0	0	0	0	0	0	0	0	0	0	28813429	
928	1	H	8	N	2500	0	1	174	72	17	11	12	0	0	0	0	0	0	0	0	0	0	0	0	28813897	
929	1	H	8	N	2500	0	1	135	58	62	78	114	0	0	0	0	0	0	0	0	0	0	0	0	28813929	
930	1	H	8	N	2500	0	1	284	84	12	7	10	0	0	0	0	0	0	0	0	0	0	0	0	28814194	
931	1	H	8	N	2500	0	1	61	13	1	2	3	0	0	0	0	0	0	0	0	0	0	0	0	28815598	
932	1	H	8	N	2500	0	40	209	135	22	15	19	0	0	0	0	0	0	0	0	0	0	0	0	28815754	
933	1	H	8	N	2500	0	40	268	139	23	15	19	0	0	0	0	0	0	0	0	0	0	0	0	28816237	
934	1	H	10	N	2500	2	1	77	72	16	1	2	0	0	0	0	0	0	0	0	0	0	0	0	28837828	
935	1	H	10	N	2500	2	1	222	81	14	7	11	0	0	0	0	0	0	0	0	0	0	0	0	28837953	
936	1	H	10	N	2500	2	1	177	93	17	12	14	0	0	0	0	0	0	0	0	0	0	0	0	28838561	
937	1	H	10	N	2500	2	1	184	76	11	6	9	0	0	0	0	0	0	0	0	0	0	0	0	28839559	
938	1	H	10	N	2500	2	1	187	88	14	10	11	0	0	0	0	0	0	0	0	0	0	0	0	28840308	
939	1	H	10	N	2500	6	40	334	114	18	11	15	0	0	0	0	0	0	0	0	0	0	0	0	28840495	
940	1	H	10	N	2500	6	40	205	110	22	13	17	0	0	0	0	0	0	0	0	0	0	0	0	28841478	
941	1	H	10	N	2500	6	40	277	113	23	12	16	0	0	0	0	0	0	0	0	0	0	0	0	28841899	
942	1	H	10	N	2500	0	1	115	32	5	3	5	0	0	0	0	0	0	0	0	0	0	0	0	28842118	
943	1	H	10	N	2500	0	1	136	41	6	4	7	0	0	0	0	0	0	0	0	0	0	0	0	28842118	
944	1	H	10	N	2500	0	40	297	99	15	9	10	0	0	0	0	0	0	0	0	0	0	0	0	28842180	
945	1	H	10	N	2500	0	1	101	24	3	2	3	0	0	0	0	0	0	0	0	0	0	0	0	28842289	
946	1	H	10	N	2500	0	1	203	81	14	10	12	0	0	0	0	0	0	0	0	0	0	0	0	28842289	
947	1	H	10	N	2500	0	2	282	91	13	10	13	0	0	0	0	0	0	0	0	0	0	0	0	28842477	
948	1	H	10	N	2500	0	40	285	104	18	11	15	0	0	0	0	0	0	0	0	0	0	0	0	28842477	
949	1	H	10	N	2500	0	40	275	90	16	10	12	0	0	0	0	0	0	0	0	0	0	0	0	28842508	
950	1	H	10	N	2500	0	40	340	116	20	12	20	0	0	0	0	0	0	0	0	0	0	0	0	28842804	
951	1	H	10	N	2500	0	1	190	67	10	6	8	0	0	0	0	0	0	0	0	0	0	0	0	28842835	
952	1	H	10	N	2500	0	40	267	92	18	9	11	0	0	0	0	0	0	0	0	0	0	0	0	28843194	
953	1	H	10	N	2500	0	1	265	87	13	9	14	0	0	0	0	0	0	0	0	0	0	0	0	28843241	
954	1	H	10	N	2500	0	40	342	91	14	11	15	0	0	0	0	0	0	0	0	0	0	0	0	28843303	
955	1	H	10	N	2500	0	1	207	75	12	8	12	0	0	0	0	0	0	0	0	0	0	0	0	28843506	
956	1	H	10	N	2500	0	40	291	100	16	9	14	0	0	0	0	0	0	0	0	0	0	0	0	28843787	
957	1	H	10	N	2500	0	40	295	99	21	11	15	0	0	0	0	0	0	0	0	0	0	0	0	28844068	
958	1	H	10	N	2500	0	40	282	101	16	11	16	0	0	0	0	0	0	0	0	0	0	0	0	28844614	
959	1	H	10	N	2500	0	1	258	88	12	9	11	0	0	0	0	0	0	0	0	0	0	0	0	28844817	
960	1	H	11	N	2500	2	1	59	23	3	2	6	0	0	0	0	0	0	0	0	0	0	0	0	28856829	
961	1	H	12	N	2500	2	1	68	45	11	0	1	0	0	0	0	0	0	0	0	0	0	0	0	28866953	
962	1	H	12	N	2500	6	40	266	107	20	13	17	0	0	0	0	0	0	0	0	0	0	0	0	28867593	
963	1	H	12	N	2500	2	1	158	102	17	10	13	0	0	0	0	0	0	0	0	0	0	0	0	28867624	
964	1	H	12	N	2500	6	40	283	106	19	12	15	0	0	0	0	0	0	0	0	0	0	0	0	28867671	
965	1	H	12	N	2500	2	1	151	103	21	12	15	0	0	0	0	0	0	0	0	0	0	0	0	28867842	
966	1	H	12	N	2500	2	1	86	42	36	44	61	0	0	0	0	0	0	0	0	0	0	0	0	28868903	
967	1	H	12	N	2500	2	1	106	53	7	4	7	0	0	0	0	0	0	0	0	0	0	0	0	28869043	
968	1	H	12	N	2500	6	40	206	111	23	15	23	0	0	0	0	0	0	0	0	0	0	0	0	28869558	
969	1	H	12	N	2500	0	40	340	128	23	11	15	0	0	0	0	0	0	0	0	0	0	0	0	28870104	
970	1	H	12	N	2500	0	1	161	113	20	13	14	0	0	0	0	0	0	0	0	0	0	0	0	28870822	
971	1	H	12	N	2500	0	1	86	31	28	32	48	0	0	0	0	0	0	0	0	0	0	0	0	28872210	
972	1	H	12	N	2500	0	1	178	99	19	13	16	0	0	0	0	0	0	0	0	0	0	0	0	28872600	
973	1	H	12	N	2500	0	40	224	121	22	12	16	0	0	0	0	0	0	0	0	0	0	0	0	28873271	


Threshold source: EXT,  value 50
Min TOF = 50
EXT signal gain 1.6
Green signal gain 3.0
Yellow signal gain 3.0
Red signal gain 3.0
Green PMT voltage 700
Yellow PMT voltage 700
Red PMT voltage 900
Signal multipliers: 1.0,1.0,1.0,1.0
C:\Users\unionbio\Desktop\COPAS Templates\USE for L4 dispense4.csv