Id	Plate	Row	Column	Clog	Scan rate	Status sort	Status sel	TOF	EXT	Green	Yellow	Red	PH Ext	PW Ext	PC Ext	PH Green	PW Green	PCGreen	PH Yellow	PW Yellow	PCYellow	PH Red	PW Red	PCRed	Time Stamp	
0	1	A	2	N	2500	2	1	133	89	14	8	11	0	0	0	0	0	0	0	0	0	0	0	0	30607606	
1	1	A	2	N	2500	6	40	285	118	19	12	15	0	0	0	0	0	0	0	0	0	0	0	0	30609135	
2	1	A	2	N	2500	6	40	302	112	22	12	15	0	0	0	0	0	0	0	0	0	0	0	0	30609790	
3	1	A	2	N	2500	6	40	212	133	27	17	20	0	0	0	0	0	0	0	0	0	0	0	0	30610149	
4	1	A	2	N	2500	0	1	220	80	11	9	14	0	0	0	0	0	0	0	0	0	0	0	0	30610758	
5	1	A	2	N	2500	0	1	212	75	11	7	7	0	0	0	0	0	0	0	0	0	0	0	0	30610836	
6	1	A	2	N	2500	0	1	118	57	9	7	10	0	0	0	0	0	0	0	0	0	0	0	0	30610945	
7	1	A	2	N	2500	0	1	194	99	14	9	14	0	0	0	0	0	0	0	0	0	0	0	0	30611194	
8	1	A	2	N	2500	0	40	230	103	19	12	16	0	0	0	0	0	0	0	0	0	0	0	0	30611553	
9	1	A	2	N	2500	0	40	228	133	29	16	24	0	0	0	0	0	0	0	0	0	0	0	0	30611553	
10	1	A	2	N	2500	0	40	309	111	18	12	16	0	0	0	0	0	0	0	0	0	0	0	0	30611678	
11	1	A	2	N	2500	0	40	310	94	15	9	11	0	0	0	0	0	0	0	0	0	0	0	0	30611943	
12	1	A	2	N	2500	0	40	275	120	25	14	19	0	0	0	0	0	0	0	0	0	0	0	0	30612052	
13	1	A	2	N	2500	0	1	146	82	20	11	14	0	0	0	0	0	0	0	0	0	0	0	0	30612754	
14	1	A	4	N	2500	2	1	80	18	2	2	2	0	0	0	0	0	0	0	0	0	0	0	0	30635047	
15	1	A	4	N	2500	2	1	210	64	8	5	6	0	0	0	0	0	0	0	0	0	0	0	0	30635437	
16	1	A	4	N	2500	2	1	132	52	9	6	8	0	0	0	0	0	0	0	0	0	0	0	0	30635765	
17	1	A	4	N	2500	2	1	67	13	1	1	2	0	0	0	0	0	0	0	0	0	0	0	0	30635796	
18	1	A	4	N	2500	2	1	58	11	1	1	1	0	0	0	0	0	0	0	0	0	0	0	0	30636498	
19	1	A	4	N	2500	2	1	274	85	13	7	10	0	0	0	0	0	0	0	0	0	0	0	0	30636591	
20	1	A	4	N	2500	2	1	182	63	7	5	8	0	0	0	0	0	0	0	0	0	0	0	0	30636810	
21	1	A	4	N	2500	2	1	76	19	2	2	2	0	0	0	0	0	0	0	0	0	0	0	0	30637668	
22	1	A	4	N	2500	2	1	229	62	6	4	7	0	0	0	0	0	0	0	0	0	0	0	0	30638198	
23	1	A	4	N	2500	6	40	297	96	14	9	14	0	0	0	0	0	0	0	0	0	0	0	0	30638822	
24	1	A	4	N	2500	2	1	153	61	9	5	7	0	0	0	0	0	0	0	0	0	0	0	0	30639119	
25	1	A	4	N	2500	2	1	92	18	2	1	3	0	0	0	0	0	0	0	0	0	0	0	0	30639415	
26	1	A	4	N	2500	2	1	50	8	1	1	2	0	0	0	0	0	0	0	0	0	0	0	0	30640148	
27	1	A	4	N	2500	2	1	184	56	6	4	6	0	0	0	0	0	0	0	0	0	0	0	0	30640211	
28	1	A	4	N	2500	2	1	235	78	13	8	11	0	0	0	0	0	0	0	0	0	0	0	0	30640632	
29	1	A	4	N	2500	2	1	208	61	7	4	5	0	0	0	0	0	0	0	0	0	0	0	0	30641318	
30	1	A	6	N	2500	6	40	359	134	24	14	19	0	0	0	0	0	0	0	0	0	0	0	0	30665389	
31	1	A	6	N	2500	2	1	169	58	11	11	19	0	0	0	0	0	0	0	0	0	0	0	0	30665467	
32	1	A	6	N	2500	33	1	91	28	5	6	11	0	0	0	0	0	0	0	0	0	0	0	0	30665483	
33	1	A	6	N	2500	6	40	186	124	24	15	18	0	0	0	0	0	0	0	0	0	0	0	0	30665717	
34	1	A	6	N	2500	2	1	139	34	3	2	3	0	0	0	0	0	0	0	0	0	0	0	0	30665810	
35	1	A	6	N	2500	2	1	162	100	18	10	14	0	0	0	0	0	0	0	0	0	0	0	0	30666231	
36	1	A	6	N	2500	6	40	303	108	18	13	16	0	0	0	0	0	0	0	0	0	0	0	0	30666949	
37	1	A	6	N	2500	0	1	78	29	2	2	2	0	0	0	0	0	0	0	0	0	0	0	0	30667152	
38	1	A	6	N	2500	0	1	57	14	1	1	2	0	0	0	0	0	0	0	0	0	0	0	0	30668415	
39	1	A	6	N	2500	0	40	180	118	24	13	17	0	0	0	0	0	0	0	0	0	0	0	0	30668571	
40	1	A	6	N	2500	0	1	206	96	14	10	12	0	0	0	0	0	0	0	0	0	0	0	0	30668727	
41	1	A	6	N	2500	0	40	299	96	15	10	15	0	0	0	0	0	0	0	0	0	0	0	0	30668930	
42	1	A	6	N	2500	0	40	383	155	28	17	25	0	0	0	0	0	0	0	0	0	0	0	0	30669071	
43	1	A	6	N	2500	0	40	196	119	23	13	21	0	0	0	0	0	0	0	0	0	0	0	0	30669492	
44	1	A	6	N	2500	0	40	335	126	22	15	23	0	0	0	0	0	0	0	0	0	0	0	0	30669773	
45	1	A	6	N	2500	0	1	134	78	15	10	11	0	0	0	0	0	0	0	0	0	0	0	0	30669788	
46	1	A	7	N	2500	2	1	62	34	5	7	11	0	0	0	0	0	0	0	0	0	0	0	0	30681769	
47	1	A	7	N	2500	6	40	321	114	18	11	12	0	0	0	0	0	0	0	0	0	0	0	0	30682377	
48	1	A	8	N	2500	6	40	312	127	21	14	17	0	0	0	0	0	0	0	0	0	0	0	0	30693734	
49	1	A	8	N	2500	6	40	241	122	19	14	18	0	0	0	0	0	0	0	0	0	0	0	0	30694343	
50	1	A	8	N	2500	6	40	183	125	20	16	19	0	0	0	0	0	0	0	0	0	0	0	0	30695513	
51	1	A	8	N	2500	0	40	204	130	28	16	21	0	0	0	0	0	0	0	0	0	0	0	0	30695544	
52	1	A	8	N	2500	0	40	183	128	24	15	17	0	0	0	0	0	0	0	0	0	0	0	0	30695606	
53	1	A	8	N	2500	0	1	132	84	14	9	9	0	0	0	0	0	0	0	0	0	0	0	0	30695684	
54	1	A	8	N	2500	0	40	324	107	17	10	13	0	0	0	0	0	0	0	0	0	0	0	0	30695887	
55	1	A	8	N	2500	0	40	309	119	20	15	20	0	0	0	0	0	0	0	0	0	0	0	0	30696433	
56	1	A	8	N	2500	0	40	318	118	18	13	19	0	0	0	0	0	0	0	0	0	0	0	0	30696558	
57	1	A	8	N	2500	0	1	54	13	5	6	10	0	0	0	0	0	0	0	0	0	0	0	0	30696823	
58	1	A	8	N	2500	0	1	122	90	14	10	14	0	0	0	0	0	0	0	0	0	0	0	0	30697182	
59	1	A	8	N	2500	0	40	295	132	21	15	19	0	0	0	0	0	0	0	0	0	0	0	0	30697229	
60	1	A	8	N	2500	0	40	232	113	17	11	15	0	0	0	0	0	0	0	0	0	0	0	0	30697619	
61	1	A	8	N	2500	0	1	163	105	20	14	17	0	0	0	0	0	0	0	0	0	0	0	0	30698040	
62	1	A	8	N	2500	0	1	239	97	18	12	16	0	0	0	0	0	0	0	0	0	0	0	0	30698087	
63	1	A	10	N	2500	2	1	189	105	20	12	14	0	0	0	0	0	0	0	0	0	0	0	0	30722126	
64	1	A	10	N	2500	6	40	306	116	17	11	13	0	0	0	0	0	0	0	0	0	0	0	0	30722579	
65	1	A	10	N	2500	2	1	183	94	18	10	13	0	0	0	0	0	0	0	0	0	0	0	0	30722781	
66	1	A	10	N	2500	6	40	229	104	20	13	15	0	0	0	0	0	0	0	0	0	0	0	0	30723047	
67	1	A	10	N	2500	6	40	227	120	20	14	17	0	0	0	0	0	0	0	0	0	0	0	0	30723218	
68	1	A	10	N	2500	0	40	223	120	23	16	20	0	0	0	0	0	0	0	0	0	0	0	0	30723234	
69	1	A	10	N	2500	0	1	193	110	17	11	14	0	0	0	0	0	0	0	0	0	0	0	0	30723296	
70	1	A	10	N	2500	0	1	198	60	8	5	9	0	0	0	0	0	0	0	0	0	0	0	0	30723655	
71	1	A	10	N	2500	0	40	306	113	19	12	14	0	0	0	0	0	0	0	0	0	0	0	0	30723842	
72	1	A	10	N	2500	0	40	297	130	25	14	21	0	0	0	0	0	0	0	0	0	0	0	0	30723967	
73	1	A	10	N	2500	0	1	91	16	6	2	4	0	0	0	0	0	0	0	0	0	0	0	0	30723998	
74	1	A	10	N	2500	0	40	271	126	23	14	16	0	0	0	0	0	0	0	0	0	0	0	0	30724045	
75	1	A	10	N	2500	0	40	230	127	26	16	20	0	0	0	0	0	0	0	0	0	0	0	0	30724154	
76	1	A	10	N	2500	0	40	355	131	22	14	24	0	0	0	0	0	0	0	0	0	0	0	0	30724185	
77	1	A	10	N	2500	0	40	366	144	25	15	21	0	0	0	0	0	0	0	0	0	0	0	0	30724185	
78	1	A	10	N	2500	0	1	52	13	1	1	1	0	0	0	0	0	0	0	0	0	0	0	0	30724310	
79	1	A	10	N	2500	0	40	375	142	23	14	19	0	0	0	0	0	0	0	0	0	0	0	0	30724482	
80	1	A	10	N	2500	0	40	317	107	19	12	15	0	0	0	0	0	0	0	0	0	0	0	0	30724591	
81	1	A	10	N	2500	0	40	304	107	18	12	16	0	0	0	0	0	0	0	0	0	0	0	0	30724669	
82	1	A	10	N	2500	0	1	151	120	25	16	21	0	0	0	0	0	0	0	0	0	0	0	0	30724809	
83	1	A	10	N	2500	0	40	323	109	21	12	15	0	0	0	0	0	0	0	0	0	0	0	0	30725652	
84	1	A	10	N	2500	0	40	311	105	17	11	15	0	0	0	0	0	0	0	0	0	0	0	0	30725995	
85	1	A	10	N	2500	0	40	305	111	21	12	20	0	0	0	0	0	0	0	0	0	0	0	0	30726042	
86	1	A	10	N	2500	0	40	307	106	18	12	18	0	0	0	0	0	0	0	0	0	0	0	0	30726619	
87	1	A	10	N	2500	0	40	276	140	25	17	21	0	0	0	0	0	0	0	0	0	0	0	0	30726759	
88	1	A	10	N	2500	0	40	333	129	19	12	18	0	0	0	0	0	0	0	0	0	0	0	0	30726853	
89	1	A	10	N	2500	0	1	60	21	3	2	5	0	0	0	0	0	0	0	0	0	0	0	0	30728241	
90	1	A	10	N	2500	0	40	321	111	19	11	17	0	0	0	0	0	0	0	0	0	0	0	0	30729021	
91	1	A	12	N	2500	2	1	132	108	20	14	17	0	0	0	0	0	0	0	0	0	0	0	0	30751907	
92	1	A	12	N	2500	6	40	171	120	19	15	18	0	0	0	0	0	0	0	0	0	0	0	0	30753732	
93	1	A	12	N	2500	6	40	342	133	21	11	19	0	0	0	0	0	0	0	0	0	0	0	0	30754730	
94	1	A	12	N	2500	6	40	271	119	19	13	15	0	0	0	0	0	0	0	0	0	0	0	0	30755370	
95	1	B	2	N	2500	6	40	306	106	19	11	13	0	0	0	0	0	0	0	0	0	0	0	0	30781172	
96	1	B	2	N	2500	6	40	206	136	30	15	22	0	0	0	0	0	0	0	0	0	0	0	0	30781703	
97	1	B	2	N	2500	2	1	217	99	16	10	13	0	0	0	0	0	0	0	0	0	0	0	0	30782155	
98	1	B	2	N	2500	6	40	270	91	17	9	11	0	0	0	0	0	0	0	0	0	0	0	0	30782186	
99	1	B	2	N	2500	0	1	101	44	6	6	7	0	0	0	0	0	0	0	0	0	0	0	0	30782296	
100	1	B	2	N	2500	0	40	288	126	21	14	16	0	0	0	0	0	0	0	0	0	0	0	0	30783372	
101	1	B	2	N	2500	0	1	306	68	9	5	8	0	0	0	0	0	0	0	0	0	0	0	0	30783481	
102	1	B	2	N	2500	0	40	268	152	25	15	19	0	0	0	0	0	0	0	0	0	0	0	0	30783528	
103	1	B	2	N	2500	0	1	157	90	17	11	14	0	0	0	0	0	0	0	0	0	0	0	0	30783762	
104	1	B	2	N	2500	0	40	213	117	23	13	17	0	0	0	0	0	0	0	0	0	0	0	0	30784043	
105	1	B	2	N	2500	0	40	287	101	14	10	10	0	0	0	0	0	0	0	0	0	0	0	0	30784136	
106	1	B	2	N	2500	0	1	105	23	3	2	5	0	0	0	0	0	0	0	0	0	0	0	0	30784589	
107	1	B	2	N	2500	0	1	182	74	13	8	11	0	0	0	0	0	0	0	0	0	0	0	0	30784589	
108	1	B	2	N	2500	0	1	216	86	19	13	15	0	0	0	0	0	0	0	0	0	0	0	0	30784589	
109	1	B	2	N	2500	0	1	168	104	24	13	15	0	0	0	0	0	0	0	0	0	0	0	0	30784682	
110	1	B	2	N	2500	0	40	260	102	14	10	13	0	0	0	0	0	0	0	0	0	0	0	0	30784682	
111	1	B	2	N	2500	0	1	183	95	15	9	13	0	0	0	0	0	0	0	0	0	0	0	0	30784698	
112	1	B	2	N	2500	0	1	209	96	16	10	10	0	0	0	0	0	0	0	0	0	0	0	0	30784792	
113	1	B	2	N	2500	0	1	77	14	1	0	1	0	0	0	0	0	0	0	0	0	0	0	0	30784916	
114	1	B	2	N	2500	0	40	348	121	22	12	18	0	0	0	0	0	0	0	0	0	0	0	0	30784963	
115	1	B	2	N	2500	0	40	287	104	21	11	15	0	0	0	0	0	0	0	0	0	0	0	0	30785119	
116	1	B	2	N	2500	0	1	197	89	12	9	13	0	0	0	0	0	0	0	0	0	0	0	0	30785150	
117	1	B	2	N	2500	0	40	318	103	21	11	16	0	0	0	0	0	0	0	0	0	0	0	0	30785291	
118	1	B	2	N	2500	0	40	307	91	17	9	16	0	0	0	0	0	0	0	0	0	0	0	0	30785416	
119	1	B	2	N	2500	0	2	295	86	11	7	10	0	0	0	0	0	0	0	0	0	0	0	0	30785447	
120	1	B	2	N	2500	0	40	351	129	22	15	19	0	0	0	0	0	0	0	0	0	0	0	0	30785478	
121	1	B	2	N	2500	0	1	197	92	18	10	10	0	0	0	0	0	0	0	0	0	0	0	0	30785759	
122	1	B	2	N	2500	0	1	65	13	1	1	3	0	0	0	0	0	0	0	0	0	0	0	0	30785774	
123	1	B	2	N	2500	0	40	227	107	19	10	13	0	0	0	0	0	0	0	0	0	0	0	0	30786133	
124	1	B	2	N	2500	0	1	67	12	3	3	6	0	0	0	0	0	0	0	0	0	0	0	0	30786196	
125	1	B	2	N	2500	0	40	312	107	17	10	12	0	0	0	0	0	0	0	0	0	0	0	0	30786196	
126	1	B	2	N	2500	0	40	284	108	16	10	14	0	0	0	0	0	0	0	0	0	0	0	0	30786554	
127	1	B	2	N	2500	0	40	356	125	21	12	16	0	0	0	0	0	0	0	0	0	0	0	0	30786586	
128	1	B	2	N	2500	0	1	189	108	22	15	20	0	0	0	0	0	0	0	0	0	0	0	0	30787147	
129	1	B	2	N	2500	0	40	307	107	15	10	14	0	0	0	0	0	0	0	0	0	0	0	0	30787475	
130	1	B	2	N	2500	0	1	82	16	2	2	3	0	0	0	0	0	0	0	0	0	0	0	0	30787568	
131	1	B	2	N	2500	0	1	164	98	23	13	18	0	0	0	0	0	0	0	0	0	0	0	0	30787958	
132	1	B	3	N	2500	6	40	246	100	19	11	13	0	0	0	0	0	0	0	0	0	0	0	0	30797786	
133	1	B	3	N	2500	2	1	89	38	5	5	7	0	0	0	0	0	0	0	0	0	0	0	0	30799924	
134	1	B	4	N	2500	2	1	275	81	10	8	12	0	0	0	0	0	0	0	0	0	0	0	0	30809861	
135	1	B	4	N	2500	2	1	149	79	12	9	12	0	0	0	0	0	0	0	0	0	0	0	0	30811358	
136	1	B	4	N	2500	6	40	280	101	17	11	14	0	0	0	0	0	0	0	0	0	0	0	0	30811858	
137	1	B	4	N	2500	2	1	200	91	22	13	18	0	0	0	0	0	0	0	0	0	0	0	0	30811920	
138	1	B	4	N	2500	2	1	109	48	52	64	95	0	0	0	0	0	0	0	0	0	0	0	0	30812185	
139	1	B	4	N	2500	2	1	117	39	5	3	4	0	0	0	0	0	0	0	0	0	0	0	0	30812185	
140	1	B	4	N	2500	6	40	285	96	17	10	12	0	0	0	0	0	0	0	0	0	0	0	0	30812326	
141	1	B	4	N	2500	6	40	329	114	19	11	15	0	0	0	0	0	0	0	0	0	0	0	0	30812903	
142	1	B	4	N	2500	0	40	347	126	24	15	23	0	0	0	0	0	0	0	0	0	0	0	0	30813106	
143	1	B	4	N	2500	0	40	275	106	17	12	15	0	0	0	0	0	0	0	0	0	0	0	0	30813215	
144	1	B	4	N	2500	0	1	200	103	17	11	14	0	0	0	0	0	0	0	0	0	0	0	0	30813418	
145	1	B	4	N	2500	0	1	254	74	10	7	15	0	0	0	0	0	0	0	0	0	0	0	0	30813979	
146	1	B	4	N	2500	0	40	286	116	19	16	24	0	0	0	0	0	0	0	0	0	0	0	0	30814291	
147	1	B	4	N	2500	0	40	180	116	25	14	15	0	0	0	0	0	0	0	0	0	0	0	0	30814525	
148	1	B	4	N	2500	0	1	157	100	19	14	18	0	0	0	0	0	0	0	0	0	0	0	0	30814634	
149	1	B	4	N	2500	0	40	350	105	20	12	17	0	0	0	0	0	0	0	0	0	0	0	0	30814822	
150	1	B	4	N	2500	0	1	85	32	3	2	3	0	0	0	0	0	0	0	0	0	0	0	0	30815071	
151	1	B	4	N	2500	0	1	272	86	15	9	12	0	0	0	0	0	0	0	0	0	0	0	0	30815290	
152	1	B	4	N	2500	0	1	74	19	2	2	4	0	0	0	0	0	0	0	0	0	0	0	0	30815383	
153	1	B	4	N	2500	0	40	272	96	16	10	13	0	0	0	0	0	0	0	0	0	0	0	0	30815555	
154	1	B	4	N	2500	0	40	218	108	21	14	21	0	0	0	0	0	0	0	0	0	0	0	0	30815555	
155	1	B	4	N	2500	0	1	94	20	2	2	4	0	0	0	0	0	0	0	0	0	0	0	0	30815804	
156	1	B	4	N	2500	0	40	306	113	23	12	14	0	0	0	0	0	0	0	0	0	0	0	0	30816007	
157	1	B	4	N	2500	0	40	274	125	26	15	22	0	0	0	0	0	0	0	0	0	0	0	0	30816023	
158	1	B	5	N	2500	2	1	245	68	10	6	9	0	0	0	0	0	0	0	0	0	0	0	0	30828019	
159	1	B	6	N	2500	6	40	305	104	21	10	14	0	0	0	0	0	0	0	0	0	0	0	0	30838128	
160	1	B	6	N	2500	6	40	247	126	23	14	22	0	0	0	0	0	0	0	0	0	0	0	0	30839080	
161	1	B	6	N	2500	2	1	216	69	8	7	8	0	0	0	0	0	0	0	0	0	0	0	0	30839204	
162	1	B	6	N	2500	2	1	217	61	7	4	7	0	0	0	0	0	0	0	0	0	0	0	0	30839922	
163	1	B	6	N	2500	2	1	137	38	5	4	5	0	0	0	0	0	0	0	0	0	0	0	0	30840343	
164	1	B	6	N	2500	2	1	172	82	13	9	12	0	0	0	0	0	0	0	0	0	0	0	0	30840718	
165	1	B	6	N	2500	6	40	172	120	21	13	16	0	0	0	0	0	0	0	0	0	0	0	0	30840920	
166	1	B	6	N	2500	0	1	180	95	14	10	10	0	0	0	0	0	0	0	0	0	0	0	0	30841810	
167	1	B	6	N	2500	0	40	301	98	21	10	17	0	0	0	0	0	0	0	0	0	0	0	0	30842262	
168	1	B	6	N	2500	0	1	203	107	23	14	15	0	0	0	0	0	0	0	0	0	0	0	0	30842340	
169	1	B	6	N	2500	0	40	334	139	29	15	20	0	0	0	0	0	0	0	0	0	0	0	0	30842652	
170	1	B	6	N	2500	0	40	213	106	18	12	14	0	0	0	0	0	0	0	0	0	0	0	0	30842730	
171	1	B	6	N	2500	0	1	51	9	0	0	1	0	0	0	0	0	0	0	0	0	0	0	0	30842746	
172	1	B	6	N	2500	0	40	232	125	22	14	16	0	0	0	0	0	0	0	0	0	0	0	0	30843728	
173	1	B	6	N	2500	0	1	198	109	19	11	15	0	0	0	0	0	0	0	0	0	0	0	0	30843775	
174	1	B	6	N	2500	0	1	202	59	7	5	8	0	0	0	0	0	0	0	0	0	0	0	0	30844134	
175	1	B	6	N	2500	0	1	138	44	5	3	5	0	0	0	0	0	0	0	0	0	0	0	0	30844150	
176	1	B	6	N	2500	0	1	51	24	18	20	30	0	0	0	0	0	0	0	0	0	0	0	0	30845257	
177	1	B	6	N	2500	0	1	87	19	1	1	2	0	0	0	0	0	0	0	0	0	0	0	0	30845335	
178	1	B	8	N	2500	6	40	314	150	25	16	21	0	0	0	0	0	0	0	0	0	0	0	0	30867285	
179	1	B	8	N	2500	6	40	263	101	19	12	16	0	0	0	0	0	0	0	0	0	0	0	0	30869079	
180	1	B	8	N	2500	6	40	296	105	19	13	18	0	0	0	0	0	0	0	0	0	0	0	0	30870155	
181	1	B	8	N	2500	0	40	258	120	22	13	19	0	0	0	0	0	0	0	0	0	0	0	0	30870451	
182	1	B	8	N	2500	0	40	323	115	20	13	19	0	0	0	0	0	0	0	0	0	0	0	0	30870810	
183	1	B	8	N	2500	0	40	299	133	26	14	18	0	0	0	0	0	0	0	0	0	0	0	0	30870888	
184	1	B	8	N	2500	0	1	231	88	15	9	13	0	0	0	0	0	0	0	0	0	0	0	0	30871153	
185	1	B	8	N	2500	0	40	359	126	20	12	16	0	0	0	0	0	0	0	0	0	0	0	0	30871933	
186	1	B	9	N	2500	2	1	62	11	1	0	1	0	0	0	0	0	0	0	0	0	0	0	0	30887658	
187	1	B	9	N	2500	2	1	53	11	2	0	0	0	0	0	0	0	0	0	0	0	0	0	0	30887658	
188	1	B	10	N	2500	6	40	291	150	26	17	22	0	0	0	0	0	0	0	0	0	0	0	0	30895833	
189	1	B	10	N	2500	6	40	229	132	26	17	23	0	0	0	0	0	0	0	0	0	0	0	0	30895942	
190	1	B	10	N	2500	6	40	336	137	23	16	20	0	0	0	0	0	0	0	0	0	0	0	0	30896800	
191	1	B	10	N	2500	0	40	343	142	23	12	19	0	0	0	0	0	0	0	0	0	0	0	0	30897268	
192	1	B	10	N	2500	0	40	357	139	24	16	19	0	0	0	0	0	0	0	0	0	0	0	0	30898017	
193	1	B	10	N	2500	0	40	297	124	22	13	15	0	0	0	0	0	0	0	0	0	0	0	0	30898282	
194	1	B	10	N	2500	0	40	220	120	18	14	16	0	0	0	0	0	0	0	0	0	0	0	0	30899655	
195	1	B	10	N	2500	0	40	380	150	25	15	24	0	0	0	0	0	0	0	0	0	0	0	0	30900263	
196	1	B	10	N	2500	0	40	240	139	23	17	19	0	0	0	0	0	0	0	0	0	0	0	0	30900403	
197	1	B	10	N	2500	0	40	332	121	24	14	16	0	0	0	0	0	0	0	0	0	0	0	0	30900559	
198	1	B	10	N	2500	0	40	410	164	27	18	25	0	0	0	0	0	0	0	0	0	0	0	0	30901698	
199	1	B	11	N	2500	2	1	152	101	19	13	18	0	0	0	0	0	0	0	0	0	0	0	0	30910247	
200	1	B	12	N	2500	6	40	395	155	24	18	25	0	0	0	0	0	0	0	0	0	0	0	0	30924661	
201	1	B	12	N	2500	6	40	328	141	22	16	18	0	0	0	0	0	0	0	0	0	0	0	0	30924755	
202	1	B	12	N	2500	6	40	402	132	26	15	25	0	0	0	0	0	0	0	0	0	0	0	0	30925129	
203	1	B	12	N	2500	0	40	237	131	23	15	17	0	0	0	0	0	0	0	0	0	0	0	0	30928015	
204	1	B	12	N	2500	0	40	335	135	23	13	19	0	0	0	0	0	0	0	0	0	0	0	0	30928171	
205	1	B	12	N	2500	0	1	173	87	14	9	9	0	0	0	0	0	0	0	0	0	0	0	0	30928171	
206	1	B	12	N	2500	0	40	315	100	21	11	16	0	0	0	0	0	0	0	0	0	0	0	0	30928343	
207	1	B	12	N	2500	0	40	280	136	24	16	22	0	0	0	0	0	0	0	0	0	0	0	0	30928374	
208	1	B	12	N	2500	0	40	336	115	23	13	18	0	0	0	0	0	0	0	0	0	0	0	0	30928561	
209	1	B	12	N	2500	0	1	92	36	6	5	6	0	0	0	0	0	0	0	0	0	0	0	0	30928624	
210	1	B	12	N	2500	0	1	159	63	10	7	11	0	0	0	0	0	0	0	0	0	0	0	0	30928624	
211	1	B	12	N	2500	0	40	342	102	21	11	18	0	0	0	0	0	0	0	0	0	0	0	0	30928671	
212	1	B	12	N	2500	0	40	232	138	26	17	20	0	0	0	0	0	0	0	0	0	0	0	0	30928780	
213	1	B	12	N	2500	0	40	247	108	18	14	19	0	0	0	0	0	0	0	0	0	0	0	0	30928998	
214	1	B	12	N	2500	0	40	182	119	16	14	18	0	0	0	0	0	0	0	0	0	0	0	0	30929092	
215	1	B	12	N	2500	0	1	223	87	20	12	16	0	0	0	0	0	0	0	0	0	0	0	0	30929279	
216	1	B	12	N	2500	0	40	327	125	22	13	20	0	0	0	0	0	0	0	0	0	0	0	0	30929497	
217	1	B	12	N	2500	0	40	242	116	23	13	18	0	0	0	0	0	0	0	0	0	0	0	0	30929622	
218	1	B	12	N	2500	0	1	179	75	10	7	9	0	0	0	0	0	0	0	0	0	0	0	0	30929997	
219	1	B	12	N	2500	0	40	339	128	20	14	19	0	0	0	0	0	0	0	0	0	0	0	0	30930589	
220	1	B	12	N	2500	0	1	82	18	1	1	4	0	0	0	0	0	0	0	0	0	0	0	0	30930761	
221	1	C	2	N	2500	2	1	144	36	5	3	4	0	0	0	0	0	0	0	0	0	0	0	0	30955659	
222	1	C	2	N	2500	2	1	56	38	6	5	5	0	0	0	0	0	0	0	0	0	0	0	0	30955659	
223	1	C	2	N	2500	6	40	328	125	23	15	17	0	0	0	0	0	0	0	0	0	0	0	0	30956844	
224	1	C	2	N	2500	2	1	241	67	8	6	11	0	0	0	0	0	0	0	0	0	0	0	0	30957109	
225	1	C	2	N	2500	6	40	237	115	19	14	19	0	0	0	0	0	0	0	0	0	0	0	0	30957562	
226	1	C	2	N	2500	6	40	315	112	18	13	18	0	0	0	0	0	0	0	0	0	0	0	0	30957640	
227	1	C	2	N	2500	0	40	320	96	13	9	13	0	0	0	0	0	0	0	0	0	0	0	0	30957671	
228	1	C	2	N	2500	0	40	345	139	23	15	18	0	0	0	0	0	0	0	0	0	0	0	0	30957733	
229	1	C	2	N	2500	0	1	59	23	4	1	3	0	0	0	0	0	0	0	0	0	0	0	0	30957765	
230	1	C	2	N	2500	0	1	237	76	12	7	12	0	0	0	0	0	0	0	0	0	0	0	0	30957858	
231	1	C	2	N	2500	0	1	196	98	22	14	18	0	0	0	0	0	0	0	0	0	0	0	0	30957874	
232	1	C	2	N	2500	0	40	281	100	18	10	10	0	0	0	0	0	0	0	0	0	0	0	0	30957905	
233	1	C	2	N	2500	0	40	435	188	31	22	31	0	0	0	0	0	0	0	0	0	0	0	0	30957952	
234	1	C	2	N	2500	0	40	337	151	27	15	19	0	0	0	0	0	0	0	0	0	0	0	0	30958014	
235	1	C	2	N	2500	0	40	246	116	21	13	21	0	0	0	0	0	0	0	0	0	0	0	0	30958045	
236	1	C	2	N	2500	0	40	235	142	28	19	22	0	0	0	0	0	0	0	0	0	0	0	0	30958155	
237	1	C	2	N	2500	0	40	318	117	25	14	18	0	0	0	0	0	0	0	0	0	0	0	0	30958435	
238	1	C	2	N	2500	0	40	324	152	30	18	24	0	0	0	0	0	0	0	0	0	0	0	0	30958467	
239	1	C	2	N	2500	0	40	227	151	31	19	24	0	0	0	0	0	0	0	0	0	0	0	0	30958576	
240	1	C	2	N	2500	0	40	335	126	22	13	19	0	0	0	0	0	0	0	0	0	0	0	0	30958623	
241	1	C	2	N	2500	0	1	173	107	18	11	16	0	0	0	0	0	0	0	0	0	0	0	0	30958701	
242	1	C	2	N	2500	0	1	190	91	18	11	16	0	0	0	0	0	0	0	0	0	0	0	0	30958763	
243	1	C	2	N	2500	0	1	61	10	2	1	1	0	0	0	0	0	0	0	0	0	0	0	0	30958763	
244	1	C	2	N	2500	0	40	247	102	15	11	14	0	0	0	0	0	0	0	0	0	0	0	0	30958841	
245	1	C	2	N	2500	0	40	235	120	25	15	21	0	0	0	0	0	0	0	0	0	0	0	0	30958872	
246	1	C	2	N	2500	0	40	345	138	26	16	20	0	0	0	0	0	0	0	0	0	0	0	0	30958903	
247	1	C	2	N	2500	0	40	292	117	24	13	17	0	0	0	0	0	0	0	0	0	0	0	0	30958997	
248	1	C	2	N	2500	0	40	335	140	29	15	20	0	0	0	0	0	0	0	0	0	0	0	0	30959013	
249	1	C	2	N	2500	0	1	165	90	11	7	10	0	0	0	0	0	0	0	0	0	0	0	0	30959075	
250	1	C	2	N	2500	0	40	289	101	17	11	17	0	0	0	0	0	0	0	0	0	0	0	0	30959200	
251	1	C	2	N	2500	0	40	323	122	20	13	17	0	0	0	0	0	0	0	0	0	0	0	0	30959933	
252	1	C	2	N	2500	0	40	326	160	28	19	27	0	0	0	0	0	0	0	0	0	0	0	0	30960105	
253	1	C	2	N	2500	0	40	325	128	24	14	17	0	0	0	0	0	0	0	0	0	0	0	0	30960245	
254	1	C	2	N	2500	0	40	198	134	21	14	19	0	0	0	0	0	0	0	0	0	0	0	0	30960947	
255	1	C	2	N	2500	0	40	321	120	26	15	18	0	0	0	0	0	0	0	0	0	0	0	0	30961353	
256	1	C	2	N	2500	0	40	194	123	21	13	17	0	0	0	0	0	0	0	0	0	0	0	0	30961462	
257	1	C	3	N	2500	6	40	319	104	15	11	15	0	0	0	0	0	0	0	0	0	0	0	0	30970962	
258	1	C	4	N	2500	2	1	53	20	3	2	7	0	0	0	0	0	0	0	0	0	0	0	0	30983832	
259	1	C	4	N	2500	2	1	124	51	9	5	7	0	0	0	0	0	0	0	0	0	0	0	0	30986391	
260	1	C	4	N	2500	2	1	217	57	9	6	8	0	0	0	0	0	0	0	0	0	0	0	0	30986656	
261	1	C	4	N	2500	2	1	169	84	20	10	14	0	0	0	0	0	0	0	0	0	0	0	0	30987015	
262	1	C	4	N	2500	6	40	311	110	19	11	15	0	0	0	0	0	0	0	0	0	0	0	0	30987686	
263	1	C	4	N	2500	2	1	225	99	14	9	14	0	0	0	0	0	0	0	0	0	0	0	0	30987873	
264	1	C	4	N	2500	6	40	417	157	26	15	23	0	0	0	0	0	0	0	0	0	0	0	0	30988107	
265	1	C	4	N	2500	2	1	248	75	10	5	8	0	0	0	0	0	0	0	0	0	0	0	0	30988154	
266	1	C	4	N	2500	2	1	196	104	18	12	15	0	0	0	0	0	0	0	0	0	0	0	0	30988185	
267	1	C	4	N	2500	6	40	254	129	24	14	19	0	0	0	0	0	0	0	0	0	0	0	0	30988512	
268	1	C	4	N	2500	0	1	77	57	26	21	39	0	0	0	0	0	0	0	0	0	0	0	0	30988793	
269	1	C	4	N	2500	0	1	56	11	1	1	1	0	0	0	0	0	0	0	0	0	0	0	0	30988793	
270	1	C	4	N	2500	0	1	111	38	4	4	8	0	0	0	0	0	0	0	0	0	0	0	0	30989074	
271	1	C	5	N	2500	6	40	294	138	25	16	19	0	0	0	0	0	0	0	0	0	0	0	0	30999713	
272	1	C	6	N	2500	2	1	162	87	13	7	13	0	0	0	0	0	0	0	0	0	0	0	0	31012880	
273	1	C	6	N	2500	6	40	174	123	23	13	17	0	0	0	0	0	0	0	0	0	0	0	0	31012895	
274	1	C	6	N	2500	2	1	185	61	7	6	9	0	0	0	0	0	0	0	0	0	0	0	0	31013067	
275	1	C	6	N	2500	6	40	254	103	17	9	11	0	0	0	0	0	0	0	0	0	0	0	0	31013192	
276	1	C	6	N	2500	6	40	345	126	23	13	15	0	0	0	0	0	0	0	0	0	0	0	0	31013706	
277	1	C	6	N	2500	0	40	224	129	22	12	12	0	0	0	0	0	0	0	0	0	0	0	0	31014658	
278	1	C	6	N	2500	0	1	98	21	15	20	36	0	0	0	0	0	0	0	0	0	0	0	0	31014845	
279	1	C	6	N	2500	0	1	184	81	15	9	12	0	0	0	0	0	0	0	0	0	0	0	0	31015422	
280	1	C	6	N	2500	0	40	239	124	23	16	21	0	0	0	0	0	0	0	0	0	0	0	0	31016374	
281	1	C	6	N	2500	0	40	258	98	16	10	15	0	0	0	0	0	0	0	0	0	0	0	0	31016421	
282	1	C	6	N	2500	0	40	257	139	23	16	19	0	0	0	0	0	0	0	0	0	0	0	0	31016904	
283	1	C	6	N	2500	0	1	235	77	9	6	8	0	0	0	0	0	0	0	0	0	0	0	0	31017092	
284	1	C	6	N	2500	0	40	216	115	22	13	19	0	0	0	0	0	0	0	0	0	0	0	0	31017232	
285	1	C	6	N	2500	0	40	374	155	24	13	17	0	0	0	0	0	0	0	0	0	0	0	0	31017435	
286	1	C	6	N	2500	0	40	321	122	21	12	13	0	0	0	0	0	0	0	0	0	0	0	0	31017513	
287	1	C	6	N	2500	0	40	214	129	25	14	21	0	0	0	0	0	0	0	0	0	0	0	0	31017606	
288	1	C	6	N	2500	0	40	349	134	21	10	16	0	0	0	0	0	0	0	0	0	0	0	0	31017809	
289	1	C	6	N	2500	0	1	100	41	5	4	6	0	0	0	0	0	0	0	0	0	0	0	0	31018371	
290	1	C	6	N	2500	0	1	80	16	2	1	1	0	0	0	0	0	0	0	0	0	0	0	0	31018371	
291	1	C	6	N	2500	0	1	162	49	6	5	7	0	0	0	0	0	0	0	0	0	0	0	0	31018823	
292	1	C	6	N	2500	0	1	252	85	17	10	14	0	0	0	0	0	0	0	0	0	0	0	0	31019494	
293	1	C	7	N	2500	6	40	271	103	14	10	15	0	0	0	0	0	0	0	0	0	0	0	0	31027434	
294	1	C	7	N	2500	6	40	369	143	26	15	20	0	0	0	0	0	0	0	0	0	0	0	0	31029915	
295	1	C	8	N	2500	2	1	178	70	9	7	8	0	0	0	0	0	0	0	0	0	0	0	0	31041552	
296	1	C	8	N	2500	2	1	152	74	12	7	9	0	0	0	0	0	0	0	0	0	0	0	0	31042114	
297	1	C	8	N	2500	6	40	302	94	15	8	14	0	0	0	0	0	0	0	0	0	0	0	0	31044454	
298	1	C	8	N	2500	2	1	135	52	5	3	6	0	0	0	0	0	0	0	0	0	0	0	0	31044688	
299	1	C	8	N	2500	6	40	296	95	20	11	15	0	0	0	0	0	0	0	0	0	0	0	0	31045484	
300	1	C	8	N	2500	6	40	285	100	18	10	12	0	0	0	0	0	0	0	0	0	0	0	0	31045593	
301	1	C	8	N	2500	0	1	275	75	10	7	10	0	0	0	0	0	0	0	0	0	0	0	0	31045624	
302	1	C	8	N	2500	0	40	260	109	20	13	16	0	0	0	0	0	0	0	0	0	0	0	0	31045702	
303	1	C	8	N	2500	0	1	177	74	8	5	7	0	0	0	0	0	0	0	0	0	0	0	0	31046279	
304	1	C	8	N	2500	0	1	110	47	9	9	14	0	0	0	0	0	0	0	0	0	0	0	0	31047028	
305	1	C	8	N	2500	0	40	235	108	20	13	15	0	0	0	0	0	0	0	0	0	0	0	0	31048120	
306	1	C	9	N	2500	2	1	59	24	2	0	1	0	0	0	0	0	0	0	0	0	0	0	0	31057402	
307	1	C	10	N	2500	2	1	51	9	3	0	0	0	0	0	0	0	0	0	0	0	0	0	0	31069773	
308	1	C	10	N	2500	2	1	259	88	16	12	16	0	0	0	0	0	0	0	0	0	0	0	0	31071114	
309	1	C	10	N	2500	2	1	124	76	14	10	12	0	0	0	0	0	0	0	0	0	0	0	0	31071364	
310	1	C	10	N	2500	2	1	140	89	16	11	15	0	0	0	0	0	0	0	0	0	0	0	0	31071941	
311	1	C	10	N	2500	2	1	168	96	15	12	14	0	0	0	0	0	0	0	0	0	0	0	0	31072284	
312	1	C	10	N	2500	2	1	75	26	12	18	40	0	0	0	0	0	0	0	0	0	0	0	0	31072331	
313	1	C	10	N	2500	2	1	234	99	17	12	14	0	0	0	0	0	0	0	0	0	0	0	0	31072674	
314	1	C	10	N	2500	6	40	340	129	21	13	19	0	0	0	0	0	0	0	0	0	0	0	0	31073283	
315	1	C	10	N	2500	2	1	50	18	18	20	28	0	0	0	0	0	0	0	0	0	0	0	0	31073345	
316	1	C	10	N	2500	2	1	246	77	12	8	11	0	0	0	0	0	0	0	0	0	0	0	0	31073564	
317	1	C	10	N	2500	6	40	326	132	21	13	17	0	0	0	0	0	0	0	0	0	0	0	0	31074156	
318	1	C	10	N	2500	2	1	183	103	16	11	14	0	0	0	0	0	0	0	0	0	0	0	0	31074188	
319	1	C	10	N	2500	6	40	320	104	17	12	16	0	0	0	0	0	0	0	0	0	0	0	0	31074203	
320	1	C	10	N	2500	0	1	184	110	17	11	11	0	0	0	0	0	0	0	0	0	0	0	0	31074281	
321	1	C	10	N	2500	0	1	150	48	7	5	7	0	0	0	0	0	0	0	0	0	0	0	0	31074640	
322	1	C	10	N	2500	0	40	316	111	18	13	15	0	0	0	0	0	0	0	0	0	0	0	0	31075014	
323	1	C	10	N	2500	0	40	304	111	16	12	15	0	0	0	0	0	0	0	0	0	0	0	0	31075046	
324	1	C	10	N	2500	0	40	310	120	20	10	15	0	0	0	0	0	0	0	0	0	0	0	0	31075264	
325	1	C	10	N	2500	0	1	124	51	8	6	9	0	0	0	0	0	0	0	0	0	0	0	0	31075295	
326	1	C	10	N	2500	0	40	193	130	28	15	15	0	0	0	0	0	0	0	0	0	0	0	0	31075514	
327	1	C	10	N	2500	0	40	182	119	25	14	18	0	0	0	0	0	0	0	0	0	0	0	0	31076871	
328	1	C	11	N	2500	6	40	182	116	20	14	17	0	0	0	0	0	0	0	0	0	0	0	0	31090334	
329	1	C	11	N	2500	2	1	168	75	21	22	48	0	0	0	0	0	0	0	0	0	0	0	0	31090661	
330	1	C	12	N	2500	6	40	244	140	25	19	23	0	0	0	0	0	0	0	0	0	0	0	0	31099257	
331	1	C	12	N	2500	2	1	114	57	8	5	7	0	0	0	0	0	0	0	0	0	0	0	0	31099959	
332	1	C	12	N	2500	2	1	67	24	4	5	8	0	0	0	0	0	0	0	0	0	0	0	0	31100084	
333	1	C	12	N	2500	6	40	279	125	22	13	16	0	0	0	0	0	0	0	0	0	0	0	0	31100396	
334	1	C	12	N	2500	6	40	251	118	21	15	19	0	0	0	0	0	0	0	0	0	0	0	0	31100536	
335	1	C	12	N	2500	0	1	199	87	17	10	14	0	0	0	0	0	0	0	0	0	0	0	0	31100864	
336	1	C	12	N	2500	0	40	317	133	26	16	19	0	0	0	0	0	0	0	0	0	0	0	0	31101051	
337	1	C	12	N	2500	0	40	299	131	22	15	21	0	0	0	0	0	0	0	0	0	0	0	0	31101067	
338	1	C	12	N	2500	0	40	259	108	15	8	14	0	0	0	0	0	0	0	0	0	0	0	0	31101301	
339	1	C	12	N	2500	0	40	200	127	23	16	19	0	0	0	0	0	0	0	0	0	0	0	0	31101457	
340	1	C	12	N	2500	0	40	336	122	20	12	12	0	0	0	0	0	0	0	0	0	0	0	0	31101472	
341	1	C	12	N	2500	0	1	175	104	20	11	13	0	0	0	0	0	0	0	0	0	0	0	0	31101971	
342	1	C	12	N	2500	0	1	265	85	10	7	9	0	0	0	0	0	0	0	0	0	0	0	0	31101987	
343	1	C	12	N	2500	0	1	274	85	12	8	11	0	0	0	0	0	0	0	0	0	0	0	0	31102283	
344	1	C	12	N	2500	0	1	217	57	8	5	7	0	0	0	0	0	0	0	0	0	0	0	0	31102424	
345	1	C	12	N	2500	0	40	347	129	24	14	21	0	0	0	0	0	0	0	0	0	0	0	0	31102517	
346	1	C	12	N	2500	0	40	330	115	21	12	18	0	0	0	0	0	0	0	0	0	0	0	0	31102595	
347	1	C	12	N	2500	0	40	325	121	19	12	14	0	0	0	0	0	0	0	0	0	0	0	0	31102783	
348	1	C	12	N	2500	0	1	264	65	9	7	11	0	0	0	0	0	0	0	0	0	0	0	0	31102970	
349	1	C	12	N	2500	0	40	247	114	24	14	20	0	0	0	0	0	0	0	0	0	0	0	0	31103001	
350	1	C	12	N	2500	0	1	277	82	12	8	11	0	0	0	0	0	0	0	0	0	0	0	0	31103095	
351	1	C	12	N	2500	0	40	395	176	28	18	24	0	0	0	0	0	0	0	0	0	0	0	0	31103095	
352	1	C	12	N	2500	0	40	291	110	17	12	16	0	0	0	0	0	0	0	0	0	0	0	0	31103438	
353	1	C	12	N	2500	0	40	209	116	17	12	14	0	0	0	0	0	0	0	0	0	0	0	0	31103656	
354	1	C	12	N	2500	0	1	151	70	10	7	7	0	0	0	0	0	0	0	0	0	0	0	0	31103687	
355	1	C	12	N	2500	0	40	296	93	16	9	10	0	0	0	0	0	0	0	0	0	0	0	0	31103859	
356	1	C	12	N	2500	0	1	199	88	17	12	15	0	0	0	0	0	0	0	0	0	0	0	0	31103875	
357	1	C	12	N	2500	0	1	229	64	8	6	11	0	0	0	0	0	0	0	0	0	0	0	0	31105653	
358	1	D	1	N	2500	6	40	302	112	23	11	13	0	0	0	0	0	0	0	0	0	0	0	0	31115013	
359	1	D	1	N	2500	6	40	220	115	21	12	14	0	0	0	0	0	0	0	0	0	0	0	0	31116542	
360	1	D	2	N	2500	2	1	197	86	21	14	21	0	0	0	0	0	0	0	0	0	0	0	0	31128913	
361	1	D	2	N	2500	2	1	173	76	20	12	18	0	0	0	0	0	0	0	0	0	0	0	0	31129661	
362	1	D	2	N	2500	6	40	280	96	20	12	14	0	0	0	0	0	0	0	0	0	0	0	0	31130239	
363	1	D	2	N	2500	6	40	264	139	29	15	18	0	0	0	0	0	0	0	0	0	0	0	0	31130488	
364	1	D	2	N	2500	6	40	281	140	29	17	17	0	0	0	0	0	0	0	0	0	0	0	0	31131003	
365	1	D	2	N	2500	0	1	174	53	6	4	7	0	0	0	0	0	0	0	0	0	0	0	0	31131409	
366	1	D	2	N	2500	0	1	208	96	19	12	18	0	0	0	0	0	0	0	0	0	0	0	0	31132017	
367	1	D	2	N	2500	0	40	269	123	19	12	15	0	0	0	0	0	0	0	0	0	0	0	0	31132033	
368	1	D	2	N	2500	0	1	172	102	17	10	11	0	0	0	0	0	0	0	0	0	0	0	0	31132111	
369	1	D	2	N	2500	0	40	321	116	21	13	24	0	0	0	0	0	0	0	0	0	0	0	0	31132438	
370	1	D	2	N	2500	0	40	385	145	24	17	24	0	0	0	0	0	0	0	0	0	0	0	0	31132563	
371	1	D	2	N	2500	0	40	230	105	24	14	19	0	0	0	0	0	0	0	0	0	0	0	0	31132641	
372	1	D	2	N	2500	0	1	278	85	14	9	11	0	0	0	0	0	0	0	0	0	0	0	0	31132797	
373	1	D	2	N	2500	0	40	202	122	18	12	18	0	0	0	0	0	0	0	0	0	0	0	0	31132859	
374	1	D	2	N	2500	0	40	207	115	19	13	16	0	0	0	0	0	0	0	0	0	0	0	0	31132859	
375	1	D	2	N	2500	0	40	315	110	19	13	18	0	0	0	0	0	0	0	0	0	0	0	0	31133109	
376	1	D	2	N	2500	0	40	423	150	27	14	18	0	0	0	0	0	0	0	0	0	0	0	0	31133561	
377	1	D	2	N	2500	0	40	295	137	23	16	20	0	0	0	0	0	0	0	0	0	0	0	0	31133577	
378	1	D	2	N	2500	0	40	253	133	25	17	21	0	0	0	0	0	0	0	0	0	0	0	0	31133702	
379	1	D	2	N	2500	0	1	70	15	2	1	2	0	0	0	0	0	0	0	0	0	0	0	0	31133905	
380	1	D	2	N	2500	0	1	215	93	17	11	13	0	0	0	0	0	0	0	0	0	0	0	0	31133905	
381	1	D	2	N	2500	0	40	266	130	22	14	19	0	0	0	0	0	0	0	0	0	0	0	0	31133951	
382	1	D	2	N	2500	0	1	50	26	2	2	2	0	0	0	0	0	0	0	0	0	0	0	0	31134217	
383	1	D	2	N	2500	0	40	308	116	20	14	17	0	0	0	0	0	0	0	0	0	0	0	0	31134419	
384	1	D	2	N	2500	0	1	156	90	15	11	12	0	0	0	0	0	0	0	0	0	0	0	0	31134856	
385	1	D	2	N	2500	0	40	346	119	21	13	17	0	0	0	0	0	0	0	0	0	0	0	0	31136042	
386	1	D	4	N	2500	2	1	232	72	11	10	21	0	0	0	0	0	0	0	0	0	0	0	0	31157648	
387	1	D	4	N	2500	6	40	316	107	16	13	19	0	0	0	0	0	0	0	0	0	0	0	0	31158537	
388	1	D	4	N	2500	2	1	119	57	7	5	7	0	0	0	0	0	0	0	0	0	0	0	0	31159255	
389	1	D	4	N	2500	2	1	60	24	11	11	17	0	0	0	0	0	0	0	0	0	0	0	0	31160659	
390	1	D	4	N	2500	6	40	244	110	23	14	21	0	0	0	0	0	0	0	0	0	0	0	0	31160893	
391	1	D	4	N	2500	6	40	321	113	18	11	16	0	0	0	0	0	0	0	0	0	0	0	0	31161345	
392	1	D	4	N	2500	0	1	89	53	8	6	7	0	0	0	0	0	0	0	0	0	0	0	0	31161439	
393	1	D	4	N	2500	0	1	129	43	6	5	6	0	0	0	0	0	0	0	0	0	0	0	0	31161439	
394	1	D	4	N	2500	0	1	172	39	4	3	7	0	0	0	0	0	0	0	0	0	0	0	0	31161532	
395	1	D	4	N	2500	0	40	249	112	20	12	16	0	0	0	0	0	0	0	0	0	0	0	0	31161735	
396	1	D	4	N	2500	0	1	175	78	17	11	16	0	0	0	0	0	0	0	0	0	0	0	0	31161875	
397	1	D	4	N	2500	0	40	310	119	19	13	15	0	0	0	0	0	0	0	0	0	0	0	0	31161922	
398	1	D	4	N	2500	0	1	88	26	5	4	5	0	0	0	0	0	0	0	0	0	0	0	0	31162000	
399	1	D	4	N	2500	0	40	325	125	21	14	16	0	0	0	0	0	0	0	0	0	0	0	0	31162203	
400	1	D	4	N	2500	0	1	166	61	7	5	8	0	0	0	0	0	0	0	0	0	0	0	0	31162343	
401	1	D	4	N	2500	0	1	226	65	7	5	7	0	0	0	0	0	0	0	0	0	0	0	0	31162780	
402	1	D	4	N	2500	0	1	176	67	7	6	8	0	0	0	0	0	0	0	0	0	0	0	0	31162874	
403	1	D	4	N	2500	0	1	76	74	15	12	22	0	0	0	0	0	0	0	0	0	0	0	0	31163732	
404	1	D	4	N	2500	0	40	333	116	18	12	17	0	0	0	0	0	0	0	0	0	0	0	0	31164137	
405	1	D	4	N	2500	0	1	73	20	3	3	7	0	0	0	0	0	0	0	0	0	0	0	0	31164418	
406	1	D	5	N	2500	2	1	55	13	1	1	1	0	0	0	0	0	0	0	0	0	0	0	0	31175744	
407	1	D	6	N	2500	2	1	96	34	3	3	6	0	0	0	0	0	0	0	0	0	0	0	0	31187335	
408	1	D	6	N	2500	6	40	327	114	21	12	16	0	0	0	0	0	0	0	0	0	0	0	0	31187896	
409	1	D	6	N	2500	6	40	331	115	17	11	13	0	0	0	0	0	0	0	0	0	0	0	0	31187974	
410	1	D	6	N	2500	4	40	312	116	22	16	17	0	0	0	0	0	0	0	0	0	0	0	0	31188661	
411	1	D	6	N	2500	2	1	85	34	32	38	57	0	0	0	0	0	0	0	0	0	0	0	0	31188661	
412	1	D	6	N	2500	2	1	178	108	20	13	19	0	0	0	0	0	0	0	0	0	0	0	0	31188817	
413	1	D	6	N	2500	6	40	195	120	23	13	16	0	0	0	0	0	0	0	0	0	0	0	0	31188832	
414	1	D	6	N	2500	0	1	260	89	13	9	13	0	0	0	0	0	0	0	0	0	0	0	0	31189066	
415	1	D	6	N	2500	0	1	124	52	42	49	69	0	0	0	0	0	0	0	0	0	0	0	0	31189846	
416	1	D	6	N	2500	0	40	303	94	18	11	17	0	0	0	0	0	0	0	0	0	0	0	0	31189924	
417	1	D	6	N	2500	0	40	320	111	18	11	13	0	0	0	0	0	0	0	0	0	0	0	0	31190143	
418	1	D	6	N	2500	0	40	394	132	26	15	17	0	0	0	0	0	0	0	0	0	0	0	0	31190267	
419	1	D	6	N	2500	0	40	333	110	19	13	15	0	0	0	0	0	0	0	0	0	0	0	0	31190392	
420	1	D	6	N	2500	0	40	241	105	14	11	13	0	0	0	0	0	0	0	0	0	0	0	0	31190392	
421	1	D	6	N	2500	0	40	298	99	18	12	17	0	0	0	0	0	0	0	0	0	0	0	0	31190501	
422	1	D	6	N	2500	0	40	321	101	17	11	15	0	0	0	0	0	0	0	0	0	0	0	0	31190767	
423	1	D	6	N	2500	0	40	256	142	26	15	19	0	0	0	0	0	0	0	0	0	0	0	0	31190813	
424	1	D	6	N	2500	0	40	323	116	23	12	15	0	0	0	0	0	0	0	0	0	0	0	0	31191188	
425	1	D	6	N	2500	0	40	314	111	22	12	16	0	0	0	0	0	0	0	0	0	0	0	0	31191359	
426	1	D	6	N	2500	0	40	364	142	24	13	17	0	0	0	0	0	0	0	0	0	0	0	0	31191484	
427	1	D	6	N	2500	0	1	65	14	1	1	2	0	0	0	0	0	0	0	0	0	0	0	0	31191531	
428	1	D	6	N	2500	0	40	218	119	20	15	19	0	0	0	0	0	0	0	0	0	0	0	0	31191531	
429	1	D	7	N	2500	6	40	376	128	22	13	17	0	0	0	0	0	0	0	0	0	0	0	0	31207272	
430	1	D	8	N	2500	2	2	321	83	10	6	10	0	0	0	0	0	0	0	0	0	0	0	0	31215508	
431	1	D	8	N	2500	2	1	196	90	13	8	10	0	0	0	0	0	0	0	0	0	0	0	0	31215774	
432	1	D	8	N	2500	6	40	296	119	19	13	15	0	0	0	0	0	0	0	0	0	0	0	0	31215867	
433	1	D	8	N	2500	6	40	316	123	23	13	16	0	0	0	0	0	0	0	0	0	0	0	0	31216335	
434	1	D	8	N	2500	6	40	326	104	17	10	18	0	0	0	0	0	0	0	0	0	0	0	0	31216351	
435	1	D	8	N	2500	0	1	174	37	3	2	5	0	0	0	0	0	0	0	0	0	0	0	0	31216897	
436	1	D	8	N	2500	0	1	203	95	13	11	13	0	0	0	0	0	0	0	0	0	0	0	0	31217022	
437	1	D	8	N	2500	0	1	192	78	15	10	12	0	0	0	0	0	0	0	0	0	0	0	0	31217146	
438	1	D	8	N	2500	0	40	302	100	15	11	16	0	0	0	0	0	0	0	0	0	0	0	0	31217178	
439	1	D	8	N	2500	0	40	226	121	19	13	19	0	0	0	0	0	0	0	0	0	0	0	0	31217536	
440	1	D	8	N	2500	0	40	319	101	18	11	15	0	0	0	0	0	0	0	0	0	0	0	0	31217848	
441	1	D	8	N	2500	0	40	314	104	19	11	14	0	0	0	0	0	0	0	0	0	0	0	0	31218238	
442	1	D	8	N	2500	0	40	349	145	29	20	22	0	0	0	0	0	0	0	0	0	0	0	0	31218379	
443	1	D	8	N	2500	0	1	261	61	7	5	9	0	0	0	0	0	0	0	0	0	0	0	0	31218488	
444	1	D	8	N	2500	0	40	251	123	24	16	20	0	0	0	0	0	0	0	0	0	0	0	0	31218504	
445	1	D	8	N	2500	0	40	228	133	22	16	15	0	0	0	0	0	0	0	0	0	0	0	0	31218566	
446	1	D	8	N	2500	0	40	180	124	23	14	16	0	0	0	0	0	0	0	0	0	0	0	0	31218706	
447	1	D	8	N	2500	0	40	245	153	28	18	21	0	0	0	0	0	0	0	0	0	0	0	0	31219096	
448	1	D	8	N	2500	0	40	195	119	22	14	19	0	0	0	0	0	0	0	0	0	0	0	0	31219128	
449	1	D	8	N	2500	0	40	309	103	15	9	13	0	0	0	0	0	0	0	0	0	0	0	0	31219190	
450	1	D	8	N	2500	0	40	331	116	18	12	17	0	0	0	0	0	0	0	0	0	0	0	0	31219330	
451	1	D	8	N	2500	0	1	250	79	9	6	9	0	0	0	0	0	0	0	0	0	0	0	0	31219440	
452	1	D	8	N	2500	0	40	350	124	23	13	17	0	0	0	0	0	0	0	0	0	0	0	0	31219455	
453	1	D	8	N	2500	0	40	240	114	23	13	17	0	0	0	0	0	0	0	0	0	0	0	0	31219549	
454	1	D	8	N	2500	0	1	260	83	13	8	12	0	0	0	0	0	0	0	0	0	0	0	0	31219689	
455	1	D	8	N	2500	0	1	119	94	20	13	16	0	0	0	0	0	0	0	0	0	0	0	0	31219752	
456	1	D	8	N	2500	0	1	83	23	2	2	5	0	0	0	0	0	0	0	0	0	0	0	0	31219923	
457	1	D	8	N	2500	0	40	222	146	24	17	23	0	0	0	0	0	0	0	0	0	0	0	0	31220204	
458	1	D	8	N	2500	0	1	108	23	2	2	4	0	0	0	0	0	0	0	0	0	0	0	0	31220313	
459	1	D	8	N	2500	0	1	126	87	14	11	14	0	0	0	0	0	0	0	0	0	0	0	0	31220313	
460	1	D	8	N	2500	0	40	275	125	20	16	19	0	0	0	0	0	0	0	0	0	0	0	0	31220313	
461	1	D	8	N	2500	0	1	179	96	15	11	14	0	0	0	0	0	0	0	0	0	0	0	0	31220313	
462	1	D	8	N	2500	0	40	279	90	15	10	11	0	0	0	0	0	0	0	0	0	0	0	0	31220407	
463	1	D	8	N	2500	0	40	376	136	23	14	20	0	0	0	0	0	0	0	0	0	0	0	0	31220578	
464	1	D	8	N	2500	0	40	296	114	17	12	16	0	0	0	0	0	0	0	0	0	0	0	0	31220610	
465	1	D	8	N	2500	0	40	391	147	24	15	23	0	0	0	0	0	0	0	0	0	0	0	0	31220672	
466	1	D	8	N	2500	0	1	201	84	13	9	10	0	0	0	0	0	0	0	0	0	0	0	0	31221000	
467	1	D	8	N	2500	0	40	255	122	23	14	20	0	0	0	0	0	0	0	0	0	0	0	0	31221015	
468	1	D	8	N	2500	0	1	278	79	13	9	12	0	0	0	0	0	0	0	0	0	0	0	0	31221109	
469	1	D	8	N	2500	0	1	53	20	3	2	4	0	0	0	0	0	0	0	0	0	0	0	0	31221109	
470	1	D	8	N	2500	0	1	194	70	8	6	8	0	0	0	0	0	0	0	0	0	0	0	0	31221109	
471	1	D	8	N	2500	0	40	256	103	15	12	15	0	0	0	0	0	0	0	0	0	0	0	0	31221124	
472	1	D	8	N	2500	0	1	164	90	13	10	11	0	0	0	0	0	0	0	0	0	0	0	0	31221780	
473	1	D	9	N	2500	2	1	203	49	5	3	5	0	0	0	0	0	0	0	0	0	0	0	0	31230562	
474	1	D	9	N	2500	6	40	310	100	14	10	14	0	0	0	0	0	0	0	0	0	0	0	0	31232232	
475	1	D	9	N	2500	2	1	78	28	5	4	8	0	0	0	0	0	0	0	0	0	0	0	0	31235679	
476	1	D	10	N	2500	2	1	229	66	8	5	5	0	0	0	0	0	0	0	0	0	0	0	0	31244868	
477	1	D	10	N	2500	2	1	177	41	5	3	6	0	0	0	0	0	0	0	0	0	0	0	0	31245507	
478	1	D	10	N	2500	2	2	282	92	13	8	11	0	0	0	0	0	0	0	0	0	0	0	0	31246396	
479	1	D	10	N	2500	2	1	226	84	11	7	10	0	0	0	0	0	0	0	0	0	0	0	0	31246537	
480	1	D	10	N	2500	2	1	165	66	10	6	9	0	0	0	0	0	0	0	0	0	0	0	0	31247067	
481	1	D	10	N	2500	6	40	325	112	16	9	14	0	0	0	0	0	0	0	0	0	0	0	0	31247301	
482	1	D	10	N	2500	2	1	264	75	11	6	10	0	0	0	0	0	0	0	0	0	0	0	0	31248112	
483	1	D	10	N	2500	2	1	279	86	16	9	11	0	0	0	0	0	0	0	0	0	0	0	0	31248206	
484	1	D	10	N	2500	2	1	144	60	8	6	9	0	0	0	0	0	0	0	0	0	0	0	0	31248315	
485	1	D	10	N	2500	6	40	306	113	19	10	14	0	0	0	0	0	0	0	0	0	0	0	0	31248362	
486	1	D	10	N	2500	2	1	192	90	13	8	11	0	0	0	0	0	0	0	0	0	0	0	0	31248768	
487	1	D	10	N	2500	2	1	78	15	2	2	2	0	0	0	0	0	0	0	0	0	0	0	0	31249236	
488	1	D	10	N	2500	2	1	125	68	13	8	10	0	0	0	0	0	0	0	0	0	0	0	0	31249579	
489	1	D	10	N	2500	2	1	268	73	9	5	9	0	0	0	0	0	0	0	0	0	0	0	0	31250062	
490	1	D	10	N	2500	2	1	234	89	14	8	10	0	0	0	0	0	0	0	0	0	0	0	0	31250094	
491	1	D	12	N	2500	6	40	290	110	18	11	14	0	0	0	0	0	0	0	0	0	0	0	0	31273790	
492	1	D	12	N	2500	6	40	211	125	22	13	17	0	0	0	0	0	0	0	0	0	0	0	0	31273899	
493	1	D	12	N	2500	2	1	79	32	26	29	46	0	0	0	0	0	0	0	0	0	0	0	0	31273977	
494	1	D	12	N	2500	8	40	297	100	15	10	15	0	0	0	0	0	0	0	0	0	0	0	0	31273993	
495	1	D	12	N	2500	2	1	56	22	15	19	31	0	0	0	0	0	0	0	0	0	0	0	0	31274133	
496	1	D	12	N	2500	6	40	195	117	20	14	16	0	0	0	0	0	0	0	0	0	0	0	0	31274180	
497	1	D	12	N	2500	0	40	343	119	23	13	18	0	0	0	0	0	0	0	0	0	0	0	0	31274258	
498	1	D	12	N	2500	0	1	146	84	13	10	10	0	0	0	0	0	0	0	0	0	0	0	0	31275022	
499	1	D	12	N	2500	0	40	206	129	24	18	21	0	0	0	0	0	0	0	0	0	0	0	0	31275256	
500	1	D	12	N	2500	0	1	285	75	10	8	15	0	0	0	0	0	0	0	0	0	0	0	0	31275350	
501	1	D	12	N	2500	0	40	304	120	20	12	17	0	0	0	0	0	0	0	0	0	0	0	0	31276723	
502	1	D	12	N	2500	0	1	205	105	22	12	16	0	0	0	0	0	0	0	0	0	0	0	0	31276879	
503	1	D	12	N	2500	0	40	215	112	17	12	14	0	0	0	0	0	0	0	0	0	0	0	0	31277097	
504	1	D	12	N	2500	0	40	331	117	17	11	17	0	0	0	0	0	0	0	0	0	0	0	0	31277128	
505	1	D	12	N	2500	0	40	265	104	15	11	13	0	0	0	0	0	0	0	0	0	0	0	0	31277238	
506	1	D	12	N	2500	0	40	328	118	17	11	17	0	0	0	0	0	0	0	0	0	0	0	0	31277269	
507	1	D	12	N	2500	0	2	278	90	13	8	13	0	0	0	0	0	0	0	0	0	0	0	0	31277378	
508	1	D	12	N	2500	0	40	273	141	22	15	17	0	0	0	0	0	0	0	0	0	0	0	0	31277518	
509	1	D	12	N	2500	0	40	224	120	21	14	18	0	0	0	0	0	0	0	0	0	0	0	0	31277550	
510	1	D	12	N	2500	0	40	331	142	22	15	18	0	0	0	0	0	0	0	0	0	0	0	0	31277768	
511	1	D	12	N	2500	0	40	262	136	24	15	21	0	0	0	0	0	0	0	0	0	0	0	0	31278189	
512	1	D	12	N	2500	0	40	203	121	20	14	16	0	0	0	0	0	0	0	0	0	0	0	0	31278392	
513	1	D	12	N	2500	0	40	223	107	18	11	15	0	0	0	0	0	0	0	0	0	0	0	0	31278564	
514	1	D	12	N	2500	0	1	166	94	18	9	11	0	0	0	0	0	0	0	0	0	0	0	0	31278720	
515	1	D	12	N	2500	0	40	309	95	15	9	10	0	0	0	0	0	0	0	0	0	0	0	0	31278969	
516	1	D	12	N	2500	0	1	259	67	9	6	10	0	0	0	0	0	0	0	0	0	0	0	0	31279188	
517	1	D	12	N	2500	0	40	431	147	25	13	18	0	0	0	0	0	0	0	0	0	0	0	0	31279281	
518	1	D	12	N	2500	0	40	296	112	17	13	17	0	0	0	0	0	0	0	0	0	0	0	0	31279796	
519	1	D	12	N	2500	0	1	162	31	14	16	35	0	0	0	0	0	0	0	0	0	0	0	0	31280342	
520	1	E	1	N	2500	6	40	360	121	19	13	15	0	0	0	0	0	0	0	0	0	0	0	0	31294647	
521	1	E	2	N	2500	6	40	300	100	20	11	14	0	0	0	0	0	0	0	0	0	0	0	0	31305708	
522	1	E	2	N	2500	2	1	184	107	17	11	11	0	0	0	0	0	0	0	0	0	0	0	0	31306394	
523	1	E	2	N	2500	2	1	207	69	7	6	10	0	0	0	0	0	0	0	0	0	0	0	0	31307720	
524	1	E	2	N	2500	2	1	135	92	12	8	8	0	0	0	0	0	0	0	0	0	0	0	0	31308250	
525	1	E	2	N	2500	2	1	272	84	12	8	11	0	0	0	0	0	0	0	0	0	0	0	0	31309327	
526	1	E	2	N	2500	2	1	206	105	19	11	15	0	0	0	0	0	0	0	0	0	0	0	0	31309483	
527	1	E	2	N	2500	2	1	270	82	11	7	13	0	0	0	0	0	0	0	0	0	0	0	0	31310060	
528	1	E	4	N	2500	2	1	151	71	9	7	8	0	0	0	0	0	0	0	0	0	0	0	0	31333023	
529	1	E	4	N	2500	2	1	227	62	9	5	8	0	0	0	0	0	0	0	0	0	0	0	0	31333491	
530	1	E	4	N	2500	2	1	163	70	10	6	11	0	0	0	0	0	0	0	0	0	0	0	0	31336050	
531	1	E	4	N	2500	2	1	250	85	12	9	10	0	0	0	0	0	0	0	0	0	0	0	0	31336580	
532	1	E	4	N	2500	2	1	237	86	11	7	12	0	0	0	0	0	0	0	0	0	0	0	0	31336830	
533	1	E	4	N	2500	2	1	185	92	14	10	16	0	0	0	0	0	0	0	0	0	0	0	0	31337142	
534	1	E	4	N	2500	6	40	250	96	19	12	16	0	0	0	0	0	0	0	0	0	0	0	0	31337345	
535	1	E	4	N	2500	6	40	313	114	23	14	17	0	0	0	0	0	0	0	0	0	0	0	0	31337532	
536	1	E	4	N	2500	6	40	258	112	19	13	17	0	0	0	0	0	0	0	0	0	0	0	0	31337579	
537	1	E	4	N	2500	0	1	86	31	28	36	57	0	0	0	0	0	0	0	0	0	0	0	0	31338452	
538	1	E	4	N	2500	0	1	151	77	10	7	8	0	0	0	0	0	0	0	0	0	0	0	0	31338515	
539	1	E	5	N	2500	6	40	325	96	13	8	11	0	0	0	0	0	0	0	0	0	0	0	0	31349138	
540	1	E	5	N	2500	6	40	313	106	16	10	14	0	0	0	0	0	0	0	0	0	0	0	0	31350979	
541	1	E	5	N	2500	2	1	50	21	2	2	4	0	0	0	0	0	0	0	0	0	0	0	0	31353771	
542	1	E	6	N	2500	6	40	278	91	18	10	14	0	0	0	0	0	0	0	0	0	0	0	0	31361509	
543	1	E	6	N	2500	6	40	179	122	25	15	16	0	0	0	0	0	0	0	0	0	0	0	0	31361603	
544	1	E	6	N	2500	2	1	195	87	12	8	10	0	0	0	0	0	0	0	0	0	0	0	0	31362617	
545	1	E	6	N	2500	6	40	203	111	23	12	14	0	0	0	0	0	0	0	0	0	0	0	0	31362773	
546	1	E	6	N	2500	0	40	301	108	20	13	19	0	0	0	0	0	0	0	0	0	0	0	0	31364286	
547	1	E	6	N	2500	0	1	51	21	6	6	8	0	0	0	0	0	0	0	0	0	0	0	0	31364941	
548	1	E	6	N	2500	0	1	193	103	20	13	17	0	0	0	0	0	0	0	0	0	0	0	0	31365019	
549	1	E	6	N	2500	0	1	152	73	16	10	16	0	0	0	0	0	0	0	0	0	0	0	0	31365081	
550	1	E	6	N	2500	0	1	99	20	2	2	3	0	0	0	0	0	0	0	0	0	0	0	0	31365191	
551	1	E	6	N	2500	0	40	346	157	27	14	17	0	0	0	0	0	0	0	0	0	0	0	0	31366142	
552	1	E	6	N	2500	0	1	218	71	11	7	10	0	0	0	0	0	0	0	0	0	0	0	0	31366267	
553	1	E	6	N	2500	0	1	173	97	18	13	17	0	0	0	0	0	0	0	0	0	0	0	0	31366548	
554	1	E	6	N	2500	0	1	157	70	11	7	9	0	0	0	0	0	0	0	0	0	0	0	0	31366704	
555	1	E	6	N	2500	0	40	294	93	18	11	16	0	0	0	0	0	0	0	0	0	0	0	0	31366735	
556	1	E	6	N	2500	0	1	187	98	14	10	10	0	0	0	0	0	0	0	0	0	0	0	0	31367437	
557	1	E	6	N	2500	0	1	254	85	13	8	13	0	0	0	0	0	0	0	0	0	0	0	0	31367468	
558	1	E	6	N	2500	0	40	299	110	22	12	14	0	0	0	0	0	0	0	0	0	0	0	0	31367702	
559	1	E	6	N	2500	0	1	174	80	11	8	8	0	0	0	0	0	0	0	0	0	0	0	0	31367780	
560	1	E	7	N	2500	6	40	332	121	21	14	17	0	0	0	0	0	0	0	0	0	0	0	0	31381649	
561	1	E	8	N	2500	6	40	201	116	19	12	16	0	0	0	0	0	0	0	0	0	0	0	0	31393037	
562	1	E	8	N	2500	6	40	316	138	24	14	21	0	0	0	0	0	0	0	0	0	0	0	0	31393161	
563	1	E	8	N	2500	2	1	56	26	5	3	5	0	0	0	0	0	0	0	0	0	0	0	0	31393286	
564	1	E	8	N	2500	6	40	402	152	27	17	23	0	0	0	0	0	0	0	0	0	0	0	0	31393427	
565	1	E	8	N	2500	0	1	218	66	8	4	8	0	0	0	0	0	0	0	0	0	0	0	0	31393473	
566	1	E	8	N	2500	0	40	355	128	20	13	16	0	0	0	0	0	0	0	0	0	0	0	0	31394051	
567	1	E	8	N	2500	0	40	206	127	22	16	17	0	0	0	0	0	0	0	0	0	0	0	0	31394066	
568	1	E	8	N	2500	0	40	316	109	19	11	16	0	0	0	0	0	0	0	0	0	0	0	0	31394082	
569	1	E	8	N	2500	0	40	337	122	19	11	15	0	0	0	0	0	0	0	0	0	0	0	0	31394160	
570	1	E	8	N	2500	0	40	211	125	21	15	19	0	0	0	0	0	0	0	0	0	0	0	0	31394207	
571	1	E	8	N	2500	0	40	226	136	25	19	23	0	0	0	0	0	0	0	0	0	0	0	0	31394300	
572	1	E	8	N	2500	0	40	338	123	22	14	19	0	0	0	0	0	0	0	0	0	0	0	0	31394363	
573	1	E	8	N	2500	0	40	330	119	19	12	19	0	0	0	0	0	0	0	0	0	0	0	0	31394487	
574	1	E	8	N	2500	0	40	335	125	21	15	18	0	0	0	0	0	0	0	0	0	0	0	0	31394831	
575	1	E	8	N	2500	0	40	327	121	22	11	17	0	0	0	0	0	0	0	0	0	0	0	0	31395704	
576	1	E	8	N	2500	0	40	263	143	23	17	21	0	0	0	0	0	0	0	0	0	0	0	0	31396219	
577	1	E	8	N	2500	0	40	259	126	19	11	16	0	0	0	0	0	0	0	0	0	0	0	0	31397186	
578	1	E	9	N	2500	6	40	396	139	25	11	18	0	0	0	0	0	0	0	0	0	0	0	0	31405501	
579	1	E	9	N	2500	6	40	298	138	24	12	17	0	0	0	0	0	0	0	0	0	0	0	0	31406827	
580	1	E	10	N	2500	6	40	241	157	27	19	22	0	0	0	0	0	0	0	0	0	0	0	0	31419557	
581	1	E	10	N	2500	6	40	316	139	24	17	17	0	0	0	0	0	0	0	0	0	0	0	0	31419666	
582	1	E	10	N	2500	6	40	324	129	20	14	17	0	0	0	0	0	0	0	0	0	0	0	0	31419837	
583	1	E	10	N	2500	0	1	173	76	15	9	13	0	0	0	0	0	0	0	0	0	0	0	0	31419853	
584	1	E	10	N	2500	0	40	356	147	24	16	20	0	0	0	0	0	0	0	0	0	0	0	0	31419900	
585	1	E	10	N	2500	0	1	219	90	16	10	14	0	0	0	0	0	0	0	0	0	0	0	0	31420087	
586	1	E	10	N	2500	0	40	454	142	26	15	21	0	0	0	0	0	0	0	0	0	0	0	0	31420789	
587	1	E	10	N	2500	0	40	266	153	33	16	22	0	0	0	0	0	0	0	0	0	0	0	0	31420851	
588	1	E	10	N	2500	0	40	427	164	29	14	21	0	0	0	0	0	0	0	0	0	0	0	0	31420945	
589	1	E	10	N	2500	0	40	234	152	26	17	23	0	0	0	0	0	0	0	0	0	0	0	0	31420945	
590	1	E	10	N	2500	0	1	259	90	12	10	13	0	0	0	0	0	0	0	0	0	0	0	0	31421070	
591	1	E	10	N	2500	0	1	207	97	27	15	22	0	0	0	0	0	0	0	0	0	0	0	0	31421226	
592	1	E	10	N	2500	0	40	379	153	26	17	21	0	0	0	0	0	0	0	0	0	0	0	0	31421241	
593	1	E	10	N	2500	0	40	281	108	21	13	21	0	0	0	0	0	0	0	0	0	0	0	0	31421273	
594	1	E	10	N	2500	0	40	181	137	25	17	20	0	0	0	0	0	0	0	0	0	0	0	0	31421319	
595	1	E	10	N	2500	0	40	269	147	27	17	21	0	0	0	0	0	0	0	0	0	0	0	0	31421351	
596	1	E	10	N	2500	0	40	316	109	19	10	18	0	0	0	0	0	0	0	0	0	0	0	0	31421600	
597	1	E	10	N	2500	0	40	322	136	28	15	22	0	0	0	0	0	0	0	0	0	0	0	0	31421616	
598	1	E	10	N	2500	0	40	263	139	33	17	25	0	0	0	0	0	0	0	0	0	0	0	0	31421787	
599	1	E	10	N	2500	0	40	272	141	25	16	21	0	0	0	0	0	0	0	0	0	0	0	0	31421819	
600	1	E	10	N	2500	0	1	259	83	13	8	10	0	0	0	0	0	0	0	0	0	0	0	0	31421819	
601	1	E	10	N	2500	0	40	328	120	21	14	17	0	0	0	0	0	0	0	0	0	0	0	0	31421881	
602	1	E	10	N	2500	0	40	312	129	22	15	21	0	0	0	0	0	0	0	0	0	0	0	0	31422006	
603	1	E	10	N	2500	0	40	183	123	21	14	16	0	0	0	0	0	0	0	0	0	0	0	0	31422115	
604	1	E	10	N	2500	0	40	340	131	23	15	20	0	0	0	0	0	0	0	0	0	0	0	0	31422115	
605	1	E	10	N	2500	0	40	316	101	15	10	13	0	0	0	0	0	0	0	0	0	0	0	0	31422162	
606	1	E	10	N	2500	0	1	197	59	8	5	10	0	0	0	0	0	0	0	0	0	0	0	0	31422162	
607	1	E	10	N	2500	0	40	247	159	29	18	24	0	0	0	0	0	0	0	0	0	0	0	0	31422427	
608	1	E	10	N	2500	0	1	135	66	9	6	8	0	0	0	0	0	0	0	0	0	0	0	0	31422567	
609	1	E	10	N	2500	0	1	52	16	3	0	1	0	0	0	0	0	0	0	0	0	0	0	0	31422614	
610	1	E	10	N	2500	0	40	212	144	28	17	20	0	0	0	0	0	0	0	0	0	0	0	0	31422645	
611	1	E	10	N	2500	0	1	58	11	2	2	4	0	0	0	0	0	0	0	0	0	0	0	0	31422708	
612	1	E	10	N	2500	0	40	352	139	21	14	18	0	0	0	0	0	0	0	0	0	0	0	0	31423035	
613	1	E	10	N	2500	0	1	88	18	2	2	3	0	0	0	0	0	0	0	0	0	0	0	0	31423082	
614	1	E	10	N	2500	0	1	104	34	4	4	4	0	0	0	0	0	0	0	0	0	0	0	0	31423082	
615	1	E	10	N	2500	0	40	426	186	29	19	22	0	0	0	0	0	0	0	0	0	0	0	0	31423394	
616	1	E	10	N	2500	0	40	279	127	20	13	18	0	0	0	0	0	0	0	0	0	0	0	0	31423628	
617	1	E	10	N	2500	0	40	353	131	22	14	16	0	0	0	0	0	0	0	0	0	0	0	0	31423691	
618	1	E	10	N	2500	0	1	195	110	20	12	18	0	0	0	0	0	0	0	0	0	0	0	0	31423815	
619	1	E	10	N	2500	0	40	391	149	29	18	24	0	0	0	0	0	0	0	0	0	0	0	0	31423831	
620	1	E	10	N	2500	0	40	407	157	30	16	23	0	0	0	0	0	0	0	0	0	0	0	0	31423878	
621	1	E	10	N	2500	0	40	333	168	37	21	28	0	0	0	0	0	0	0	0	0	0	0	0	31423956	
622	1	E	10	N	2500	0	40	249	171	28	17	22	0	0	0	0	0	0	0	0	0	0	0	0	31424190	
623	1	E	10	N	2500	0	40	341	121	23	13	19	0	0	0	0	0	0	0	0	0	0	0	0	31424611	
624	1	E	10	N	2500	0	40	333	121	21	14	17	0	0	0	0	0	0	0	0	0	0	0	0	31424876	
625	1	E	10	N	2500	0	1	187	108	19	12	18	0	0	0	0	0	0	0	0	0	0	0	0	31425110	
626	1	E	10	N	2500	0	40	301	161	31	19	22	0	0	0	0	0	0	0	0	0	0	0	0	31426109	
627	1	E	12	N	2500	2	1	163	74	14	8	10	0	0	0	0	0	0	0	0	0	0	0	0	31447793	
628	1	E	12	N	2500	2	1	218	96	16	10	15	0	0	0	0	0	0	0	0	0	0	0	0	31448978	
629	1	E	12	N	2500	6	40	200	135	27	15	20	0	0	0	0	0	0	0	0	0	0	0	0	31451350	
630	1	E	12	N	2500	2	1	147	30	3	3	4	0	0	0	0	0	0	0	0	0	0	0	0	31451599	
631	1	E	12	N	2500	6	40	193	117	18	13	16	0	0	0	0	0	0	0	0	0	0	0	0	31451693	
632	1	E	12	N	2500	2	1	179	106	17	11	11	0	0	0	0	0	0	0	0	0	0	0	0	31451755	
633	1	E	12	N	2500	6	40	244	114	23	12	17	0	0	0	0	0	0	0	0	0	0	0	0	31452286	
634	1	E	12	N	2500	0	1	122	57	8	5	7	0	0	0	0	0	0	0	0	0	0	0	0	31453674	
635	1	F	2	N	2500	2	1	171	86	13	9	13	0	0	0	0	0	0	0	0	0	0	0	0	31478353	
636	1	F	2	N	2500	6	40	298	109	20	11	13	0	0	0	0	0	0	0	0	0	0	0	0	31481224	
637	1	F	2	N	2500	2	1	155	75	11	7	11	0	0	0	0	0	0	0	0	0	0	0	0	31481879	
638	1	F	2	N	2500	6	40	357	91	15	11	13	0	0	0	0	0	0	0	0	0	0	0	0	31483798	
639	1	F	2	N	2500	2	1	287	63	8	6	14	0	0	0	0	0	0	0	0	0	0	0	0	31484609	
640	1	F	4	N	2500	2	1	76	59	13	0	1	0	0	0	0	0	0	0	0	0	0	0	0	31507276	
641	1	F	4	N	2500	2	1	178	96	14	8	10	0	0	0	0	0	0	0	0	0	0	0	0	31508134	
642	1	F	4	N	2500	6	40	259	103	14	9	12	0	0	0	0	0	0	0	0	0	0	0	0	31510286	
643	1	F	5	N	2500	2	1	121	162	12	1	4	0	0	0	0	0	0	0	0	0	0	0	0	31524514	
644	1	F	5	N	2500	2	1	96	122	20	1	3	0	0	0	0	0	0	0	0	0	0	0	0	31524685	
645	1	F	6	N	2500	2	1	51	10	0	0	0	0	0	0	0	0	0	0	0	0	0	0	0	31536884	
646	1	F	6	N	2500	6	40	330	139	22	16	21	0	0	0	0	0	0	0	0	0	0	0	0	31537243	
647	1	F	6	N	2500	6	40	283	96	17	9	11	0	0	0	0	0	0	0	0	0	0	0	0	31537820	
648	1	F	6	N	2500	6	40	285	99	15	10	13	0	0	0	0	0	0	0	0	0	0	0	0	31538164	
649	1	F	6	N	2500	0	1	224	77	11	7	10	0	0	0	0	0	0	0	0	0	0	0	0	31538195	
650	1	F	6	N	2500	0	1	149	53	6	5	6	0	0	0	0	0	0	0	0	0	0	0	0	31538663	
651	1	F	6	N	2500	0	40	291	117	22	14	22	0	0	0	0	0	0	0	0	0	0	0	0	31538788	
652	1	F	6	N	2500	0	40	307	115	19	11	16	0	0	0	0	0	0	0	0	0	0	0	0	31539209	
653	1	F	6	N	2500	0	1	206	82	16	11	13	0	0	0	0	0	0	0	0	0	0	0	0	31539973	
654	1	F	6	N	2500	0	1	167	88	13	9	10	0	0	0	0	0	0	0	0	0	0	0	0	31540223	
655	1	F	6	N	2500	0	40	308	125	24	14	20	0	0	0	0	0	0	0	0	0	0	0	0	31540301	
656	1	F	6	N	2500	0	40	296	114	17	12	18	0	0	0	0	0	0	0	0	0	0	0	0	31541034	
657	1	F	6	N	2500	0	1	138	82	12	7	10	0	0	0	0	0	0	0	0	0	0	0	0	31541174	
658	1	F	6	N	2500	0	1	173	75	10	6	8	0	0	0	0	0	0	0	0	0	0	0	0	31541221	
659	1	F	6	N	2500	0	1	219	92	17	10	12	0	0	0	0	0	0	0	0	0	0	0	0	31541284	
660	1	F	6	N	2500	0	1	118	38	4	3	5	0	0	0	0	0	0	0	0	0	0	0	0	31541408	
661	1	F	6	N	2500	0	1	250	68	9	6	8	0	0	0	0	0	0	0	0	0	0	0	0	31541845	
662	1	F	6	N	2500	0	40	333	140	23	14	19	0	0	0	0	0	0	0	0	0	0	0	0	31541861	
663	1	F	6	N	2500	0	1	121	50	51	68	113	0	0	0	0	0	0	0	0	0	0	0	0	31542407	
664	1	F	6	N	2500	0	1	126	66	6	6	6	0	0	0	0	0	0	0	0	0	0	0	0	31543655	
665	1	F	6	N	2500	0	1	158	63	9	6	9	0	0	0	0	0	0	0	0	0	0	0	0	31543889	
666	1	F	7	N	2500	2	1	53	23	3	3	6	0	0	0	0	0	0	0	0	0	0	0	0	31551658	
667	1	F	7	N	2500	2	1	187	51	5	4	6	0	0	0	0	0	0	0	0	0	0	0	0	31555542	
668	1	F	7	N	2500	6	40	368	133	20	12	17	0	0	0	0	0	0	0	0	0	0	0	0	31556806	
669	1	F	8	N	2500	2	1	51	14	1	1	1	0	0	0	0	0	0	0	0	0	0	0	0	31565417	
670	1	F	8	N	2500	2	1	227	96	17	11	16	0	0	0	0	0	0	0	0	0	0	0	0	31565417	
671	1	F	8	N	2500	2	1	218	87	14	9	16	0	0	0	0	0	0	0	0	0	0	0	0	31565807	
672	1	F	8	N	2500	2	1	107	27	4	3	4	0	0	0	0	0	0	0	0	0	0	0	0	31565901	
673	1	F	8	N	2500	33	1	191	76	14	9	11	0	0	0	0	0	0	0	0	0	0	0	0	31565901	
674	1	F	8	N	2500	6	40	303	102	19	10	12	0	0	0	0	0	0	0	0	0	0	0	0	31566119	
675	1	F	8	N	2500	6	40	342	126	20	13	20	0	0	0	0	0	0	0	0	0	0	0	0	31566197	
676	1	F	8	N	2500	2	2	162	120	21	16	19	0	0	0	0	0	0	0	0	0	0	0	0	31566493	
677	1	F	8	N	2500	2	1	155	53	7	6	9	0	0	0	0	0	0	0	0	0	0	0	0	31566852	
678	1	F	8	N	2500	6	40	311	126	22	14	18	0	0	0	0	0	0	0	0	0	0	0	0	31566868	
679	1	F	8	N	2500	0	40	238	135	26	16	20	0	0	0	0	0	0	0	0	0	0	0	0	31567476	
680	1	F	8	N	2500	0	40	397	160	28	19	26	0	0	0	0	0	0	0	0	0	0	0	0	31567679	
681	1	F	8	N	2500	0	40	327	131	21	12	16	0	0	0	0	0	0	0	0	0	0	0	0	31567788	
682	1	F	8	N	2500	0	40	300	116	20	13	18	0	0	0	0	0	0	0	0	0	0	0	0	31567851	
683	1	F	8	N	2500	0	40	319	115	18	11	12	0	0	0	0	0	0	0	0	0	0	0	0	31567991	
684	1	F	8	N	2500	0	40	316	117	22	15	18	0	0	0	0	0	0	0	0	0	0	0	0	31568053	
685	1	F	8	N	2500	0	40	199	136	24	16	17	0	0	0	0	0	0	0	0	0	0	0	0	31568100	
686	1	F	8	N	2500	0	40	455	177	26	15	19	0	0	0	0	0	0	0	0	0	0	0	0	31568147	
687	1	F	8	N	2500	0	1	177	105	17	10	11	0	0	0	0	0	0	0	0	0	0	0	0	31568256	
688	1	F	8	N	2500	0	40	318	116	23	13	17	0	0	0	0	0	0	0	0	0	0	0	0	31568287	
689	1	F	8	N	2500	0	40	379	152	29	20	24	0	0	0	0	0	0	0	0	0	0	0	0	31568334	
690	1	F	8	N	2500	0	40	231	148	24	17	19	0	0	0	0	0	0	0	0	0	0	0	0	31568397	
691	1	F	8	N	2500	0	40	259	104	22	13	19	0	0	0	0	0	0	0	0	0	0	0	0	31568490	
692	1	F	8	N	2500	0	1	169	107	16	11	16	0	0	0	0	0	0	0	0	0	0	0	0	31568646	
693	1	F	8	N	2500	0	40	287	109	21	13	19	0	0	0	0	0	0	0	0	0	0	0	0	31568677	
694	1	F	8	N	2500	0	40	361	143	26	18	21	0	0	0	0	0	0	0	0	0	0	0	0	31569021	
695	1	F	8	N	2500	0	40	204	129	19	14	18	0	0	0	0	0	0	0	0	0	0	0	0	31569567	
696	1	F	8	N	2500	0	1	203	62	8	5	9	0	0	0	0	0	0	0	0	0	0	0	0	31569613	
697	1	F	8	N	2500	0	40	336	123	20	13	18	0	0	0	0	0	0	0	0	0	0	0	0	31569660	
698	1	F	8	N	2500	0	40	267	155	29	16	20	0	0	0	0	0	0	0	0	0	0	0	0	31569863	
699	1	F	8	N	2500	0	40	298	97	14	8	12	0	0	0	0	0	0	0	0	0	0	0	0	31570003	
700	1	F	8	N	2500	0	40	302	106	17	11	12	0	0	0	0	0	0	0	0	0	0	0	0	31570159	
701	1	F	8	N	2500	0	40	306	104	18	9	12	0	0	0	0	0	0	0	0	0	0	0	0	31570269	
702	1	F	8	N	2500	0	40	241	136	30	15	19	0	0	0	0	0	0	0	0	0	0	0	0	31570284	
703	1	F	8	N	2500	0	40	395	144	25	18	23	0	0	0	0	0	0	0	0	0	0	0	0	31570425	
704	1	F	8	N	2500	0	1	174	110	18	10	12	0	0	0	0	0	0	0	0	0	0	0	0	31570581	
705	1	F	8	N	2500	0	1	184	102	22	12	17	0	0	0	0	0	0	0	0	0	0	0	0	31570659	
706	1	F	8	N	2500	0	40	342	151	24	14	20	0	0	0	0	0	0	0	0	0	0	0	0	31571579	
707	1	F	8	N	2500	0	40	310	122	21	13	17	0	0	0	0	0	0	0	0	0	0	0	0	31571782	
708	1	F	8	N	2500	0	40	172	122	26	15	21	0	0	0	0	0	0	0	0	0	0	0	0	31571875	
709	1	F	8	N	2500	0	40	246	124	20	12	15	0	0	0	0	0	0	0	0	0	0	0	0	31572187	
710	1	F	9	N	2500	2	1	57	11	1	1	2	0	0	0	0	0	0	0	0	0	0	0	0	31582234	
711	1	F	9	N	2500	2	1	62	53	10	0	1	0	0	0	0	0	0	0	0	0	0	0	0	31585026	
712	1	F	10	N	2500	6	40	325	113	20	12	15	0	0	0	0	0	0	0	0	0	0	0	0	31594417	
713	1	F	10	N	2500	6	40	288	99	20	11	15	0	0	0	0	0	0	0	0	0	0	0	0	31596227	
714	1	F	10	N	2500	6	40	340	121	19	11	14	0	0	0	0	0	0	0	0	0	0	0	0	31597023	
715	1	F	10	N	2500	0	40	305	110	18	13	15	0	0	0	0	0	0	0	0	0	0	0	0	31597116	
716	1	F	10	N	2500	0	1	260	90	10	7	11	0	0	0	0	0	0	0	0	0	0	0	0	31597444	
717	1	F	10	N	2500	0	1	103	37	31	34	50	0	0	0	0	0	0	0	0	0	0	0	0	31597537	
718	1	F	10	N	2500	0	1	265	88	13	7	10	0	0	0	0	0	0	0	0	0	0	0	0	31598208	
719	1	F	10	N	2500	0	1	80	26	22	26	44	0	0	0	0	0	0	0	0	0	0	0	0	31598208	
720	1	F	10	N	2500	0	1	248	73	10	7	13	0	0	0	0	0	0	0	0	0	0	0	0	31598395	
721	1	F	10	N	2500	0	40	336	120	20	14	20	0	0	0	0	0	0	0	0	0	0	0	0	31598411	
722	1	F	10	N	2500	0	1	194	90	11	8	12	0	0	0	0	0	0	0	0	0	0	0	0	31598614	
723	1	F	10	N	2500	0	1	226	95	15	12	17	0	0	0	0	0	0	0	0	0	0	0	0	31598801	
724	1	F	10	N	2500	0	40	260	152	30	17	19	0	0	0	0	0	0	0	0	0	0	0	0	31599347	
725	1	F	10	N	2500	0	1	187	84	12	8	8	0	0	0	0	0	0	0	0	0	0	0	0	31599565	
726	1	F	10	N	2500	0	1	165	50	6	4	6	0	0	0	0	0	0	0	0	0	0	0	0	31600907	
727	1	F	10	N	2500	0	40	354	122	20	14	16	0	0	0	0	0	0	0	0	0	0	0	0	31600907	
728	1	F	10	N	2500	0	1	68	12	1	0	1	0	0	0	0	0	0	0	0	0	0	0	0	31600938	
729	1	F	12	N	2500	2	1	175	106	19	11	13	0	0	0	0	0	0	0	0	0	0	0	0	31623979	
730	1	F	12	N	2500	2	1	182	78	11	8	10	0	0	0	0	0	0	0	0	0	0	0	0	31625165	
731	1	F	12	N	2500	2	1	219	91	20	13	17	0	0	0	0	0	0	0	0	0	0	0	0	31625602	
732	1	F	12	N	2500	2	1	227	88	12	8	15	0	0	0	0	0	0	0	0	0	0	0	0	31625976	
733	1	F	12	N	2500	2	1	213	105	18	13	18	0	0	0	0	0	0	0	0	0	0	0	0	31626070	
734	1	F	12	N	2500	2	1	238	96	18	10	14	0	0	0	0	0	0	0	0	0	0	0	0	31626631	
735	1	F	12	N	2500	2	1	187	55	7	4	6	0	0	0	0	0	0	0	0	0	0	0	0	31627068	
736	1	F	12	N	2500	6	40	391	120	19	11	17	0	0	0	0	0	0	0	0	0	0	0	0	31627349	
737	1	F	12	N	2500	2	1	149	109	23	16	21	0	0	0	0	0	0	0	0	0	0	0	0	31627848	
738	1	F	12	N	2500	6	40	320	123	20	16	19	0	0	0	0	0	0	0	0	0	0	0	0	31628316	
739	1	F	12	N	2500	2	1	131	81	10	7	10	0	0	0	0	0	0	0	0	0	0	0	0	31628769	
740	1	F	12	N	2500	6	40	332	106	18	12	19	0	0	0	0	0	0	0	0	0	0	0	0	31629580	
741	1	G	2	N	2500	2	1	214	59	9	7	8	0	0	0	0	0	0	0	0	0	0	0	0	31653105	
742	1	G	2	N	2500	2	2	308	92	12	8	11	0	0	0	0	0	0	0	0	0	0	0	0	31654618	
743	1	G	2	N	2500	2	1	121	50	8	7	11	0	0	0	0	0	0	0	0	0	0	0	0	31654914	
744	1	G	2	N	2500	2	1	197	81	12	7	9	0	0	0	0	0	0	0	0	0	0	0	0	31654930	
745	1	G	2	N	2500	2	1	54	15	2	1	1	0	0	0	0	0	0	0	0	0	0	0	0	31655242	
746	1	G	2	N	2500	2	1	142	47	8	6	8	0	0	0	0	0	0	0	0	0	0	0	0	31655242	
747	1	G	2	N	2500	2	1	131	31	2	2	4	0	0	0	0	0	0	0	0	0	0	0	0	31655289	
748	1	G	2	N	2500	2	2	301	95	12	10	13	0	0	0	0	0	0	0	0	0	0	0	0	31655289	
749	1	G	2	N	2500	8	40	267	98	18	11	17	0	0	0	0	0	0	0	0	0	0	0	0	31655304	
750	1	G	2	N	2500	2	1	88	39	6	4	9	0	0	0	0	0	0	0	0	0	0	0	0	31655538	
751	1	G	2	N	2500	2	1	212	46	7	5	10	0	0	0	0	0	0	0	0	0	0	0	0	31655710	
752	1	G	2	N	2500	2	1	165	93	18	11	12	0	0	0	0	0	0	0	0	0	0	0	0	31655757	
753	1	G	2	N	2500	6	40	401	132	19	12	16	0	0	0	0	0	0	0	0	0	0	0	0	31655991	
754	1	G	2	N	2500	2	1	216	48	7	6	10	0	0	0	0	0	0	0	0	0	0	0	0	31656006	
755	1	G	2	N	2500	2	1	195	50	8	5	8	0	0	0	0	0	0	0	0	0	0	0	0	31656209	
756	1	G	2	N	2500	2	1	165	95	12	8	11	0	0	0	0	0	0	0	0	0	0	0	0	31656521	
757	1	G	2	N	2500	2	1	255	61	10	5	10	0	0	0	0	0	0	0	0	0	0	0	0	31656568	
758	1	G	2	N	2500	2	1	232	92	13	9	12	0	0	0	0	0	0	0	0	0	0	0	0	31656864	
759	1	G	2	N	2500	2	1	138	53	9	6	10	0	0	0	0	0	0	0	0	0	0	0	0	31657161	
760	1	G	2	N	2500	2	1	107	23	2	2	4	0	0	0	0	0	0	0	0	0	0	0	0	31657317	
761	1	G	2	N	2500	2	1	181	75	11	7	11	0	0	0	0	0	0	0	0	0	0	0	0	31657442	
762	1	G	2	N	2500	6	40	287	105	17	11	18	0	0	0	0	0	0	0	0	0	0	0	0	31657566	
763	1	G	2	N	2500	2	2	283	92	10	8	11	0	0	0	0	0	0	0	0	0	0	0	0	31657582	
764	1	G	2	N	2500	2	1	262	65	10	6	9	0	0	0	0	0	0	0	0	0	0	0	0	31657676	
765	1	G	2	N	2500	8	40	358	104	15	10	12	0	0	0	0	0	0	0	0	0	0	0	0	31657676	
766	1	G	2	N	2500	2	1	123	47	5	3	4	0	0	0	0	0	0	0	0	0	0	0	0	31657769	
767	1	G	2	N	2500	2	1	131	42	6	4	5	0	0	0	0	0	0	0	0	0	0	0	0	31657785	
768	1	G	2	N	2500	2	1	126	45	8	6	9	0	0	0	0	0	0	0	0	0	0	0	0	31657816	
769	1	G	2	N	2500	2	1	238	68	9	5	6	0	0	0	0	0	0	0	0	0	0	0	0	31658097	
770	1	G	2	N	2500	6	40	216	108	19	14	15	0	0	0	0	0	0	0	0	0	0	0	0	31658175	
771	1	G	2	N	2500	0	1	137	58	10	6	11	0	0	0	0	0	0	0	0	0	0	0	0	31658518	
772	1	G	2	N	2500	0	40	321	92	13	10	15	0	0	0	0	0	0	0	0	0	0	0	0	31658643	
773	1	G	2	N	2500	0	2	303	80	13	8	9	0	0	0	0	0	0	0	0	0	0	0	0	31658814	
774	1	G	2	N	2500	0	40	281	196	68	58	115	0	0	0	0	0	0	0	0	0	0	0	0	31659782	
775	1	G	2	N	2500	0	1	86	47	6	4	4	0	0	0	0	0	0	0	0	0	0	0	0	31659906	
776	1	G	3	N	2500	6	40	313	101	16	9	11	0	0	0	0	0	0	0	0	0	0	0	0	31667878	
777	1	G	4	N	2500	2	1	177	110	23	13	16	0	0	0	0	0	0	0	0	0	0	0	0	31682090	
778	1	G	4	N	2500	6	40	249	121	18	13	13	0	0	0	0	0	0	0	0	0	0	0	0	31682464	
779	1	G	4	N	2500	6	40	169	122	21	18	24	0	0	0	0	0	0	0	0	0	0	0	0	31682792	
780	1	G	4	N	2500	2	1	268	82	13	7	9	0	0	0	0	0	0	0	0	0	0	0	0	31684430	
781	1	G	4	N	2500	2	1	55	18	12	14	21	0	0	0	0	0	0	0	0	0	0	0	0	31684991	
782	1	G	4	N	2500	6	40	230	109	20	13	16	0	0	0	0	0	0	0	0	0	0	0	0	31685022	
783	1	G	4	N	2500	0	1	216	58	6	4	7	0	0	0	0	0	0	0	0	0	0	0	0	31685256	
784	1	G	4	N	2500	0	1	189	107	17	12	14	0	0	0	0	0	0	0	0	0	0	0	0	31685272	
785	1	G	4	N	2500	0	1	192	50	8	6	9	0	0	0	0	0	0	0	0	0	0	0	0	31685537	
786	1	G	4	N	2500	0	1	59	12	0	0	1	0	0	0	0	0	0	0	0	0	0	0	0	31685943	
787	1	G	4	N	2500	0	40	344	113	16	10	12	0	0	0	0	0	0	0	0	0	0	0	0	31685990	
788	1	G	4	N	2500	0	40	274	116	21	14	17	0	0	0	0	0	0	0	0	0	0	0	0	31686754	
789	1	G	4	N	2500	0	40	212	113	19	12	16	0	0	0	0	0	0	0	0	0	0	0	0	31686863	
790	1	G	4	N	2500	0	1	200	96	15	10	13	0	0	0	0	0	0	0	0	0	0	0	0	31686926	
791	1	G	4	N	2500	0	1	266	75	11	7	11	0	0	0	0	0	0	0	0	0	0	0	0	31687128	
792	1	G	4	N	2500	0	40	311	94	13	8	17	0	0	0	0	0	0	0	0	0	0	0	0	31687596	
793	1	G	4	N	2500	0	40	313	106	17	12	18	0	0	0	0	0	0	0	0	0	0	0	0	31687940	
794	1	G	4	N	2500	0	40	186	118	23	13	17	0	0	0	0	0	0	0	0	0	0	0	0	31688049	
795	1	G	5	N	2500	2	1	51	10	1	0	1	0	0	0	0	0	0	0	0	0	0	0	0	31695942	
796	1	G	5	N	2500	2	1	207	85	16	9	12	0	0	0	0	0	0	0	0	0	0	0	0	31695942	
797	1	G	5	N	2500	6	40	274	147	51	47	135	0	0	0	0	0	0	0	0	0	0	0	0	31699686	
798	1	G	6	N	2500	6	40	258	115	26	17	23	0	0	0	0	0	0	0	0	0	0	0	0	31710856	
799	1	G	6	N	2500	6	40	296	104	14	9	14	0	0	0	0	0	0	0	0	0	0	0	0	31711137	
800	1	G	6	N	2500	6	40	366	163	26	20	26	0	0	0	0	0	0	0	0	0	0	0	0	31711932	
801	1	G	6	N	2500	0	40	428	165	29	17	22	0	0	0	0	0	0	0	0	0	0	0	0	31712182	
802	1	G	6	N	2500	0	40	294	109	19	12	17	0	0	0	0	0	0	0	0	0	0	0	0	31713383	
803	1	G	6	N	2500	0	40	282	107	19	12	15	0	0	0	0	0	0	0	0	0	0	0	0	31713477	
804	1	G	6	N	2500	0	40	205	123	23	14	18	0	0	0	0	0	0	0	0	0	0	0	0	31713929	
805	1	G	6	N	2500	0	40	323	160	25	18	25	0	0	0	0	0	0	0	0	0	0	0	0	31715879	
806	1	G	6	N	2500	0	1	253	67	10	7	11	0	0	0	0	0	0	0	0	0	0	0	0	31716004	
807	1	G	6	N	2500	0	40	328	122	19	11	16	0	0	0	0	0	0	0	0	0	0	0	0	31716222	
808	1	G	6	N	2500	0	40	306	153	31	19	25	0	0	0	0	0	0	0	0	0	0	0	0	31716690	
809	1	G	7	N	2500	6	40	327	128	23	15	19	0	0	0	0	0	0	0	0	0	0	0	0	31725629	
810	1	G	8	N	2500	2	1	157	74	12	7	10	0	0	0	0	0	0	0	0	0	0	0	0	31740059	
811	1	G	8	N	2500	2	1	103	49	6	5	8	0	0	0	0	0	0	0	0	0	0	0	0	31741276	
812	1	G	8	N	2500	6	40	334	96	16	10	14	0	0	0	0	0	0	0	0	0	0	0	0	31741682	
813	1	G	8	N	2500	2	1	231	85	15	9	13	0	0	0	0	0	0	0	0	0	0	0	0	31741791	
814	1	G	8	N	2500	6	40	299	116	20	14	19	0	0	0	0	0	0	0	0	0	0	0	0	31742040	
815	1	G	8	N	2500	2	1	58	13	1	1	1	0	0	0	0	0	0	0	0	0	0	0	0	31742321	
816	1	G	8	N	2500	10	40	272	101	17	12	16	0	0	0	0	0	0	0	0	0	0	0	0	31742321	
817	1	G	8	N	2500	6	40	318	118	23	13	15	0	0	0	0	0	0	0	0	0	0	0	0	31742711	
818	1	G	8	N	2500	0	1	116	46	4	3	6	0	0	0	0	0	0	0	0	0	0	0	0	31742727	
819	1	G	8	N	2500	0	40	208	149	24	15	18	0	0	0	0	0	0	0	0	0	0	0	0	31742898	
820	1	G	8	N	2500	0	1	175	81	12	8	8	0	0	0	0	0	0	0	0	0	0	0	0	31743288	
821	1	G	8	N	2500	0	1	169	89	14	9	12	0	0	0	0	0	0	0	0	0	0	0	0	31743460	
822	1	G	8	N	2500	0	40	236	125	19	13	16	0	0	0	0	0	0	0	0	0	0	0	0	31743616	
823	1	G	8	N	2500	0	1	183	97	14	9	10	0	0	0	0	0	0	0	0	0	0	0	0	31743944	
824	1	G	8	N	2500	0	1	146	103	22	13	15	0	0	0	0	0	0	0	0	0	0	0	0	31744162	
825	1	G	8	N	2500	0	40	301	106	23	12	15	0	0	0	0	0	0	0	0	0	0	0	0	31744880	
826	1	G	10	N	2500	2	1	154	95	22	13	16	0	0	0	0	0	0	0	0	0	0	0	0	31769840	
827	1	G	10	N	2500	2	1	236	79	12	9	13	0	0	0	0	0	0	0	0	0	0	0	0	31770276	
828	1	G	10	N	2500	6	40	238	105	17	11	13	0	0	0	0	0	0	0	0	0	0	0	0	31771540	
829	1	G	10	N	2500	6	40	316	119	18	10	12	0	0	0	0	0	0	0	0	0	0	0	0	31772305	
830	1	G	10	N	2500	6	40	222	114	21	14	19	0	0	0	0	0	0	0	0	0	0	0	0	31772819	
831	1	G	10	N	2500	0	1	63	30	4	3	4	0	0	0	0	0	0	0	0	0	0	0	0	31772897	
832	1	G	10	N	2500	0	1	177	56	10	7	9	0	0	0	0	0	0	0	0	0	0	0	0	31772897	
833	1	G	10	N	2500	0	40	323	120	22	15	20	0	0	0	0	0	0	0	0	0	0	0	0	31773537	
834	1	G	10	N	2500	0	40	288	110	20	15	20	0	0	0	0	0	0	0	0	0	0	0	0	31773880	
835	1	G	12	N	2500	2	1	218	72	14	9	15	0	0	0	0	0	0	0	0	0	0	0	0	31796875	
836	1	G	12	N	2500	2	1	166	94	25	17	19	0	0	0	0	0	0	0	0	0	0	0	0	31796921	
837	1	G	12	N	2500	6	40	289	85	14	7	10	0	0	0	0	0	0	0	0	0	0	0	0	31797187	
838	1	G	12	N	2500	2	1	75	15	2	1	1	0	0	0	0	0	0	0	0	0	0	0	0	31797249	
839	1	G	12	N	2500	2	1	191	64	9	6	10	0	0	0	0	0	0	0	0	0	0	0	0	31797249	
840	1	G	12	N	2500	2	1	181	81	10	8	13	0	0	0	0	0	0	0	0	0	0	0	0	31797639	
841	1	G	12	N	2500	6	40	406	162	28	15	21	0	0	0	0	0	0	0	0	0	0	0	0	31797935	
842	1	G	12	N	2500	6	40	277	133	22	15	19	0	0	0	0	0	0	0	0	0	0	0	0	31797951	
843	1	G	12	N	2500	0	1	232	95	12	10	12	0	0	0	0	0	0	0	0	0	0	0	0	31798731	
844	1	G	12	N	2500	0	40	334	113	24	13	20	0	0	0	0	0	0	0	0	0	0	0	0	31798762	
845	1	G	12	N	2500	0	40	219	142	27	16	17	0	0	0	0	0	0	0	0	0	0	0	0	31798856	
846	1	G	12	N	2500	0	40	357	132	21	14	14	0	0	0	0	0	0	0	0	0	0	0	0	31798871	
847	1	G	12	N	2500	0	40	278	139	22	16	20	0	0	0	0	0	0	0	0	0	0	0	0	31798965	
848	1	G	12	N	2500	0	40	336	146	26	17	25	0	0	0	0	0	0	0	0	0	0	0	0	31799121	
849	1	G	12	N	2500	0	40	200	122	21	13	17	0	0	0	0	0	0	0	0	0	0	0	0	31799339	
850	1	G	12	N	2500	0	40	255	116	26	18	24	0	0	0	0	0	0	0	0	0	0	0	0	31799417	
851	1	G	12	N	2500	0	40	343	136	25	13	16	0	0	0	0	0	0	0	0	0	0	0	0	31799433	
852	1	G	12	N	2500	0	40	267	109	22	13	16	0	0	0	0	0	0	0	0	0	0	0	0	31799511	
853	1	G	12	N	2500	0	40	207	148	29	17	21	0	0	0	0	0	0	0	0	0	0	0	0	31799589	
854	1	G	12	N	2500	0	40	241	106	20	11	16	0	0	0	0	0	0	0	0	0	0	0	0	31799651	
855	1	G	12	N	2500	0	40	276	92	18	10	15	0	0	0	0	0	0	0	0	0	0	0	0	31799683	
856	1	G	12	N	2500	0	40	220	118	27	14	19	0	0	0	0	0	0	0	0	0	0	0	0	31799807	
857	1	G	12	N	2500	0	1	224	61	7	4	8	0	0	0	0	0	0	0	0	0	0	0	0	31799823	
858	1	G	12	N	2500	0	1	127	30	3	2	3	0	0	0	0	0	0	0	0	0	0	0	0	31799870	
859	1	G	12	N	2500	0	40	324	118	20	11	14	0	0	0	0	0	0	0	0	0	0	0	0	31799885	
860	1	G	12	N	2500	0	1	92	19	1	1	2	0	0	0	0	0	0	0	0	0	0	0	0	31800041	
861	1	G	12	N	2500	0	1	193	86	16	11	15	0	0	0	0	0	0	0	0	0	0	0	0	31800151	
862	1	G	12	N	2500	0	40	440	146	22	11	18	0	0	0	0	0	0	0	0	0	0	0	0	31800587	
863	1	G	12	N	2500	0	1	158	97	15	10	14	0	0	0	0	0	0	0	0	0	0	0	0	31801102	
864	1	G	12	N	2500	0	1	178	88	12	8	8	0	0	0	0	0	0	0	0	0	0	0	0	31801477	
865	1	G	12	N	2500	0	40	326	105	18	12	17	0	0	0	0	0	0	0	0	0	0	0	0	31801555	
866	1	G	12	N	2500	0	1	149	58	7	5	6	0	0	0	0	0	0	0	0	0	0	0	0	31801601	
867	1	G	12	N	2500	0	40	337	128	19	12	17	0	0	0	0	0	0	0	0	0	0	0	0	31801664	
868	1	G	12	N	2500	0	1	69	28	2	2	3	0	0	0	0	0	0	0	0	0	0	0	0	31801929	
869	1	G	12	N	2500	0	40	316	128	26	13	16	0	0	0	0	0	0	0	0	0	0	0	0	31801945	
870	1	G	12	N	2500	0	40	210	113	19	14	13	0	0	0	0	0	0	0	0	0	0	0	0	31802163	
871	1	G	12	N	2500	0	40	389	154	26	16	19	0	0	0	0	0	0	0	0	0	0	0	0	31802319	
872	1	G	12	N	2500	0	40	307	141	25	14	18	0	0	0	0	0	0	0	0	0	0	0	0	31802459	
873	1	G	12	N	2500	0	1	56	16	2	3	5	0	0	0	0	0	0	0	0	0	0	0	0	31802756	
874	1	G	12	N	2500	0	40	231	140	24	16	21	0	0	0	0	0	0	0	0	0	0	0	0	31802881	
875	1	G	12	N	2500	0	1	90	31	4	4	7	0	0	0	0	0	0	0	0	0	0	0	0	31803193	
876	1	G	12	N	2500	0	40	185	125	21	14	16	0	0	0	0	0	0	0	0	0	0	0	0	31804191	
877	1	H	1	N	2500	6	40	404	171	30	16	25	0	0	0	0	0	0	0	0	0	0	0	0	31816718	
878	1	H	2	N	2500	2	1	185	88	16	12	16	0	0	0	0	0	0	0	0	0	0	0	0	31827295	
879	1	H	2	N	2500	2	1	199	80	12	7	10	0	0	0	0	0	0	0	0	0	0	0	0	31827763	
880	1	H	2	N	2500	2	1	195	54	7	4	6	0	0	0	0	0	0	0	0	0	0	0	0	31827809	
881	1	H	2	N	2500	6	40	275	125	22	13	18	0	0	0	0	0	0	0	0	0	0	0	0	31828839	
882	1	H	2	N	2500	2	1	263	90	17	8	15	0	0	0	0	0	0	0	0	0	0	0	0	31828995	
883	1	H	2	N	2500	2	1	274	85	13	9	10	0	0	0	0	0	0	0	0	0	0	0	0	31829011	
884	1	H	2	N	2500	2	1	150	59	8	5	7	0	0	0	0	0	0	0	0	0	0	0	0	31829213	
885	1	H	2	N	2500	2	1	121	65	11	8	11	0	0	0	0	0	0	0	0	0	0	0	0	31829307	
886	1	H	2	N	2500	33	1	66	13	1	1	1	0	0	0	0	0	0	0	0	0	0	0	0	31829307	
887	1	H	2	N	2500	6	40	228	102	17	12	17	0	0	0	0	0	0	0	0	0	0	0	0	31829385	
888	1	H	2	N	2500	2	1	253	78	12	8	11	0	0	0	0	0	0	0	0	0	0	0	0	31830555	
889	1	H	2	N	2500	2	1	172	77	12	8	8	0	0	0	0	0	0	0	0	0	0	0	0	31830820	
890	1	H	2	N	2500	6	40	302	96	15	8	8	0	0	0	0	0	0	0	0	0	0	0	0	31830992	
891	1	H	2	N	2500	0	1	245	74	10	6	9	0	0	0	0	0	0	0	0	0	0	0	0	31831397	
892	1	H	2	N	2500	0	40	296	107	18	11	15	0	0	0	0	0	0	0	0	0	0	0	0	31831491	
893	1	H	2	N	2500	0	1	150	75	9	7	9	0	0	0	0	0	0	0	0	0	0	0	0	31831694	
894	1	H	2	N	2500	0	1	141	84	13	10	14	0	0	0	0	0	0	0	0	0	0	0	0	31831850	
895	1	H	2	N	2500	0	1	145	85	12	8	11	0	0	0	0	0	0	0	0	0	0	0	0	31831865	
896	1	H	2	N	2500	0	1	259	71	10	7	10	0	0	0	0	0	0	0	0	0	0	0	0	31831881	
897	1	H	2	N	2500	0	1	183	106	23	14	16	0	0	0	0	0	0	0	0	0	0	0	0	31832084	
898	1	H	2	N	2500	0	1	192	75	10	7	9	0	0	0	0	0	0	0	0	0	0	0	0	31832193	
899	1	H	2	N	2500	0	1	181	88	14	10	15	0	0	0	0	0	0	0	0	0	0	0	0	31832209	
900	1	H	2	N	2500	0	40	311	105	21	12	16	0	0	0	0	0	0	0	0	0	0	0	0	31832224	
901	1	H	2	N	2500	0	40	312	97	14	9	13	0	0	0	0	0	0	0	0	0	0	0	0	31832271	
902	1	H	2	N	2500	0	40	271	94	17	12	17	0	0	0	0	0	0	0	0	0	0	0	0	31832365	
903	1	H	2	N	2500	0	1	168	65	10	7	10	0	0	0	0	0	0	0	0	0	0	0	0	31832599	
904	1	H	2	N	2500	0	1	215	62	9	6	8	0	0	0	0	0	0	0	0	0	0	0	0	31832661	
905	1	H	2	N	2500	0	1	224	63	8	6	11	0	0	0	0	0	0	0	0	0	0	0	0	31833020	
906	1	H	2	N	2500	0	40	238	102	19	11	15	0	0	0	0	0	0	0	0	0	0	0	0	31833472	
907	1	H	2	N	2500	0	1	262	76	11	6	9	0	0	0	0	0	0	0	0	0	0	0	0	31833550	
908	1	H	4	N	2500	2	1	198	90	12	9	11	0	0	0	0	0	0	0	0	0	0	0	0	31855640	
909	1	H	4	N	2500	2	1	235	71	10	7	11	0	0	0	0	0	0	0	0	0	0	0	0	31856077	
910	1	H	4	N	2500	2	1	173	99	16	10	14	0	0	0	0	0	0	0	0	0	0	0	0	31856311	
911	1	H	4	N	2500	2	1	183	100	22	12	15	0	0	0	0	0	0	0	0	0	0	0	0	31856763	
912	1	H	4	N	2500	2	1	162	106	17	13	15	0	0	0	0	0	0	0	0	0	0	0	0	31857122	
913	1	H	4	N	2500	6	40	259	147	24	17	18	0	0	0	0	0	0	0	0	0	0	0	0	31857902	
914	1	H	4	N	2500	2	1	177	59	8	5	8	0	0	0	0	0	0	0	0	0	0	0	0	31858432	
915	1	H	4	N	2500	6	40	215	116	29	15	19	0	0	0	0	0	0	0	0	0	0	0	0	31858463	
916	1	H	4	N	2500	2	1	161	68	10	7	9	0	0	0	0	0	0	0	0	0	0	0	0	31858510	
917	1	H	4	N	2500	2	1	148	116	21	16	24	0	0	0	0	0	0	0	0	0	0	0	0	31858604	
918	1	H	4	N	2500	6	40	334	125	22	14	19	0	0	0	0	0	0	0	0	0	0	0	0	31858760	
919	1	H	4	N	2500	0	1	277	82	11	7	11	0	0	0	0	0	0	0	0	0	0	0	0	31859056	
920	1	H	4	N	2500	0	40	178	134	22	15	20	0	0	0	0	0	0	0	0	0	0	0	0	31859212	
921	1	H	4	N	2500	0	40	294	110	18	13	18	0	0	0	0	0	0	0	0	0	0	0	0	31859602	
922	1	H	4	N	2500	0	1	100	22	4	4	7	0	0	0	0	0	0	0	0	0	0	0	0	31859805	
923	1	H	4	N	2500	0	1	62	16	2	1	4	0	0	0	0	0	0	0	0	0	0	0	0	31859961	
924	1	H	4	N	2500	0	40	232	121	20	16	23	0	0	0	0	0	0	0	0	0	0	0	0	31859977	
925	1	H	4	N	2500	0	40	419	157	30	20	24	0	0	0	0	0	0	0	0	0	0	0	0	31860070	
926	1	H	4	N	2500	0	1	125	59	7	6	9	0	0	0	0	0	0	0	0	0	0	0	0	31860133	
927	1	H	4	N	2500	0	1	209	100	21	12	16	0	0	0	0	0	0	0	0	0	0	0	0	31860445	
928	1	H	4	N	2500	0	1	190	42	5	4	7	0	0	0	0	0	0	0	0	0	0	0	0	31860663	
929	1	H	4	N	2500	0	1	287	74	10	7	11	0	0	0	0	0	0	0	0	0	0	0	0	31860881	
930	1	H	4	N	2500	0	1	135	67	15	9	13	0	0	0	0	0	0	0	0	0	0	0	0	31860897	
931	1	H	4	N	2500	0	40	183	118	23	13	16	0	0	0	0	0	0	0	0	0	0	0	0	31861334	
932	1	H	6	N	2500	2	1	171	101	17	11	12	0	0	0	0	0	0	0	0	0	0	0	0	31884594	
933	1	H	6	N	2500	2	1	187	77	15	9	14	0	0	0	0	0	0	0	0	0	0	0	0	31884594	
934	1	H	6	N	2500	6	40	299	102	19	11	15	0	0	0	0	0	0	0	0	0	0	0	0	31885592	
935	1	H	6	N	2500	6	40	361	112	17	9	11	0	0	0	0	0	0	0	0	0	0	0	0	31887012	
936	1	H	6	N	2500	2	1	268	72	8	7	12	0	0	0	0	0	0	0	0	0	0	0	0	31887152	
937	1	H	6	N	2500	2	1	201	56	7	4	7	0	0	0	0	0	0	0	0	0	0	0	0	31887370	
938	1	H	6	N	2500	2	1	265	74	8	6	10	0	0	0	0	0	0	0	0	0	0	0	0	31887526	
939	1	H	6	N	2500	2	1	220	78	9	6	8	0	0	0	0	0	0	0	0	0	0	0	0	31888104	
940	1	H	6	N	2500	2	1	250	90	17	10	17	0	0	0	0	0	0	0	0	0	0	0	0	31888104	
941	1	H	6	N	2500	2	1	259	65	9	6	11	0	0	0	0	0	0	0	0	0	0	0	0	31888525	
942	1	H	6	N	2500	2	1	231	74	10	6	11	0	0	0	0	0	0	0	0	0	0	0	0	31888587	
943	1	H	6	N	2500	2	1	124	98	19	13	19	0	0	0	0	0	0	0	0	0	0	0	0	31888837	
944	1	H	6	N	2500	6	40	200	111	17	9	12	0	0	0	0	0	0	0	0	0	0	0	0	31889008	
945	1	H	6	N	2500	0	40	314	107	16	11	14	0	0	0	0	0	0	0	0	0	0	0	0	31889242	
946	1	H	6	N	2500	0	1	256	92	12	9	12	0	0	0	0	0	0	0	0	0	0	0	0	31889274	
947	1	H	6	N	2500	0	1	282	83	13	7	11	0	0	0	0	0	0	0	0	0	0	0	0	31889398	
948	1	H	6	N	2500	0	1	151	73	8	6	10	0	0	0	0	0	0	0	0	0	0	0	0	31889944	
949	1	H	6	N	2500	0	1	77	19	2	2	5	0	0	0	0	0	0	0	0	0	0	0	0	31890178	
950	1	H	6	N	2500	0	1	231	86	14	8	9	0	0	0	0	0	0	0	0	0	0	0	0	31890210	
951	1	H	6	N	2500	0	40	306	95	15	10	16	0	0	0	0	0	0	0	0	0	0	0	0	31890210	
952	1	H	6	N	2500	0	40	286	113	20	10	15	0	0	0	0	0	0	0	0	0	0	0	0	31890319	
953	1	H	6	N	2500	0	1	226	84	10	7	10	0	0	0	0	0	0	0	0	0	0	0	0	31890943	
954	1	H	6	N	2500	0	1	228	91	15	11	15	0	0	0	0	0	0	0	0	0	0	0	0	31890974	
955	1	H	7	N	2500	2	1	167	70	9	6	7	0	0	0	0	0	0	0	0	0	0	0	0	31898774	
956	1	H	7	N	2500	2	1	67	19	2	2	2	0	0	0	0	0	0	0	0	0	0	0	0	31901223	
957	1	H	8	N	2500	2	1	62	18	2	2	4	0	0	0	0	0	0	0	0	0	0	0	0	31913828	
958	1	H	8	N	2500	2	1	62	21	19	22	34	0	0	0	0	0	0	0	0	0	0	0	0	31913844	
959	1	H	8	N	2500	6	40	363	116	18	10	13	0	0	0	0	0	0	0	0	0	0	0	0	31914624	
960	1	H	8	N	2500	6	40	393	145	26	14	20	0	0	0	0	0	0	0	0	0	0	0	0	31915372	
961	1	H	8	N	2500	2	1	173	41	4	3	6	0	0	0	0	0	0	0	0	0	0	0	0	31915872	
962	1	H	8	N	2500	2	1	223	103	15	12	13	0	0	0	0	0	0	0	0	0	0	0	0	31916090	
963	1	H	8	N	2500	6	40	260	147	26	16	17	0	0	0	0	0	0	0	0	0	0	0	0	31916168	
964	1	H	8	N	2500	0	40	338	129	20	13	16	0	0	0	0	0	0	0	0	0	0	0	0	31916480	
965	1	H	8	N	2500	0	40	334	107	15	11	18	0	0	0	0	0	0	0	0	0	0	0	0	31916776	
966	1	H	8	N	2500	0	40	304	128	20	13	19	0	0	0	0	0	0	0	0	0	0	0	0	31917057	
967	1	H	8	N	2500	0	40	281	93	17	9	12	0	0	0	0	0	0	0	0	0	0	0	0	31917229	
968	1	H	8	N	2500	0	40	342	137	20	12	19	0	0	0	0	0	0	0	0	0	0	0	0	31918196	
969	1	H	8	N	2500	0	1	101	43	44	58	90	0	0	0	0	0	0	0	0	0	0	0	0	31918882	
970	1	H	8	N	2500	0	40	369	127	24	13	18	0	0	0	0	0	0	0	0	0	0	0	0	31919600	
971	1	H	10	N	2500	2	1	289	81	10	7	10	0	0	0	0	0	0	0	0	0	0	0	0	31942080	
972	1	H	10	N	2500	2	1	279	85	15	9	16	0	0	0	0	0	0	0	0	0	0	0	0	31943562	
973	1	H	10	N	2500	2	1	281	82	14	8	12	0	0	0	0	0	0	0	0	0	0	0	0	31945231	
974	1	H	10	N	2500	2	1	134	71	8	5	6	0	0	0	0	0	0	0	0	0	0	0	0	31946026	
975	1	H	10	N	2500	6	40	253	120	23	12	14	0	0	0	0	0	0	0	0	0	0	0	0	31946089	
976	1	H	10	N	2500	6	40	280	112	19	13	18	0	0	0	0	0	0	0	0	0	0	0	0	31946463	
977	1	H	10	N	2500	6	40	201	122	22	15	20	0	0	0	0	0	0	0	0	0	0	0	0	31946588	
978	1	H	10	N	2500	0	1	77	42	6	5	7	0	0	0	0	0	0	0	0	0	0	0	0	31946697	
979	1	H	10	N	2500	0	1	92	46	7	6	5	0	0	0	0	0	0	0	0	0	0	0	0	31946697	
980	1	H	10	N	2500	0	1	243	71	8	4	8	0	0	0	0	0	0	0	0	0	0	0	0	31946744	
981	1	H	10	N	2500	0	1	124	64	8	6	8	0	0	0	0	0	0	0	0	0	0	0	0	31947009	
982	1	H	10	N	2500	0	1	185	41	4	3	5	0	0	0	0	0	0	0	0	0	0	0	0	31948741	
983	1	H	11	N	2500	2	1	83	79	19	1	2	0	0	0	0	0	0	0	0	0	0	0	0	31956588	
984	1	H	11	N	2500	2	1	89	106	21	0	1	0	0	0	0	0	0	0	0	0	0	0	0	31960846	
985	1	H	12	N	2500	2	1	75	44	14	14	23	0	0	0	0	0	0	0	0	0	0	0	0	31971298	
986	1	H	12	N	2500	6	40	202	115	21	14	15	0	0	0	0	0	0	0	0	0	0	0	0	31971423	
987	1	H	12	N	2500	2	1	153	113	21	13	17	0	0	0	0	0	0	0	0	0	0	0	0	31971501	
988	1	H	12	N	2500	2	1	180	75	17	10	13	0	0	0	0	0	0	0	0	0	0	0	0	31971610	
989	1	H	12	N	2500	2	1	238	92	13	8	11	0	0	0	0	0	0	0	0	0	0	0	0	31971798	
990	1	H	12	N	2500	6	40	306	106	17	10	14	0	0	0	0	0	0	0	0	0	0	0	0	31974512	
991	1	H	12	N	2500	2	1	104	53	48	55	74	0	0	0	0	0	0	0	0	0	0	0	0	31974808	
992	1	H	12	N	2500	6	40	305	107	19	12	17	0	0	0	0	0	0	0	0	0	0	0	0	31974933	
993	1	H	12	N	2500	0	1	201	96	13	10	13	0	0	0	0	0	0	0	0	0	0	0	0	31975495	
994	1	H	12	N	2500	0	1	140	105	19	11	14	0	0	0	0	0	0	0	0	0	0	0	0	31975838	
995	1	H	12	N	2500	0	1	263	79	9	5	5	0	0	0	0	0	0	0	0	0	0	0	0	31976010	
996	1	H	12	N	2500	0	1	79	60	17	0	2	0	0	0	0	0	0	0	0	0	0	0	0	31976166	
997	1	H	12	N	2500	0	1	54	11	6	8	14	0	0	0	0	0	0	0	0	0	0	0	0	31977164	
998	1	H	12	N	2500	0	1	80	34	29	35	47	0	0	0	0	0	0	0	0	0	0	0	0	31977242	


Threshold source: EXT,  value 50
Min TOF = 50
EXT signal gain 1.6
Green signal gain 3.0
Yellow signal gain 3.0
Red signal gain 3.0
Green PMT voltage 700
Yellow PMT voltage 700
Red PMT voltage 900
Signal multipliers: 1.0,1.0,1.0,1.0
C:\Users\unionbio\Desktop\COPAS Templates\USE for L4 dispense4.csv