Id	Plate	Row	Column	Clog	Scan rate	Status sort	Status sel	TOF	EXT	Green	Yellow	Red	PH Ext	PW Ext	PC Ext	PH Green	PW Green	PCGreen	PH Yellow	PW Yellow	PCYellow	PH Red	PW Red	PCRed	Time Stamp	
0	1	A	2	N	2500	6	40	236	155	41	38	61	0	0	0	0	0	0	0	0	0	0	0	0	12158992	
1	1	A	2	N	2500	6	40	297	113	27	24	41	0	0	0	0	0	0	0	0	0	0	0	0	12159210	
2	1	A	2	N	2500	2	1	162	96	30	23	31	0	0	0	0	0	0	0	0	0	0	0	0	12159429	
3	1	A	2	N	2500	6	40	370	138	31	24	36	0	0	0	0	0	0	0	0	0	0	0	0	12159912	
4	1	A	2	N	2500	0	40	334	122	30	22	35	0	0	0	0	0	0	0	0	0	0	0	0	12160068	
5	1	A	2	N	2500	0	40	198	120	33	26	38	0	0	0	0	0	0	0	0	0	0	0	0	12160084	
6	1	A	2	N	2500	0	40	375	117	27	18	29	0	0	0	0	0	0	0	0	0	0	0	0	12160146	
7	1	A	2	N	2500	0	1	53	23	6	1	4	0	0	0	0	0	0	0	0	0	0	0	0	12160583	
8	1	A	2	N	2500	0	40	308	116	30	20	33	0	0	0	0	0	0	0	0	0	0	0	0	12160599	
9	1	A	2	N	2500	0	40	303	116	28	26	41	0	0	0	0	0	0	0	0	0	0	0	0	12160833	
10	1	A	2	N	2500	0	40	193	118	29	24	29	0	0	0	0	0	0	0	0	0	0	0	0	12161114	
11	1	A	2	N	2500	0	1	173	81	21	17	28	0	0	0	0	0	0	0	0	0	0	0	0	12161129	
12	1	A	2	N	2500	0	40	182	115	32	27	36	0	0	0	0	0	0	0	0	0	0	0	0	12161254	
13	1	A	2	N	2500	0	1	182	112	28	23	28	0	0	0	0	0	0	0	0	0	0	0	0	12161394	
14	1	A	2	N	2500	0	40	382	142	32	25	41	0	0	0	0	0	0	0	0	0	0	0	0	12161816	
15	1	A	2	N	2500	0	1	154	98	27	19	27	0	0	0	0	0	0	0	0	0	0	0	0	12161847	
16	1	A	2	N	2500	0	40	305	96	20	14	22	0	0	0	0	0	0	0	0	0	0	0	0	12161862	
17	1	A	2	N	2500	0	1	83	21	6	3	5	0	0	0	0	0	0	0	0	0	0	0	0	12161987	
18	1	A	2	N	2500	0	40	312	116	23	21	35	0	0	0	0	0	0	0	0	0	0	0	0	12162065	
19	1	A	2	N	2500	0	40	292	107	25	19	28	0	0	0	0	0	0	0	0	0	0	0	0	12162159	
20	1	A	2	N	2500	0	40	337	160	36	32	48	0	0	0	0	0	0	0	0	0	0	0	0	12162190	
21	1	A	2	N	2500	0	40	306	121	26	20	33	0	0	0	0	0	0	0	0	0	0	0	0	12162440	
22	1	A	2	N	2500	0	40	321	121	28	21	31	0	0	0	0	0	0	0	0	0	0	0	0	12162486	
23	1	A	2	N	2500	0	1	111	89	22	16	23	0	0	0	0	0	0	0	0	0	0	0	0	12162533	
24	1	A	2	N	2500	0	40	232	121	33	25	35	0	0	0	0	0	0	0	0	0	0	0	0	12162549	
25	1	A	2	N	2500	0	1	152	71	18	11	15	0	0	0	0	0	0	0	0	0	0	0	0	12162611	
26	1	A	2	N	2500	0	1	64	11	1	1	2	0	0	0	0	0	0	0	0	0	0	0	0	12162611	
27	1	A	2	N	2500	0	40	330	108	23	16	24	0	0	0	0	0	0	0	0	0	0	0	0	12162892	
28	1	A	2	N	2500	0	40	264	129	38	30	42	0	0	0	0	0	0	0	0	0	0	0	0	12162923	
29	1	A	2	N	2500	0	1	276	80	17	13	19	0	0	0	0	0	0	0	0	0	0	0	0	12163188	
30	1	A	2	N	2500	0	40	266	122	27	21	28	0	0	0	0	0	0	0	0	0	0	0	0	12163220	
31	1	A	2	N	2500	0	40	416	150	38	31	42	0	0	0	0	0	0	0	0	0	0	0	0	12163422	
32	1	A	2	N	2500	0	1	162	95	33	23	37	0	0	0	0	0	0	0	0	0	0	0	0	12163547	
33	1	A	2	N	2500	0	40	312	111	29	20	33	0	0	0	0	0	0	0	0	0	0	0	0	12163688	
34	1	A	2	N	2500	0	40	254	108	28	20	30	0	0	0	0	0	0	0	0	0	0	0	0	12163688	
35	1	A	2	N	2500	0	40	345	117	27	19	30	0	0	0	0	0	0	0	0	0	0	0	0	12163719	
36	1	A	2	N	2500	0	1	99	20	3	3	3	0	0	0	0	0	0	0	0	0	0	0	0	12163750	
37	1	A	2	N	2500	0	40	236	100	22	17	25	0	0	0	0	0	0	0	0	0	0	0	0	12163750	
38	1	A	2	N	2500	0	1	201	105	28	25	31	0	0	0	0	0	0	0	0	0	0	0	0	12164031	
39	1	A	2	N	2500	0	1	243	59	10	9	19	0	0	0	0	0	0	0	0	0	0	0	0	12164031	
40	1	A	2	N	2500	0	1	285	71	11	10	19	0	0	0	0	0	0	0	0	0	0	0	0	12164187	
41	1	A	2	N	2500	0	40	323	109	21	16	24	0	0	0	0	0	0	0	0	0	0	0	0	12164234	
42	1	A	2	N	2500	0	1	223	90	26	19	29	0	0	0	0	0	0	0	0	0	0	0	0	12164296	
43	1	A	2	N	2500	0	40	262	124	39	33	44	0	0	0	0	0	0	0	0	0	0	0	0	12164343	
44	1	A	2	N	2500	0	1	126	89	19	16	23	0	0	0	0	0	0	0	0	0	0	0	0	12164343	
45	1	A	2	N	2500	0	1	212	98	19	17	28	0	0	0	0	0	0	0	0	0	0	0	0	12164421	
46	1	A	2	N	2500	0	1	203	66	11	10	17	0	0	0	0	0	0	0	0	0	0	0	0	12164436	
47	1	A	2	N	2500	0	40	320	101	20	15	25	0	0	0	0	0	0	0	0	0	0	0	0	12164577	
48	1	A	2	N	2500	0	40	396	148	33	29	39	0	0	0	0	0	0	0	0	0	0	0	0	12164748	
49	1	A	2	N	2500	0	40	393	141	32	24	43	0	0	0	0	0	0	0	0	0	0	0	0	12164858	
50	1	A	2	N	2500	0	1	254	89	21	16	27	0	0	0	0	0	0	0	0	0	0	0	0	12165154	
51	1	A	3	N	2500	2	1	59	14	8	0	1	0	0	0	0	0	0	0	0	0	0	0	0	12176885	
52	1	A	3	N	2500	2	1	116	65	30	37	82	0	0	0	0	0	0	0	0	0	0	0	0	12177057	
53	1	A	3	N	2500	2	1	58	13	3	2	7	0	0	0	0	0	0	0	0	0	0	0	0	12178632	
54	1	A	3	N	2500	33	1	54	13	2	2	4	0	0	0	0	0	0	0	0	0	0	0	0	12178632	
