Id	Plate	Row	Column	Clog	Scan rate	Status sort	Status sel	TOF	EXT	Green	Yellow	Red	PH Ext	PW Ext	PC Ext	PH Green	PW Green	PCGreen	PH Yellow	PW Yellow	PCYellow	PH Red	PW Red	PCRed	Time Stamp	
0	1	A	2	N	2500	2	1	164	87	23	19	26	0	0	0	0	0	0	0	0	0	0	0	0	12986061	
1	1	A	2	N	2500	2	1	145	75	18	15	21	0	0	0	0	0	0	0	0	0	0	0	0	12987481	
2	1	A	2	N	2500	6	40	315	91	19	15	23	0	0	0	0	0	0	0	0	0	0	0	0	12987840	
3	1	A	2	N	2500	6	40	255	104	22	17	27	0	0	0	0	0	0	0	0	0	0	0	0	12988167	
4	1	A	2	N	2500	6	40	290	102	21	17	27	0	0	0	0	0	0	0	0	0	0	0	0	12988230	
5	1	A	2	N	2500	0	1	226	53	10	7	9	0	0	0	0	0	0	0	0	0	0	0	0	12988682	
6	1	A	2	N	2500	0	40	307	96	17	13	21	0	0	0	0	0	0	0	0	0	0	0	0	12988776	
7	1	A	2	N	2500	0	40	373	144	30	23	34	0	0	0	0	0	0	0	0	0	0	0	0	12988822	
8	1	A	2	N	2500	0	1	152	84	14	12	20	0	0	0	0	0	0	0	0	0	0	0	0	12989493	
9	1	A	2	N	2500	0	40	334	114	30	23	33	0	0	0	0	0	0	0	0	0	0	0	0	12989556	
10	1	A	2	N	2500	0	40	329	120	27	22	31	0	0	0	0	0	0	0	0	0	0	0	0	12989727	
11	1	A	2	N	2500	0	40	236	116	33	23	31	0	0	0	0	0	0	0	0	0	0	0	0	12989868	
12	1	A	2	N	2500	0	1	240	74	16	12	17	0	0	0	0	0	0	0	0	0	0	0	0	12989883	
13	1	A	2	N	2500	0	1	147	34	4	4	7	0	0	0	0	0	0	0	0	0	0	0	0	12989977	
14	1	A	2	N	2500	0	1	228	94	22	15	25	0	0	0	0	0	0	0	0	0	0	0	0	12990289	
15	1	A	2	N	2500	0	1	50	9	2	2	4	0	0	0	0	0	0	0	0	0	0	0	0	12990975	
16	1	A	2	N	2500	0	1	92	76	32	41	79	0	0	0	0	0	0	0	0	0	0	0	0	12991350	
17	1	A	4	N	2500	6	40	327	115	26	19	28	0	0	0	0	0	0	0	0	0	0	0	0	13014328	
18	1	A	4	N	2500	6	40	377	128	32	22	33	0	0	0	0	0	0	0	0	0	0	0	0	13014547	
19	1	A	4	N	2500	2	1	448	134	30	23	37	0	0	0	0	0	0	0	0	0	0	0	0	13018525	
20	1	A	6	N	2500	6	40	214	135	40	28	40	0	0	0	0	0	0	0	0	0	0	0	0	13043064	
21	1	A	6	N	2500	6	40	235	118	33	28	41	0	0	0	0	0	0	0	0	0	0	0	0	13043391	
22	1	A	6	N	2500	6	40	394	145	34	27	46	0	0	0	0	0	0	0	0	0	0	0	0	13043454	
23	1	A	6	N	2500	0	40	300	131	37	26	34	0	0	0	0	0	0	0	0	0	0	0	0	13043610	
24	1	A	6	N	2500	0	40	269	110	25	21	38	0	0	0	0	0	0	0	0	0	0	0	0	13043656	
25	1	A	6	N	2500	0	40	269	105	24	22	32	0	0	0	0	0	0	0	0	0	0	0	0	13043734	
26	1	A	6	N	2500	0	40	206	141	40	31	44	0	0	0	0	0	0	0	0	0	0	0	0	13044156	
27	1	A	6	N	2500	0	40	309	112	27	20	28	0	0	0	0	0	0	0	0	0	0	0	0	13044280	
28	1	A	6	N	2500	0	1	167	95	26	22	32	0	0	0	0	0	0	0	0	0	0	0	0	13044421	
29	1	A	6	N	2500	0	1	54	15	6	1	2	0	0	0	0	0	0	0	0	0	0	0	0	13044639	
30	1	A	6	N	2500	0	1	229	94	27	21	35	0	0	0	0	0	0	0	0	0	0	0	0	13044670	
31	1	A	6	N	2500	0	40	243	126	33	30	44	0	0	0	0	0	0	0	0	0	0	0	0	13045092	
32	1	A	6	N	2500	0	40	296	123	36	28	39	0	0	0	0	0	0	0	0	0	0	0	0	13045435	
33	1	A	6	N	2500	0	40	310	130	37	32	42	0	0	0	0	0	0	0	0	0	0	0	0	13045560	
34	1	A	6	N	2500	0	40	211	127	37	33	46	0	0	0	0	0	0	0	0	0	0	0	0	13045747	
35	1	A	6	N	2500	0	40	273	112	26	24	36	0	0	0	0	0	0	0	0	0	0	0	0	13045934	
36	1	A	6	N	2500	0	1	101	24	7	1	2	0	0	0	0	0	0	0	0	0	0	0	0	13045981	
37	1	A	6	N	2500	0	1	69	18	8	2	5	0	0	0	0	0	0	0	0	0	0	0	0	13046090	
38	1	A	6	N	2500	0	40	227	128	32	28	37	0	0	0	0	0	0	0	0	0	0	0	0	13046293	
39	1	A	6	N	2500	0	40	257	131	37	31	43	0	0	0	0	0	0	0	0	0	0	0	0	13046433	
40	1	A	6	N	2500	0	40	387	146	43	33	43	0	0	0	0	0	0	0	0	0	0	0	0	13046511	
41	1	A	6	N	2500	0	40	358	143	32	28	42	0	0	0	0	0	0	0	0	0	0	0	0	13046979	
42	1	A	6	N	2500	0	40	303	128	33	28	41	0	0	0	0	0	0	0	0	0	0	0	0	13047260	
43	1	A	6	N	2500	0	40	308	149	36	29	41	0	0	0	0	0	0	0	0	0	0	0	0	13047307	
44	1	A	6	N	2500	0	40	329	124	31	26	36	0	0	0	0	0	0	0	0	0	0	0	0	13047400	
45	1	A	6	N	2500	0	40	245	126	41	35	49	0	0	0	0	0	0	0	0	0	0	0	0	13047432	
46	1	A	6	N	2500	0	40	306	158	45	38	52	0	0	0	0	0	0	0	0	0	0	0	0	13047634	
47	1	A	6	N	2500	0	40	208	125	40	30	43	0	0	0	0	0	0	0	0	0	0	0	0	13048352	
48	1	A	6	N	2500	0	40	310	114	29	21	29	0	0	0	0	0	0	0	0	0	0	0	0	13048680	
49	1	A	6	N	2500	0	40	510	205	53	45	64	0	0	0	0	0	0	0	0	0	0	0	0	13049226	
50	1	A	8	N	2500	2	1	185	105	35	27	36	0	0	0	0	0	0	0	0	0	0	0	0	13071752	
51	1	A	8	N	2500	2	1	192	111	27	22	32	0	0	0	0	0	0	0	0	0	0	0	0	13073031	
52	1	A	8	N	2500	2	1	171	106	24	23	33	0	0	0	0	0	0	0	0	0	0	0	0	13073343	
53	1	A	8	N	2500	6	40	314	118	29	26	39	0	0	0	0	0	0	0	0	0	0	0	0	13074903	
54	1	A	8	N	2500	6	40	223	161	47	42	67	0	0	0	0	0	0	0	0	0	0	0	0	13075059	
55	1	A	8	N	2500	6	40	286	117	31	24	39	0	0	0	0	0	0	0	0	0	0	0	0	13075293	
56	1	A	8	N	2500	0	1	141	59	10	7	11	0	0	0	0	0	0	0	0	0	0	0	0	13076432	
57	1	A	8	N	2500	0	1	202	106	26	20	33	0	0	0	0	0	0	0	0	0	0	0	0	13077930	
58	1	A	9	N	2500	2	1	70	31	5	0	0	0	0	0	0	0	0	0	0	0	0	0	0	13086073	
59	1	A	10	N	2500	2	1	115	58	15	11	16	0	0	0	0	0	0	0	0	0	0	0	0	13100503	
60	1	A	10	N	2500	2	1	153	113	28	22	30	0	0	0	0	0	0	0	0	0	0	0	0	13101018	
61	1	A	10	N	2500	6	40	358	114	21	17	34	0	0	0	0	0	0	0	0	0	0	0	0	13101486	
62	1	A	10	N	2500	6	40	426	142	32	23	41	0	0	0	0	0	0	0	0	0	0	0	0	13101798	
63	1	A	10	N	2500	6	40	357	123	27	20	29	0	0	0	0	0	0	0	0	0	0	0	0	13101923	
64	1	A	10	N	2500	0	40	321	110	22	18	29	0	0	0	0	0	0	0	0	0	0	0	0	13102016	
65	1	A	10	N	2500	0	40	342	109	27	19	31	0	0	0	0	0	0	0	0	0	0	0	0	13102235	
66	1	A	10	N	2500	0	40	275	103	22	22	33	0	0	0	0	0	0	0	0	0	0	0	0	13102344	
67	1	A	10	N	2500	0	1	139	62	13	11	14	0	0	0	0	0	0	0	0	0	0	0	0	13102453	
68	1	A	10	N	2500	0	40	291	122	27	22	32	0	0	0	0	0	0	0	0	0	0	0	0	13102531	
69	1	A	10	N	2500	0	40	230	102	32	22	30	0	0	0	0	0	0	0	0	0	0	0	0	13102531	
70	1	A	10	N	2500	0	40	323	128	27	21	26	0	0	0	0	0	0	0	0	0	0	0	0	13102812	
71	1	A	10	N	2500	0	40	362	136	39	31	41	0	0	0	0	0	0	0	0	0	0	0	0	13103061	
72	1	A	10	N	2500	0	40	361	151	31	23	38	0	0	0	0	0	0	0	0	0	0	0	0	13103093	
73	1	A	10	N	2500	0	40	251	114	29	22	33	0	0	0	0	0	0	0	0	0	0	0	0	13103202	
74	1	A	10	N	2500	0	40	352	128	25	20	33	0	0	0	0	0	0	0	0	0	0	0	0	13103327	
75	1	A	10	N	2500	0	1	80	32	13	3	8	0	0	0	0	0	0	0	0	0	0	0	0	13103436	
76	1	A	10	N	2500	0	40	251	130	30	25	34	0	0	0	0	0	0	0	0	0	0	0	0	13103451	
77	1	A	10	N	2500	0	40	233	127	34	26	34	0	0	0	0	0	0	0	0	0	0	0	0	13103483	
78	1	A	10	N	2500	0	40	397	139	34	28	40	0	0	0	0	0	0	0	0	0	0	0	0	13103498	
79	1	A	10	N	2500	0	40	383	140	34	25	41	0	0	0	0	0	0	0	0	0	0	0	0	13103592	
80	1	A	10	N	2500	0	40	360	121	26	23	27	0	0	0	0	0	0	0	0	0	0	0	0	13103623	
81	1	A	10	N	2500	0	40	356	121	27	22	33	0	0	0	0	0	0	0	0	0	0	0	0	13103623	
82	1	A	10	N	2500	0	40	231	119	32	26	37	0	0	0	0	0	0	0	0	0	0	0	0	13103639	
83	1	A	10	N	2500	0	40	236	131	30	26	37	0	0	0	0	0	0	0	0	0	0	0	0	13103654	
84	1	A	10	N	2500	0	1	206	90	19	15	23	0	0	0	0	0	0	0	0	0	0	0	0	13103670	
85	1	A	10	N	2500	0	40	387	111	25	24	41	0	0	0	0	0	0	0	0	0	0	0	0	13103779	
86	1	A	10	N	2500	0	40	327	104	19	16	26	0	0	0	0	0	0	0	0	0	0	0	0	13103826	
87	1	A	10	N	2500	0	1	455	140	27	21	32	0	0	0	0	0	0	0	0	0	0	0	0	13103857	
88	1	A	10	N	2500	0	40	292	110	31	28	45	0	0	0	0	0	0	0	0	0	0	0	0	13104075	
89	1	A	10	N	2500	0	40	182	121	28	22	34	0	0	0	0	0	0	0	0	0	0	0	0	13104091	
90	1	A	10	N	2500	0	40	202	124	26	22	29	0	0	0	0	0	0	0	0	0	0	0	0	13104200	
91	1	A	10	N	2500	0	1	231	67	13	12	18	0	0	0	0	0	0	0	0	0	0	0	0	13104419	
92	1	A	10	N	2500	0	40	398	151	31	27	39	0	0	0	0	0	0	0	0	0	0	0	0	13104450	
93	1	A	10	N	2500	0	1	249	94	22	15	24	0	0	0	0	0	0	0	0	0	0	0	0	13104465	
94	1	A	10	N	2500	0	40	366	113	24	20	29	0	0	0	0	0	0	0	0	0	0	0	0	13104481	
95	1	A	10	N	2500	0	1	217	100	27	23	38	0	0	0	0	0	0	0	0	0	0	0	0	13104590	
96	1	A	10	N	2500	0	40	395	156	30	27	43	0	0	0	0	0	0	0	0	0	0	0	0	13104653	
97	1	A	10	N	2500	0	40	343	137	31	26	34	0	0	0	0	0	0	0	0	0	0	0	0	13104731	
98	1	A	10	N	2500	0	1	523	152	31	24	40	0	0	0	0	0	0	0	0	0	0	0	0	13104777	
99	1	A	10	N	2500	0	1	73	16	3	2	3	0	0	0	0	0	0	0	0	0	0	0	0	13104793	
100	1	A	10	N	2500	0	1	121	72	17	16	25	0	0	0	0	0	0	0	0	0	0	0	0	13104793	
101	1	A	10	N	2500	0	1	192	72	17	15	21	0	0	0	0	0	0	0	0	0	0	0	0	13104840	
102	1	A	10	N	2500	0	40	343	104	19	17	25	0	0	0	0	0	0	0	0	0	0	0	0	13104996	
103	1	A	10	N	2500	0	40	360	133	33	25	31	0	0	0	0	0	0	0	0	0	0	0	0	13105105	
104	1	A	10	N	2500	0	1	284	69	13	11	17	0	0	0	0	0	0	0	0	0	0	0	0	13105152	
105	1	A	10	N	2500	0	40	447	152	32	30	44	0	0	0	0	0	0	0	0	0	0	0	0	13105167	
106	1	A	10	N	2500	0	40	357	144	33	23	34	0	0	0	0	0	0	0	0	0	0	0	0	13105214	
107	1	A	10	N	2500	0	1	385	81	16	13	21	0	0	0	0	0	0	0	0	0	0	0	0	13105339	
108	1	A	10	N	2500	0	40	231	127	31	23	33	0	0	0	0	0	0	0	0	0	0	0	0	13105355	
109	1	A	10	N	2500	0	40	218	121	22	20	27	0	0	0	0	0	0	0	0	0	0	0	0	13105401	
110	1	A	10	N	2500	0	40	254	95	21	17	28	0	0	0	0	0	0	0	0	0	0	0	0	13105542	
111	1	A	10	N	2500	0	1	202	67	11	9	14	0	0	0	0	0	0	0	0	0	0	0	0	13105667	
112	1	A	10	N	2500	0	40	300	103	22	18	28	0	0	0	0	0	0	0	0	0	0	0	0	13105713	
113	1	A	10	N	2500	0	40	245	123	32	24	35	0	0	0	0	0	0	0	0	0	0	0	0	13105963	
114	1	A	10	N	2500	0	1	180	111	26	23	38	0	0	0	0	0	0	0	0	0	0	0	0	13106119	
115	1	A	10	N	2500	0	40	364	138	31	24	31	0	0	0	0	0	0	0	0	0	0	0	0	13106166	
116	1	A	10	N	2500	0	40	343	118	26	20	35	0	0	0	0	0	0	0	0	0	0	0	0	13106181	
117	1	A	10	N	2500	0	40	308	108	23	17	23	0	0	0	0	0	0	0	0	0	0	0	0	13106228	
118	1	A	10	N	2500	0	40	262	92	22	18	26	0	0	0	0	0	0	0	0	0	0	0	0	13106384	
119	1	A	10	N	2500	0	1	52	20	4	5	11	0	0	0	0	0	0	0	0	0	0	0	0	13106634	
120	1	A	10	N	2500	0	40	382	131	29	24	39	0	0	0	0	0	0	0	0	0	0	0	0	13106681	
121	1	A	10	N	2500	0	40	274	129	32	22	34	0	0	0	0	0	0	0	0	0	0	0	0	13106696	
122	1	A	10	N	2500	0	1	227	72	16	14	23	0	0	0	0	0	0	0	0	0	0	0	0	13106930	
123	1	A	10	N	2500	0	40	401	114	18	16	24	0	0	0	0	0	0	0	0	0	0	0	0	13107164	
124	1	A	11	N	2500	2	1	66	52	14	0	1	0	0	0	0	0	0	0	0	0	0	0	0	13114793	
125	1	A	11	N	2500	6	40	301	116	26	22	33	0	0	0	0	0	0	0	0	0	0	0	0	13115791	
126	1	A	11	N	2500	6	40	307	98	19	15	19	0	0	0	0	0	0	0	0	0	0	0	0	13117398	
127	1	A	11	N	2500	2	1	92	19	1	0	12	0	0	0	0	0	0	0	0	0	0	0	0	13119379	
128	1	A	12	N	2500	6	40	206	143	39	27	40	0	0	0	0	0	0	0	0	0	0	0	0	13129223	
129	1	A	12	N	2500	2	1	52	11	2	1	2	0	0	0	0	0	0	0	0	0	0	0	0	13129472	
130	1	A	12	N	2500	6	40	293	134	33	26	35	0	0	0	0	0	0	0	0	0	0	0	0	13129815	
131	1	A	12	N	2500	6	40	356	146	36	30	49	0	0	0	0	0	0	0	0	0	0	0	0	13130003	
132	1	A	12	N	2500	0	1	135	63	13	12	19	0	0	0	0	0	0	0	0	0	0	0	0	13130143	
133	1	A	12	N	2500	0	40	324	122	32	22	35	0	0	0	0	0	0	0	0	0	0	0	0	13130159	
134	1	A	12	N	2500	0	1	186	106	28	19	30	0	0	0	0	0	0	0	0	0	0	0	0	13130315	
135	1	A	12	N	2500	0	40	287	133	39	36	48	0	0	0	0	0	0	0	0	0	0	0	0	13130346	
136	1	A	12	N	2500	0	1	78	47	13	6	9	0	0	0	0	0	0	0	0	0	0	0	0	13130424	
137	1	A	12	N	2500	0	40	236	119	47	37	52	0	0	0	0	0	0	0	0	0	0	0	0	13131485	
138	1	A	12	N	2500	0	40	383	150	38	30	42	0	0	0	0	0	0	0	0	0	0	0	0	13131594	
139	1	A	12	N	2500	0	40	313	116	30	23	31	0	0	0	0	0	0	0	0	0	0	0	0	13131828	
140	1	A	12	N	2500	0	1	102	22	2	1	5	0	0	0	0	0	0	0	0	0	0	0	0	13132015	
141	1	A	12	N	2500	0	40	253	139	53	44	65	0	0	0	0	0	0	0	0	0	0	0	0	13132327	
142	1	A	12	N	2500	0	40	322	128	35	30	46	0	0	0	0	0	0	0	0	0	0	0	0	13132561	
143	1	A	12	N	2500	0	40	221	136	36	31	38	0	0	0	0	0	0	0	0	0	0	0	0	13132795	
144	1	A	12	N	2500	0	40	219	121	33	27	36	0	0	0	0	0	0	0	0	0	0	0	0	13132795	
145	1	A	12	N	2500	0	1	184	104	28	20	26	0	0	0	0	0	0	0	0	0	0	0	0	13132842	
146	1	A	12	N	2500	0	40	233	132	33	28	42	0	0	0	0	0	0	0	0	0	0	0	0	13132967	
147	1	A	12	N	2500	0	40	381	145	38	34	47	0	0	0	0	0	0	0	0	0	0	0	0	13133201	
148	1	A	12	N	2500	0	40	337	140	33	25	36	0	0	0	0	0	0	0	0	0	0	0	0	13133325	
149	1	A	12	N	2500	0	40	335	123	30	22	30	0	0	0	0	0	0	0	0	0	0	0	0	13133435	
150	1	A	12	N	2500	0	40	380	129	32	29	43	0	0	0	0	0	0	0	0	0	0	0	0	13133528	
151	1	A	12	N	2500	0	40	372	146	37	29	39	0	0	0	0	0	0	0	0	0	0	0	0	13133575	
152	1	A	12	N	2500	0	40	318	122	29	22	30	0	0	0	0	0	0	0	0	0	0	0	0	13133918	
153	1	A	12	N	2500	0	40	279	112	32	25	35	0	0	0	0	0	0	0	0	0	0	0	0	13134168	
154	1	A	12	N	2500	0	2	160	127	35	29	40	0	0	0	0	0	0	0	0	0	0	0	0	13134761	
155	1	A	12	N	2500	0	1	206	66	10	9	11	0	0	0	0	0	0	0	0	0	0	0	0	13134885	
156	1	A	12	N	2500	0	40	341	123	34	28	35	0	0	0	0	0	0	0	0	0	0	0	0	13135447	
157	1	A	12	N	2500	0	1	119	40	7	7	12	0	0	0	0	0	0	0	0	0	0	0	0	13135603	
158	1	A	12	N	2500	0	40	368	152	45	34	48	0	0	0	0	0	0	0	0	0	0	0	0	13136399	
159	1	B	1	N	2500	6	40	285	131	34	30	48	0	0	0	0	0	0	0	0	0	0	0	0	13145244	
160	1	B	2	N	2500	6	40	225	129	31	25	39	0	0	0	0	0	0	0	0	0	0	0	0	13159689	
161	1	B	2	N	2500	6	40	382	142	39	31	44	0	0	0	0	0	0	0	0	0	0	0	0	13159721	
162	1	B	2	N	2500	6	40	355	147	41	32	45	0	0	0	0	0	0	0	0	0	0	0	0	13160033	
163	1	B	2	N	2500	0	40	328	128	30	26	40	0	0	0	0	0	0	0	0	0	0	0	0	13160079	
164	1	B	2	N	2500	0	40	380	150	38	33	51	0	0	0	0	0	0	0	0	0	0	0	0	13160189	
165	1	B	2	N	2500	0	40	369	142	35	30	44	0	0	0	0	0	0	0	0	0	0	0	0	13160204	
166	1	B	2	N	2500	0	40	330	128	34	31	42	0	0	0	0	0	0	0	0	0	0	0	0	13160313	
167	1	B	2	N	2500	0	40	203	140	37	33	42	0	0	0	0	0	0	0	0	0	0	0	0	13160345	
168	1	B	2	N	2500	0	40	368	125	31	24	41	0	0	0	0	0	0	0	0	0	0	0	0	13160501	
169	1	B	2	N	2500	0	40	313	110	25	20	31	0	0	0	0	0	0	0	0	0	0	0	0	13160969	
170	1	B	2	N	2500	0	1	112	28	6	4	7	0	0	0	0	0	0	0	0	0	0	0	0	13161000	
171	1	B	2	N	2500	0	1	179	69	16	13	22	0	0	0	0	0	0	0	0	0	0	0	0	13161000	
172	1	B	2	N	2500	0	40	326	123	32	25	43	0	0	0	0	0	0	0	0	0	0	0	0	13161015	
173	1	B	2	N	2500	0	40	442	162	43	36	55	0	0	0	0	0	0	0	0	0	0	0	0	13161156	
174	1	B	2	N	2500	0	40	308	123	29	27	45	0	0	0	0	0	0	0	0	0	0	0	0	13161187	
175	1	B	2	N	2500	0	40	346	135	34	29	44	0	0	0	0	0	0	0	0	0	0	0	0	13161374	
176	1	B	2	N	2500	0	40	330	138	34	29	44	0	0	0	0	0	0	0	0	0	0	0	0	13161437	
177	1	B	2	N	2500	0	40	241	117	33	30	47	0	0	0	0	0	0	0	0	0	0	0	0	13161452	
178	1	B	2	N	2500	0	40	321	119	33	23	36	0	0	0	0	0	0	0	0	0	0	0	0	13161515	
179	1	B	2	N	2500	0	1	180	99	38	32	50	0	0	0	0	0	0	0	0	0	0	0	0	13161515	
180	1	B	2	N	2500	0	40	317	117	27	21	36	0	0	0	0	0	0	0	0	0	0	0	0	13161546	
181	1	B	2	N	2500	0	40	219	136	38	35	52	0	0	0	0	0	0	0	0	0	0	0	0	13161702	
182	1	B	2	N	2500	0	1	131	113	31	30	43	0	0	0	0	0	0	0	0	0	0	0	0	13161717	
183	1	B	2	N	2500	0	40	368	149	43	37	55	0	0	0	0	0	0	0	0	0	0	0	0	13161749	
184	1	B	2	N	2500	0	40	337	129	36	27	41	0	0	0	0	0	0	0	0	0	0	0	0	13161764	
185	1	B	2	N	2500	0	40	197	110	33	31	45	0	0	0	0	0	0	0	0	0	0	0	0	13161936	
186	1	B	2	N	2500	0	1	112	58	18	12	19	0	0	0	0	0	0	0	0	0	0	0	0	13161936	
187	1	B	2	N	2500	0	1	105	49	11	13	18	0	0	0	0	0	0	0	0	0	0	0	0	13161951	
188	1	B	2	N	2500	0	40	371	142	40	33	47	0	0	0	0	0	0	0	0	0	0	0	0	13161951	
189	1	B	2	N	2500	0	40	310	121	32	25	40	0	0	0	0	0	0	0	0	0	0	0	0	13161967	
190	1	B	2	N	2500	0	40	344	134	39	30	45	0	0	0	0	0	0	0	0	0	0	0	0	13161967	
191	1	B	2	N	2500	0	40	369	132	34	28	40	0	0	0	0	0	0	0	0	0	0	0	0	13161983	
192	1	B	2	N	2500	0	40	449	166	47	38	55	0	0	0	0	0	0	0	0	0	0	0	0	13161998	
193	1	B	2	N	2500	0	40	368	155	39	35	58	0	0	0	0	0	0	0	0	0	0	0	0	13162029	
194	1	B	2	N	2500	0	40	265	121	30	28	37	0	0	0	0	0	0	0	0	0	0	0	0	13162045	
195	1	B	2	N	2500	0	1	126	33	8	6	11	0	0	0	0	0	0	0	0	0	0	0	0	13162217	
196	1	B	2	N	2500	0	1	202	77	19	17	28	0	0	0	0	0	0	0	0	0	0	0	0	13162217	
197	1	B	2	N	2500	0	40	339	114	30	26	37	0	0	0	0	0	0	0	0	0	0	0	0	13162326	
198	1	B	2	N	2500	0	40	235	122	33	30	41	0	0	0	0	0	0	0	0	0	0	0	0	13162419	
199	1	B	2	N	2500	0	40	318	123	31	24	34	0	0	0	0	0	0	0	0	0	0	0	0	13162419	
200	1	B	2	N	2500	0	40	293	115	34	29	46	0	0	0	0	0	0	0	0	0	0	0	0	13162482	
201	1	B	2	N	2500	0	40	328	138	36	30	47	0	0	0	0	0	0	0	0	0	0	0	0	13162685	
202	1	B	2	N	2500	0	40	323	127	31	28	41	0	0	0	0	0	0	0	0	0	0	0	0	13162716	
203	1	B	2	N	2500	0	40	206	124	36	31	43	0	0	0	0	0	0	0	0	0	0	0	0	13162731	
204	1	B	2	N	2500	0	1	227	92	24	21	30	0	0	0	0	0	0	0	0	0	0	0	0	13162778	
205	1	B	2	N	2500	0	1	81	33	7	7	13	0	0	0	0	0	0	0	0	0	0	0	0	13162778	
206	1	B	2	N	2500	0	40	224	109	31	28	39	0	0	0	0	0	0	0	0	0	0	0	0	13162809	
207	1	B	2	N	2500	0	40	229	149	41	34	46	0	0	0	0	0	0	0	0	0	0	0	0	13162809	
208	1	B	2	N	2500	0	1	54	11	3	4	11	0	0	0	0	0	0	0	0	0	0	0	0	13162903	
209	1	B	2	N	2500	0	40	387	141	41	30	41	0	0	0	0	0	0	0	0	0	0	0	0	13162919	
210	1	B	2	N	2500	0	40	325	151	35	30	48	0	0	0	0	0	0	0	0	0	0	0	0	13162934	
211	1	B	2	N	2500	0	40	305	118	29	26	46	0	0	0	0	0	0	0	0	0	0	0	0	13162934	
212	1	B	2	N	2500	0	40	261	145	38	37	51	0	0	0	0	0	0	0	0	0	0	0	0	13162965	
213	1	B	2	N	2500	0	40	440	158	47	37	50	0	0	0	0	0	0	0	0	0	0	0	0	13162965	
214	1	B	2	N	2500	0	40	303	102	24	21	34	0	0	0	0	0	0	0	0	0	0	0	0	13163012	
215	1	B	2	N	2500	0	40	343	129	37	29	42	0	0	0	0	0	0	0	0	0	0	0	0	13163059	
216	1	B	2	N	2500	0	40	374	126	31	24	35	0	0	0	0	0	0	0	0	0	0	0	0	13163106	
217	1	B	2	N	2500	0	40	213	122	37	32	43	0	0	0	0	0	0	0	0	0	0	0	0	13163137	
218	1	B	2	N	2500	0	40	406	141	38	32	50	0	0	0	0	0	0	0	0	0	0	0	0	13163153	
219	1	B	2	N	2500	0	40	232	115	27	23	35	0	0	0	0	0	0	0	0	0	0	0	0	13163340	
220	1	B	2	N	2500	0	1	64	13	3	5	13	0	0	0	0	0	0	0	0	0	0	0	0	13163340	
221	1	B	2	N	2500	0	40	324	122	30	25	35	0	0	0	0	0	0	0	0	0	0	0	0	13163355	
222	1	B	2	N	2500	0	40	271	146	43	43	69	0	0	0	0	0	0	0	0	0	0	0	0	13163496	
223	1	B	2	N	2500	0	40	368	137	35	28	42	0	0	0	0	0	0	0	0	0	0	0	0	13163543	
224	1	B	2	N	2500	0	40	326	147	45	40	64	0	0	0	0	0	0	0	0	0	0	0	0	13163543	
225	1	B	2	N	2500	0	40	205	127	37	34	49	0	0	0	0	0	0	0	0	0	0	0	0	13163558	
226	1	B	2	N	2500	0	40	336	115	29	26	34	0	0	0	0	0	0	0	0	0	0	0	0	13163574	
227	1	B	2	N	2500	0	40	383	148	40	32	51	0	0	0	0	0	0	0	0	0	0	0	0	13163636	
228	1	B	2	N	2500	0	40	194	131	40	32	44	0	0	0	0	0	0	0	0	0	0	0	0	13163683	
229	1	B	2	N	2500	0	40	387	145	39	29	45	0	0	0	0	0	0	0	0	0	0	0	0	13163823	
230	1	B	2	N	2500	0	40	327	132	34	30	45	0	0	0	0	0	0	0	0	0	0	0	0	13164089	
231	1	B	2	N	2500	0	40	175	116	34	29	40	0	0	0	0	0	0	0	0	0	0	0	0	13164089	
232	1	B	2	N	2500	0	40	491	167	41	36	47	0	0	0	0	0	0	0	0	0	0	0	0	13164120	
233	1	B	2	N	2500	0	40	303	118	31	25	35	0	0	0	0	0	0	0	0	0	0	0	0	13164151	
234	1	B	2	N	2500	0	40	358	137	40	32	46	0	0	0	0	0	0	0	0	0	0	0	0	13164245	
235	1	B	2	N	2500	0	40	368	135	33	26	42	0	0	0	0	0	0	0	0	0	0	0	0	13164260	
236	1	B	2	N	2500	0	40	192	128	33	30	43	0	0	0	0	0	0	0	0	0	0	0	0	13164260	
237	1	B	2	N	2500	0	40	214	145	43	42	73	0	0	0	0	0	0	0	0	0	0	0	0	13164260	
238	1	B	2	N	2500	0	40	310	121	31	22	37	0	0	0	0	0	0	0	0	0	0	0	0	13164338	
239	1	B	2	N	2500	0	40	398	160	45	39	56	0	0	0	0	0	0	0	0	0	0	0	0	13164354	
240	1	B	2	N	2500	0	40	365	136	35	29	44	0	0	0	0	0	0	0	0	0	0	0	0	13164354	
241	1	B	2	N	2500	0	40	276	128	32	30	47	0	0	0	0	0	0	0	0	0	0	0	0	13164385	
242	1	B	2	N	2500	0	40	205	111	34	27	42	0	0	0	0	0	0	0	0	0	0	0	0	13164385	
243	1	B	2	N	2500	0	40	352	128	35	32	47	0	0	0	0	0	0	0	0	0	0	0	0	13164416	
244	1	B	2	N	2500	0	40	328	110	27	21	35	0	0	0	0	0	0	0	0	0	0	0	0	13164447	
245	1	B	2	N	2500	0	40	347	131	34	28	43	0	0	0	0	0	0	0	0	0	0	0	0	13164479	
246	1	B	2	N	2500	0	40	350	131	36	32	50	0	0	0	0	0	0	0	0	0	0	0	0	13164525	
247	1	B	2	N	2500	0	40	390	149	35	30	44	0	0	0	0	0	0	0	0	0	0	0	0	13164525	
248	1	B	2	N	2500	0	40	368	144	44	35	54	0	0	0	0	0	0	0	0	0	0	0	0	13164588	
249	1	B	2	N	2500	0	40	342	120	28	25	33	0	0	0	0	0	0	0	0	0	0	0	0	13164728	
250	1	B	2	N	2500	0	40	232	115	27	23	36	0	0	0	0	0	0	0	0	0	0	0	0	13164759	
251	1	B	2	N	2500	0	40	413	172	48	37	49	0	0	0	0	0	0	0	0	0	0	0	0	13164806	
252	1	B	2	N	2500	0	40	211	128	31	29	37	0	0	0	0	0	0	0	0	0	0	0	0	13164822	
253	1	B	2	N	2500	0	40	412	142	37	32	49	0	0	0	0	0	0	0	0	0	0	0	0	13164837	
254	1	B	2	N	2500	0	40	340	135	35	31	47	0	0	0	0	0	0	0	0	0	0	0	0	13164900	
255	1	B	2	N	2500	0	40	319	113	30	24	35	0	0	0	0	0	0	0	0	0	0	0	0	13164931	
256	1	B	2	N	2500	0	1	51	17	8	10	19	0	0	0	0	0	0	0	0	0	0	0	0	13165009	
257	1	B	2	N	2500	0	40	319	122	28	24	37	0	0	0	0	0	0	0	0	0	0	0	0	13165071	
258	1	B	2	N	2500	0	40	308	123	30	28	41	0	0	0	0	0	0	0	0	0	0	0	0	13165071	
259	1	B	2	N	2500	0	40	436	177	43	36	54	0	0	0	0	0	0	0	0	0	0	0	0	13165087	
260	1	B	2	N	2500	0	40	228	137	36	34	48	0	0	0	0	0	0	0	0	0	0	0	0	13165103	
261	1	B	2	N	2500	0	40	347	132	32	26	42	0	0	0	0	0	0	0	0	0	0	0	0	13165337	
262	1	B	2	N	2500	0	40	352	140	35	32	45	0	0	0	0	0	0	0	0	0	0	0	0	13165337	
263	1	B	2	N	2500	0	40	246	144	41	34	53	0	0	0	0	0	0	0	0	0	0	0	0	13165337	
264	1	B	2	N	2500	0	40	358	140	35	28	40	0	0	0	0	0	0	0	0	0	0	0	0	13165352	
265	1	B	2	N	2500	0	40	344	129	30	25	38	0	0	0	0	0	0	0	0	0	0	0	0	13165477	
266	1	B	2	N	2500	0	40	289	117	33	29	39	0	0	0	0	0	0	0	0	0	0	0	0	13165555	
267	1	B	2	N	2500	0	40	428	176	50	40	64	0	0	0	0	0	0	0	0	0	0	0	0	13165820	
268	1	B	2	N	2500	0	1	61	13	5	7	18	0	0	0	0	0	0	0	0	0	0	0	0	13165945	
269	1	B	2	N	2500	0	40	356	141	37	29	43	0	0	0	0	0	0	0	0	0	0	0	0	13166241	
270	1	B	2	N	2500	0	1	144	118	32	30	42	0	0	0	0	0	0	0	0	0	0	0	0	13166678	
271	1	B	3	N	2500	6	40	293	149	41	37	62	0	0	0	0	0	0	0	0	0	0	0	0	13174353	
272	1	B	3	N	2500	6	40	250	123	32	27	44	0	0	0	0	0	0	0	0	0	0	0	0	13175149	
273	1	B	3	N	2500	2	1	58	16	8	1	1	0	0	0	0	0	0	0	0	0	0	0	0	13175633	
274	1	B	3	N	2500	6	40	292	130	34	27	37	0	0	0	0	0	0	0	0	0	0	0	0	13175757	
275	1	B	3	N	2500	0	40	369	129	33	28	43	0	0	0	0	0	0	0	0	0	0	0	0	13178612	
276	1	B	3	N	2500	0	1	53	11	3	2	5	0	0	0	0	0	0	0	0	0	0	0	0	13179283	
277	1	B	3	N	2500	0	1	205	95	21	19	27	0	0	0	0	0	0	0	0	0	0	0	0	13179283	
278	1	B	4	N	2500	2	1	106	29	10	2	0	0	0	0	0	0	0	0	0	0	0	0	0	13187894	
279	1	B	4	N	2500	2	1	50	12	3	0	2	0	0	0	0	0	0	0	0	0	0	0	0	13187957	
280	1	B	4	N	2500	6	40	321	134	28	24	35	0	0	0	0	0	0	0	0	0	0	0	0	13188050	
281	1	B	4	N	2500	2	1	86	56	5	0	2	0	0	0	0	0	0	0	0	0	0	0	0	13188113	
282	1	B	4	N	2500	6	40	406	160	37	30	42	0	0	0	0	0	0	0	0	0	0	0	0	13189517	
283	1	B	4	N	2500	2	1	56	14	5	1	1	0	0	0	0	0	0	0	0	0	0	0	0	13189641	
284	1	B	4	N	2500	6	40	325	113	25	19	26	0	0	0	0	0	0	0	0	0	0	0	0	13190016	
285	1	B	4	N	2500	0	40	329	125	30	24	32	0	0	0	0	0	0	0	0	0	0	0	0	13190172	
286	1	B	4	N	2500	0	40	259	147	37	33	49	0	0	0	0	0	0	0	0	0	0	0	0	13190577	
287	1	B	4	N	2500	0	40	372	137	35	30	44	0	0	0	0	0	0	0	0	0	0	0	0	13190640	
288	1	B	4	N	2500	0	40	173	124	32	25	33	0	0	0	0	0	0	0	0	0	0	0	0	13190889	
289	1	B	4	N	2500	0	40	318	118	29	19	29	0	0	0	0	0	0	0	0	0	0	0	0	13191092	
290	1	B	4	N	2500	0	40	287	133	38	33	49	0	0	0	0	0	0	0	0	0	0	0	0	13191170	
291	1	B	4	N	2500	0	40	364	131	35	28	41	0	0	0	0	0	0	0	0	0	0	0	0	13191342	
292	1	B	4	N	2500	0	1	201	106	25	21	29	0	0	0	0	0	0	0	0	0	0	0	0	13191451	
293	1	B	4	N	2500	0	1	177	42	6	5	10	0	0	0	0	0	0	0	0	0	0	0	0	13191623	
294	1	B	4	N	2500	0	40	296	101	28	19	31	0	0	0	0	0	0	0	0	0	0	0	0	13192122	
295	1	B	4	N	2500	0	40	304	143	37	27	37	0	0	0	0	0	0	0	0	0	0	0	0	13192761	
296	1	B	4	N	2500	0	40	425	153	40	28	37	0	0	0	0	0	0	0	0	0	0	0	0	13192824	
297	1	B	4	N	2500	0	40	255	136	38	29	42	0	0	0	0	0	0	0	0	0	0	0	0	13192902	
298	1	B	4	N	2500	0	1	134	80	20	17	24	0	0	0	0	0	0	0	0	0	0	0	0	13193401	
299	1	B	4	N	2500	0	1	85	23	5	4	4	0	0	0	0	0	0	0	0	0	0	0	0	13193401	
300	1	B	4	N	2500	0	40	459	201	53	45	67	0	0	0	0	0	0	0	0	0	0	0	0	13193573	
301	1	B	6	N	2500	6	40	411	156	36	26	38	0	0	0	0	0	0	0	0	0	0	0	0	13216801	
302	1	B	6	N	2500	2	1	52	20	7	1	2	0	0	0	0	0	0	0	0	0	0	0	0	13217300	
303	1	B	6	N	2500	2	1	65	17	4	1	2	0	0	0	0	0	0	0	0	0	0	0	0	13217534	
304	1	B	6	N	2500	2	1	252	92	23	19	27	0	0	0	0	0	0	0	0	0	0	0	0	13217878	
305	1	B	6	N	2500	6	40	347	132	33	26	35	0	0	0	0	0	0	0	0	0	0	0	0	13218642	
306	1	B	6	N	2500	2	2	150	126	42	27	39	0	0	0	0	0	0	0	0	0	0	0	0	13218689	
307	1	B	6	N	2500	6	40	390	161	41	32	48	0	0	0	0	0	0	0	0	0	0	0	0	13218720	
308	1	B	6	N	2500	0	40	350	147	36	26	35	0	0	0	0	0	0	0	0	0	0	0	0	13219079	
309	1	B	6	N	2500	0	40	282	109	33	23	35	0	0	0	0	0	0	0	0	0	0	0	0	13219110	
310	1	B	6	N	2500	0	1	76	29	11	3	4	0	0	0	0	0	0	0	0	0	0	0	0	13219250	
311	1	B	6	N	2500	0	2	146	128	34	25	38	0	0	0	0	0	0	0	0	0	0	0	0	13219453	
312	1	B	6	N	2500	0	40	349	153	36	30	46	0	0	0	0	0	0	0	0	0	0	0	0	13219843	
313	1	B	6	N	2500	0	40	235	144	40	25	37	0	0	0	0	0	0	0	0	0	0	0	0	13219859	
314	1	B	6	N	2500	0	1	65	11	4	6	14	0	0	0	0	0	0	0	0	0	0	0	0	13219874	
315	1	B	6	N	2500	0	40	244	139	35	24	35	0	0	0	0	0	0	0	0	0	0	0	0	13219921	
316	1	B	6	N	2500	0	40	351	136	29	21	39	0	0	0	0	0	0	0	0	0	0	0	0	13220155	
317	1	B	6	N	2500	0	40	316	125	32	24	35	0	0	0	0	0	0	0	0	0	0	0	0	13220327	
318	1	B	6	N	2500	0	1	150	61	13	9	13	0	0	0	0	0	0	0	0	0	0	0	0	13220405	
319	1	B	6	N	2500	0	1	217	102	21	17	24	0	0	0	0	0	0	0	0	0	0	0	0	13220436	
320	1	B	6	N	2500	0	40	355	140	32	25	36	0	0	0	0	0	0	0	0	0	0	0	0	13220686	
321	1	B	6	N	2500	0	40	305	116	26	19	29	0	0	0	0	0	0	0	0	0	0	0	0	13221154	
322	1	B	6	N	2500	0	40	296	144	33	26	40	0	0	0	0	0	0	0	0	0	0	0	0	13221294	
323	1	B	6	N	2500	0	40	429	143	36	27	45	0	0	0	0	0	0	0	0	0	0	0	0	13221497	
324	1	B	6	N	2500	0	40	392	167	41	32	52	0	0	0	0	0	0	0	0	0	0	0	0	13221980	
325	1	B	6	N	2500	0	40	361	136	34	22	31	0	0	0	0	0	0	0	0	0	0	0	0	13222090	
326	1	B	6	N	2500	0	40	316	131	30	23	31	0	0	0	0	0	0	0	0	0	0	0	0	13222370	
327	1	B	6	N	2500	0	40	255	117	34	25	36	0	0	0	0	0	0	0	0	0	0	0	0	13222558	
328	1	B	6	N	2500	0	40	237	144	39	29	44	0	0	0	0	0	0	0	0	0	0	0	0	13222604	
329	1	B	6	N	2500	0	1	93	20	4	5	10	0	0	0	0	0	0	0	0	0	0	0	0	13222948	
330	1	B	6	N	2500	0	40	287	100	27	19	30	0	0	0	0	0	0	0	0	0	0	0	0	13223150	
331	1	B	6	N	2500	0	40	332	125	30	18	28	0	0	0	0	0	0	0	0	0	0	0	0	13223244	
332	1	B	6	N	2500	0	40	327	110	25	18	29	0	0	0	0	0	0	0	0	0	0	0	0	13223665	
333	1	B	7	N	2500	2	1	58	23	10	1	2	0	0	0	0	0	0	0	0	0	0	0	0	13235818	
334	1	B	7	N	2500	2	1	52	21	9	2	5	0	0	0	0	0	0	0	0	0	0	0	0	13237799	
335	1	B	8	N	2500	2	1	82	36	12	5	8	0	0	0	0	0	0	0	0	0	0	0	0	13246067	
336	1	B	8	N	2500	8	40	285	97	22	19	34	0	0	0	0	0	0	0	0	0	0	0	0	13246270	
337	1	B	8	N	2500	6	40	225	128	34	25	37	0	0	0	0	0	0	0	0	0	0	0	0	13246301	
338	1	B	8	N	2500	6	40	198	131	34	29	42	0	0	0	0	0	0	0	0	0	0	0	0	13246332	
339	1	B	8	N	2500	2	1	278	85	16	13	21	0	0	0	0	0	0	0	0	0	0	0	0	13247050	
340	1	B	8	N	2500	2	1	65	19	9	2	4	0	0	0	0	0	0	0	0	0	0	0	0	13247268	
341	1	B	8	N	2500	6	40	183	123	28	24	31	0	0	0	0	0	0	0	0	0	0	0	0	13247377	
342	1	B	8	N	2500	0	40	266	102	24	19	30	0	0	0	0	0	0	0	0	0	0	0	0	13247783	
343	1	B	8	N	2500	0	40	270	102	19	16	22	0	0	0	0	0	0	0	0	0	0	0	0	13247814	
344	1	B	8	N	2500	0	40	417	152	43	38	56	0	0	0	0	0	0	0	0	0	0	0	0	13247954	
345	1	B	8	N	2500	0	1	165	102	30	22	28	0	0	0	0	0	0	0	0	0	0	0	0	13248469	
346	1	B	8	N	2500	0	40	355	119	28	22	32	0	0	0	0	0	0	0	0	0	0	0	0	13248516	
347	1	B	8	N	2500	0	40	245	121	34	30	38	0	0	0	0	0	0	0	0	0	0	0	0	13248594	
348	1	B	8	N	2500	0	40	221	111	27	22	29	0	0	0	0	0	0	0	0	0	0	0	0	13248734	
349	1	B	8	N	2500	0	1	209	101	22	18	29	0	0	0	0	0	0	0	0	0	0	0	0	13248937	
350	1	B	8	N	2500	0	40	381	125	31	24	37	0	0	0	0	0	0	0	0	0	0	0	0	13249218	
351	1	B	8	N	2500	0	40	332	109	22	18	23	0	0	0	0	0	0	0	0	0	0	0	0	13249265	
352	1	B	8	N	2500	0	40	359	134	35	28	38	0	0	0	0	0	0	0	0	0	0	0	0	13249405	
353	1	B	8	N	2500	0	40	187	127	33	27	39	0	0	0	0	0	0	0	0	0	0	0	0	13249858	
354	1	B	8	N	2500	0	1	177	43	11	8	11	0	0	0	0	0	0	0	0	0	0	0	0	13250138	
355	1	B	8	N	2500	0	1	123	49	10	10	15	0	0	0	0	0	0	0	0	0	0	0	0	13250138	
356	1	B	8	N	2500	0	40	399	137	31	24	38	0	0	0	0	0	0	0	0	0	0	0	0	13250170	
357	1	B	8	N	2500	0	40	185	121	29	23	31	0	0	0	0	0	0	0	0	0	0	0	0	13250794	
358	1	B	8	N	2500	0	1	161	111	25	21	33	0	0	0	0	0	0	0	0	0	0	0	0	13251012	
359	1	B	8	N	2500	0	40	202	111	31	22	33	0	0	0	0	0	0	0	0	0	0	0	0	13251464	
360	1	B	8	N	2500	0	40	341	130	33	26	39	0	0	0	0	0	0	0	0	0	0	0	0	13251761	
361	1	B	9	N	2500	2	1	59	31	13	15	30	0	0	0	0	0	0	0	0	0	0	0	0	13264428	
362	1	B	10	N	2500	2	1	52	16	5	1	2	0	0	0	0	0	0	0	0	0	0	0	0	13274272	
363	1	B	10	N	2500	6	40	196	113	25	21	31	0	0	0	0	0	0	0	0	0	0	0	0	13274318	
364	1	B	10	N	2500	6	40	169	121	35	28	41	0	0	0	0	0	0	0	0	0	0	0	0	13275488	
365	1	B	10	N	2500	6	40	321	118	31	23	41	0	0	0	0	0	0	0	0	0	0	0	0	13275691	
366	1	B	10	N	2500	0	1	270	86	16	13	20	0	0	0	0	0	0	0	0	0	0	0	0	13275722	
367	1	B	10	N	2500	0	1	116	71	19	17	23	0	0	0	0	0	0	0	0	0	0	0	0	13276409	
368	1	B	10	N	2500	0	1	93	17	5	4	7	0	0	0	0	0	0	0	0	0	0	0	0	13276409	
369	1	B	10	N	2500	0	1	198	94	28	20	25	0	0	0	0	0	0	0	0	0	0	0	0	13276440	
370	1	B	10	N	2500	0	40	321	111	29	21	37	0	0	0	0	0	0	0	0	0	0	0	0	13276518	
371	1	B	10	N	2500	0	40	221	131	39	33	44	0	0	0	0	0	0	0	0	0	0	0	0	13276752	
372	1	B	10	N	2500	0	1	205	97	29	24	32	0	0	0	0	0	0	0	0	0	0	0	0	13276752	
373	1	B	10	N	2500	0	40	342	142	35	30	48	0	0	0	0	0	0	0	0	0	0	0	0	13276768	
374	1	B	10	N	2500	0	40	315	125	30	24	32	0	0	0	0	0	0	0	0	0	0	0	0	13276955	
375	1	B	10	N	2500	0	40	313	108	25	20	31	0	0	0	0	0	0	0	0	0	0	0	0	13277392	
376	1	B	10	N	2500	0	40	292	106	32	23	34	0	0	0	0	0	0	0	0	0	0	0	0	13277688	
377	1	B	10	N	2500	0	40	322	150	39	30	42	0	0	0	0	0	0	0	0	0	0	0	0	13278062	
378	1	B	10	N	2500	0	40	234	115	32	25	41	0	0	0	0	0	0	0	0	0	0	0	0	13278374	
379	1	B	10	N	2500	0	40	224	145	36	29	42	0	0	0	0	0	0	0	0	0	0	0	0	13278452	
380	1	B	10	N	2500	0	40	314	115	30	21	30	0	0	0	0	0	0	0	0	0	0	0	0	13278577	
381	1	B	10	N	2500	0	40	223	124	32	25	39	0	0	0	0	0	0	0	0	0	0	0	0	13278764	
382	1	B	10	N	2500	0	40	385	130	33	24	34	0	0	0	0	0	0	0	0	0	0	0	0	13278764	
383	1	B	10	N	2500	0	1	165	91	19	15	24	0	0	0	0	0	0	0	0	0	0	0	0	13278827	
384	1	B	10	N	2500	0	1	120	70	17	14	21	0	0	0	0	0	0	0	0	0	0	0	0	13279030	
385	1	B	10	N	2500	0	1	148	117	32	28	44	0	0	0	0	0	0	0	0	0	0	0	0	13279264	
386	1	B	10	N	2500	0	40	292	93	22	16	24	0	0	0	0	0	0	0	0	0	0	0	0	13279404	
387	1	B	10	N	2500	0	1	150	92	23	16	24	0	0	0	0	0	0	0	0	0	0	0	0	13279622	
388	1	B	10	N	2500	0	1	223	64	11	9	16	0	0	0	0	0	0	0	0	0	0	0	0	13279950	
389	1	B	10	N	2500	0	40	285	113	27	21	28	0	0	0	0	0	0	0	0	0	0	0	0	13280262	
390	1	B	11	N	2500	2	1	68	29	7	9	18	0	0	0	0	0	0	0	0	0	0	0	0	13293865	
391	1	B	12	N	2500	2	1	77	22	6	2	5	0	0	0	0	0	0	0	0	0	0	0	0	13303444	
392	1	B	12	N	2500	6	40	313	118	29	25	36	0	0	0	0	0	0	0	0	0	0	0	0	13303506	
393	1	B	12	N	2500	6	40	256	140	37	32	46	0	0	0	0	0	0	0	0	0	0	0	0	13304146	
394	1	B	12	N	2500	6	40	295	114	27	24	33	0	0	0	0	0	0	0	0	0	0	0	0	13304520	
395	1	B	12	N	2500	0	40	323	144	40	32	46	0	0	0	0	0	0	0	0	0	0	0	0	13304551	
396	1	B	12	N	2500	0	40	202	129	33	28	41	0	0	0	0	0	0	0	0	0	0	0	0	13304738	
397	1	B	12	N	2500	0	40	436	174	40	38	53	0	0	0	0	0	0	0	0	0	0	0	0	13304863	
398	1	B	12	N	2500	0	40	348	140	33	29	40	0	0	0	0	0	0	0	0	0	0	0	0	13304894	
399	1	B	12	N	2500	0	40	246	117	34	29	42	0	0	0	0	0	0	0	0	0	0	0	0	13304926	
400	1	B	12	N	2500	0	40	203	122	31	23	35	0	0	0	0	0	0	0	0	0	0	0	0	13305128	
401	1	B	12	N	2500	0	40	342	146	37	35	53	0	0	0	0	0	0	0	0	0	0	0	0	13305191	
402	1	B	12	N	2500	0	40	361	139	35	29	45	0	0	0	0	0	0	0	0	0	0	0	0	13305347	
403	1	B	12	N	2500	0	1	212	95	24	15	26	0	0	0	0	0	0	0	0	0	0	0	0	13305752	
404	1	B	12	N	2500	0	40	245	114	31	31	44	0	0	0	0	0	0	0	0	0	0	0	0	13305924	
405	1	B	12	N	2500	0	40	340	136	35	30	42	0	0	0	0	0	0	0	0	0	0	0	0	13305955	
406	1	B	12	N	2500	0	40	339	127	29	27	42	0	0	0	0	0	0	0	0	0	0	0	0	13306142	
407	1	B	12	N	2500	0	40	365	160	41	36	65	0	0	0	0	0	0	0	0	0	0	0	0	13306345	
408	1	B	12	N	2500	0	40	213	109	32	29	38	0	0	0	0	0	0	0	0	0	0	0	0	13306532	
409	1	B	12	N	2500	0	40	309	126	37	32	52	0	0	0	0	0	0	0	0	0	0	0	0	13306642	
410	1	B	12	N	2500	0	40	319	122	29	26	39	0	0	0	0	0	0	0	0	0	0	0	0	13306938	
411	1	B	12	N	2500	0	40	341	131	33	29	47	0	0	0	0	0	0	0	0	0	0	0	0	13306985	
412	1	B	12	N	2500	0	40	302	118	28	21	31	0	0	0	0	0	0	0	0	0	0	0	0	13307203	
413	1	B	12	N	2500	0	40	386	142	36	33	55	0	0	0	0	0	0	0	0	0	0	0	0	13307312	
414	1	B	12	N	2500	0	1	69	11	3	4	10	0	0	0	0	0	0	0	0	0	0	0	0	13307453	
415	1	B	12	N	2500	0	40	396	159	45	36	59	0	0	0	0	0	0	0	0	0	0	0	0	13307578	
416	1	B	12	N	2500	0	40	219	131	36	31	44	0	0	0	0	0	0	0	0	0	0	0	0	13307983	
417	1	B	12	N	2500	0	40	179	129	34	28	42	0	0	0	0	0	0	0	0	0	0	0	0	13308030	
418	1	B	12	N	2500	0	40	239	109	34	27	38	0	0	0	0	0	0	0	0	0	0	0	0	13308124	
419	1	B	12	N	2500	0	40	271	126	31	26	32	0	0	0	0	0	0	0	0	0	0	0	0	13308404	
420	1	B	12	N	2500	0	40	403	153	42	37	56	0	0	0	0	0	0	0	0	0	0	0	0	13308576	
421	1	B	12	N	2500	0	1	180	111	31	25	37	0	0	0	0	0	0	0	0	0	0	0	0	13308982	
422	1	B	12	N	2500	0	40	348	137	36	30	44	0	0	0	0	0	0	0	0	0	0	0	0	13309216	
423	1	B	12	N	2500	0	40	321	113	34	28	38	0	0	0	0	0	0	0	0	0	0	0	0	13310120	
424	1	C	2	N	2500	6	40	168	121	42	32	41	0	0	0	0	0	0	0	0	0	0	0	0	13333879	
425	1	C	2	N	2500	6	40	296	107	27	19	27	0	0	0	0	0	0	0	0	0	0	0	0	13333895	
426	1	C	2	N	2500	2	1	231	97	23	18	26	0	0	0	0	0	0	0	0	0	0	0	0	13334269	
427	1	C	2	N	2500	6	40	282	136	37	31	47	0	0	0	0	0	0	0	0	0	0	0	0	13334706	
428	1	C	2	N	2500	0	40	265	116	30	24	35	0	0	0	0	0	0	0	0	0	0	0	0	13335268	
429	1	C	2	N	2500	0	1	254	86	21	16	27	0	0	0	0	0	0	0	0	0	0	0	0	13336126	
430	1	C	2	N	2500	0	1	209	68	18	14	20	0	0	0	0	0	0	0	0	0	0	0	0	13336173	
431	1	C	2	N	2500	0	1	55	36	11	10	13	0	0	0	0	0	0	0	0	0	0	0	0	13336173	
432	1	C	2	N	2500	0	40	351	116	23	18	26	0	0	0	0	0	0	0	0	0	0	0	0	13336251	
433	1	C	2	N	2500	0	40	314	114	29	20	29	0	0	0	0	0	0	0	0	0	0	0	0	13336251	
434	1	C	2	N	2500	0	40	275	106	25	19	26	0	0	0	0	0	0	0	0	0	0	0	0	13336344	
435	1	C	2	N	2500	0	40	212	128	33	29	42	0	0	0	0	0	0	0	0	0	0	0	0	13336656	
436	1	C	2	N	2500	0	1	54	12	2	3	7	0	0	0	0	0	0	0	0	0	0	0	0	13336906	
437	1	C	2	N	2500	0	40	320	125	32	24	34	0	0	0	0	0	0	0	0	0	0	0	0	13337436	
438	1	C	2	N	2500	0	1	472	153	38	27	38	0	0	0	0	0	0	0	0	0	0	0	0	13337452	
439	1	C	2	N	2500	0	40	338	138	34	28	36	0	0	0	0	0	0	0	0	0	0	0	0	13338107	
440	1	C	2	N	2500	0	40	210	126	35	30	40	0	0	0	0	0	0	0	0	0	0	0	0	13338185	
441	1	C	2	N	2500	0	40	224	110	29	24	32	0	0	0	0	0	0	0	0	0	0	0	0	13338216	
442	1	C	2	N	2500	0	40	320	115	29	23	31	0	0	0	0	0	0	0	0	0	0	0	0	13338325	
443	1	C	2	N	2500	0	40	272	122	33	27	38	0	0	0	0	0	0	0	0	0	0	0	0	13338388	
444	1	C	2	N	2500	0	40	345	121	29	23	34	0	0	0	0	0	0	0	0	0	0	0	0	13340104	
445	1	C	2	N	2500	0	40	311	108	27	22	35	0	0	0	0	0	0	0	0	0	0	0	0	13340244	
446	1	C	2	N	2500	0	40	248	127	36	27	35	0	0	0	0	0	0	0	0	0	0	0	0	13340369	
447	1	C	2	N	2500	0	40	315	103	25	20	29	0	0	0	0	0	0	0	0	0	0	0	0	13340525	
448	1	C	3	N	2500	2	1	50	14	3	1	2	0	0	0	0	0	0	0	0	0	0	0	0	13349667	
449	1	C	4	N	2500	6	40	265	125	31	29	43	0	0	0	0	0	0	0	0	0	0	0	0	13362349	
450	1	C	4	N	2500	6	40	224	122	29	24	34	0	0	0	0	0	0	0	0	0	0	0	0	13362942	
451	1	C	4	N	2500	6	40	294	108	26	21	36	0	0	0	0	0	0	0	0	0	0	0	0	13363036	
452	1	C	4	N	2500	0	40	305	118	26	23	35	0	0	0	0	0	0	0	0	0	0	0	0	13363363	
453	1	C	4	N	2500	0	40	332	107	27	23	37	0	0	0	0	0	0	0	0	0	0	0	0	13363519	
454	1	C	4	N	2500	0	40	261	116	31	26	37	0	0	0	0	0	0	0	0	0	0	0	0	13363597	
455	1	C	4	N	2500	0	1	234	84	21	17	29	0	0	0	0	0	0	0	0	0	0	0	0	13363769	
456	1	C	4	N	2500	0	40	322	130	36	33	44	0	0	0	0	0	0	0	0	0	0	0	0	13363800	
457	1	C	4	N	2500	0	40	330	116	27	25	40	0	0	0	0	0	0	0	0	0	0	0	0	13363909	
458	1	C	4	N	2500	0	1	172	93	19	16	24	0	0	0	0	0	0	0	0	0	0	0	0	13364206	
459	1	C	4	N	2500	0	40	174	129	35	31	43	0	0	0	0	0	0	0	0	0	0	0	0	13364565	
460	1	C	4	N	2500	0	40	318	124	34	26	36	0	0	0	0	0	0	0	0	0	0	0	0	13364736	
461	1	C	4	N	2500	0	1	183	99	23	19	27	0	0	0	0	0	0	0	0	0	0	0	0	13364767	
462	1	C	4	N	2500	0	1	76	59	18	13	24	0	0	0	0	0	0	0	0	0	0	0	0	13364814	
463	1	C	4	N	2500	0	1	202	104	21	17	27	0	0	0	0	0	0	0	0	0	0	0	0	13364845	
464	1	C	4	N	2500	0	1	176	45	9	10	18	0	0	0	0	0	0	0	0	0	0	0	0	13364877	
465	1	C	4	N	2500	0	1	200	75	17	14	18	0	0	0	0	0	0	0	0	0	0	0	0	13364877	
466	1	C	4	N	2500	0	40	257	110	26	24	33	0	0	0	0	0	0	0	0	0	0	0	0	13365391	
467	1	C	4	N	2500	0	1	159	102	25	20	32	0	0	0	0	0	0	0	0	0	0	0	0	13365563	
468	1	C	4	N	2500	0	40	341	136	30	26	36	0	0	0	0	0	0	0	0	0	0	0	0	13365719	
469	1	C	4	N	2500	0	1	166	115	28	25	34	0	0	0	0	0	0	0	0	0	0	0	0	13365984	
470	1	C	4	N	2500	0	40	188	113	26	24	31	0	0	0	0	0	0	0	0	0	0	0	0	13366312	
471	1	C	4	N	2500	0	40	276	94	20	17	24	0	0	0	0	0	0	0	0	0	0	0	0	13366374	
472	1	C	4	N	2500	0	40	387	118	30	24	37	0	0	0	0	0	0	0	0	0	0	0	0	13366951	
473	1	C	4	N	2500	0	40	232	143	35	31	45	0	0	0	0	0	0	0	0	0	0	0	0	13367107	
474	1	C	4	N	2500	0	40	257	123	26	22	33	0	0	0	0	0	0	0	0	0	0	0	0	13367107	
475	1	C	4	N	2500	0	40	336	121	27	19	30	0	0	0	0	0	0	0	0	0	0	0	0	13367232	
476	1	C	4	N	2500	0	40	348	107	25	20	27	0	0	0	0	0	0	0	0	0	0	0	0	13367373	
477	1	C	4	N	2500	0	1	181	86	17	13	24	0	0	0	0	0	0	0	0	0	0	0	0	13367513	
478	1	C	4	N	2500	0	40	324	109	23	19	28	0	0	0	0	0	0	0	0	0	0	0	0	13367622	
479	1	C	4	N	2500	0	40	315	118	29	21	31	0	0	0	0	0	0	0	0	0	0	0	0	13367638	
480	1	C	4	N	2500	0	1	145	77	15	12	17	0	0	0	0	0	0	0	0	0	0	0	0	13367887	
481	1	C	4	N	2500	0	40	296	117	26	20	31	0	0	0	0	0	0	0	0	0	0	0	0	13367919	
482	1	C	4	N	2500	0	1	117	44	9	8	14	0	0	0	0	0	0	0	0	0	0	0	0	13368106	
483	1	C	4	N	2500	0	1	74	58	3	0	1	0	0	0	0	0	0	0	0	0	0	0	0	13368948	
484	1	C	5	N	2500	6	40	211	120	31	26	32	0	0	0	0	0	0	0	0	0	0	0	0	13381366	
485	1	C	6	N	2500	6	40	326	117	24	17	24	0	0	0	0	0	0	0	0	0	0	0	0	13391085	
486	1	C	6	N	2500	2	1	81	64	25	0	2	0	0	0	0	0	0	0	0	0	0	0	0	13391241	
487	1	C	6	N	2500	2	1	186	110	25	20	29	0	0	0	0	0	0	0	0	0	0	0	0	13391443	
488	1	C	6	N	2500	6	40	294	113	28	21	29	0	0	0	0	0	0	0	0	0	0	0	0	13391865	
489	1	C	6	N	2500	6	40	344	126	30	22	33	0	0	0	0	0	0	0	0	0	0	0	0	13392442	
490	1	C	6	N	2500	0	40	283	106	29	22	37	0	0	0	0	0	0	0	0	0	0	0	0	13392551	
491	1	C	6	N	2500	0	1	232	68	19	13	21	0	0	0	0	0	0	0	0	0	0	0	0	13392629	
492	1	C	6	N	2500	0	1	150	44	8	8	13	0	0	0	0	0	0	0	0	0	0	0	0	13392629	
493	1	C	6	N	2500	0	2	167	120	35	25	34	0	0	0	0	0	0	0	0	0	0	0	0	13392879	
494	1	C	6	N	2500	0	40	287	104	24	20	27	0	0	0	0	0	0	0	0	0	0	0	0	13393050	
495	1	C	6	N	2500	0	40	280	104	28	19	32	0	0	0	0	0	0	0	0	0	0	0	0	13393081	
496	1	C	6	N	2500	0	1	113	54	14	10	19	0	0	0	0	0	0	0	0	0	0	0	0	13393222	
497	1	C	6	N	2500	0	1	65	37	7	5	9	0	0	0	0	0	0	0	0	0	0	0	0	13393222	
498	1	C	6	N	2500	0	1	167	114	28	23	31	0	0	0	0	0	0	0	0	0	0	0	0	13393331	
499	1	C	6	N	2500	0	1	201	97	28	19	32	0	0	0	0	0	0	0	0	0	0	0	0	13393518	
500	1	C	6	N	2500	0	1	165	109	23	17	22	0	0	0	0	0	0	0	0	0	0	0	0	13393581	
501	1	C	6	N	2500	0	1	161	93	26	21	28	0	0	0	0	0	0	0	0	0	0	0	0	13393596	
502	1	C	6	N	2500	0	40	294	112	26	21	33	0	0	0	0	0	0	0	0	0	0	0	0	13393659	
503	1	C	6	N	2500	0	40	215	128	38	28	39	0	0	0	0	0	0	0	0	0	0	0	0	13393659	
504	1	C	6	N	2500	0	40	341	119	28	23	34	0	0	0	0	0	0	0	0	0	0	0	0	13393830	
505	1	C	6	N	2500	0	1	176	106	27	20	31	0	0	0	0	0	0	0	0	0	0	0	0	13393846	
506	1	C	6	N	2500	0	1	85	30	7	6	6	0	0	0	0	0	0	0	0	0	0	0	0	13393939	
507	1	C	6	N	2500	0	1	190	81	22	17	25	0	0	0	0	0	0	0	0	0	0	0	0	13393939	
508	1	C	6	N	2500	0	40	294	106	23	18	28	0	0	0	0	0	0	0	0	0	0	0	0	13394080	
509	1	C	6	N	2500	0	40	183	126	39	32	49	0	0	0	0	0	0	0	0	0	0	0	0	13394236	
510	1	C	6	N	2500	0	40	266	101	28	21	32	0	0	0	0	0	0	0	0	0	0	0	0	13394298	
511	1	C	6	N	2500	0	40	306	110	25	18	34	0	0	0	0	0	0	0	0	0	0	0	0	13394376	
512	1	C	6	N	2500	0	40	287	118	29	24	35	0	0	0	0	0	0	0	0	0	0	0	0	13394751	
513	1	C	6	N	2500	0	1	167	77	26	21	31	0	0	0	0	0	0	0	0	0	0	0	0	13394985	
514	1	C	6	N	2500	0	1	82	37	8	7	12	0	0	0	0	0	0	0	0	0	0	0	0	13395063	
515	1	C	6	N	2500	0	1	148	41	9	7	9	0	0	0	0	0	0	0	0	0	0	0	0	13395063	
516	1	C	6	N	2500	0	40	332	134	35	29	45	0	0	0	0	0	0	0	0	0	0	0	0	13395749	
517	1	C	6	N	2500	0	40	194	123	35	25	35	0	0	0	0	0	0	0	0	0	0	0	0	13395905	
518	1	C	6	N	2500	0	1	168	76	26	19	28	0	0	0	0	0	0	0	0	0	0	0	0	13396123	
519	1	C	6	N	2500	0	40	314	108	26	21	29	0	0	0	0	0	0	0	0	0	0	0	0	13396170	
520	1	C	7	N	2500	2	1	203	96	28	19	27	0	0	0	0	0	0	0	0	0	0	0	0	13407527	
521	1	C	8	N	2500	2	1	73	40	34	39	89	0	0	0	0	0	0	0	0	0	0	0	0	13419851	
522	1	C	8	N	2500	6	40	301	127	34	26	45	0	0	0	0	0	0	0	0	0	0	0	0	13420272	
523	1	C	8	N	2500	6	40	292	111	26	19	31	0	0	0	0	0	0	0	0	0	0	0	0	13420647	
524	1	C	8	N	2500	6	40	408	160	38	28	44	0	0	0	0	0	0	0	0	0	0	0	0	13421255	
525	1	C	8	N	2500	0	40	243	104	37	31	47	0	0	0	0	0	0	0	0	0	0	0	0	13421333	
526	1	C	8	N	2500	0	40	231	124	29	25	38	0	0	0	0	0	0	0	0	0	0	0	0	13421364	
527	1	C	8	N	2500	0	40	332	131	32	27	40	0	0	0	0	0	0	0	0	0	0	0	0	13421473	
528	1	C	8	N	2500	0	40	316	129	32	24	34	0	0	0	0	0	0	0	0	0	0	0	0	13421520	
529	1	C	8	N	2500	0	40	363	126	32	28	44	0	0	0	0	0	0	0	0	0	0	0	0	13421645	
530	1	C	8	N	2500	0	40	361	130	30	25	40	0	0	0	0	0	0	0	0	0	0	0	0	13421801	
531	1	C	8	N	2500	0	40	346	125	32	25	40	0	0	0	0	0	0	0	0	0	0	0	0	13422503	
532	1	C	8	N	2500	0	1	103	59	15	14	23	0	0	0	0	0	0	0	0	0	0	0	0	13422503	
533	1	C	8	N	2500	0	1	139	120	34	31	40	0	0	0	0	0	0	0	0	0	0	0	0	13422628	
534	1	C	8	N	2500	0	40	429	150	38	33	48	0	0	0	0	0	0	0	0	0	0	0	0	13423221	
535	1	C	8	N	2500	0	40	317	125	28	26	32	0	0	0	0	0	0	0	0	0	0	0	0	13423439	
536	1	C	8	N	2500	0	40	326	128	29	25	37	0	0	0	0	0	0	0	0	0	0	0	0	13423439	
537	1	C	8	N	2500	0	40	345	110	24	20	29	0	0	0	0	0	0	0	0	0	0	0	0	13423548	
538	1	C	8	N	2500	0	40	316	138	34	26	35	0	0	0	0	0	0	0	0	0	0	0	0	13423642	
539	1	C	8	N	2500	0	40	334	130	30	22	31	0	0	0	0	0	0	0	0	0	0	0	0	13424157	
540	1	C	8	N	2500	0	40	212	128	33	30	43	0	0	0	0	0	0	0	0	0	0	0	0	13424344	
541	1	C	8	N	2500	0	40	258	122	29	25	35	0	0	0	0	0	0	0	0	0	0	0	0	13424718	
542	1	C	8	N	2500	0	40	213	123	39	29	39	0	0	0	0	0	0	0	0	0	0	0	0	13424749	
543	1	C	8	N	2500	0	40	218	128	31	27	37	0	0	0	0	0	0	0	0	0	0	0	0	13424905	
544	1	C	8	N	2500	0	1	104	66	18	15	18	0	0	0	0	0	0	0	0	0	0	0	0	13425015	
545	1	C	8	N	2500	0	1	52	42	11	12	17	0	0	0	0	0	0	0	0	0	0	0	0	13425015	
546	1	C	8	N	2500	0	40	241	126	30	24	34	0	0	0	0	0	0	0	0	0	0	0	0	13425030	
547	1	C	8	N	2500	0	40	320	133	32	24	39	0	0	0	0	0	0	0	0	0	0	0	0	13425046	
548	1	C	8	N	2500	0	1	88	34	6	6	10	0	0	0	0	0	0	0	0	0	0	0	0	13425077	
549	1	C	8	N	2500	0	40	353	132	37	30	47	0	0	0	0	0	0	0	0	0	0	0	0	13425295	
550	1	C	8	N	2500	0	40	335	157	44	34	53	0	0	0	0	0	0	0	0	0	0	0	0	13425295	
551	1	C	8	N	2500	0	40	288	143	37	31	46	0	0	0	0	0	0	0	0	0	0	0	0	13425701	
552	1	C	8	N	2500	0	40	217	129	37	33	48	0	0	0	0	0	0	0	0	0	0	0	0	13425826	
553	1	C	8	N	2500	0	40	370	155	37	31	47	0	0	0	0	0	0	0	0	0	0	0	0	13425982	
554	1	C	9	N	2500	2	1	154	74	13	9	15	0	0	0	0	0	0	0	0	0	0	0	0	13435638	
555	1	C	10	N	2500	2	1	239	67	10	9	15	0	0	0	0	0	0	0	0	0	0	0	0	13450474	
556	1	C	10	N	2500	6	40	305	94	19	15	26	0	0	0	0	0	0	0	0	0	0	0	0	13451847	
557	1	C	10	N	2500	2	1	52	14	2	2	5	0	0	0	0	0	0	0	0	0	0	0	0	13453204	
558	1	C	10	N	2500	6	40	296	106	23	17	31	0	0	0	0	0	0	0	0	0	0	0	0	13453516	
559	1	C	10	N	2500	2	1	283	76	11	9	15	0	0	0	0	0	0	0	0	0	0	0	0	13455279	
560	1	C	10	N	2500	2	1	79	54	23	32	65	0	0	0	0	0	0	0	0	0	0	0	0	13456106	
561	1	C	12	N	2500	6	40	324	132	33	30	42	0	0	0	0	0	0	0	0	0	0	0	0	13477899	
562	1	C	12	N	2500	2	1	53	18	6	2	3	0	0	0	0	0	0	0	0	0	0	0	0	13478242	
563	1	C	12	N	2500	6	40	224	132	34	28	39	0	0	0	0	0	0	0	0	0	0	0	0	13478336	
564	1	C	12	N	2500	6	40	311	113	27	21	30	0	0	0	0	0	0	0	0	0	0	0	0	13478367	
565	1	C	12	N	2500	0	40	255	142	40	33	43	0	0	0	0	0	0	0	0	0	0	0	0	13478382	
566	1	C	12	N	2500	0	1	492	142	40	29	39	0	0	0	0	0	0	0	0	0	0	0	0	13478648	
567	1	C	12	N	2500	0	1	100	38	14	4	8	0	0	0	0	0	0	0	0	0	0	0	0	13478975	
568	1	C	12	N	2500	0	40	409	149	40	29	53	0	0	0	0	0	0	0	0	0	0	0	0	13479209	
569	1	C	12	N	2500	0	40	383	148	39	30	43	0	0	0	0	0	0	0	0	0	0	0	0	13479365	
570	1	C	12	N	2500	0	40	263	157	41	35	53	0	0	0	0	0	0	0	0	0	0	0	0	13479428	
571	1	C	12	N	2500	0	40	317	116	31	24	33	0	0	0	0	0	0	0	0	0	0	0	0	13479490	
572	1	C	12	N	2500	0	40	249	122	33	31	42	0	0	0	0	0	0	0	0	0	0	0	0	13479552	
573	1	C	12	N	2500	0	40	341	118	34	21	33	0	0	0	0	0	0	0	0	0	0	0	0	13480114	
574	1	C	12	N	2500	0	40	324	120	30	25	37	0	0	0	0	0	0	0	0	0	0	0	0	13480332	
575	1	C	12	N	2500	0	40	381	102	24	17	26	0	0	0	0	0	0	0	0	0	0	0	0	13480348	
576	1	C	12	N	2500	0	40	379	147	37	31	42	0	0	0	0	0	0	0	0	0	0	0	0	13480379	
577	1	C	12	N	2500	0	40	343	124	31	25	33	0	0	0	0	0	0	0	0	0	0	0	0	13480410	
578	1	C	12	N	2500	0	40	332	130	34	27	37	0	0	0	0	0	0	0	0	0	0	0	0	13480457	
579	1	C	12	N	2500	0	40	212	126	42	40	57	0	0	0	0	0	0	0	0	0	0	0	0	13480504	
580	1	C	12	N	2500	0	40	285	132	40	33	46	0	0	0	0	0	0	0	0	0	0	0	0	13480582	
581	1	C	12	N	2500	0	40	346	139	39	34	48	0	0	0	0	0	0	0	0	0	0	0	0	13480722	
582	1	C	12	N	2500	0	40	321	128	37	33	46	0	0	0	0	0	0	0	0	0	0	0	0	13480894	
583	1	C	12	N	2500	0	40	351	136	36	25	32	0	0	0	0	0	0	0	0	0	0	0	0	13481268	
584	1	C	12	N	2500	0	40	240	138	35	31	43	0	0	0	0	0	0	0	0	0	0	0	0	13481534	
585	1	C	12	N	2500	0	40	322	142	37	28	41	0	0	0	0	0	0	0	0	0	0	0	0	13481830	
586	1	C	12	N	2500	0	40	199	119	34	26	39	0	0	0	0	0	0	0	0	0	0	0	0	13481846	
587	1	C	12	N	2500	0	40	392	158	42	32	42	0	0	0	0	0	0	0	0	0	0	0	0	13482033	
588	1	C	12	N	2500	0	40	306	124	39	28	36	0	0	0	0	0	0	0	0	0	0	0	0	13482407	
589	1	C	12	N	2500	0	40	364	142	41	32	44	0	0	0	0	0	0	0	0	0	0	0	0	13482610	
590	1	C	12	N	2500	0	40	214	144	39	31	42	0	0	0	0	0	0	0	0	0	0	0	0	13482641	
591	1	C	12	N	2500	0	40	191	131	34	26	39	0	0	0	0	0	0	0	0	0	0	0	0	13482657	
592	1	C	12	N	2500	0	40	344	131	33	25	31	0	0	0	0	0	0	0	0	0	0	0	0	13482782	
593	1	C	12	N	2500	0	40	350	143	42	34	52	0	0	0	0	0	0	0	0	0	0	0	0	13482906	
594	1	C	12	N	2500	0	40	307	110	32	21	32	0	0	0	0	0	0	0	0	0	0	0	0	13483156	
595	1	C	12	N	2500	0	40	312	120	27	22	34	0	0	0	0	0	0	0	0	0	0	0	0	13483203	
596	1	C	12	N	2500	0	40	370	139	39	29	44	0	0	0	0	0	0	0	0	0	0	0	0	13483218	
597	1	C	12	N	2500	0	40	334	115	28	19	30	0	0	0	0	0	0	0	0	0	0	0	0	13483250	
598	1	C	12	N	2500	0	40	354	132	34	29	45	0	0	0	0	0	0	0	0	0	0	0	0	13483437	
599	1	C	12	N	2500	0	1	58	12	3	2	4	0	0	0	0	0	0	0	0	0	0	0	0	13483796	
600	1	C	12	N	2500	0	40	232	103	25	21	31	0	0	0	0	0	0	0	0	0	0	0	0	13483796	
601	1	C	12	N	2500	0	40	435	178	47	39	53	0	0	0	0	0	0	0	0	0	0	0	0	13485090	
602	1	C	12	N	2500	0	40	271	125	33	27	40	0	0	0	0	0	0	0	0	0	0	0	0	13485371	
603	1	D	1	N	2500	6	40	366	138	36	25	37	0	0	0	0	0	0	0	0	0	0	0	0	13494029	
604	1	D	1	N	2500	6	40	354	167	46	38	56	0	0	0	0	0	0	0	0	0	0	0	0	13498491	
605	1	D	2	N	2500	6	40	269	113	31	22	31	0	0	0	0	0	0	0	0	0	0	0	0	13508194	
606	1	D	2	N	2500	6	40	392	137	34	28	42	0	0	0	0	0	0	0	0	0	0	0	0	13508787	
607	1	D	2	N	2500	6	40	210	110	34	28	37	0	0	0	0	0	0	0	0	0	0	0	0	13509411	
608	1	D	2	N	2500	0	40	219	116	26	22	35	0	0	0	0	0	0	0	0	0	0	0	0	13509910	
609	1	D	2	N	2500	0	1	63	17	5	1	4	0	0	0	0	0	0	0	0	0	0	0	0	13510612	
610	1	D	2	N	2500	0	40	189	115	32	26	34	0	0	0	0	0	0	0	0	0	0	0	0	13510706	
611	1	D	2	N	2500	0	40	196	124	32	25	34	0	0	0	0	0	0	0	0	0	0	0	0	13511002	
612	1	D	2	N	2500	0	40	366	142	40	31	53	0	0	0	0	0	0	0	0	0	0	0	0	13511283	
613	1	D	2	N	2500	0	1	86	18	2	2	3	0	0	0	0	0	0	0	0	0	0	0	0	13511501	
614	1	D	2	N	2500	0	1	452	139	32	25	38	0	0	0	0	0	0	0	0	0	0	0	0	13511517	
615	1	D	2	N	2500	0	40	342	131	35	28	46	0	0	0	0	0	0	0	0	0	0	0	0	13511642	
616	1	D	2	N	2500	0	40	271	100	24	19	28	0	0	0	0	0	0	0	0	0	0	0	0	13511673	
617	1	D	2	N	2500	0	1	168	51	10	10	15	0	0	0	0	0	0	0	0	0	0	0	0	13511798	
618	1	D	2	N	2500	0	40	405	151	35	31	45	0	0	0	0	0	0	0	0	0	0	0	0	13512000	
619	1	D	2	N	2500	0	40	419	163	38	36	49	0	0	0	0	0	0	0	0	0	0	0	0	13513280	
620	1	D	2	N	2500	0	40	342	120	27	22	35	0	0	0	0	0	0	0	0	0	0	0	0	13513389	
621	1	D	2	N	2500	0	40	354	127	32	24	32	0	0	0	0	0	0	0	0	0	0	0	0	13513623	
622	1	D	4	N	2500	2	1	172	101	31	26	35	0	0	0	0	0	0	0	0	0	0	0	0	13537007	
623	1	D	4	N	2500	6	40	302	125	36	31	45	0	0	0	0	0	0	0	0	0	0	0	0	13537475	
624	1	D	4	N	2500	6	40	307	128	36	29	40	0	0	0	0	0	0	0	0	0	0	0	0	13537506	
625	1	D	4	N	2500	6	40	297	118	28	20	31	0	0	0	0	0	0	0	0	0	0	0	0	13537787	
626	1	D	4	N	2500	0	40	317	100	24	18	28	0	0	0	0	0	0	0	0	0	0	0	0	13538333	
627	1	D	4	N	2500	0	40	290	118	29	20	35	0	0	0	0	0	0	0	0	0	0	0	0	13538442	
628	1	D	4	N	2500	0	1	50	10	3	4	11	0	0	0	0	0	0	0	0	0	0	0	0	13539472	
629	1	D	4	N	2500	0	1	68	17	4	2	4	0	0	0	0	0	0	0	0	0	0	0	0	13539737	
630	1	D	4	N	2500	0	40	329	128	32	25	35	0	0	0	0	0	0	0	0	0	0	0	0	13539815	
631	1	D	4	N	2500	0	40	223	112	24	19	26	0	0	0	0	0	0	0	0	0	0	0	0	13540236	
632	1	D	4	N	2500	0	40	230	160	47	38	60	0	0	0	0	0	0	0	0	0	0	0	0	13540299	
633	1	D	4	N	2500	0	40	216	122	35	26	34	0	0	0	0	0	0	0	0	0	0	0	0	13540361	
634	1	D	4	N	2500	0	40	472	176	45	32	48	0	0	0	0	0	0	0	0	0	0	0	0	13540377	
635	1	D	4	N	2500	0	40	199	121	26	20	27	0	0	0	0	0	0	0	0	0	0	0	0	13542779	
636	1	D	4	N	2500	0	40	300	107	24	18	25	0	0	0	0	0	0	0	0	0	0	0	0	13542966	
637	1	D	6	N	2500	2	1	56	28	6	0	0	0	0	0	0	0	0	0	0	0	0	0	0	13565789	
638	1	D	6	N	2500	6	40	202	110	28	18	27	0	0	0	0	0	0	0	0	0	0	0	0	13565883	
639	1	D	6	N	2500	2	1	110	46	15	7	14	0	0	0	0	0	0	0	0	0	0	0	0	13566398	
640	1	D	6	N	2500	6	40	237	138	38	31	42	0	0	0	0	0	0	0	0	0	0	0	0	13566569	
641	1	D	6	N	2500	6	40	363	143	35	29	42	0	0	0	0	0	0	0	0	0	0	0	0	13567131	
642	1	D	6	N	2500	0	40	330	118	30	24	33	0	0	0	0	0	0	0	0	0	0	0	0	13567864	
643	1	D	6	N	2500	0	40	235	128	33	28	38	0	0	0	0	0	0	0	0	0	0	0	0	13568488	
644	1	D	6	N	2500	0	40	321	131	33	28	38	0	0	0	0	0	0	0	0	0	0	0	0	13568707	
645	1	D	6	N	2500	0	40	343	131	34	28	44	0	0	0	0	0	0	0	0	0	0	0	0	13568769	
646	1	D	6	N	2500	0	40	211	131	35	25	36	0	0	0	0	0	0	0	0	0	0	0	0	13568956	
647	1	D	6	N	2500	0	40	365	143	36	28	41	0	0	0	0	0	0	0	0	0	0	0	0	13569253	
648	1	D	6	N	2500	0	40	314	111	27	22	33	0	0	0	0	0	0	0	0	0	0	0	0	13569721	
649	1	D	6	N	2500	0	1	205	104	37	27	37	0	0	0	0	0	0	0	0	0	0	0	0	13569814	
650	1	D	6	N	2500	0	40	324	120	26	20	28	0	0	0	0	0	0	0	0	0	0	0	0	13569908	
651	1	D	6	N	2500	0	40	271	129	30	26	39	0	0	0	0	0	0	0	0	0	0	0	0	13570079	
652	1	D	6	N	2500	0	1	179	114	31	22	37	0	0	0	0	0	0	0	0	0	0	0	0	13570267	
653	1	D	6	N	2500	0	40	335	141	34	26	34	0	0	0	0	0	0	0	0	0	0	0	0	13570298	
654	1	D	6	N	2500	0	1	171	105	26	21	27	0	0	0	0	0	0	0	0	0	0	0	0	13570313	
655	1	D	6	N	2500	0	2	154	123	32	29	34	0	0	0	0	0	0	0	0	0	0	0	0	13570329	
656	1	D	6	N	2500	0	1	166	105	33	25	30	0	0	0	0	0	0	0	0	0	0	0	0	13570438	
657	1	D	6	N	2500	0	40	250	154	38	32	43	0	0	0	0	0	0	0	0	0	0	0	0	13570625	
658	1	D	6	N	2500	0	40	302	107	24	19	28	0	0	0	0	0	0	0	0	0	0	0	0	13570657	
659	1	D	6	N	2500	0	40	300	124	28	27	37	0	0	0	0	0	0	0	0	0	0	0	0	13570813	
660	1	D	6	N	2500	0	40	332	143	38	27	37	0	0	0	0	0	0	0	0	0	0	0	0	13570859	
661	1	D	6	N	2500	0	40	360	139	35	29	39	0	0	0	0	0	0	0	0	0	0	0	0	13570891	
662	1	D	6	N	2500	0	40	333	134	34	28	42	0	0	0	0	0	0	0	0	0	0	0	0	13570891	
663	1	D	6	N	2500	0	40	401	159	37	30	39	0	0	0	0	0	0	0	0	0	0	0	0	13570922	
664	1	D	6	N	2500	0	40	325	133	34	29	43	0	0	0	0	0	0	0	0	0	0	0	0	13571031	
665	1	D	6	N	2500	0	40	322	126	27	20	29	0	0	0	0	0	0	0	0	0	0	0	0	13571187	
666	1	D	6	N	2500	0	40	335	122	30	23	35	0	0	0	0	0	0	0	0	0	0	0	0	13571203	
667	1	D	6	N	2500	0	40	398	142	37	30	41	0	0	0	0	0	0	0	0	0	0	0	0	13571421	
668	1	D	6	N	2500	0	40	363	139	35	29	45	0	0	0	0	0	0	0	0	0	0	0	0	13571468	
669	1	D	6	N	2500	0	40	344	142	38	30	44	0	0	0	0	0	0	0	0	0	0	0	0	13572029	
670	1	D	6	N	2500	0	40	303	131	32	26	34	0	0	0	0	0	0	0	0	0	0	0	0	13572919	
671	1	D	7	N	2500	6	40	207	113	27	23	35	0	0	0	0	0	0	0	0	0	0	0	0	13584728	
672	1	D	8	N	2500	6	40	300	97	21	17	21	0	0	0	0	0	0	0	0	0	0	0	0	13595523	
673	1	D	8	N	2500	2	1	179	111	26	21	35	0	0	0	0	0	0	0	0	0	0	0	0	13595585	
674	1	D	8	N	2500	6	40	244	132	34	26	40	0	0	0	0	0	0	0	0	0	0	0	0	13595601	
675	1	D	8	N	2500	2	1	61	14	7	1	3	0	0	0	0	0	0	0	0	0	0	0	0	13595710	
676	1	D	8	N	2500	6	40	320	104	26	21	34	0	0	0	0	0	0	0	0	0	0	0	0	13595788	
677	1	D	8	N	2500	0	40	285	104	24	21	29	0	0	0	0	0	0	0	0	0	0	0	0	13596069	
678	1	D	8	N	2500	0	40	316	113	25	20	29	0	0	0	0	0	0	0	0	0	0	0	0	13596381	
679	1	D	8	N	2500	0	40	200	126	35	30	43	0	0	0	0	0	0	0	0	0	0	0	0	13596553	
680	1	D	8	N	2500	0	40	348	119	30	23	32	0	0	0	0	0	0	0	0	0	0	0	0	13596631	
681	1	D	8	N	2500	0	40	423	152	40	36	54	0	0	0	0	0	0	0	0	0	0	0	0	13596709	
682	1	D	8	N	2500	0	40	293	86	22	15	20	0	0	0	0	0	0	0	0	0	0	0	0	13596724	
683	1	D	8	N	2500	0	40	332	119	28	22	30	0	0	0	0	0	0	0	0	0	0	0	0	13596755	
684	1	D	8	N	2500	0	40	219	119	32	27	40	0	0	0	0	0	0	0	0	0	0	0	0	13596787	
685	1	D	8	N	2500	0	1	181	103	24	20	30	0	0	0	0	0	0	0	0	0	0	0	0	13596802	
686	1	D	8	N	2500	0	1	189	103	31	22	29	0	0	0	0	0	0	0	0	0	0	0	0	13596943	
687	1	D	8	N	2500	0	1	132	68	12	10	14	0	0	0	0	0	0	0	0	0	0	0	0	13597067	
688	1	D	8	N	2500	0	1	75	22	8	4	6	0	0	0	0	0	0	0	0	0	0	0	0	13597099	
689	1	D	8	N	2500	0	40	214	125	34	27	35	0	0	0	0	0	0	0	0	0	0	0	0	13597145	
690	1	D	8	N	2500	0	1	91	31	5	4	7	0	0	0	0	0	0	0	0	0	0	0	0	13597192	
691	1	D	8	N	2500	0	40	230	116	32	23	39	0	0	0	0	0	0	0	0	0	0	0	0	13597255	
692	1	D	8	N	2500	0	40	213	123	31	29	43	0	0	0	0	0	0	0	0	0	0	0	0	13597411	
693	1	D	8	N	2500	0	1	214	97	21	18	28	0	0	0	0	0	0	0	0	0	0	0	0	13597582	
694	1	D	8	N	2500	0	1	79	18	4	6	12	0	0	0	0	0	0	0	0	0	0	0	0	13598269	
695	1	D	8	N	2500	0	40	232	131	35	28	34	0	0	0	0	0	0	0	0	0	0	0	0	13598612	
696	1	D	8	N	2500	0	40	322	127	35	27	32	0	0	0	0	0	0	0	0	0	0	0	0	13598674	
697	1	D	8	N	2500	0	1	179	91	21	17	25	0	0	0	0	0	0	0	0	0	0	0	0	13598799	
698	1	D	8	N	2500	0	1	219	82	16	14	22	0	0	0	0	0	0	0	0	0	0	0	0	13598846	
699	1	D	8	N	2500	0	40	381	144	34	29	48	0	0	0	0	0	0	0	0	0	0	0	0	13599002	
700	1	D	8	N	2500	0	40	274	95	23	18	28	0	0	0	0	0	0	0	0	0	0	0	0	13599049	
701	1	D	8	N	2500	0	40	245	119	29	24	34	0	0	0	0	0	0	0	0	0	0	0	0	13599283	
702	1	D	8	N	2500	0	1	189	89	19	17	25	0	0	0	0	0	0	0	0	0	0	0	0	13599329	
703	1	D	8	N	2500	0	40	377	131	37	26	39	0	0	0	0	0	0	0	0	0	0	0	0	13599407	
704	1	D	8	N	2500	0	40	323	123	27	20	30	0	0	0	0	0	0	0	0	0	0	0	0	13599797	
705	1	D	8	N	2500	0	40	257	110	38	30	47	0	0	0	0	0	0	0	0	0	0	0	0	13599938	
706	1	D	8	N	2500	0	40	357	124	28	24	31	0	0	0	0	0	0	0	0	0	0	0	0	13599985	
707	1	D	8	N	2500	0	1	167	80	17	13	20	0	0	0	0	0	0	0	0	0	0	0	0	13600156	
708	1	D	8	N	2500	0	40	332	126	31	24	34	0	0	0	0	0	0	0	0	0	0	0	0	13600687	
709	1	D	8	N	2500	0	40	266	105	25	21	31	0	0	0	0	0	0	0	0	0	0	0	0	13601342	
710	1	D	8	N	2500	0	40	299	122	28	23	34	0	0	0	0	0	0	0	0	0	0	0	0	13601389	
711	1	D	9	N	2500	2	1	56	39	14	0	1	0	0	0	0	0	0	0	0	0	0	0	0	13608721	
712	1	D	10	N	2500	6	40	317	137	34	29	42	0	0	0	0	0	0	0	0	0	0	0	0	13623619	
713	1	D	10	N	2500	6	40	419	161	37	25	39	0	0	0	0	0	0	0	0	0	0	0	0	13624383	
714	1	D	10	N	2500	6	40	313	120	27	22	33	0	0	0	0	0	0	0	0	0	0	0	0	13625303	
715	1	D	10	N	2500	0	1	145	119	37	30	42	0	0	0	0	0	0	0	0	0	0	0	0	13625725	
716	1	D	10	N	2500	0	40	279	121	33	27	35	0	0	0	0	0	0	0	0	0	0	0	0	13625787	
717	1	D	10	N	2500	0	40	247	145	41	29	40	0	0	0	0	0	0	0	0	0	0	0	0	13625990	
718	1	D	10	N	2500	0	40	213	124	31	29	35	0	0	0	0	0	0	0	0	0	0	0	0	13626005	
719	1	D	10	N	2500	0	40	325	109	27	19	28	0	0	0	0	0	0	0	0	0	0	0	0	13626005	
720	1	D	10	N	2500	0	40	299	121	32	28	48	0	0	0	0	0	0	0	0	0	0	0	0	13626115	
721	1	D	10	N	2500	0	40	179	126	30	26	36	0	0	0	0	0	0	0	0	0	0	0	0	13626193	
722	1	D	10	N	2500	0	40	319	122	27	22	31	0	0	0	0	0	0	0	0	0	0	0	0	13626489	
723	1	D	10	N	2500	0	40	252	109	33	25	36	0	0	0	0	0	0	0	0	0	0	0	0	13627144	
724	1	D	10	N	2500	0	40	326	134	40	31	42	0	0	0	0	0	0	0	0	0	0	0	0	13627628	
725	1	D	10	N	2500	0	40	296	107	23	19	28	0	0	0	0	0	0	0	0	0	0	0	0	13627831	
726	1	D	10	N	2500	0	40	433	173	47	40	64	0	0	0	0	0	0	0	0	0	0	0	0	13627846	
727	1	D	10	N	2500	0	40	346	127	32	24	37	0	0	0	0	0	0	0	0	0	0	0	0	13628579	
728	1	D	10	N	2500	0	40	233	152	44	35	56	0	0	0	0	0	0	0	0	0	0	0	0	13628704	
729	1	D	10	N	2500	0	40	301	113	25	19	32	0	0	0	0	0	0	0	0	0	0	0	0	13628860	
730	1	D	11	N	2500	2	1	53	24	9	10	23	0	0	0	0	0	0	0	0	0	0	0	0	13641559	
731	1	D	12	N	2500	6	40	225	124	34	32	44	0	0	0	0	0	0	0	0	0	0	0	0	13652666	
732	1	D	12	N	2500	6	40	283	104	25	23	31	0	0	0	0	0	0	0	0	0	0	0	0	13652697	
733	1	D	12	N	2500	2	1	87	49	11	11	16	0	0	0	0	0	0	0	0	0	0	0	0	13653337	
734	1	D	12	N	2500	33	1	139	54	12	10	16	0	0	0	0	0	0	0	0	0	0	0	0	13653337	
735	1	D	12	N	2500	6	40	213	130	31	24	34	0	0	0	0	0	0	0	0	0	0	0	0	13653415	
736	1	D	12	N	2500	0	40	351	118	29	23	35	0	0	0	0	0	0	0	0	0	0	0	0	13653430	
737	1	D	12	N	2500	0	40	216	127	34	26	40	0	0	0	0	0	0	0	0	0	0	0	0	13653992	
738	1	D	12	N	2500	0	40	256	116	32	22	34	0	0	0	0	0	0	0	0	0	0	0	0	13654585	
739	1	D	12	N	2500	0	40	274	115	24	20	31	0	0	0	0	0	0	0	0	0	0	0	0	13654600	
740	1	D	12	N	2500	0	1	213	91	21	15	24	0	0	0	0	0	0	0	0	0	0	0	0	13654631	
741	1	D	12	N	2500	0	1	82	27	4	3	8	0	0	0	0	0	0	0	0	0	0	0	0	13654678	
742	1	D	12	N	2500	0	40	330	124	34	26	41	0	0	0	0	0	0	0	0	0	0	0	0	13654834	
743	1	D	12	N	2500	0	40	304	106	27	23	33	0	0	0	0	0	0	0	0	0	0	0	0	13655006	
744	1	D	12	N	2500	0	1	237	52	8	8	13	0	0	0	0	0	0	0	0	0	0	0	0	13655131	
745	1	D	12	N	2500	0	40	381	137	31	25	39	0	0	0	0	0	0	0	0	0	0	0	0	13655193	
746	1	D	12	N	2500	0	40	324	111	23	19	27	0	0	0	0	0	0	0	0	0	0	0	0	13655271	
747	1	D	12	N	2500	0	40	314	113	24	20	32	0	0	0	0	0	0	0	0	0	0	0	0	13655645	
748	1	D	12	N	2500	0	40	363	136	32	29	42	0	0	0	0	0	0	0	0	0	0	0	0	13655692	
749	1	D	12	N	2500	0	1	81	25	4	4	10	0	0	0	0	0	0	0	0	0	0	0	0	13656956	
750	1	D	12	N	2500	0	1	224	95	20	15	24	0	0	0	0	0	0	0	0	0	0	0	0	13657049	
751	1	D	12	N	2500	0	1	126	60	13	11	14	0	0	0	0	0	0	0	0	0	0	0	0	13657065	
752	1	E	1	N	2500	6	40	410	133	26	22	35	0	0	0	0	0	0	0	0	0	0	0	0	13669764	
753	1	E	1	N	2500	2	1	51	29	10	9	19	0	0	0	0	0	0	0	0	0	0	0	0	13671058	
754	1	E	1	N	2500	6	40	417	143	32	21	30	0	0	0	0	0	0	0	0	0	0	0	0	13672884	
755	1	E	2	N	2500	6	40	315	125	35	28	35	0	0	0	0	0	0	0	0	0	0	0	0	13682244	
756	1	E	2	N	2500	2	1	201	103	28	22	34	0	0	0	0	0	0	0	0	0	0	0	0	13682446	
757	1	E	2	N	2500	6	40	328	136	40	36	55	0	0	0	0	0	0	0	0	0	0	0	0	13682665	
758	1	E	2	N	2500	6	40	290	115	29	24	32	0	0	0	0	0	0	0	0	0	0	0	0	13682946	
759	1	E	2	N	2500	0	40	325	132	35	29	37	0	0	0	0	0	0	0	0	0	0	0	0	13682961	
760	1	E	2	N	2500	0	40	176	124	35	33	45	0	0	0	0	0	0	0	0	0	0	0	0	13683070	
761	1	E	2	N	2500	0	40	330	127	32	24	38	0	0	0	0	0	0	0	0	0	0	0	0	13683070	
762	1	E	2	N	2500	0	40	258	136	36	30	40	0	0	0	0	0	0	0	0	0	0	0	0	13683133	
763	1	E	2	N	2500	0	40	307	118	34	25	31	0	0	0	0	0	0	0	0	0	0	0	0	13683570	
764	1	E	2	N	2500	0	40	322	136	33	24	36	0	0	0	0	0	0	0	0	0	0	0	0	13683616	
765	1	E	2	N	2500	0	40	313	132	41	31	45	0	0	0	0	0	0	0	0	0	0	0	0	13683663	
766	1	E	2	N	2500	0	1	242	72	17	14	24	0	0	0	0	0	0	0	0	0	0	0	0	13683772	
767	1	E	2	N	2500	0	40	334	136	34	26	41	0	0	0	0	0	0	0	0	0	0	0	0	13683788	
768	1	E	2	N	2500	0	40	408	145	37	31	43	0	0	0	0	0	0	0	0	0	0	0	0	13683819	
769	1	E	2	N	2500	0	40	340	126	29	25	37	0	0	0	0	0	0	0	0	0	0	0	0	13683835	
770	1	E	2	N	2500	0	40	333	118	28	23	30	0	0	0	0	0	0	0	0	0	0	0	0	13684178	
771	1	E	2	N	2500	0	40	226	107	28	22	34	0	0	0	0	0	0	0	0	0	0	0	0	13684474	
772	1	E	2	N	2500	0	40	339	125	31	23	37	0	0	0	0	0	0	0	0	0	0	0	0	13685020	
773	1	E	2	N	2500	0	40	209	123	33	24	35	0	0	0	0	0	0	0	0	0	0	0	0	13685052	
774	1	E	2	N	2500	0	1	169	110	29	24	31	0	0	0	0	0	0	0	0	0	0	0	0	13685083	
775	1	E	2	N	2500	0	40	204	127	32	25	37	0	0	0	0	0	0	0	0	0	0	0	0	13685161	
776	1	E	2	N	2500	0	40	334	127	34	27	42	0	0	0	0	0	0	0	0	0	0	0	0	13685239	
777	1	E	2	N	2500	0	1	174	108	36	28	38	0	0	0	0	0	0	0	0	0	0	0	0	13685301	
778	1	E	2	N	2500	0	40	330	133	33	27	40	0	0	0	0	0	0	0	0	0	0	0	0	13685332	
779	1	E	2	N	2500	0	1	101	64	13	11	14	0	0	0	0	0	0	0	0	0	0	0	0	13685395	
780	1	E	2	N	2500	0	1	169	63	12	13	17	0	0	0	0	0	0	0	0	0	0	0	0	13685488	
781	1	E	2	N	2500	0	1	440	258	77	67	93	0	0	0	0	0	0	0	0	0	0	0	0	13685566	
782	1	E	2	N	2500	0	40	369	138	37	31	47	0	0	0	0	0	0	0	0	0	0	0	0	13685676	
783	1	E	2	N	2500	0	40	186	133	40	32	47	0	0	0	0	0	0	0	0	0	0	0	0	13685722	
784	1	E	2	N	2500	0	40	263	125	40	27	38	0	0	0	0	0	0	0	0	0	0	0	0	13685800	
785	1	E	2	N	2500	0	1	502	147	34	28	41	0	0	0	0	0	0	0	0	0	0	0	0	13685816	
786	1	E	2	N	2500	0	40	317	115	30	24	33	0	0	0	0	0	0	0	0	0	0	0	0	13686003	
787	1	E	2	N	2500	0	40	247	125	29	25	40	0	0	0	0	0	0	0	0	0	0	0	0	13686034	
788	1	E	2	N	2500	0	40	332	127	32	25	37	0	0	0	0	0	0	0	0	0	0	0	0	13686409	
789	1	E	2	N	2500	0	40	395	145	36	31	42	0	0	0	0	0	0	0	0	0	0	0	0	13686424	
790	1	E	2	N	2500	0	40	288	110	32	23	30	0	0	0	0	0	0	0	0	0	0	0	0	13686487	
791	1	E	2	N	2500	0	40	320	143	39	30	38	0	0	0	0	0	0	0	0	0	0	0	0	13686799	
792	1	E	2	N	2500	0	40	307	114	29	22	32	0	0	0	0	0	0	0	0	0	0	0	0	13686861	
793	1	E	2	N	2500	0	40	334	139	40	31	40	0	0	0	0	0	0	0	0	0	0	0	0	13686924	
794	1	E	2	N	2500	0	40	187	131	38	30	50	0	0	0	0	0	0	0	0	0	0	0	0	13687158	
795	1	E	2	N	2500	0	40	236	128	35	31	41	0	0	0	0	0	0	0	0	0	0	0	0	13687173	
796	1	E	2	N	2500	0	40	306	129	35	31	45	0	0	0	0	0	0	0	0	0	0	0	0	13687220	
797	1	E	2	N	2500	0	40	319	120	30	25	33	0	0	0	0	0	0	0	0	0	0	0	0	13687298	
798	1	E	2	N	2500	0	40	328	131	30	26	40	0	0	0	0	0	0	0	0	0	0	0	0	13687298	
799	1	E	2	N	2500	0	40	304	127	30	27	41	0	0	0	0	0	0	0	0	0	0	0	0	13687594	
800	1	E	2	N	2500	0	40	311	130	34	23	36	0	0	0	0	0	0	0	0	0	0	0	0	13687688	
801	1	E	2	N	2500	0	40	259	126	31	28	40	0	0	0	0	0	0	0	0	0	0	0	0	13687766	
802	1	E	2	N	2500	0	40	322	96	23	18	29	0	0	0	0	0	0	0	0	0	0	0	0	13687875	
803	1	E	2	N	2500	0	40	278	135	38	33	46	0	0	0	0	0	0	0	0	0	0	0	0	13687953	
804	1	E	2	N	2500	0	40	259	110	36	31	44	0	0	0	0	0	0	0	0	0	0	0	0	13688000	
805	1	E	2	N	2500	0	40	262	127	30	27	37	0	0	0	0	0	0	0	0	0	0	0	0	13688390	
806	1	E	2	N	2500	0	40	347	124	28	23	37	0	0	0	0	0	0	0	0	0	0	0	0	13688764	
807	1	E	2	N	2500	0	1	51	22	8	1	2	0	0	0	0	0	0	0	0	0	0	0	0	13689108	
808	1	E	4	N	2500	6	40	268	115	27	23	38	0	0	0	0	0	0	0	0	0	0	0	0	13711244	
809	1	E	4	N	2500	6	40	389	144	34	29	45	0	0	0	0	0	0	0	0	0	0	0	0	13711260	
810	1	E	4	N	2500	2	1	166	80	16	12	20	0	0	0	0	0	0	0	0	0	0	0	0	13711462	
811	1	E	4	N	2500	6	40	287	117	33	31	45	0	0	0	0	0	0	0	0	0	0	0	0	13711681	
812	1	E	4	N	2500	0	40	312	126	29	24	35	0	0	0	0	0	0	0	0	0	0	0	0	13711962	
813	1	E	4	N	2500	0	40	212	118	26	22	31	0	0	0	0	0	0	0	0	0	0	0	0	13712055	
814	1	E	4	N	2500	0	40	233	142	37	32	45	0	0	0	0	0	0	0	0	0	0	0	0	13713381	
815	1	E	4	N	2500	0	40	396	160	41	39	54	0	0	0	0	0	0	0	0	0	0	0	0	13714130	
816	1	E	4	N	2500	0	40	325	113	26	23	36	0	0	0	0	0	0	0	0	0	0	0	0	13714848	
817	1	E	4	N	2500	0	1	111	49	18	8	11	0	0	0	0	0	0	0	0	0	0	0	0	13714910	
818	1	E	4	N	2500	0	1	65	20	6	2	4	0	0	0	0	0	0	0	0	0	0	0	0	13714910	
819	1	E	4	N	2500	0	1	75	23	6	2	4	0	0	0	0	0	0	0	0	0	0	0	0	13714910	
820	1	E	4	N	2500	0	1	78	29	9	3	6	0	0	0	0	0	0	0	0	0	0	0	0	13714910	
821	1	E	4	N	2500	0	40	400	165	42	35	57	0	0	0	0	0	0	0	0	0	0	0	0	13715300	
822	1	E	4	N	2500	0	40	350	201	58	47	74	0	0	0	0	0	0	0	0	0	0	0	0	13715706	
823	1	E	4	N	2500	0	40	219	133	31	27	47	0	0	0	0	0	0	0	0	0	0	0	0	13715971	
824	1	E	4	N	2500	0	40	387	142	37	33	45	0	0	0	0	0	0	0	0	0	0	0	0	13715971	
825	1	E	4	N	2500	0	1	401	108	26	22	31	0	0	0	0	0	0	0	0	0	0	0	0	13716345	
826	1	E	4	N	2500	0	1	134	63	12	9	14	0	0	0	0	0	0	0	0	0	0	0	0	13716673	
827	1	E	4	N	2500	0	40	202	134	30	27	41	0	0	0	0	0	0	0	0	0	0	0	0	13717624	
828	1	E	5	N	2500	2	1	58	15	6	1	2	0	0	0	0	0	0	0	0	0	0	0	0	13732600	
829	1	E	6	N	2500	6	40	322	140	33	27	42	0	0	0	0	0	0	0	0	0	0	0	0	13739917	
830	1	E	6	N	2500	2	1	83	36	12	5	9	0	0	0	0	0	0	0	0	0	0	0	0	13740244	
831	1	E	6	N	2500	6	40	372	151	35	26	39	0	0	0	0	0	0	0	0	0	0	0	0	13741274	
832	1	E	6	N	2500	6	40	281	153	41	37	61	0	0	0	0	0	0	0	0	0	0	0	0	13741742	
833	1	E	6	N	2500	0	40	417	179	49	36	55	0	0	0	0	0	0	0	0	0	0	0	0	13741804	
834	1	E	6	N	2500	0	40	396	152	38	36	55	0	0	0	0	0	0	0	0	0	0	0	0	13741867	
835	1	E	6	N	2500	0	40	373	152	37	33	45	0	0	0	0	0	0	0	0	0	0	0	0	13741898	
836	1	E	6	N	2500	0	1	162	112	39	31	43	0	0	0	0	0	0	0	0	0	0	0	0	13742194	
837	1	E	6	N	2500	0	40	259	137	33	27	42	0	0	0	0	0	0	0	0	0	0	0	0	13742506	
838	1	E	6	N	2500	0	40	289	178	44	44	65	0	0	0	0	0	0	0	0	0	0	0	0	13742522	
839	1	E	6	N	2500	0	40	365	136	31	27	42	0	0	0	0	0	0	0	0	0	0	0	0	13742709	
840	1	E	6	N	2500	0	40	223	121	26	22	31	0	0	0	0	0	0	0	0	0	0	0	0	13743318	
841	1	E	6	N	2500	0	40	264	133	37	28	39	0	0	0	0	0	0	0	0	0	0	0	0	13743458	
842	1	E	6	N	2500	0	40	266	133	35	31	41	0	0	0	0	0	0	0	0	0	0	0	0	13743692	
843	1	E	6	N	2500	0	40	298	117	28	19	33	0	0	0	0	0	0	0	0	0	0	0	0	13743910	
844	1	E	6	N	2500	0	40	333	138	33	23	37	0	0	0	0	0	0	0	0	0	0	0	0	13744035	
845	1	E	6	N	2500	0	40	275	148	34	31	46	0	0	0	0	0	0	0	0	0	0	0	0	13744098	
846	1	E	6	N	2500	0	40	351	133	29	23	37	0	0	0	0	0	0	0	0	0	0	0	0	13744300	
847	1	E	6	N	2500	0	40	400	147	33	23	36	0	0	0	0	0	0	0	0	0	0	0	0	13744550	
848	1	E	6	N	2500	0	40	433	178	40	32	49	0	0	0	0	0	0	0	0	0	0	0	0	13744581	
849	1	E	6	N	2500	0	40	351	144	34	28	40	0	0	0	0	0	0	0	0	0	0	0	0	13744644	
850	1	E	6	N	2500	0	1	112	26	4	4	6	0	0	0	0	0	0	0	0	0	0	0	0	13744924	
851	1	E	6	N	2500	0	1	105	44	7	7	12	0	0	0	0	0	0	0	0	0	0	0	0	13744924	
852	1	E	6	N	2500	0	40	318	122	29	25	37	0	0	0	0	0	0	0	0	0	0	0	0	13744971	
853	1	E	6	N	2500	0	40	305	113	24	21	27	0	0	0	0	0	0	0	0	0	0	0	0	13745034	
854	1	E	6	N	2500	0	40	210	128	36	32	44	0	0	0	0	0	0	0	0	0	0	0	0	13745346	
855	1	E	7	N	2500	2	1	212	98	26	21	30	0	0	0	0	0	0	0	0	0	0	0	0	13757358	
856	1	E	7	N	2500	2	1	73	23	6	3	5	0	0	0	0	0	0	0	0	0	0	0	0	13759635	
857	1	E	7	N	2500	6	40	318	112	26	21	31	0	0	0	0	0	0	0	0	0	0	0	0	13760384	
858	1	E	8	N	2500	6	40	329	118	27	20	27	0	0	0	0	0	0	0	0	0	0	0	0	13768652	
859	1	E	8	N	2500	2	1	52	15	5	2	3	0	0	0	0	0	0	0	0	0	0	0	0	13769323	
860	1	E	8	N	2500	6	40	256	131	30	24	33	0	0	0	0	0	0	0	0	0	0	0	0	13769775	
861	1	E	8	N	2500	6	40	206	131	29	23	26	0	0	0	0	0	0	0	0	0	0	0	0	13769806	
862	1	E	8	N	2500	0	40	312	131	33	25	42	0	0	0	0	0	0	0	0	0	0	0	0	13769916	
863	1	E	8	N	2500	0	40	318	137	38	30	44	0	0	0	0	0	0	0	0	0	0	0	0	13770087	
864	1	E	8	N	2500	0	40	404	174	38	34	47	0	0	0	0	0	0	0	0	0	0	0	0	13770118	
865	1	E	8	N	2500	0	40	328	116	26	21	31	0	0	0	0	0	0	0	0	0	0	0	0	13770150	
866	1	E	8	N	2500	0	40	305	142	36	32	46	0	0	0	0	0	0	0	0	0	0	0	0	13770181	
867	1	E	8	N	2500	0	40	215	147	41	32	46	0	0	0	0	0	0	0	0	0	0	0	0	13770259	
868	1	E	8	N	2500	0	40	299	124	32	26	43	0	0	0	0	0	0	0	0	0	0	0	0	13770306	
869	1	E	8	N	2500	0	40	325	142	30	24	37	0	0	0	0	0	0	0	0	0	0	0	0	13770321	
870	1	E	8	N	2500	0	40	232	125	36	26	35	0	0	0	0	0	0	0	0	0	0	0	0	13770430	
871	1	E	8	N	2500	0	40	344	146	36	29	43	0	0	0	0	0	0	0	0	0	0	0	0	13770477	
872	1	E	8	N	2500	0	40	189	125	27	21	35	0	0	0	0	0	0	0	0	0	0	0	0	13770836	
873	1	E	8	N	2500	0	40	212	142	36	33	50	0	0	0	0	0	0	0	0	0	0	0	0	13770883	
874	1	E	8	N	2500	0	40	171	119	40	30	44	0	0	0	0	0	0	0	0	0	0	0	0	13771023	
875	1	E	8	N	2500	0	40	301	123	33	23	38	0	0	0	0	0	0	0	0	0	0	0	0	13771148	
876	1	E	8	N	2500	0	40	295	143	33	27	42	0	0	0	0	0	0	0	0	0	0	0	0	13771164	
877	1	E	8	N	2500	0	2	159	122	39	34	48	0	0	0	0	0	0	0	0	0	0	0	0	13771288	
878	1	E	8	N	2500	0	40	332	142	32	29	46	0	0	0	0	0	0	0	0	0	0	0	0	13771351	
879	1	E	8	N	2500	0	40	319	137	30	24	38	0	0	0	0	0	0	0	0	0	0	0	0	13771366	
880	1	E	8	N	2500	0	40	361	145	35	27	42	0	0	0	0	0	0	0	0	0	0	0	0	13771460	
881	1	E	8	N	2500	0	40	275	135	33	24	37	0	0	0	0	0	0	0	0	0	0	0	0	13771491	
882	1	E	8	N	2500	0	1	422	284	69	56	83	0	0	0	0	0	0	0	0	0	0	0	0	13771866	
883	1	E	8	N	2500	0	40	196	121	26	23	37	0	0	0	0	0	0	0	0	0	0	0	0	13771881	
884	1	E	8	N	2500	0	40	305	131	30	26	42	0	0	0	0	0	0	0	0	0	0	0	0	13771944	
885	1	E	8	N	2500	0	40	323	124	31	25	39	0	0	0	0	0	0	0	0	0	0	0	0	13771944	
886	1	E	8	N	2500	0	40	319	142	38	32	51	0	0	0	0	0	0	0	0	0	0	0	0	13772256	
887	1	E	8	N	2500	0	40	326	133	37	28	46	0	0	0	0	0	0	0	0	0	0	0	0	13772365	
888	1	E	8	N	2500	0	40	237	119	44	39	66	0	0	0	0	0	0	0	0	0	0	0	0	13772474	
889	1	E	8	N	2500	0	40	432	161	38	30	45	0	0	0	0	0	0	0	0	0	0	0	0	13772521	
890	1	E	8	N	2500	0	40	218	135	37	30	48	0	0	0	0	0	0	0	0	0	0	0	0	13772599	
891	1	E	8	N	2500	0	40	336	132	33	29	43	0	0	0	0	0	0	0	0	0	0	0	0	13772646	
892	1	E	8	N	2500	0	40	374	160	39	32	49	0	0	0	0	0	0	0	0	0	0	0	0	13772708	
893	1	E	8	N	2500	0	40	345	142	32	27	41	0	0	0	0	0	0	0	0	0	0	0	0	13772739	
894	1	E	8	N	2500	0	40	423	162	38	28	41	0	0	0	0	0	0	0	0	0	0	0	0	13772739	
895	1	E	8	N	2500	0	40	321	116	27	19	28	0	0	0	0	0	0	0	0	0	0	0	0	13772770	
896	1	E	8	N	2500	0	40	400	172	42	36	55	0	0	0	0	0	0	0	0	0	0	0	0	13773129	
897	1	E	8	N	2500	0	40	197	150	44	33	46	0	0	0	0	0	0	0	0	0	0	0	0	13773176	
898	1	E	8	N	2500	0	40	192	130	29	23	37	0	0	0	0	0	0	0	0	0	0	0	0	13773176	
899	1	E	8	N	2500	0	2	150	128	34	29	42	0	0	0	0	0	0	0	0	0	0	0	0	13773285	
900	1	E	8	N	2500	0	40	211	146	37	34	49	0	0	0	0	0	0	0	0	0	0	0	0	13773301	
901	1	E	8	N	2500	0	40	328	140	30	23	41	0	0	0	0	0	0	0	0	0	0	0	0	13773301	
902	1	E	8	N	2500	0	40	285	128	33	26	43	0	0	0	0	0	0	0	0	0	0	0	0	13773348	
903	1	E	8	N	2500	0	40	223	127	35	30	47	0	0	0	0	0	0	0	0	0	0	0	0	13773426	
904	1	E	8	N	2500	0	40	297	139	38	32	47	0	0	0	0	0	0	0	0	0	0	0	0	13773457	
905	1	E	8	N	2500	0	40	286	120	31	26	41	0	0	0	0	0	0	0	0	0	0	0	0	13773472	
906	1	E	8	N	2500	0	40	395	172	40	36	56	0	0	0	0	0	0	0	0	0	0	0	0	13773566	
907	1	E	8	N	2500	0	40	251	101	22	16	26	0	0	0	0	0	0	0	0	0	0	0	0	13773566	
908	1	E	8	N	2500	0	1	180	95	16	14	22	0	0	0	0	0	0	0	0	0	0	0	0	13773597	
909	1	E	8	N	2500	0	40	216	135	35	26	40	0	0	0	0	0	0	0	0	0	0	0	0	13773613	
910	1	E	8	N	2500	0	40	370	145	34	30	44	0	0	0	0	0	0	0	0	0	0	0	0	13773738	
911	1	E	8	N	2500	0	40	399	147	30	26	40	0	0	0	0	0	0	0	0	0	0	0	0	13773769	
912	1	E	8	N	2500	0	40	203	116	28	24	35	0	0	0	0	0	0	0	0	0	0	0	0	13773769	
913	1	E	8	N	2500	0	40	294	103	22	16	27	0	0	0	0	0	0	0	0	0	0	0	0	13773956	
914	1	E	8	N	2500	0	40	318	141	31	27	39	0	0	0	0	0	0	0	0	0	0	0	0	13774050	
915	1	E	8	N	2500	0	40	323	130	28	25	37	0	0	0	0	0	0	0	0	0	0	0	0	13774081	
916	1	E	8	N	2500	0	40	415	195	48	40	59	0	0	0	0	0	0	0	0	0	0	0	0	13774096	
917	1	E	8	N	2500	0	40	201	129	40	34	51	0	0	0	0	0	0	0	0	0	0	0	0	13774096	
918	1	E	8	N	2500	0	1	81	17	2	2	4	0	0	0	0	0	0	0	0	0	0	0	0	13774112	
919	1	E	8	N	2500	0	1	175	113	32	22	33	0	0	0	0	0	0	0	0	0	0	0	0	13774346	
920	1	E	8	N	2500	0	40	337	155	42	35	53	0	0	0	0	0	0	0	0	0	0	0	0	13774533	
921	1	E	8	N	2500	0	40	224	140	38	31	42	0	0	0	0	0	0	0	0	0	0	0	0	13774861	
922	1	E	9	N	2500	2	1	70	17	3	3	5	0	0	0	0	0	0	0	0	0	0	0	0	13783285	
923	1	E	9	N	2500	2	1	223	93	23	20	26	0	0	0	0	0	0	0	0	0	0	0	0	13783285	
924	1	E	9	N	2500	6	40	314	151	41	35	50	0	0	0	0	0	0	0	0	0	0	0	0	13785781	
925	1	E	10	N	2500	6	40	297	140	41	32	51	0	0	0	0	0	0	0	0	0	0	0	0	13798121	
926	1	E	10	N	2500	2	1	68	21	5	1	5	0	0	0	0	0	0	0	0	0	0	0	0	13798136	
927	1	E	10	N	2500	8	40	316	172	50	39	58	0	0	0	0	0	0	0	0	0	0	0	0	13798152	
928	1	E	10	N	2500	2	1	74	28	10	4	6	0	0	0	0	0	0	0	0	0	0	0	0	13798526	
929	1	E	10	N	2500	6	40	298	145	37	34	52	0	0	0	0	0	0	0	0	0	0	0	0	13799400	
930	1	E	10	N	2500	6	40	409	158	40	35	55	0	0	0	0	0	0	0	0	0	0	0	0	13799603	
931	1	E	10	N	2500	0	1	201	74	20	16	26	0	0	0	0	0	0	0	0	0	0	0	0	13799618	
932	1	E	10	N	2500	0	1	98	19	3	4	5	0	0	0	0	0	0	0	0	0	0	0	0	13799618	
933	1	E	10	N	2500	0	40	258	128	32	26	37	0	0	0	0	0	0	0	0	0	0	0	0	13800055	
934	1	E	10	N	2500	0	40	323	166	47	44	68	0	0	0	0	0	0	0	0	0	0	0	0	13800180	
935	1	E	10	N	2500	0	40	400	137	33	32	53	0	0	0	0	0	0	0	0	0	0	0	0	13800180	
936	1	E	10	N	2500	0	40	455	177	55	57	99	0	0	0	0	0	0	0	0	0	0	0	0	13800273	
937	1	E	10	N	2500	0	40	315	141	39	35	54	0	0	0	0	0	0	0	0	0	0	0	0	13800367	
938	1	E	10	N	2500	0	40	426	173	42	38	65	0	0	0	0	0	0	0	0	0	0	0	0	13800383	
939	1	E	10	N	2500	0	40	454	180	55	44	59	0	0	0	0	0	0	0	0	0	0	0	0	13800461	
940	1	E	10	N	2500	0	40	410	158	40	32	47	0	0	0	0	0	0	0	0	0	0	0	0	13800476	
941	1	E	10	N	2500	0	40	280	159	51	45	68	0	0	0	0	0	0	0	0	0	0	0	0	13800679	
942	1	E	10	N	2500	0	40	351	128	29	27	42	0	0	0	0	0	0	0	0	0	0	0	0	13800726	
943	1	E	10	N	2500	0	40	223	130	34	29	45	0	0	0	0	0	0	0	0	0	0	0	0	13800788	
944	1	E	10	N	2500	0	40	240	155	37	34	53	0	0	0	0	0	0	0	0	0	0	0	0	13800913	
945	1	E	10	N	2500	0	40	406	157	41	32	42	0	0	0	0	0	0	0	0	0	0	0	0	13800944	
946	1	E	10	N	2500	0	40	401	162	36	32	49	0	0	0	0	0	0	0	0	0	0	0	0	13800944	
947	1	E	10	N	2500	0	40	358	174	43	39	59	0	0	0	0	0	0	0	0	0	0	0	0	13801038	
948	1	E	10	N	2500	0	40	395	165	40	33	51	0	0	0	0	0	0	0	0	0	0	0	0	13801334	
949	1	E	10	N	2500	0	40	409	169	41	35	49	0	0	0	0	0	0	0	0	0	0	0	0	13801506	
950	1	E	10	N	2500	0	40	348	135	33	30	42	0	0	0	0	0	0	0	0	0	0	0	0	13801646	
951	1	E	10	N	2500	0	40	423	169	39	37	58	0	0	0	0	0	0	0	0	0	0	0	0	13802067	
952	1	E	10	N	2500	0	40	395	153	41	33	51	0	0	0	0	0	0	0	0	0	0	0	0	13802145	
953	1	E	10	N	2500	0	40	320	123	35	26	40	0	0	0	0	0	0	0	0	0	0	0	0	13802161	
954	1	E	10	N	2500	0	40	216	106	31	28	40	0	0	0	0	0	0	0	0	0	0	0	0	13802161	
955	1	E	10	N	2500	0	40	371	136	32	27	44	0	0	0	0	0	0	0	0	0	0	0	0	13802301	
956	1	E	10	N	2500	0	40	417	133	35	32	47	0	0	0	0	0	0	0	0	0	0	0	0	13802333	
957	1	E	10	N	2500	0	40	401	138	33	27	39	0	0	0	0	0	0	0	0	0	0	0	0	13802364	
958	1	E	10	N	2500	0	40	239	98	23	22	33	0	0	0	0	0	0	0	0	0	0	0	0	13802364	
959	1	E	10	N	2500	0	40	399	134	27	21	36	0	0	0	0	0	0	0	0	0	0	0	0	13802379	
960	1	E	10	N	2500	0	1	156	115	33	33	41	0	0	0	0	0	0	0	0	0	0	0	0	13802535	
961	1	E	10	N	2500	0	40	336	139	34	29	45	0	0	0	0	0	0	0	0	0	0	0	0	13802582	
962	1	E	10	N	2500	0	40	340	135	29	27	42	0	0	0	0	0	0	0	0	0	0	0	0	13802598	
963	1	E	10	N	2500	0	40	387	142	33	29	47	0	0	0	0	0	0	0	0	0	0	0	0	13802816	
964	1	E	10	N	2500	0	40	389	145	36	32	48	0	0	0	0	0	0	0	0	0	0	0	0	13802847	
965	1	E	10	N	2500	0	40	335	120	32	26	43	0	0	0	0	0	0	0	0	0	0	0	0	13802863	
966	1	E	10	N	2500	0	40	338	151	37	33	51	0	0	0	0	0	0	0	0	0	0	0	0	13803081	
967	1	E	10	N	2500	0	1	89	19	6	2	5	0	0	0	0	0	0	0	0	0	0	0	0	13803284	
968	1	E	10	N	2500	0	40	378	155	39	33	45	0	0	0	0	0	0	0	0	0	0	0	0	13803315	
969	1	E	10	N	2500	0	40	421	170	44	39	67	0	0	0	0	0	0	0	0	0	0	0	0	13804111	
970	1	E	12	N	2500	6	40	296	108	27	23	31	0	0	0	0	0	0	0	0	0	0	0	0	13826965	
971	1	E	12	N	2500	6	40	283	115	30	27	43	0	0	0	0	0	0	0	0	0	0	0	0	13827792	
972	1	E	12	N	2500	6	40	317	128	30	22	34	0	0	0	0	0	0	0	0	0	0	0	0	13828946	
973	1	E	12	N	2500	0	1	206	99	28	19	27	0	0	0	0	0	0	0	0	0	0	0	0	13829523	
974	1	E	12	N	2500	0	1	166	112	30	25	37	0	0	0	0	0	0	0	0	0	0	0	0	13829945	
975	1	E	12	N	2500	0	40	439	161	35	26	33	0	0	0	0	0	0	0	0	0	0	0	0	13830163	
976	1	E	12	N	2500	0	40	348	113	24	18	24	0	0	0	0	0	0	0	0	0	0	0	0	13830335	
977	1	E	12	N	2500	0	40	523	186	54	47	76	0	0	0	0	0	0	0	0	0	0	0	0	13830459	
978	1	E	12	N	2500	0	40	357	141	32	27	45	0	0	0	0	0	0	0	0	0	0	0	0	13830881	
979	1	E	12	N	2500	0	1	171	86	21	18	27	0	0	0	0	0	0	0	0	0	0	0	0	13831801	
980	1	F	2	N	2500	6	40	338	133	26	21	34	0	0	0	0	0	0	0	0	0	0	0	0	13856433	
981	1	F	2	N	2500	2	1	76	47	12	10	12	0	0	0	0	0	0	0	0	0	0	0	0	13856808	
982	1	F	2	N	2500	2	1	176	65	14	13	19	0	0	0	0	0	0	0	0	0	0	0	0	13856808	
983	1	F	2	N	2500	6	40	407	150	31	25	42	0	0	0	0	0	0	0	0	0	0	0	0	13857401	
984	1	F	2	N	2500	6	40	201	128	29	24	33	0	0	0	0	0	0	0	0	0	0	0	0	13857479	
985	1	F	2	N	2500	0	40	303	126	26	23	39	0	0	0	0	0	0	0	0	0	0	0	0	13857635	
986	1	F	2	N	2500	0	40	295	127	30	27	39	0	0	0	0	0	0	0	0	0	0	0	0	13857697	
987	1	F	2	N	2500	0	1	183	53	10	8	11	0	0	0	0	0	0	0	0	0	0	0	0	13857713	
988	1	F	2	N	2500	0	1	52	13	6	0	1	0	0	0	0	0	0	0	0	0	0	0	0	13857869	
989	1	F	2	N	2500	0	1	246	84	15	13	22	0	0	0	0	0	0	0	0	0	0	0	0	13858134	
990	1	F	2	N	2500	0	1	225	54	11	10	21	0	0	0	0	0	0	0	0	0	0	0	0	13858493	
991	1	F	2	N	2500	0	1	198	78	17	15	20	0	0	0	0	0	0	0	0	0	0	0	0	13858649	
992	1	F	2	N	2500	0	1	187	99	22	19	26	0	0	0	0	0	0	0	0	0	0	0	0	13858836	
993	1	F	2	N	2500	0	1	103	24	3	3	5	0	0	0	0	0	0	0	0	0	0	0	0	13858992	
994	1	F	2	N	2500	0	40	397	149	31	27	47	0	0	0	0	0	0	0	0	0	0	0	0	13859101	
995	1	F	2	N	2500	0	1	263	79	15	12	20	0	0	0	0	0	0	0	0	0	0	0	0	13859304	
996	1	F	2	N	2500	0	1	160	90	20	18	24	0	0	0	0	0	0	0	0	0	0	0	0	13859491	
997	1	F	2	N	2500	0	1	151	76	15	13	18	0	0	0	0	0	0	0	0	0	0	0	0	13859678	
998	1	F	2	N	2500	0	40	251	117	24	21	30	0	0	0	0	0	0	0	0	0	0	0	0	13859881	
999	1	F	2	N	2500	0	1	133	48	9	7	10	0	0	0	0	0	0	0	0	0	0	0	0	13860037	
1000	1	F	2	N	2500	0	1	220	102	22	19	26	0	0	0	0	0	0	0	0	0	0	0	0	13860162	
1001	1	F	2	N	2500	0	1	218	70	13	10	17	0	0	0	0	0	0	0	0	0	0	0	0	13860536	
1002	1	F	2	N	2500	0	40	178	121	28	24	35	0	0	0	0	0	0	0	0	0	0	0	0	13860973	
1003	1	F	2	N	2500	0	1	189	99	21	19	27	0	0	0	0	0	0	0	0	0	0	0	0	13861441	
1004	1	F	2	N	2500	0	40	289	85	17	13	25	0	0	0	0	0	0	0	0	0	0	0	0	13861675	
1005	1	F	2	N	2500	0	40	277	103	21	18	30	0	0	0	0	0	0	0	0	0	0	0	0	13861878	
1006	1	F	2	N	2500	0	40	195	123	31	26	38	0	0	0	0	0	0	0	0	0	0	0	0	13861878	
1007	1	F	2	N	2500	0	40	373	147	34	29	43	0	0	0	0	0	0	0	0	0	0	0	0	13861971	
1008	1	F	2	N	2500	0	1	267	78	17	12	18	0	0	0	0	0	0	0	0	0	0	0	0	13862018	
1009	1	F	2	N	2500	0	1	169	89	21	16	24	0	0	0	0	0	0	0	0	0	0	0	0	13862205	
1010	1	F	2	N	2500	0	40	205	108	21	17	27	0	0	0	0	0	0	0	0	0	0	0	0	13862330	
1011	1	F	2	N	2500	0	40	284	89	17	14	21	0	0	0	0	0	0	0	0	0	0	0	0	13862611	
1012	1	F	2	N	2500	0	40	297	91	21	16	23	0	0	0	0	0	0	0	0	0	0	0	0	13862892	
1013	1	F	2	N	2500	0	40	310	110	26	19	31	0	0	0	0	0	0	0	0	0	0	0	0	13863344	
1014	1	F	3	N	2500	2	1	164	100	25	18	26	0	0	0	0	0	0	0	0	0	0	0	0	13873874	
1015	1	F	3	N	2500	2	1	189	95	20	16	23	0	0	0	0	0	0	0	0	0	0	0	0	13874436	
1016	1	F	3	N	2500	2	1	95	45	22	3	6	0	0	0	0	0	0	0	0	0	0	0	0	13875278	
1017	1	F	3	N	2500	2	1	132	33	5	4	10	0	0	0	0	0	0	0	0	0	0	0	0	13875309	
1018	1	F	4	N	2500	6	40	383	157	37	35	59	0	0	0	0	0	0	0	0	0	0	0	0	13885215	
1019	1	F	4	N	2500	2	1	256	93	29	26	35	0	0	0	0	0	0	0	0	0	0	0	0	13885247	
1020	1	F	4	N	2500	2	1	79	15	6	8	19	0	0	0	0	0	0	0	0	0	0	0	0	13885699	
1021	1	F	4	N	2500	6	40	344	148	42	33	49	0	0	0	0	0	0	0	0	0	0	0	0	13885730	
1022	1	F	4	N	2500	6	40	301	125	27	22	34	0	0	0	0	0	0	0	0	0	0	0	0	13885855	
1023	1	F	4	N	2500	0	40	218	131	34	26	37	0	0	0	0	0	0	0	0	0	0	0	0	13886105	
1024	1	F	4	N	2500	0	40	343	133	34	29	37	0	0	0	0	0	0	0	0	0	0	0	0	13886432	
1025	1	F	4	N	2500	0	40	181	123	31	26	38	0	0	0	0	0	0	0	0	0	0	0	0	13886588	
1026	1	F	4	N	2500	0	40	185	140	38	35	59	0	0	0	0	0	0	0	0	0	0	0	0	13886978	
1027	1	F	4	N	2500	0	40	236	103	34	28	42	0	0	0	0	0	0	0	0	0	0	0	0	13887150	
1028	1	F	4	N	2500	0	40	238	143	34	31	45	0	0	0	0	0	0	0	0	0	0	0	0	13887431	
1029	1	F	4	N	2500	0	40	416	176	47	41	65	0	0	0	0	0	0	0	0	0	0	0	0	13887618	
1030	1	F	4	N	2500	0	40	392	154	35	30	44	0	0	0	0	0	0	0	0	0	0	0	0	13887914	
1031	1	F	4	N	2500	0	40	349	152	34	31	41	0	0	0	0	0	0	0	0	0	0	0	0	13887914	
1032	1	F	4	N	2500	0	40	249	148	42	44	67	0	0	0	0	0	0	0	0	0	0	0	0	13887930	
1033	1	F	4	N	2500	0	40	308	146	32	28	35	0	0	0	0	0	0	0	0	0	0	0	0	13888554	
1034	1	F	4	N	2500	0	40	384	161	36	30	48	0	0	0	0	0	0	0	0	0	0	0	0	13888757	
1035	1	F	4	N	2500	0	40	355	152	37	27	39	0	0	0	0	0	0	0	0	0	0	0	0	13888991	
1036	1	F	4	N	2500	0	40	352	133	30	24	33	0	0	0	0	0	0	0	0	0	0	0	0	13889162	
1037	1	F	4	N	2500	0	40	405	160	41	36	47	0	0	0	0	0	0	0	0	0	0	0	0	13889225	
1038	1	F	4	N	2500	0	40	333	145	34	28	38	0	0	0	0	0	0	0	0	0	0	0	0	13889412	
1039	1	F	4	N	2500	0	40	400	155	36	31	46	0	0	0	0	0	0	0	0	0	0	0	0	13889459	
1040	1	F	4	N	2500	0	40	349	138	33	28	39	0	0	0	0	0	0	0	0	0	0	0	0	13889474	
1041	1	F	4	N	2500	0	40	395	153	36	31	44	0	0	0	0	0	0	0	0	0	0	0	0	13889880	
1042	1	F	4	N	2500	0	1	51	15	6	1	5	0	0	0	0	0	0	0	0	0	0	0	0	13889895	
1043	1	F	4	N	2500	0	40	406	158	40	33	47	0	0	0	0	0	0	0	0	0	0	0	0	13890051	
1044	1	F	4	N	2500	0	40	302	122	31	27	36	0	0	0	0	0	0	0	0	0	0	0	0	13890129	
1045	1	F	4	N	2500	0	40	384	150	38	34	45	0	0	0	0	0	0	0	0	0	0	0	0	13890239	
1046	1	F	4	N	2500	0	40	353	146	31	26	40	0	0	0	0	0	0	0	0	0	0	0	0	13890270	
1047	1	F	4	N	2500	0	40	380	156	41	34	49	0	0	0	0	0	0	0	0	0	0	0	0	13890395	
1048	1	F	4	N	2500	0	40	316	124	29	26	38	0	0	0	0	0	0	0	0	0	0	0	0	13890488	
1049	1	F	4	N	2500	0	40	428	166	50	47	78	0	0	0	0	0	0	0	0	0	0	0	0	13890582	
1050	1	F	4	N	2500	0	40	272	136	30	26	39	0	0	0	0	0	0	0	0	0	0	0	0	13890660	
1051	1	F	4	N	2500	0	40	351	134	31	23	27	0	0	0	0	0	0	0	0	0	0	0	0	13891128	
1052	1	F	4	N	2500	0	1	136	63	13	11	18	0	0	0	0	0	0	0	0	0	0	0	0	13891221	
1053	1	F	4	N	2500	0	40	327	134	32	28	40	0	0	0	0	0	0	0	0	0	0	0	0	13891315	
1054	1	F	4	N	2500	0	40	243	174	56	52	85	0	0	0	0	0	0	0	0	0	0	0	0	13891845	
1055	1	F	4	N	2500	0	1	154	64	12	2	9	0	0	0	0	0	0	0	0	0	0	0	0	13891908	
1056	1	F	4	N	2500	0	40	365	150	31	29	41	0	0	0	0	0	0	0	0	0	0	0	0	13892501	
1057	1	F	5	N	2500	6	40	385	152	32	27	43	0	0	0	0	0	0	0	0	0	0	0	0	13900082	
1058	1	F	5	N	2500	2	1	56	11	3	3	55	0	0	0	0	0	0	0	0	0	0	0	0	13901471	
1059	1	F	5	N	2500	6	40	366	136	28	24	34	0	0	0	0	0	0	0	0	0	0	0	0	13902610	
1060	1	F	6	N	2500	2	1	64	16	4	2	2	0	0	0	0	0	0	0	0	0	0	0	0	13914247	
1061	1	F	6	N	2500	6	40	253	104	25	20	30	0	0	0	0	0	0	0	0	0	0	0	0	13914871	
1062	1	F	6	N	2500	2	1	72	25	6	3	5	0	0	0	0	0	0	0	0	0	0	0	0	13915027	
1063	1	F	6	N	2500	2	1	50	13	1	2	3	0	0	0	0	0	0	0	0	0	0	0	0	13915261	
1064	1	F	6	N	2500	6	40	248	98	27	23	31	0	0	0	0	0	0	0	0	0	0	0	0	13915838	
1065	1	F	6	N	2500	2	1	196	85	19	13	20	0	0	0	0	0	0	0	0	0	0	0	0	13916556	
1066	1	F	6	N	2500	2	1	151	64	14	11	14	0	0	0	0	0	0	0	0	0	0	0	0	13916774	
1067	1	F	6	N	2500	2	1	121	50	8	7	9	0	0	0	0	0	0	0	0	0	0	0	0	13917164	
1068	1	F	6	N	2500	2	1	105	49	13	2	5	0	0	0	0	0	0	0	0	0	0	0	0	13920830	
1069	1	F	8	N	2500	6	40	270	131	31	29	38	0	0	0	0	0	0	0	0	0	0	0	0	13943575	
1070	1	F	8	N	2500	2	1	240	64	14	9	14	0	0	0	0	0	0	0	0	0	0	0	0	13944870	
1071	1	F	8	N	2500	6	40	207	130	31	28	38	0	0	0	0	0	0	0	0	0	0	0	0	13945463	
1072	1	F	8	N	2500	6	40	290	119	33	23	32	0	0	0	0	0	0	0	0	0	0	0	0	13945666	
1073	1	F	8	N	2500	0	40	301	122	34	23	32	0	0	0	0	0	0	0	0	0	0	0	0	13945759	
1074	1	F	8	N	2500	0	40	411	135	32	28	38	0	0	0	0	0	0	0	0	0	0	0	0	13945837	
1075	1	F	8	N	2500	0	40	279	111	30	23	38	0	0	0	0	0	0	0	0	0	0	0	0	13945853	
1076	1	F	8	N	2500	0	1	116	36	7	7	11	0	0	0	0	0	0	0	0	0	0	0	0	13945915	
1077	1	F	8	N	2500	0	40	318	124	30	26	41	0	0	0	0	0	0	0	0	0	0	0	0	13946040	
1078	1	F	8	N	2500	0	1	202	98	21	16	26	0	0	0	0	0	0	0	0	0	0	0	0	13946180	
1079	1	F	8	N	2500	0	40	430	150	36	31	53	0	0	0	0	0	0	0	0	0	0	0	0	13946180	
1080	1	F	8	N	2500	0	40	334	116	26	22	31	0	0	0	0	0	0	0	0	0	0	0	0	13946446	
1081	1	F	8	N	2500	0	40	273	130	31	26	33	0	0	0	0	0	0	0	0	0	0	0	0	13946539	
1082	1	F	8	N	2500	0	40	352	120	24	19	25	0	0	0	0	0	0	0	0	0	0	0	0	13946976	
1083	1	F	8	N	2500	0	1	123	92	20	18	24	0	0	0	0	0	0	0	0	0	0	0	0	13947226	
1084	1	F	8	N	2500	0	40	273	117	35	24	34	0	0	0	0	0	0	0	0	0	0	0	0	13947366	
1085	1	F	8	N	2500	0	40	336	121	25	21	33	0	0	0	0	0	0	0	0	0	0	0	0	13947444	
1086	1	F	8	N	2500	0	40	337	125	33	22	30	0	0	0	0	0	0	0	0	0	0	0	0	13948286	
1087	1	F	8	N	2500	0	40	344	120	30	22	33	0	0	0	0	0	0	0	0	0	0	0	0	13948661	
1088	1	F	8	N	2500	0	40	313	118	28	20	31	0	0	0	0	0	0	0	0	0	0	0	0	13949628	
1089	1	F	8	N	2500	0	40	252	130	28	25	38	0	0	0	0	0	0	0	0	0	0	0	0	13949784	
1090	1	F	8	N	2500	0	1	205	104	22	19	29	0	0	0	0	0	0	0	0	0	0	0	0	13949784	
1091	1	F	8	N	2500	0	40	329	119	31	26	36	0	0	0	0	0	0	0	0	0	0	0	0	13950221	
1092	1	F	8	N	2500	0	1	187	96	25	19	27	0	0	0	0	0	0	0	0	0	0	0	0	13950439	
1093	1	F	8	N	2500	0	1	61	11	2	2	3	0	0	0	0	0	0	0	0	0	0	0	0	13950439	
1094	1	F	10	N	2500	6	40	341	122	28	22	31	0	0	0	0	0	0	0	0	0	0	0	0	13972794	
1095	1	F	10	N	2500	6	40	346	167	46	39	60	0	0	0	0	0	0	0	0	0	0	0	0	13973449	
1096	1	F	10	N	2500	6	40	214	124	30	24	34	0	0	0	0	0	0	0	0	0	0	0	0	13973480	
1097	1	F	10	N	2500	0	1	188	111	31	25	33	0	0	0	0	0	0	0	0	0	0	0	0	13973496	
1098	1	F	10	N	2500	0	40	355	145	39	32	48	0	0	0	0	0	0	0	0	0	0	0	0	13975446	
1099	1	F	10	N	2500	0	40	290	117	24	19	26	0	0	0	0	0	0	0	0	0	0	0	0	13975852	
1100	1	F	10	N	2500	0	40	206	131	39	28	36	0	0	0	0	0	0	0	0	0	0	0	0	13975867	
1101	1	F	10	N	2500	0	40	319	131	34	27	39	0	0	0	0	0	0	0	0	0	0	0	0	13975992	
1102	1	F	10	N	2500	0	40	346	152	39	31	46	0	0	0	0	0	0	0	0	0	0	0	0	13976600	
1103	1	F	10	N	2500	0	40	420	165	38	32	47	0	0	0	0	0	0	0	0	0	0	0	0	13977131	
1104	1	F	10	N	2500	0	40	415	160	38	27	45	0	0	0	0	0	0	0	0	0	0	0	0	13977396	
1105	1	F	10	N	2500	0	40	198	129	37	29	41	0	0	0	0	0	0	0	0	0	0	0	0	13977458	
1106	1	F	10	N	2500	0	40	306	130	31	27	40	0	0	0	0	0	0	0	0	0	0	0	0	13977505	
1107	1	F	10	N	2500	0	40	326	119	27	24	37	0	0	0	0	0	0	0	0	0	0	0	0	13977505	
1108	1	F	10	N	2500	0	40	338	130	32	27	37	0	0	0	0	0	0	0	0	0	0	0	0	13977568	
1109	1	F	10	N	2500	0	40	363	145	41	33	43	0	0	0	0	0	0	0	0	0	0	0	0	13977661	
1110	1	F	10	N	2500	0	40	326	124	32	25	37	0	0	0	0	0	0	0	0	0	0	0	0	13978067	
1111	1	F	11	N	2500	6	40	387	153	39	31	44	0	0	0	0	0	0	0	0	0	0	0	0	13987068	
1112	1	F	11	N	2500	2	1	53	9	4	5	13	0	0	0	0	0	0	0	0	0	0	0	0	13989704	
1113	1	F	11	N	2500	10	40	393	160	41	30	47	0	0	0	0	0	0	0	0	0	0	0	0	13989704	
1114	1	F	11	N	2500	6	40	385	163	44	34	52	0	0	0	0	0	0	0	0	0	0	0	0	13991171	
1115	1	F	11	N	2500	6	40	362	133	37	24	35	0	0	0	0	0	0	0	0	0	0	0	0	13991436	
1116	1	F	12	N	2500	2	1	151	70	19	17	25	0	0	0	0	0	0	0	0	0	0	0	0	14000484	
1117	1	F	12	N	2500	33	1	60	51	14	11	16	0	0	0	0	0	0	0	0	0	0	0	0	14000484	
1118	1	F	12	N	2500	6	40	190	129	32	26	39	0	0	0	0	0	0	0	0	0	0	0	0	14000671	
1119	1	F	12	N	2500	6	40	312	139	38	27	40	0	0	0	0	0	0	0	0	0	0	0	0	14001014	
1120	1	F	12	N	2500	6	40	265	139	42	33	44	0	0	0	0	0	0	0	0	0	0	0	0	14001202	
1121	1	F	12	N	2500	0	40	364	138	34	29	45	0	0	0	0	0	0	0	0	0	0	0	0	14001280	
1122	1	F	12	N	2500	0	1	69	20	5	2	4	0	0	0	0	0	0	0	0	0	0	0	0	14001373	
1123	1	F	12	N	2500	0	40	400	175	47	47	79	0	0	0	0	0	0	0	0	0	0	0	0	14001654	
1124	1	F	12	N	2500	0	40	214	152	37	32	46	0	0	0	0	0	0	0	0	0	0	0	0	14002340	
1125	1	F	12	N	2500	0	40	338	154	44	35	51	0	0	0	0	0	0	0	0	0	0	0	0	14002652	
1126	1	F	12	N	2500	0	40	321	151	39	34	51	0	0	0	0	0	0	0	0	0	0	0	0	14002746	
1127	1	F	12	N	2500	0	40	263	149	32	26	35	0	0	0	0	0	0	0	0	0	0	0	0	14002746	
1128	1	F	12	N	2500	0	40	321	141	37	31	44	0	0	0	0	0	0	0	0	0	0	0	0	14002762	
1129	1	F	12	N	2500	0	40	344	129	30	24	34	0	0	0	0	0	0	0	0	0	0	0	0	14002918	
1130	1	F	12	N	2500	0	40	253	98	23	18	27	0	0	0	0	0	0	0	0	0	0	0	0	14003105	
1131	1	F	12	N	2500	0	1	208	55	8	9	14	0	0	0	0	0	0	0	0	0	0	0	0	14003120	
1132	1	F	12	N	2500	0	40	243	130	44	34	49	0	0	0	0	0	0	0	0	0	0	0	0	14003183	
1133	1	F	12	N	2500	0	40	336	141	38	32	45	0	0	0	0	0	0	0	0	0	0	0	0	14003214	
1134	1	F	12	N	2500	0	40	353	142	34	33	48	0	0	0	0	0	0	0	0	0	0	0	0	14003666	
1135	1	F	12	N	2500	0	40	367	149	34	28	39	0	0	0	0	0	0	0	0	0	0	0	0	14003729	
1136	1	F	12	N	2500	0	40	463	182	39	35	54	0	0	0	0	0	0	0	0	0	0	0	0	14004228	
1137	1	F	12	N	2500	0	1	69	22	6	9	26	0	0	0	0	0	0	0	0	0	0	0	0	14005273	
1138	1	F	12	N	2500	0	40	352	152	36	27	39	0	0	0	0	0	0	0	0	0	0	0	0	14005570	
1139	1	F	12	N	2500	0	40	272	144	42	30	45	0	0	0	0	0	0	0	0	0	0	0	0	14005804	
1140	1	F	12	N	2500	0	40	375	143	35	29	39	0	0	0	0	0	0	0	0	0	0	0	0	14006194	
1141	1	F	12	N	2500	0	40	303	144	34	26	39	0	0	0	0	0	0	0	0	0	0	0	0	14006350	
1142	1	F	12	N	2500	0	1	61	54	4	1	4	0	0	0	0	0	0	0	0	0	0	0	0	14006506	
1143	1	G	2	N	2500	2	1	171	115	32	22	32	0	0	0	0	0	0	0	0	0	0	0	0	14031107	
1144	1	G	2	N	2500	2	1	93	15	2	1	3	0	0	0	0	0	0	0	0	0	0	0	0	14031279	
1145	1	G	2	N	2500	6	40	246	125	32	27	38	0	0	0	0	0	0	0	0	0	0	0	0	14033244	
1146	1	G	2	N	2500	2	1	194	92	26	19	25	0	0	0	0	0	0	0	0	0	0	0	0	14033556	
1147	1	G	2	N	2500	6	40	321	125	27	21	34	0	0	0	0	0	0	0	0	0	0	0	0	14033931	
1148	1	G	2	N	2500	6	40	176	117	29	24	34	0	0	0	0	0	0	0	0	0	0	0	0	14033931	
1149	1	G	2	N	2500	0	40	203	144	28	3	9	0	0	0	0	0	0	0	0	0	0	0	0	14034024	
1150	1	G	2	N	2500	0	40	321	127	34	24	35	0	0	0	0	0	0	0	0	0	0	0	0	14034133	
1151	1	G	2	N	2500	0	1	97	21	3	3	8	0	0	0	0	0	0	0	0	0	0	0	0	14034211	
1152	1	G	2	N	2500	0	1	148	87	23	19	27	0	0	0	0	0	0	0	0	0	0	0	0	14034695	
1153	1	G	2	N	2500	0	40	198	127	32	27	38	0	0	0	0	0	0	0	0	0	0	0	0	14034820	
1154	1	G	2	N	2500	0	40	354	130	34	26	40	0	0	0	0	0	0	0	0	0	0	0	0	14035647	
1155	1	G	2	N	2500	0	40	241	156	41	34	53	0	0	0	0	0	0	0	0	0	0	0	0	14035849	
1156	1	G	2	N	2500	0	40	349	117	31	18	30	0	0	0	0	0	0	0	0	0	0	0	0	14035849	
1157	1	G	2	N	2500	0	40	365	144	35	28	43	0	0	0	0	0	0	0	0	0	0	0	0	14035943	
1158	1	G	2	N	2500	0	40	348	136	38	31	38	0	0	0	0	0	0	0	0	0	0	0	0	14036427	
1159	1	G	2	N	2500	0	40	341	130	32	25	34	0	0	0	0	0	0	0	0	0	0	0	0	14036848	
1160	1	G	2	N	2500	0	40	330	126	33	25	35	0	0	0	0	0	0	0	0	0	0	0	0	14037144	
1161	1	G	2	N	2500	0	40	233	120	27	23	34	0	0	0	0	0	0	0	0	0	0	0	0	14037207	
1162	1	G	2	N	2500	0	40	330	133	31	27	43	0	0	0	0	0	0	0	0	0	0	0	0	14037316	
1163	1	G	3	N	2500	2	1	142	68	18	15	22	0	0	0	0	0	0	0	0	0	0	0	0	14045475	
1164	1	G	3	N	2500	2	1	76	44	12	12	18	0	0	0	0	0	0	0	0	0	0	0	0	14045475	
1165	1	G	3	N	2500	6	40	307	114	23	18	27	0	0	0	0	0	0	0	0	0	0	0	0	14046879	
1166	1	G	4	N	2500	6	40	250	115	29	21	31	0	0	0	0	0	0	0	0	0	0	0	0	14059655	
1167	1	G	4	N	2500	6	40	404	158	39	30	42	0	0	0	0	0	0	0	0	0	0	0	0	14059702	
1168	1	G	4	N	2500	6	40	354	150	35	31	43	0	0	0	0	0	0	0	0	0	0	0	0	14059983	
1169	1	G	4	N	2500	0	40	269	154	36	30	43	0	0	0	0	0	0	0	0	0	0	0	0	14060107	
1170	1	G	4	N	2500	0	40	300	101	23	18	27	0	0	0	0	0	0	0	0	0	0	0	0	14060232	
1171	1	G	4	N	2500	0	40	206	124	31	23	35	0	0	0	0	0	0	0	0	0	0	0	0	14060373	
1172	1	G	4	N	2500	0	40	371	174	43	37	54	0	0	0	0	0	0	0	0	0	0	0	0	14060482	
1173	1	G	4	N	2500	0	40	333	147	38	30	40	0	0	0	0	0	0	0	0	0	0	0	0	14060591	
1174	1	G	4	N	2500	0	40	222	125	28	22	34	0	0	0	0	0	0	0	0	0	0	0	0	14060607	
1175	1	G	4	N	2500	0	40	398	163	37	33	50	0	0	0	0	0	0	0	0	0	0	0	0	14060903	
1176	1	G	4	N	2500	0	40	231	135	32	26	36	0	0	0	0	0	0	0	0	0	0	0	0	14060919	
1177	1	G	4	N	2500	0	40	177	116	34	32	44	0	0	0	0	0	0	0	0	0	0	0	0	14061012	
1178	1	G	4	N	2500	0	40	326	139	39	29	43	0	0	0	0	0	0	0	0	0	0	0	0	14061075	
1179	1	G	4	N	2500	0	40	377	150	36	28	42	0	0	0	0	0	0	0	0	0	0	0	0	14061355	
1180	1	G	4	N	2500	0	40	205	128	36	25	34	0	0	0	0	0	0	0	0	0	0	0	0	14061402	
1181	1	G	4	N	2500	0	40	400	175	46	35	52	0	0	0	0	0	0	0	0	0	0	0	0	14061605	
1182	1	G	4	N	2500	0	40	317	118	27	19	32	0	0	0	0	0	0	0	0	0	0	0	0	14061917	
1183	1	G	4	N	2500	0	40	214	162	41	36	53	0	0	0	0	0	0	0	0	0	0	0	0	14062073	
1184	1	G	4	N	2500	0	40	273	137	33	30	47	0	0	0	0	0	0	0	0	0	0	0	0	14062151	
1185	1	G	4	N	2500	0	2	135	128	38	31	43	0	0	0	0	0	0	0	0	0	0	0	0	14062198	
1186	1	G	4	N	2500	0	40	347	133	30	24	33	0	0	0	0	0	0	0	0	0	0	0	0	14062198	
1187	1	G	4	N	2500	0	1	61	12	6	3	7	0	0	0	0	0	0	0	0	0	0	0	0	14062245	
1188	1	G	4	N	2500	0	1	81	19	10	9	24	0	0	0	0	0	0	0	0	0	0	0	0	14062245	
1189	1	G	4	N	2500	0	40	344	141	35	28	37	0	0	0	0	0	0	0	0	0	0	0	0	14062354	
1190	1	G	4	N	2500	0	40	323	143	38	34	49	0	0	0	0	0	0	0	0	0	0	0	0	14062369	
1191	1	G	4	N	2500	0	40	380	150	37	34	52	0	0	0	0	0	0	0	0	0	0	0	0	14062447	
1192	1	G	4	N	2500	0	40	344	144	38	28	37	0	0	0	0	0	0	0	0	0	0	0	0	14062525	
1193	1	G	4	N	2500	0	40	209	162	47	36	49	0	0	0	0	0	0	0	0	0	0	0	0	14062588	
1194	1	G	4	N	2500	0	40	368	151	38	32	46	0	0	0	0	0	0	0	0	0	0	0	0	14062603	
1195	1	G	4	N	2500	0	40	354	147	37	27	41	0	0	0	0	0	0	0	0	0	0	0	0	14062837	
1196	1	G	4	N	2500	0	40	263	143	38	30	41	0	0	0	0	0	0	0	0	0	0	0	0	14062931	
1197	1	G	4	N	2500	0	40	339	129	33	27	37	0	0	0	0	0	0	0	0	0	0	0	0	14063071	
1198	1	G	4	N	2500	0	40	294	137	41	31	45	0	0	0	0	0	0	0	0	0	0	0	0	14063227	
1199	1	G	4	N	2500	0	40	308	156	47	39	56	0	0	0	0	0	0	0	0	0	0	0	0	14063243	
1200	1	G	4	N	2500	0	40	321	123	32	27	36	0	0	0	0	0	0	0	0	0	0	0	0	14063352	
1201	1	G	4	N	2500	0	40	385	145	33	27	35	0	0	0	0	0	0	0	0	0	0	0	0	14063742	
1202	1	G	4	N	2500	0	40	244	127	32	30	45	0	0	0	0	0	0	0	0	0	0	0	0	14064070	
1203	1	G	4	N	2500	0	40	329	146	33	30	43	0	0	0	0	0	0	0	0	0	0	0	0	14064117	
1204	1	G	4	N	2500	0	40	395	157	40	36	57	0	0	0	0	0	0	0	0	0	0	0	0	14064117	
1205	1	G	4	N	2500	0	40	377	142	36	27	41	0	0	0	0	0	0	0	0	0	0	0	0	14064226	
1206	1	G	4	N	2500	0	40	214	145	38	29	39	0	0	0	0	0	0	0	0	0	0	0	0	14064273	
1207	1	G	4	N	2500	0	40	241	127	27	25	37	0	0	0	0	0	0	0	0	0	0	0	0	14064460	
1208	1	G	4	N	2500	0	40	338	125	30	25	36	0	0	0	0	0	0	0	0	0	0	0	0	14064522	
1209	1	G	4	N	2500	0	40	218	124	28	23	33	0	0	0	0	0	0	0	0	0	0	0	0	14064600	
1210	1	G	4	N	2500	0	40	328	143	32	26	35	0	0	0	0	0	0	0	0	0	0	0	0	14064663	
1211	1	G	4	N	2500	0	40	373	158	36	32	44	0	0	0	0	0	0	0	0	0	0	0	0	14064725	
1212	1	G	4	N	2500	0	40	248	133	37	34	47	0	0	0	0	0	0	0	0	0	0	0	0	14064772	
1213	1	G	4	N	2500	0	1	133	77	18	14	18	0	0	0	0	0	0	0	0	0	0	0	0	14064803	
1214	1	G	4	N	2500	0	40	344	138	35	28	41	0	0	0	0	0	0	0	0	0	0	0	0	14064897	
1215	1	G	4	N	2500	0	40	357	151	35	29	41	0	0	0	0	0	0	0	0	0	0	0	0	14064959	
1216	1	G	4	N	2500	0	40	309	183	45	38	55	0	0	0	0	0	0	0	0	0	0	0	0	14065037	
1217	1	G	4	N	2500	0	40	367	153	38	31	42	0	0	0	0	0	0	0	0	0	0	0	0	14065053	
1218	1	G	4	N	2500	0	40	292	178	51	41	62	0	0	0	0	0	0	0	0	0	0	0	0	14065380	
1219	1	G	4	N	2500	0	40	393	173	47	36	55	0	0	0	0	0	0	0	0	0	0	0	0	14065739	
1220	1	G	4	N	2500	0	40	344	144	34	30	35	0	0	0	0	0	0	0	0	0	0	0	0	14065786	
1221	1	G	4	N	2500	0	40	347	136	34	26	42	0	0	0	0	0	0	0	0	0	0	0	0	14065833	
1222	1	G	4	N	2500	0	40	336	141	32	28	39	0	0	0	0	0	0	0	0	0	0	0	0	14066035	
1223	1	G	4	N	2500	0	40	474	188	43	34	51	0	0	0	0	0	0	0	0	0	0	0	0	14066457	
1224	1	G	4	N	2500	0	1	191	106	21	18	27	0	0	0	0	0	0	0	0	0	0	0	0	14066784	
1225	1	G	4	N	2500	0	40	329	145	36	33	48	0	0	0	0	0	0	0	0	0	0	0	0	14067096	
1226	1	G	5	N	2500	6	40	402	149	34	27	42	0	0	0	0	0	0	0	0	0	0	0	0	14079046	
1227	1	G	6	N	2500	6	40	226	112	25	20	29	0	0	0	0	0	0	0	0	0	0	0	0	14089732	
1228	1	G	6	N	2500	6	40	352	120	25	19	32	0	0	0	0	0	0	0	0	0	0	0	0	14089981	
1229	1	G	6	N	2500	6	40	221	138	36	25	37	0	0	0	0	0	0	0	0	0	0	0	0	14090917	
1230	1	G	6	N	2500	0	40	316	103	22	16	27	0	0	0	0	0	0	0	0	0	0	0	0	14091058	
1231	1	G	6	N	2500	0	1	289	70	11	9	20	0	0	0	0	0	0	0	0	0	0	0	0	14091339	
1232	1	G	6	N	2500	0	1	125	48	10	8	15	0	0	0	0	0	0	0	0	0	0	0	0	14091994	
1233	1	G	6	N	2500	0	1	267	79	15	11	22	0	0	0	0	0	0	0	0	0	0	0	0	14093242	
1234	1	G	6	N	2500	0	40	253	139	31	26	40	0	0	0	0	0	0	0	0	0	0	0	0	14093320	
1235	1	G	6	N	2500	0	40	277	113	24	17	26	0	0	0	0	0	0	0	0	0	0	0	0	14093460	
1236	1	G	6	N	2500	0	1	134	63	10	8	15	0	0	0	0	0	0	0	0	0	0	0	0	14093507	
1237	1	G	6	N	2500	0	1	214	61	10	7	11	0	0	0	0	0	0	0	0	0	0	0	0	14093663	
1238	1	G	6	N	2500	0	40	275	96	17	16	26	0	0	0	0	0	0	0	0	0	0	0	0	14093897	
1239	1	G	6	N	2500	0	1	279	86	15	12	20	0	0	0	0	0	0	0	0	0	0	0	0	14094053	
1240	1	G	7	N	2500	2	1	118	35	19	1	4	0	0	0	0	0	0	0	0	0	0	0	0	14107017	
