Id	Plate	Row	Column	Clog	Scan rate	Status sort	Status sel	TOF	EXT	Green	Yellow	Red	PH Ext	PW Ext	PC Ext	PH Green	PW Green	PCGreen	PH Yellow	PW Yellow	PCYellow	PH Red	PW Red	PCRed	Time Stamp	
0	1	G	12	N	2500	6	40	341	150	37	32	47	0	0	0	0	0	0	0	0	0	0	0	0	14771469	
1	1	G	12	N	2500	2	1	51	16	4	2	3	0	0	0	0	0	0	0	0	0	0	0	0	14771484	
2	1	G	12	N	2500	6	40	206	144	37	34	49	0	0	0	0	0	0	0	0	0	0	0	0	14771921	
3	1	G	12	N	2500	6	40	265	161	46	43	63	0	0	0	0	0	0	0	0	0	0	0	0	14771921	
4	1	G	12	N	2500	0	1	87	26	12	16	34	0	0	0	0	0	0	0	0	0	0	0	0	14772264	
5	1	G	12	N	2500	0	1	89	24	7	4	7	0	0	0	0	0	0	0	0	0	0	0	0	14772342	
6	1	G	12	N	2500	0	40	286	156	38	35	49	0	0	0	0	0	0	0	0	0	0	0	0	14772405	
7	1	G	12	N	2500	0	40	416	169	44	35	52	0	0	0	0	0	0	0	0	0	0	0	0	14772951	
8	1	G	12	N	2500	0	40	243	162	46	47	77	0	0	0	0	0	0	0	0	0	0	0	0	14773075	
9	1	G	12	N	2500	0	40	424	156	35	28	39	0	0	0	0	0	0	0	0	0	0	0	0	14773091	
10	1	G	12	N	2500	0	1	79	17	6	8	20	0	0	0	0	0	0	0	0	0	0	0	0	14773325	
11	1	G	12	N	2500	0	1	67	22	9	12	27	0	0	0	0	0	0	0	0	0	0	0	0	14773699	
12	1	G	12	N	2500	0	40	370	164	45	39	58	0	0	0	0	0	0	0	0	0	0	0	0	14773809	
13	1	G	12	N	2500	0	40	220	129	35	32	49	0	0	0	0	0	0	0	0	0	0	0	0	14773996	
14	1	G	12	N	2500	0	40	408	172	44	38	59	0	0	0	0	0	0	0	0	0	0	0	0	14774043	
15	1	G	12	N	2500	0	40	403	162	41	36	53	0	0	0	0	0	0	0	0	0	0	0	0	14774183	
16	1	G	12	N	2500	0	40	244	139	31	28	41	0	0	0	0	0	0	0	0	0	0	0	0	14774479	
17	1	G	12	N	2500	0	40	377	138	34	27	43	0	0	0	0	0	0	0	0	0	0	0	0	14774667	
18	1	G	12	N	2500	0	1	66	12	0	1	2	0	0	0	0	0	0	0	0	0	0	0	0	14774838	
19	1	G	12	N	2500	0	40	284	125	38	32	50	0	0	0	0	0	0	0	0	0	0	0	0	14774854	
20	1	G	12	N	2500	0	40	390	188	50	47	71	0	0	0	0	0	0	0	0	0	0	0	0	14775057	
21	1	G	12	N	2500	0	40	207	151	40	30	42	0	0	0	0	0	0	0	0	0	0	0	0	14775181	
22	1	G	12	N	2500	0	40	342	132	36	29	42	0	0	0	0	0	0	0	0	0	0	0	0	14775275	
23	1	G	12	N	2500	0	1	54	14	4	6	14	0	0	0	0	0	0	0	0	0	0	0	0	14775337	
24	1	G	12	N	2500	0	40	361	163	43	37	54	0	0	0	0	0	0	0	0	0	0	0	0	14775384	
25	1	G	12	N	2500	0	40	306	151	36	31	42	0	0	0	0	0	0	0	0	0	0	0	0	14775525	
26	1	G	12	N	2500	0	40	310	133	36	33	49	0	0	0	0	0	0	0	0	0	0	0	0	14775696	
27	1	G	12	N	2500	0	40	390	149	39	29	43	0	0	0	0	0	0	0	0	0	0	0	0	14775712	
28	1	G	12	N	2500	0	40	322	151	37	31	51	0	0	0	0	0	0	0	0	0	0	0	0	14775743	
29	1	G	12	N	2500	0	40	416	131	35	31	42	0	0	0	0	0	0	0	0	0	0	0	0	14775790	
30	1	H	2	N	2500	6	40	211	132	40	36	57	0	0	0	0	0	0	0	0	0	0	0	0	14800781	
31	1	H	2	N	2500	2	1	84	15	8	11	32	0	0	0	0	0	0	0	0	0	0	0	0	14801374	
32	1	H	2	N	2500	6	40	294	142	40	34	47	0	0	0	0	0	0	0	0	0	0	0	0	14802981	
33	1	H	2	N	2500	6	40	330	136	33	26	37	0	0	0	0	0	0	0	0	0	0	0	0	14803043	
34	1	H	2	N	2500	0	1	193	94	20	18	24	0	0	0	0	0	0	0	0	0	0	0	0	14803121	
35	1	H	2	N	2500	0	40	387	156	38	28	53	0	0	0	0	0	0	0	0	0	0	0	0	14803340	
36	1	H	2	N	2500	0	1	222	94	18	17	22	0	0	0	0	0	0	0	0	0	0	0	0	14803355	
37	1	H	2	N	2500	0	40	331	127	32	25	40	0	0	0	0	0	0	0	0	0	0	0	0	14803418	
38	1	H	2	N	2500	0	1	111	66	15	15	24	0	0	0	0	0	0	0	0	0	0	0	0	14803995	
39	1	H	2	N	2500	0	40	303	142	46	38	50	0	0	0	0	0	0	0	0	0	0	0	0	14804120	
40	1	H	2	N	2500	0	40	297	144	36	35	51	0	0	0	0	0	0	0	0	0	0	0	0	14804744	
41	1	H	2	N	2500	0	40	342	151	43	34	50	0	0	0	0	0	0	0	0	0	0	0	0	14804993	
42	1	H	2	N	2500	0	40	400	147	34	29	38	0	0	0	0	0	0	0	0	0	0	0	0	14805024	
43	1	H	2	N	2500	0	40	411	168	40	31	45	0	0	0	0	0	0	0	0	0	0	0	0	14805243	
44	1	H	2	N	2500	0	40	314	163	40	35	57	0	0	0	0	0	0	0	0	0	0	0	0	14805399	
45	1	H	2	N	2500	0	1	139	117	29	23	33	0	0	0	0	0	0	0	0	0	0	0	0	14805524	
46	1	H	2	N	2500	0	40	401	137	34	30	46	0	0	0	0	0	0	0	0	0	0	0	0	14805680	
47	1	H	2	N	2500	0	1	92	19	3	2	4	0	0	0	0	0	0	0	0	0	0	0	0	14805711	
48	1	H	2	N	2500	0	1	200	59	10	9	13	0	0	0	0	0	0	0	0	0	0	0	0	14805711	
49	1	H	2	N	2500	0	1	75	37	8	8	14	0	0	0	0	0	0	0	0	0	0	0	0	14805726	
50	1	H	2	N	2500	0	40	248	110	31	30	42	0	0	0	0	0	0	0	0	0	0	0	0	14805726	
51	1	H	2	N	2500	0	40	310	134	34	31	52	0	0	0	0	0	0	0	0	0	0	0	0	14806335	
52	1	H	2	N	2500	0	1	83	42	8	8	19	0	0	0	0	0	0	0	0	0	0	0	0	14807567	
53	1	H	3	N	2500	2	1	69	38	21	29	65	0	0	0	0	0	0	0	0	0	0	0	0	14814837	
54	1	H	3	N	2500	6	40	358	154	38	29	39	0	0	0	0	0	0	0	0	0	0	0	0	14816490	
55	1	H	3	N	2500	2	1	163	117	36	29	36	0	0	0	0	0	0	0	0	0	0	0	0	14816771	
56	1	H	3	N	2500	6	40	382	157	34	32	41	0	0	0	0	0	0	0	0	0	0	0	0	14817426	
57	1	H	3	N	2500	2	1	52	12	3	4	12	0	0	0	0	0	0	0	0	0	0	0	0	14819314	
58	1	H	3	N	2500	2	1	51	24	8	2	4	0	0	0	0	0	0	0	0	0	0	0	0	14820546	
59	1	H	4	N	2500	6	40	379	168	42	33	45	0	0	0	0	0	0	0	0	0	0	0	0	14829766	
60	1	H	4	N	2500	6	40	333	130	29	26	40	0	0	0	0	0	0	0	0	0	0	0	0	14829828	
61	1	H	4	N	2500	6	40	261	121	30	26	39	0	0	0	0	0	0	0	0	0	0	0	0	14830811	
62	1	H	4	N	2500	0	40	329	128	30	25	36	0	0	0	0	0	0	0	0	0	0	0	0	14831357	
63	1	H	4	N	2500	0	40	306	118	27	20	27	0	0	0	0	0	0	0	0	0	0	0	0	14831529	
64	1	H	4	N	2500	0	40	431	180	50	43	68	0	0	0	0	0	0	0	0	0	0	0	0	14831716	
65	1	H	4	N	2500	0	40	391	163	41	34	48	0	0	0	0	0	0	0	0	0	0	0	0	14832590	
66	1	H	4	N	2500	0	40	248	127	33	30	41	0	0	0	0	0	0	0	0	0	0	0	0	14832777	
67	1	H	4	N	2500	0	40	326	123	28	20	33	0	0	0	0	0	0	0	0	0	0	0	0	14833479	
68	1	H	4	N	2500	0	40	379	138	32	24	32	0	0	0	0	0	0	0	0	0	0	0	0	14833884	
69	1	H	4	N	2500	0	40	395	159	38	30	46	0	0	0	0	0	0	0	0	0	0	0	0	14834274	
70	1	H	4	N	2500	0	40	243	132	32	23	34	0	0	0	0	0	0	0	0	0	0	0	0	14834836	
71	1	H	4	N	2500	0	40	274	111	27	23	35	0	0	0	0	0	0	0	0	0	0	0	0	14835242	
72	1	H	4	N	2500	0	40	332	125	28	25	34	0	0	0	0	0	0	0	0	0	0	0	0	14835476	
73	1	H	4	N	2500	0	1	59	11	3	3	11	0	0	0	0	0	0	0	0	0	0	0	0	14835944	
74	1	H	4	N	2500	0	40	202	118	30	27	41	0	0	0	0	0	0	0	0	0	0	0	0	14835959	
75	1	H	5	N	2500	6	40	190	134	33	28	37	0	0	0	0	0	0	0	0	0	0	0	0	14845647	
76	1	H	5	N	2500	6	40	382	151	35	27	40	0	0	0	0	0	0	0	0	0	0	0	0	14849718	
77	1	H	6	N	2500	6	40	290	101	24	19	28	0	0	0	0	0	0	0	0	0	0	0	0	14859125	
78	1	H	6	N	2500	6	40	330	103	21	16	22	0	0	0	0	0	0	0	0	0	0	0	0	14859406	
79	1	H	6	N	2500	2	1	190	107	27	19	30	0	0	0	0	0	0	0	0	0	0	0	0	14859406	
80	1	H	6	N	2500	2	1	162	106	26	19	31	0	0	0	0	0	0	0	0	0	0	0	0	14859702	
81	1	H	6	N	2500	2	1	52	23	11	1	3	0	0	0	0	0	0	0	0	0	0	0	0	14859968	
82	1	H	6	N	2500	6	40	219	121	35	26	38	0	0	0	0	0	0	0	0	0	0	0	0	14860014	
83	1	H	6	N	2500	0	1	198	90	19	14	17	0	0	0	0	0	0	0	0	0	0	0	0	14860061	
84	1	H	6	N	2500	0	40	324	121	27	21	32	0	0	0	0	0	0	0	0	0	0	0	0	14860560	
85	1	H	6	N	2500	0	40	304	115	28	25	34	0	0	0	0	0	0	0	0	0	0	0	0	14860904	
86	1	H	6	N	2500	0	40	263	136	33	28	37	0	0	0	0	0	0	0	0	0	0	0	0	14861060	
87	1	H	6	N	2500	0	40	284	101	26	18	26	0	0	0	0	0	0	0	0	0	0	0	0	14861106	
88	1	H	6	N	2500	0	40	290	95	20	15	25	0	0	0	0	0	0	0	0	0	0	0	0	14861403	
89	1	H	6	N	2500	0	40	299	110	24	20	25	0	0	0	0	0	0	0	0	0	0	0	0	14861699	
90	1	H	6	N	2500	0	1	149	104	31	22	34	0	0	0	0	0	0	0	0	0	0	0	0	14861762	
91	1	H	6	N	2500	0	40	263	124	28	24	40	0	0	0	0	0	0	0	0	0	0	0	0	14861808	
92	1	H	6	N	2500	0	1	257	91	19	14	19	0	0	0	0	0	0	0	0	0	0	0	0	14861824	
93	1	H	6	N	2500	0	1	148	98	35	26	37	0	0	0	0	0	0	0	0	0	0	0	0	14862526	
94	1	H	6	N	2500	0	1	115	30	6	5	8	0	0	0	0	0	0	0	0	0	0	0	0	14862698	
95	1	H	6	N	2500	0	1	251	88	20	16	26	0	0	0	0	0	0	0	0	0	0	0	0	14862698	
96	1	H	6	N	2500	0	1	154	83	16	12	19	0	0	0	0	0	0	0	0	0	0	0	0	14863072	
97	1	H	6	N	2500	0	40	300	133	30	24	39	0	0	0	0	0	0	0	0	0	0	0	0	14863166	
98	1	H	6	N	2500	0	1	141	98	21	19	26	0	0	0	0	0	0	0	0	0	0	0	0	14863197	
99	1	H	6	N	2500	0	1	163	68	19	15	24	0	0	0	0	0	0	0	0	0	0	0	0	14863446	
100	1	H	6	N	2500	0	1	232	91	21	15	23	0	0	0	0	0	0	0	0	0	0	0	0	14863665	
101	1	H	6	N	2500	0	40	289	92	19	15	24	0	0	0	0	0	0	0	0	0	0	0	0	14863696	
102	1	H	7	N	2500	6	40	298	114	25	18	30	0	0	0	0	0	0	0	0	0	0	0	0	14875178	
103	1	H	8	N	2500	2	1	68	14	6	9	21	0	0	0	0	0	0	0	0	0	0	0	0	14887002	
104	1	H	8	N	2500	6	40	246	121	29	25	39	0	0	0	0	0	0	0	0	0	0	0	0	14887174	
105	1	H	8	N	2500	6	40	298	162	44	41	64	0	0	0	0	0	0	0	0	0	0	0	0	14887283	
106	1	H	8	N	2500	6	40	302	105	28	19	28	0	0	0	0	0	0	0	0	0	0	0	0	14887455	
107	1	H	8	N	2500	0	40	201	152	52	49	79	0	0	0	0	0	0	0	0	0	0	0	0	14888375	
108	1	H	8	N	2500	0	40	350	154	36	31	44	0	0	0	0	0	0	0	0	0	0	0	0	14888391	
109	1	H	8	N	2500	0	40	394	168	50	36	51	0	0	0	0	0	0	0	0	0	0	0	0	14888500	
110	1	H	8	N	2500	0	40	191	145	40	39	56	0	0	0	0	0	0	0	0	0	0	0	0	14888516	
111	1	H	8	N	2500	0	40	212	156	43	39	52	0	0	0	0	0	0	0	0	0	0	0	0	14888609	
112	1	H	8	N	2500	0	1	71	14	5	2	4	0	0	0	0	0	0	0	0	0	0	0	0	14888781	
113	1	H	8	N	2500	0	40	369	146	36	28	41	0	0	0	0	0	0	0	0	0	0	0	0	14889124	
114	1	H	8	N	2500	0	40	349	139	38	32	41	0	0	0	0	0	0	0	0	0	0	0	0	14889264	
115	1	H	8	N	2500	0	40	375	149	35	30	46	0	0	0	0	0	0	0	0	0	0	0	0	14889436	
116	1	H	8	N	2500	0	40	427	174	40	36	56	0	0	0	0	0	0	0	0	0	0	0	0	14889904	
117	1	H	8	N	2500	0	40	245	125	29	26	34	0	0	0	0	0	0	0	0	0	0	0	0	14889966	
118	1	H	8	N	2500	0	40	295	165	50	39	52	0	0	0	0	0	0	0	0	0	0	0	0	14890138	
119	1	H	8	N	2500	0	40	245	137	33	31	44	0	0	0	0	0	0	0	0	0	0	0	0	14890154	
120	1	H	8	N	2500	0	1	104	26	10	14	33	0	0	0	0	0	0	0	0	0	0	0	0	14890200	
121	1	H	8	N	2500	0	40	423	175	49	39	57	0	0	0	0	0	0	0	0	0	0	0	0	14890372	
122	1	H	8	N	2500	0	1	76	29	5	6	12	0	0	0	0	0	0	0	0	0	0	0	0	14890481	
123	1	H	8	N	2500	0	40	365	152	35	29	45	0	0	0	0	0	0	0	0	0	0	0	0	14890778	
124	1	H	8	N	2500	0	40	355	146	37	33	48	0	0	0	0	0	0	0	0	0	0	0	0	14891090	
125	1	H	8	N	2500	0	40	384	158	40	34	47	0	0	0	0	0	0	0	0	0	0	0	0	14891152	
126	1	H	8	N	2500	0	40	368	149	37	31	49	0	0	0	0	0	0	0	0	0	0	0	0	14891246	
127	1	H	8	N	2500	0	40	265	164	45	41	59	0	0	0	0	0	0	0	0	0	0	0	0	14891308	
128	1	H	8	N	2500	0	40	356	153	49	37	55	0	0	0	0	0	0	0	0	0	0	0	0	14891698	
129	1	H	8	N	2500	0	40	385	157	41	37	50	0	0	0	0	0	0	0	0	0	0	0	0	14891885	
130	1	H	8	N	2500	0	40	214	137	38	33	48	0	0	0	0	0	0	0	0	0	0	0	0	14892041	
131	1	H	8	N	2500	0	40	420	164	45	37	58	0	0	0	0	0	0	0	0	0	0	0	0	14892182	
132	1	H	8	N	2500	0	40	295	170	51	41	57	0	0	0	0	0	0	0	0	0	0	0	0	14892306	
133	1	H	8	N	2500	0	40	361	136	38	28	37	0	0	0	0	0	0	0	0	0	0	0	0	14892447	
134	1	H	9	N	2500	2	1	107	93	33	38	86	0	0	0	0	0	0	0	0	0	0	0	0	14901401	
135	1	H	9	N	2500	6	40	236	134	38	34	49	0	0	0	0	0	0	0	0	0	0	0	0	14903086	
136	1	H	9	N	2500	6	40	360	143	33	27	39	0	0	0	0	0	0	0	0	0	0	0	0	14903710	
137	1	H	9	N	2500	6	40	375	192	55	46	71	0	0	0	0	0	0	0	0	0	0	0	0	14906970	
138	1	H	9	N	2500	0	40	399	165	40	33	52	0	0	0	0	0	0	0	0	0	0	0	0	14907407	
139	1	H	9	N	2500	0	40	220	153	36	30	37	0	0	0	0	0	0	0	0	0	0	0	0	14908016	
140	1	H	10	N	2500	6	40	392	153	41	33	43	0	0	0	0	0	0	0	0	0	0	0	0	14916034	
141	1	H	10	N	2500	2	1	178	103	31	22	33	0	0	0	0	0	0	0	0	0	0	0	0	14916050	
142	1	H	10	N	2500	6	40	187	120	30	24	35	0	0	0	0	0	0	0	0	0	0	0	0	14916486	
143	1	H	10	N	2500	6	40	394	143	32	30	41	0	0	0	0	0	0	0	0	0	0	0	0	14916861	
144	1	H	10	N	2500	0	1	68	24	40	55	90	0	0	0	0	0	0	0	0	0	0	0	0	14917438	
145	1	H	10	N	2500	0	40	372	146	38	30	41	0	0	0	0	0	0	0	0	0	0	0	0	14917953	
146	1	H	10	N	2500	0	40	367	149	36	30	48	0	0	0	0	0	0	0	0	0	0	0	0	14918452	
147	1	H	10	N	2500	0	40	377	154	37	30	44	0	0	0	0	0	0	0	0	0	0	0	0	14918530	
148	1	H	10	N	2500	0	40	323	108	23	17	25	0	0	0	0	0	0	0	0	0	0	0	0	14918624	
149	1	H	10	N	2500	0	40	382	146	38	31	44	0	0	0	0	0	0	0	0	0	0	0	0	14918655	
150	1	H	10	N	2500	0	40	329	111	28	24	38	0	0	0	0	0	0	0	0	0	0	0	0	14918827	
151	1	H	10	N	2500	0	40	418	161	41	33	52	0	0	0	0	0	0	0	0	0	0	0	0	14919419	
152	1	H	10	N	2500	0	40	406	164	47	36	55	0	0	0	0	0	0	0	0	0	0	0	0	14919482	
153	1	H	10	N	2500	0	40	414	159	35	28	38	0	0	0	0	0	0	0	0	0	0	0	0	14919685	
154	1	H	10	N	2500	0	40	251	136	32	28	36	0	0	0	0	0	0	0	0	0	0	0	0	14920028	
155	1	H	10	N	2500	0	40	389	158	41	32	44	0	0	0	0	0	0	0	0	0	0	0	0	14920121	
156	1	H	10	N	2500	0	40	380	136	37	30	42	0	0	0	0	0	0	0	0	0	0	0	0	14920589	
157	1	H	10	N	2500	0	1	62	17	8	10	23	0	0	0	0	0	0	0	0	0	0	0	0	14920667	
158	1	H	10	N	2500	0	40	395	167	41	31	42	0	0	0	0	0	0	0	0	0	0	0	0	14920667	
159	1	H	10	N	2500	0	40	221	153	40	33	51	0	0	0	0	0	0	0	0	0	0	0	0	14921245	
160	1	H	10	N	2500	0	40	250	153	41	36	54	0	0	0	0	0	0	0	0	0	0	0	0	14921369	
161	1	H	10	N	2500	0	40	357	138	34	28	38	0	0	0	0	0	0	0	0	0	0	0	0	14921385	
162	1	H	10	N	2500	0	40	225	135	30	27	41	0	0	0	0	0	0	0	0	0	0	0	0	14921619	
163	1	H	11	N	2500	6	40	206	117	26	22	30	0	0	0	0	0	0	0	0	0	0	0	0	14929793	
164	1	H	11	N	2500	6	40	367	142	36	28	45	0	0	0	0	0	0	0	0	0	0	0	0	14930339	
165	1	H	11	N	2500	6	40	322	117	29	25	32	0	0	0	0	0	0	0	0	0	0	0	0	14931868	
166	1	H	11	N	2500	0	40	329	128	31	26	36	0	0	0	0	0	0	0	0	0	0	0	0	14932664	
167	1	H	11	N	2500	0	40	209	118	28	25	33	0	0	0	0	0	0	0	0	0	0	0	0	14936033	
168	1	H	11	N	2500	0	1	86	23	10	12	28	0	0	0	0	0	0	0	0	0	0	0	0	14936423	
169	1	H	12	N	2500	2	1	138	75	10	10	13	0	0	0	0	0	0	0	0	0	0	0	0	14944629	
170	1	H	12	N	2500	6	40	307	105	22	16	25	0	0	0	0	0	0	0	0	0	0	0	0	14946532	
171	1	H	12	N	2500	6	40	183	116	27	24	36	0	0	0	0	0	0	0	0	0	0	0	0	14946735	
172	1	H	12	N	2500	6	40	307	105	26	19	33	0	0	0	0	0	0	0	0	0	0	0	0	14947453	
173	1	H	12	N	2500	0	1	180	44	6	6	13	0	0	0	0	0	0	0	0	0	0	0	0	14947499	
174	1	H	12	N	2500	0	1	205	100	24	22	32	0	0	0	0	0	0	0	0	0	0	0	0	14947609	
175	1	H	12	N	2500	0	40	300	86	17	14	21	0	0	0	0	0	0	0	0	0	0	0	0	14947905	
176	1	H	12	N	2500	0	1	295	82	16	13	21	0	0	0	0	0	0	0	0	0	0	0	0	14948077	
177	1	H	12	N	2500	0	40	280	132	30	25	39	0	0	0	0	0	0	0	0	0	0	0	0	14948139	
178	1	H	12	N	2500	0	40	351	105	19	16	26	0	0	0	0	0	0	0	0	0	0	0	0	14948389	
179	1	H	12	N	2500	0	40	315	105	25	21	33	0	0	0	0	0	0	0	0	0	0	0	0	14948404	
180	1	H	12	N	2500	0	1	178	53	10	9	15	0	0	0	0	0	0	0	0	0	0	0	0	14948794	
181	1	H	12	N	2500	0	40	220	108	28	20	31	0	0	0	0	0	0	0	0	0	0	0	0	14949137	
182	1	H	12	N	2500	0	40	295	92	22	15	20	0	0	0	0	0	0	0	0	0	0	0	0	14949434	
183	1	H	12	N	2500	0	40	290	121	24	23	35	0	0	0	0	0	0	0	0	0	0	0	0	14949527	
184	1	H	12	N	2500	0	1	75	53	21	26	49	0	0	0	0	0	0	0	0	0	0	0	0	14949543	
185	1	H	12	N	2500	0	40	252	125	29	21	31	0	0	0	0	0	0	0	0	0	0	0	0	14949777	
186	1	H	12	N	2500	0	1	60	19	8	9	20	0	0	0	0	0	0	0	0	0	0	0	0	14950916	
187	1	H	12	N	2500	0	1	194	54	8	7	11	0	0	0	0	0	0	0	0	0	0	0	0	14951025	


Threshold source: EXT,  value 50
Min TOF = 50
EXT signal gain 1.6
Green signal gain 3.0
Yellow signal gain 3.0
Red signal gain 3.0
Green PMT voltage 700
Yellow PMT voltage 700
Red PMT voltage 900
Signal multipliers: 1.0,1.0,1.0,1.0
C:\Users\unionbio\Desktop\COPAS Templates\USE for L4 dispense4.csv