Id	Plate	Row	Column	Clog	Scan rate	Status sort	Status sel	TOF	EXT	Green	Yellow	Red	PH Ext	PW Ext	PC Ext	PH Green	PW Green	PCGreen	PH Yellow	PW Yellow	PCYellow	PH Red	PW Red	PCRed	Time Stamp	
0	1	A	1	N	2500	6	40	303	98	22	17	24	0	0	0	0	0	0	0	0	0	0	0	0	39214281	
1	1	A	1	N	2500	2	1	144	92	22	20	28	0	0	0	0	0	0	0	0	0	0	0	0	39215123	
2	1	A	2	N	2500	6	40	185	140	46	34	45	0	0	0	0	0	0	0	0	0	0	0	0	39224857	
3	1	A	2	N	2500	6	40	319	104	26	20	32	0	0	0	0	0	0	0	0	0	0	0	0	39225107	
4	1	A	2	N	2500	6	40	372	135	39	30	48	0	0	0	0	0	0	0	0	0	0	0	0	39225793	
5	1	A	2	N	2500	0	40	362	150	37	31	47	0	0	0	0	0	0	0	0	0	0	0	0	39226199	
6	1	A	2	N	2500	0	40	208	114	42	32	47	0	0	0	0	0	0	0	0	0	0	0	0	39226573	
7	1	A	2	N	2500	0	1	238	69	15	12	19	0	0	0	0	0	0	0	0	0	0	0	0	39226854	
8	1	A	2	N	2500	0	40	389	153	41	32	52	0	0	0	0	0	0	0	0	0	0	0	0	39226885	
9	1	A	2	N	2500	0	40	324	143	39	31	49	0	0	0	0	0	0	0	0	0	0	0	0	39227041	
10	1	A	2	N	2500	0	40	337	162	57	39	55	0	0	0	0	0	0	0	0	0	0	0	0	39227385	
11	1	A	2	N	2500	0	40	367	190	56	42	60	0	0	0	0	0	0	0	0	0	0	0	0	39227416	
12	1	A	2	N	2500	0	40	300	96	23	17	29	0	0	0	0	0	0	0	0	0	0	0	0	39227603	
13	1	A	2	N	2500	0	40	320	119	35	26	39	0	0	0	0	0	0	0	0	0	0	0	0	39227806	
14	1	A	2	N	2500	0	40	383	146	43	30	52	0	0	0	0	0	0	0	0	0	0	0	0	39227821	
15	1	A	2	N	2500	0	40	241	171	50	35	56	0	0	0	0	0	0	0	0	0	0	0	0	39227837	
16	1	A	2	N	2500	0	1	201	78	25	20	33	0	0	0	0	0	0	0	0	0	0	0	0	39227837	
17	1	A	2	N	2500	0	40	246	172	49	43	58	0	0	0	0	0	0	0	0	0	0	0	0	39227868	
18	1	A	2	N	2500	0	40	328	113	24	19	30	0	0	0	0	0	0	0	0	0	0	0	0	39227915	
19	1	A	2	N	2500	0	40	233	101	26	23	35	0	0	0	0	0	0	0	0	0	0	0	0	39228071	
20	1	A	2	N	2500	0	40	236	136	37	25	34	0	0	0	0	0	0	0	0	0	0	0	0	39228274	
21	1	A	2	N	2500	0	40	257	105	26	20	26	0	0	0	0	0	0	0	0	0	0	0	0	39228882	
22	1	A	2	N	2500	0	40	224	120	44	36	46	0	0	0	0	0	0	0	0	0	0	0	0	39229054	
23	1	A	2	N	2500	0	1	269	72	15	13	23	0	0	0	0	0	0	0	0	0	0	0	0	39229194	
24	1	A	2	N	2500	0	40	357	129	35	28	40	0	0	0	0	0	0	0	0	0	0	0	0	39229444	
25	1	A	2	N	2500	0	40	327	120	34	25	40	0	0	0	0	0	0	0	0	0	0	0	0	39229787	
26	1	A	2	N	2500	0	40	343	147	49	35	55	0	0	0	0	0	0	0	0	0	0	0	0	39229927	
27	1	A	2	N	2500	0	40	338	129	37	31	50	0	0	0	0	0	0	0	0	0	0	0	0	39229927	
28	1	A	2	N	2500	0	40	372	158	46	38	50	0	0	0	0	0	0	0	0	0	0	0	0	39230005	
29	1	A	2	N	2500	0	40	385	160	43	32	44	0	0	0	0	0	0	0	0	0	0	0	0	39230005	
30	1	A	2	N	2500	0	40	186	124	33	27	40	0	0	0	0	0	0	0	0	0	0	0	0	39230676	
31	1	A	2	N	2500	0	1	202	108	28	20	26	0	0	0	0	0	0	0	0	0	0	0	0	39231097	
32	1	A	2	N	2500	0	40	200	146	37	30	43	0	0	0	0	0	0	0	0	0	0	0	0	39231144	
33	1	A	2	N	2500	0	40	366	132	35	27	38	0	0	0	0	0	0	0	0	0	0	0	0	39231753	
34	1	A	4	N	2500	6	40	323	152	43	30	46	0	0	0	0	0	0	0	0	0	0	0	0	39254310	
35	1	A	4	N	2500	6	40	222	116	35	26	42	0	0	0	0	0	0	0	0	0	0	0	0	39254513	
36	1	A	4	N	2500	6	40	300	89	21	18	30	0	0	0	0	0	0	0	0	0	0	0	0	39255153	
37	1	A	4	N	2500	0	1	156	116	38	28	43	0	0	0	0	0	0	0	0	0	0	0	0	39255948	
38	1	A	4	N	2500	0	1	240	96	31	24	39	0	0	0	0	0	0	0	0	0	0	0	0	39255948	
39	1	A	4	N	2500	0	40	263	123	38	28	40	0	0	0	0	0	0	0	0	0	0	0	0	39255964	
40	1	A	4	N	2500	0	40	262	161	37	31	54	0	0	0	0	0	0	0	0	0	0	0	0	39256291	
41	1	A	4	N	2500	0	1	273	86	19	15	24	0	0	0	0	0	0	0	0	0	0	0	0	39256354	
42	1	A	4	N	2500	0	40	230	124	38	27	41	0	0	0	0	0	0	0	0	0	0	0	0	39256915	
43	1	A	4	N	2500	0	40	344	117	29	24	39	0	0	0	0	0	0	0	0	0	0	0	0	39257493	
44	1	A	4	N	2500	0	40	244	133	34	28	43	0	0	0	0	0	0	0	0	0	0	0	0	39257633	
45	1	A	4	N	2500	0	1	171	69	14	13	20	0	0	0	0	0	0	0	0	0	0	0	0	39257649	
46	1	A	4	N	2500	0	1	104	58	12	11	18	0	0	0	0	0	0	0	0	0	0	0	0	39257836	
47	1	A	4	N	2500	0	40	355	118	28	23	38	0	0	0	0	0	0	0	0	0	0	0	0	39257898	
48	1	A	4	N	2500	0	40	227	116	33	26	36	0	0	0	0	0	0	0	0	0	0	0	0	39258413	
49	1	A	4	N	2500	0	40	368	135	33	30	45	0	0	0	0	0	0	0	0	0	0	0	0	39258413	
50	1	A	4	N	2500	0	40	262	125	31	28	42	0	0	0	0	0	0	0	0	0	0	0	0	39258741	
51	1	A	4	N	2500	0	40	187	123	36	27	38	0	0	0	0	0	0	0	0	0	0	0	0	39259255	
52	1	A	4	N	2500	0	40	389	146	37	30	46	0	0	0	0	0	0	0	0	0	0	0	0	39259552	
53	1	A	4	N	2500	0	40	164	122	40	29	41	0	0	0	0	0	0	0	0	0	0	0	0	39259942	
54	1	A	4	N	2500	0	1	274	87	19	16	25	0	0	0	0	0	0	0	0	0	0	0	0	39259942	
55	1	A	6	N	2500	2	1	50	23	7	4	7	0	0	0	0	0	0	0	0	0	0	0	0	39282437	
56	1	A	6	N	2500	2	1	277	83	19	14	20	0	0	0	0	0	0	0	0	0	0	0	0	39284059	
57	1	A	6	N	2500	6	40	350	105	22	16	24	0	0	0	0	0	0	0	0	0	0	0	0	39284777	
58	1	A	6	N	2500	6	40	291	97	22	18	25	0	0	0	0	0	0	0	0	0	0	0	0	39285058	
59	1	A	6	N	2500	2	1	184	75	26	20	27	0	0	0	0	0	0	0	0	0	0	0	0	39285292	
60	1	A	6	N	2500	2	1	53	14	3	2	5	0	0	0	0	0	0	0	0	0	0	0	0	39285339	
61	1	A	6	N	2500	6	40	380	152	41	33	46	0	0	0	0	0	0	0	0	0	0	0	0	39285401	
62	1	A	6	N	2500	0	1	57	12	2	2	3	0	0	0	0	0	0	0	0	0	0	0	0	39286134	
63	1	A	6	N	2500	0	40	255	103	28	21	31	0	0	0	0	0	0	0	0	0	0	0	0	39286134	
64	1	A	6	N	2500	0	40	372	150	41	32	50	0	0	0	0	0	0	0	0	0	0	0	0	39286290	
65	1	A	6	N	2500	0	40	330	121	34	24	37	0	0	0	0	0	0	0	0	0	0	0	0	39286431	
66	1	A	6	N	2500	0	1	171	43	9	7	12	0	0	0	0	0	0	0	0	0	0	0	0	39287148	
67	1	A	6	N	2500	0	40	214	122	28	22	34	0	0	0	0	0	0	0	0	0	0	0	0	39287289	
68	1	A	6	N	2500	0	40	288	93	24	17	27	0	0	0	0	0	0	0	0	0	0	0	0	39287601	
69	1	A	6	N	2500	0	40	367	172	45	37	49	0	0	0	0	0	0	0	0	0	0	0	0	39287741	
70	1	A	6	N	2500	0	40	294	155	48	33	44	0	0	0	0	0	0	0	0	0	0	0	0	39287772	
71	1	A	6	N	2500	0	40	227	107	29	23	33	0	0	0	0	0	0	0	0	0	0	0	0	39288989	
72	1	A	7	N	2500	2	1	515	165	38	29	48	0	0	0	0	0	0	0	0	0	0	0	0	39301422	
73	1	A	8	N	2500	2	1	98	20	12	2	3	0	0	0	0	0	0	0	0	0	0	0	0	39310658	
74	1	A	8	N	2500	2	1	106	37	20	7	9	0	0	0	0	0	0	0	0	0	0	0	0	39310985	
75	1	A	8	N	2500	2	1	66	18	14	3	4	0	0	0	0	0	0	0	0	0	0	0	0	39311079	
76	1	A	8	N	2500	2	1	57	12	6	3	3	0	0	0	0	0	0	0	0	0	0	0	0	39311282	
77	1	A	8	N	2500	2	1	77	22	9	3	5	0	0	0	0	0	0	0	0	0	0	0	0	39311360	
78	1	A	8	N	2500	2	1	53	16	6	2	2	0	0	0	0	0	0	0	0	0	0	0	0	39311422	
79	1	A	8	N	2500	6	40	340	149	39	28	40	0	0	0	0	0	0	0	0	0	0	0	0	39312015	
80	1	A	8	N	2500	6	40	300	154	46	32	43	0	0	0	0	0	0	0	0	0	0	0	0	39313403	
81	1	A	8	N	2500	6	40	296	94	22	14	24	0	0	0	0	0	0	0	0	0	0	0	0	39313434	
82	1	A	8	N	2500	0	40	435	169	40	30	51	0	0	0	0	0	0	0	0	0	0	0	0	39314027	
83	1	A	8	N	2500	0	1	55	12	2	3	3	0	0	0	0	0	0	0	0	0	0	0	0	39314183	
84	1	A	8	N	2500	0	40	342	127	31	25	39	0	0	0	0	0	0	0	0	0	0	0	0	39314199	
85	1	A	8	N	2500	0	40	355	133	36	26	40	0	0	0	0	0	0	0	0	0	0	0	0	39314402	
86	1	A	8	N	2500	0	40	196	135	45	32	43	0	0	0	0	0	0	0	0	0	0	0	0	39314480	
87	1	A	8	N	2500	0	2	157	141	45	34	49	0	0	0	0	0	0	0	0	0	0	0	0	39314495	
88	1	A	8	N	2500	0	40	254	154	44	29	39	0	0	0	0	0	0	0	0	0	0	0	0	39314823	
89	1	A	8	N	2500	0	40	301	146	42	30	43	0	0	0	0	0	0	0	0	0	0	0	0	39314916	
90	1	A	8	N	2500	0	40	479	175	44	31	46	0	0	0	0	0	0	0	0	0	0	0	0	39314916	
91	1	A	8	N	2500	0	40	329	127	30	23	33	0	0	0	0	0	0	0	0	0	0	0	0	39314932	
92	1	A	8	N	2500	0	40	369	141	39	25	34	0	0	0	0	0	0	0	0	0	0	0	0	39314948	
93	1	A	8	N	2500	0	40	244	111	31	26	35	0	0	0	0	0	0	0	0	0	0	0	0	39315197	
94	1	A	8	N	2500	0	40	278	155	46	33	51	0	0	0	0	0	0	0	0	0	0	0	0	39315400	
95	1	A	8	N	2500	0	40	341	121	37	26	38	0	0	0	0	0	0	0	0	0	0	0	0	39315416	
96	1	A	8	N	2500	0	40	370	163	36	30	45	0	0	0	0	0	0	0	0	0	0	0	0	39315494	
97	1	A	8	N	2500	0	40	318	131	35	28	37	0	0	0	0	0	0	0	0	0	0	0	0	39315665	
98	1	A	8	N	2500	0	40	344	136	34	27	39	0	0	0	0	0	0	0	0	0	0	0	0	39315712	
99	1	A	8	N	2500	0	40	214	134	39	28	41	0	0	0	0	0	0	0	0	0	0	0	0	39315899	
100	1	A	8	N	2500	0	40	355	120	26	21	28	0	0	0	0	0	0	0	0	0	0	0	0	39315930	
101	1	A	8	N	2500	0	40	260	125	38	27	37	0	0	0	0	0	0	0	0	0	0	0	0	39316008	
102	1	A	8	N	2500	0	40	331	150	38	28	47	0	0	0	0	0	0	0	0	0	0	0	0	39316055	
103	1	A	8	N	2500	0	40	318	136	38	27	38	0	0	0	0	0	0	0	0	0	0	0	0	39316102	
104	1	A	8	N	2500	0	40	301	149	39	34	47	0	0	0	0	0	0	0	0	0	0	0	0	39316102	
105	1	A	8	N	2500	0	40	303	152	46	32	42	0	0	0	0	0	0	0	0	0	0	0	0	39316118	
106	1	A	8	N	2500	0	40	237	148	35	30	44	0	0	0	0	0	0	0	0	0	0	0	0	39316164	
107	1	A	8	N	2500	0	40	207	122	40	28	39	0	0	0	0	0	0	0	0	0	0	0	0	39316227	
108	1	A	8	N	2500	0	40	266	131	40	26	40	0	0	0	0	0	0	0	0	0	0	0	0	39316398	
109	1	A	8	N	2500	0	40	233	107	24	21	31	0	0	0	0	0	0	0	0	0	0	0	0	39316414	
110	1	A	8	N	2500	0	40	252	95	22	19	27	0	0	0	0	0	0	0	0	0	0	0	0	39316414	
111	1	A	8	N	2500	0	40	257	112	27	20	31	0	0	0	0	0	0	0	0	0	0	0	0	39316430	
112	1	A	8	N	2500	0	40	199	133	32	26	39	0	0	0	0	0	0	0	0	0	0	0	0	39316523	
113	1	A	8	N	2500	0	40	293	114	26	19	28	0	0	0	0	0	0	0	0	0	0	0	0	39316586	
114	1	A	8	N	2500	0	40	381	164	48	35	54	0	0	0	0	0	0	0	0	0	0	0	0	39316804	
115	1	A	8	N	2500	0	40	355	133	38	27	37	0	0	0	0	0	0	0	0	0	0	0	0	39316882	
116	1	A	8	N	2500	0	40	386	154	40	27	43	0	0	0	0	0	0	0	0	0	0	0	0	39316929	
117	1	A	8	N	2500	0	40	500	176	39	31	50	0	0	0	0	0	0	0	0	0	0	0	0	39317132	
118	1	A	8	N	2500	0	40	246	135	39	31	45	0	0	0	0	0	0	0	0	0	0	0	0	39317272	
119	1	A	8	N	2500	0	1	266	81	21	14	22	0	0	0	0	0	0	0	0	0	0	0	0	39317303	
120	1	A	8	N	2500	0	40	363	139	38	26	40	0	0	0	0	0	0	0	0	0	0	0	0	39317522	
121	1	A	8	N	2500	0	40	311	112	26	19	27	0	0	0	0	0	0	0	0	0	0	0	0	39317756	
122	1	A	9	N	2500	2	1	65	15	2	3	6	0	0	0	0	0	0	0	0	0	0	0	0	39325431	
123	1	A	9	N	2500	6	40	310	127	30	23	36	0	0	0	0	0	0	0	0	0	0	0	0	39330002	
124	1	A	9	N	2500	6	40	385	143	33	28	41	0	0	0	0	0	0	0	0	0	0	0	0	39330017	
125	1	A	9	N	2500	6	40	333	119	31	22	34	0	0	0	0	0	0	0	0	0	0	0	0	39331281	
126	1	A	10	N	2500	2	1	139	73	13	12	18	0	0	0	0	0	0	0	0	0	0	0	0	39339720	
127	1	A	10	N	2500	2	1	69	16	5	1	2	0	0	0	0	0	0	0	0	0	0	0	0	39339876	
128	1	A	10	N	2500	2	1	53	14	8	1	2	0	0	0	0	0	0	0	0	0	0	0	0	39340095	
129	1	A	10	N	2500	2	1	54	16	7	3	4	0	0	0	0	0	0	0	0	0	0	0	0	39340454	
130	1	A	10	N	2500	2	1	184	71	20	18	25	0	0	0	0	0	0	0	0	0	0	0	0	39341608	
131	1	A	10	N	2500	2	1	130	52	13	12	19	0	0	0	0	0	0	0	0	0	0	0	0	39341639	
132	1	A	10	N	2500	6	40	390	156	41	32	47	0	0	0	0	0	0	0	0	0	0	0	0	39341733	
133	1	A	10	N	2500	6	40	419	160	42	35	57	0	0	0	0	0	0	0	0	0	0	0	0	39341748	
134	1	A	10	N	2500	6	40	372	131	31	27	42	0	0	0	0	0	0	0	0	0	0	0	0	39342310	
135	1	A	10	N	2500	0	1	232	75	16	14	21	0	0	0	0	0	0	0	0	0	0	0	0	39343995	
136	1	A	10	N	2500	0	40	373	170	45	34	50	0	0	0	0	0	0	0	0	0	0	0	0	39344198	
137	1	A	10	N	2500	0	40	294	101	21	18	30	0	0	0	0	0	0	0	0	0	0	0	0	39344978	
138	1	A	10	N	2500	0	1	97	38	9	8	11	0	0	0	0	0	0	0	0	0	0	0	0	39345524	
139	1	A	10	N	2500	0	40	335	124	33	28	41	0	0	0	0	0	0	0	0	0	0	0	0	39345633	
140	1	A	12	N	2500	2	1	71	26	14	3	2	0	0	0	0	0	0	0	0	0	0	0	0	39368268	
141	1	A	12	N	2500	2	1	81	34	19	9	16	0	0	0	0	0	0	0	0	0	0	0	0	39368378	
142	1	A	12	N	2500	2	1	71	18	9	4	7	0	0	0	0	0	0	0	0	0	0	0	0	39370406	
143	1	A	12	N	2500	6	40	265	99	24	16	22	0	0	0	0	0	0	0	0	0	0	0	0	39371498	
144	1	A	12	N	2500	2	1	218	96	29	21	29	0	0	0	0	0	0	0	0	0	0	0	0	39371529	
145	1	A	12	N	2500	6	40	297	136	39	29	41	0	0	0	0	0	0	0	0	0	0	0	0	39372106	
146	1	A	12	N	2500	6	40	487	192	53	37	43	0	0	0	0	0	0	0	0	0	0	0	0	39372683	
147	1	A	12	N	2500	0	1	64	11	1	1	3	0	0	0	0	0	0	0	0	0	0	0	0	39372855	
148	1	A	12	N	2500	0	40	259	123	31	24	31	0	0	0	0	0	0	0	0	0	0	0	0	39373167	
149	1	A	12	N	2500	0	1	92	28	5	5	7	0	0	0	0	0	0	0	0	0	0	0	0	39373323	
150	1	A	12	N	2500	0	40	304	102	23	19	28	0	0	0	0	0	0	0	0	0	0	0	0	39373448	
151	1	A	12	N	2500	0	40	291	116	26	20	27	0	0	0	0	0	0	0	0	0	0	0	0	39373494	
152	1	A	12	N	2500	0	1	69	14	2	2	3	0	0	0	0	0	0	0	0	0	0	0	0	39373697	
153	1	A	12	N	2500	0	1	121	58	13	11	17	0	0	0	0	0	0	0	0	0	0	0	0	39373697	
154	1	A	12	N	2500	0	40	223	108	26	22	31	0	0	0	0	0	0	0	0	0	0	0	0	39373900	
155	1	A	12	N	2500	0	40	273	112	22	20	31	0	0	0	0	0	0	0	0	0	0	0	0	39373978	
156	1	A	12	N	2500	0	1	196	97	26	17	25	0	0	0	0	0	0	0	0	0	0	0	0	39374150	
157	1	A	12	N	2500	0	1	127	82	22	16	22	0	0	0	0	0	0	0	0	0	0	0	0	39374462	
158	1	A	12	N	2500	0	40	278	120	34	25	35	0	0	0	0	0	0	0	0	0	0	0	0	39374618	
159	1	A	12	N	2500	0	1	88	35	7	6	10	0	0	0	0	0	0	0	0	0	0	0	0	39375382	
160	1	B	1	N	2500	2	1	91	37	20	3	4	0	0	0	0	0	0	0	0	0	0	0	0	39386817	
161	1	B	1	N	2500	2	1	178	114	28	23	31	0	0	0	0	0	0	0	0	0	0	0	0	39389656	
162	1	B	2	N	2500	6	40	273	91	23	18	25	0	0	0	0	0	0	0	0	0	0	0	0	39399250	
163	1	B	2	N	2500	2	1	164	105	40	30	44	0	0	0	0	0	0	0	0	0	0	0	0	39399469	
164	1	B	2	N	2500	6	40	321	118	32	24	35	0	0	0	0	0	0	0	0	0	0	0	0	39400420	
165	1	B	2	N	2500	6	40	258	126	34	27	40	0	0	0	0	0	0	0	0	0	0	0	0	39400436	
166	1	B	2	N	2500	0	1	260	82	20	15	24	0	0	0	0	0	0	0	0	0	0	0	0	39400685	
167	1	B	2	N	2500	0	40	303	108	29	22	32	0	0	0	0	0	0	0	0	0	0	0	0	39401372	
168	1	B	2	N	2500	0	40	213	128	33	28	45	0	0	0	0	0	0	0	0	0	0	0	0	39401403	
169	1	B	2	N	2500	0	1	139	92	27	24	39	0	0	0	0	0	0	0	0	0	0	0	0	39401450	
170	1	B	2	N	2500	0	40	320	108	30	22	39	0	0	0	0	0	0	0	0	0	0	0	0	39401840	
171	1	B	2	N	2500	0	1	62	13	2	2	4	0	0	0	0	0	0	0	0	0	0	0	0	39401887	
172	1	B	2	N	2500	0	40	301	112	27	24	30	0	0	0	0	0	0	0	0	0	0	0	0	39401887	
173	1	B	2	N	2500	0	40	186	114	27	24	38	0	0	0	0	0	0	0	0	0	0	0	0	39402105	
174	1	B	2	N	2500	0	40	324	98	23	18	34	0	0	0	0	0	0	0	0	0	0	0	0	39403041	
175	1	B	2	N	2500	0	40	318	125	33	25	40	0	0	0	0	0	0	0	0	0	0	0	0	39403072	
176	1	B	2	N	2500	0	40	284	129	42	30	45	0	0	0	0	0	0	0	0	0	0	0	0	39403306	
177	1	B	2	N	2500	0	40	317	125	31	26	34	0	0	0	0	0	0	0	0	0	0	0	0	39403384	
178	1	B	2	N	2500	0	40	282	147	37	33	51	0	0	0	0	0	0	0	0	0	0	0	0	39403478	
179	1	B	2	N	2500	0	1	102	60	15	13	19	0	0	0	0	0	0	0	0	0	0	0	0	39403712	
180	1	B	2	N	2500	0	1	91	53	15	14	18	0	0	0	0	0	0	0	0	0	0	0	0	39403712	
181	1	B	2	N	2500	0	1	195	109	30	25	37	0	0	0	0	0	0	0	0	0	0	0	0	39403899	
182	1	B	2	N	2500	0	40	197	140	38	30	43	0	0	0	0	0	0	0	0	0	0	0	0	39403930	
183	1	B	2	N	2500	0	1	172	44	10	9	16	0	0	0	0	0	0	0	0	0	0	0	0	39404320	
184	1	B	2	N	2500	0	1	74	62	21	15	25	0	0	0	0	0	0	0	0	0	0	0	0	39404320	
185	1	B	4	N	2500	2	1	118	45	13	10	17	0	0	0	0	0	0	0	0	0	0	0	0	39427143	
186	1	B	4	N	2500	6	40	313	119	36	27	39	0	0	0	0	0	0	0	0	0	0	0	0	39427673	
187	1	B	4	N	2500	6	40	389	140	36	29	48	0	0	0	0	0	0	0	0	0	0	0	0	39427705	
188	1	B	4	N	2500	6	40	281	140	49	36	49	0	0	0	0	0	0	0	0	0	0	0	0	39428017	
189	1	B	4	N	2500	0	40	347	124	32	25	37	0	0	0	0	0	0	0	0	0	0	0	0	39428204	
190	1	B	4	N	2500	0	40	251	134	37	30	45	0	0	0	0	0	0	0	0	0	0	0	0	39428609	
191	1	B	4	N	2500	0	1	144	67	18	16	23	0	0	0	0	0	0	0	0	0	0	0	0	39429124	
192	1	B	4	N	2500	0	40	452	150	44	32	42	0	0	0	0	0	0	0	0	0	0	0	0	39429311	
193	1	B	4	N	2500	0	40	325	123	35	26	38	0	0	0	0	0	0	0	0	0	0	0	0	39429343	
194	1	B	4	N	2500	0	1	129	61	17	16	22	0	0	0	0	0	0	0	0	0	0	0	0	39429358	
195	1	B	4	N	2500	0	40	342	121	34	26	37	0	0	0	0	0	0	0	0	0	0	0	0	39429374	
196	1	B	4	N	2500	0	40	260	127	40	30	43	0	0	0	0	0	0	0	0	0	0	0	0	39429639	
197	1	B	4	N	2500	0	40	252	123	38	29	41	0	0	0	0	0	0	0	0	0	0	0	0	39429655	
198	1	B	4	N	2500	0	40	342	113	29	23	37	0	0	0	0	0	0	0	0	0	0	0	0	39429826	
199	1	B	4	N	2500	0	1	241	83	20	16	25	0	0	0	0	0	0	0	0	0	0	0	0	39429873	
200	1	B	4	N	2500	0	40	255	146	42	30	43	0	0	0	0	0	0	0	0	0	0	0	0	39429873	
201	1	B	4	N	2500	0	40	338	114	27	22	31	0	0	0	0	0	0	0	0	0	0	0	0	39429904	
202	1	B	4	N	2500	0	40	230	127	29	25	37	0	0	0	0	0	0	0	0	0	0	0	0	39429904	
203	1	B	4	N	2500	0	1	109	52	9	8	14	0	0	0	0	0	0	0	0	0	0	0	0	39430310	
204	1	B	4	N	2500	0	1	131	95	30	23	32	0	0	0	0	0	0	0	0	0	0	0	0	39430325	
205	1	B	4	N	2500	0	40	362	146	41	30	40	0	0	0	0	0	0	0	0	0	0	0	0	39430559	
206	1	B	4	N	2500	0	1	62	15	2	2	4	0	0	0	0	0	0	0	0	0	0	0	0	39430622	
207	1	B	4	N	2500	0	40	322	112	33	24	39	0	0	0	0	0	0	0	0	0	0	0	0	39430731	
208	1	B	4	N	2500	0	40	258	127	39	29	42	0	0	0	0	0	0	0	0	0	0	0	0	39431183	
209	1	B	4	N	2500	0	1	167	112	41	30	43	0	0	0	0	0	0	0	0	0	0	0	0	39431589	
210	1	B	4	N	2500	0	40	336	145	38	30	45	0	0	0	0	0	0	0	0	0	0	0	0	39432041	
211	1	B	4	N	2500	0	40	335	114	33	23	40	0	0	0	0	0	0	0	0	0	0	0	0	39432182	
212	1	B	4	N	2500	0	40	399	143	33	27	36	0	0	0	0	0	0	0	0	0	0	0	0	39432447	
213	1	B	4	N	2500	0	40	283	150	49	36	49	0	0	0	0	0	0	0	0	0	0	0	0	39432478	
214	1	B	4	N	2500	0	40	325	108	26	21	27	0	0	0	0	0	0	0	0	0	0	0	0	39432619	
215	1	B	4	N	2500	0	40	348	109	28	22	35	0	0	0	0	0	0	0	0	0	0	0	0	39432650	
216	1	B	4	N	2500	0	40	253	109	31	27	38	0	0	0	0	0	0	0	0	0	0	0	0	39432868	
217	1	B	4	N	2500	0	40	319	116	33	24	34	0	0	0	0	0	0	0	0	0	0	0	0	39432931	
218	1	B	4	N	2500	0	40	377	129	35	25	39	0	0	0	0	0	0	0	0	0	0	0	0	39433336	
219	1	B	5	N	2500	6	40	330	116	28	22	32	0	0	0	0	0	0	0	0	0	0	0	0	39442915	
220	1	B	5	N	2500	6	40	341	132	34	25	42	0	0	0	0	0	0	0	0	0	0	0	0	39448671	
221	1	B	6	N	2500	6	40	322	118	32	24	40	0	0	0	0	0	0	0	0	0	0	0	0	39456533	
222	1	B	6	N	2500	6	40	210	112	33	30	45	0	0	0	0	0	0	0	0	0	0	0	0	39456783	
223	1	B	6	N	2500	6	40	299	96	22	19	32	0	0	0	0	0	0	0	0	0	0	0	0	39456970	
224	1	B	6	N	2500	0	1	228	71	14	13	22	0	0	0	0	0	0	0	0	0	0	0	0	39457157	
225	1	B	6	N	2500	0	40	333	121	30	25	36	0	0	0	0	0	0	0	0	0	0	0	0	39458296	
226	1	B	6	N	2500	0	1	268	84	21	17	30	0	0	0	0	0	0	0	0	0	0	0	0	39458327	
227	1	B	6	N	2500	0	1	175	68	15	14	29	0	0	0	0	0	0	0	0	0	0	0	0	39458437	
228	1	B	6	N	2500	0	1	174	101	37	26	37	0	0	0	0	0	0	0	0	0	0	0	0	39458452	
229	1	B	6	N	2500	0	40	212	116	32	27	41	0	0	0	0	0	0	0	0	0	0	0	0	39458733	
230	1	B	6	N	2500	0	1	155	82	17	16	28	0	0	0	0	0	0	0	0	0	0	0	0	39458749	
231	1	B	6	N	2500	0	40	337	122	35	27	44	0	0	0	0	0	0	0	0	0	0	0	0	39458764	
232	1	B	6	N	2500	0	40	307	104	30	23	33	0	0	0	0	0	0	0	0	0	0	0	0	39458858	
233	1	B	6	N	2500	0	1	187	110	34	26	38	0	0	0	0	0	0	0	0	0	0	0	0	39459139	
234	1	B	6	N	2500	0	1	185	101	27	25	34	0	0	0	0	0	0	0	0	0	0	0	0	39459295	
235	1	B	6	N	2500	0	40	343	131	40	28	44	0	0	0	0	0	0	0	0	0	0	0	0	39459341	
236	1	B	6	N	2500	0	40	352	120	31	22	33	0	0	0	0	0	0	0	0	0	0	0	0	39459373	
237	1	B	6	N	2500	0	40	237	137	44	32	48	0	0	0	0	0	0	0	0	0	0	0	0	39459419	
238	1	B	6	N	2500	0	40	307	103	26	21	36	0	0	0	0	0	0	0	0	0	0	0	0	39459497	
239	1	B	6	N	2500	0	40	296	98	25	20	31	0	0	0	0	0	0	0	0	0	0	0	0	39459622	
240	1	B	6	N	2500	0	40	318	121	37	27	36	0	0	0	0	0	0	0	0	0	0	0	0	39459700	
241	1	B	6	N	2500	0	1	192	75	25	21	32	0	0	0	0	0	0	0	0	0	0	0	0	39459700	
242	1	B	6	N	2500	0	40	328	117	32	26	38	0	0	0	0	0	0	0	0	0	0	0	0	39459716	
243	1	B	6	N	2500	0	40	287	90	24	19	29	0	0	0	0	0	0	0	0	0	0	0	0	39459919	
244	1	B	6	N	2500	0	40	294	95	29	23	35	0	0	0	0	0	0	0	0	0	0	0	0	39460028	
245	1	B	6	N	2500	0	40	307	111	32	25	37	0	0	0	0	0	0	0	0	0	0	0	0	39460387	
246	1	B	6	N	2500	0	40	303	131	31	27	41	0	0	0	0	0	0	0	0	0	0	0	0	39460433	
247	1	B	6	N	2500	0	40	287	89	26	18	30	0	0	0	0	0	0	0	0	0	0	0	0	39460465	
248	1	B	6	N	2500	0	1	262	84	19	15	22	0	0	0	0	0	0	0	0	0	0	0	0	39460480	
249	1	B	6	N	2500	0	1	473	136	37	29	47	0	0	0	0	0	0	0	0	0	0	0	0	39460605	
250	1	B	6	N	2500	0	40	309	111	33	24	37	0	0	0	0	0	0	0	0	0	0	0	0	39460621	
251	1	B	6	N	2500	0	40	367	166	44	37	56	0	0	0	0	0	0	0	0	0	0	0	0	39460667	
252	1	B	6	N	2500	0	40	297	94	28	21	35	0	0	0	0	0	0	0	0	0	0	0	0	39460683	
253	1	B	6	N	2500	0	40	397	150	37	32	44	0	0	0	0	0	0	0	0	0	0	0	0	39460823	
254	1	B	6	N	2500	0	40	242	99	32	25	36	0	0	0	0	0	0	0	0	0	0	0	0	39460901	
255	1	B	6	N	2500	0	40	335	127	32	26	40	0	0	0	0	0	0	0	0	0	0	0	0	39461073	
256	1	B	6	N	2500	0	40	351	150	44	34	46	0	0	0	0	0	0	0	0	0	0	0	0	39461213	
257	1	B	6	N	2500	0	40	367	132	38	29	37	0	0	0	0	0	0	0	0	0	0	0	0	39461276	
258	1	B	6	N	2500	0	40	320	119	36	28	41	0	0	0	0	0	0	0	0	0	0	0	0	39461323	
259	1	B	6	N	2500	0	40	421	151	36	29	37	0	0	0	0	0	0	0	0	0	0	0	0	39461603	
260	1	B	6	N	2500	0	1	50	13	2	2	6	0	0	0	0	0	0	0	0	0	0	0	0	39461759	
261	1	B	6	N	2500	0	1	249	88	22	19	27	0	0	0	0	0	0	0	0	0	0	0	0	39461822	
262	1	B	6	N	2500	0	40	344	116	23	22	35	0	0	0	0	0	0	0	0	0	0	0	0	39461853	
263	1	B	6	N	2500	0	40	297	130	35	28	44	0	0	0	0	0	0	0	0	0	0	0	0	39461900	
264	1	B	6	N	2500	0	40	346	126	33	27	42	0	0	0	0	0	0	0	0	0	0	0	0	39462025	
265	1	B	6	N	2500	0	1	185	71	21	18	26	0	0	0	0	0	0	0	0	0	0	0	0	39462212	
266	1	B	6	N	2500	0	40	367	142	39	29	47	0	0	0	0	0	0	0	0	0	0	0	0	39462274	
267	1	B	6	N	2500	0	1	139	99	25	22	35	0	0	0	0	0	0	0	0	0	0	0	0	39462337	
268	1	B	6	N	2500	0	40	330	104	23	21	33	0	0	0	0	0	0	0	0	0	0	0	0	39462836	
269	1	B	6	N	2500	0	40	298	109	28	22	40	0	0	0	0	0	0	0	0	0	0	0	0	39462867	
270	1	B	6	N	2500	0	40	321	134	36	30	44	0	0	0	0	0	0	0	0	0	0	0	0	39463007	
271	1	B	6	N	2500	0	1	103	53	13	11	15	0	0	0	0	0	0	0	0	0	0	0	0	39463007	
272	1	B	6	N	2500	0	40	323	120	37	28	38	0	0	0	0	0	0	0	0	0	0	0	0	39463148	
273	1	B	8	N	2500	6	40	317	121	33	25	39	0	0	0	0	0	0	0	0	0	0	0	0	39485690	
274	1	B	8	N	2500	6	40	332	128	40	27	40	0	0	0	0	0	0	0	0	0	0	0	0	39485861	
275	1	B	8	N	2500	6	40	340	120	35	24	35	0	0	0	0	0	0	0	0	0	0	0	0	39486485	
276	1	B	8	N	2500	0	40	232	150	37	31	50	0	0	0	0	0	0	0	0	0	0	0	0	39486844	
277	1	B	8	N	2500	0	1	131	64	14	10	16	0	0	0	0	0	0	0	0	0	0	0	0	39487172	
278	1	B	8	N	2500	0	40	228	124	37	32	47	0	0	0	0	0	0	0	0	0	0	0	0	39487234	
279	1	B	8	N	2500	0	40	363	134	35	25	41	0	0	0	0	0	0	0	0	0	0	0	0	39487655	
280	1	B	8	N	2500	0	40	303	105	24	21	28	0	0	0	0	0	0	0	0	0	0	0	0	39487687	
281	1	B	8	N	2500	0	1	141	111	32	27	37	0	0	0	0	0	0	0	0	0	0	0	0	39487718	
282	1	B	8	N	2500	0	40	306	115	32	26	37	0	0	0	0	0	0	0	0	0	0	0	0	39488061	
283	1	B	8	N	2500	0	40	397	154	44	33	54	0	0	0	0	0	0	0	0	0	0	0	0	39488077	
284	1	B	8	N	2500	0	40	312	100	27	20	30	0	0	0	0	0	0	0	0	0	0	0	0	39488591	
285	1	B	8	N	2500	0	1	118	47	7	6	10	0	0	0	0	0	0	0	0	0	0	0	0	39488607	
286	1	B	8	N	2500	0	40	311	107	24	21	35	0	0	0	0	0	0	0	0	0	0	0	0	39488716	
287	1	B	8	N	2500	0	40	402	146	38	27	45	0	0	0	0	0	0	0	0	0	0	0	0	39489013	
288	1	B	8	N	2500	0	40	238	132	32	27	43	0	0	0	0	0	0	0	0	0	0	0	0	39489293	
289	1	B	8	N	2500	0	40	378	143	40	32	48	0	0	0	0	0	0	0	0	0	0	0	0	39489356	
290	1	B	8	N	2500	0	40	379	147	42	32	56	0	0	0	0	0	0	0	0	0	0	0	0	39489590	
291	1	B	8	N	2500	0	40	337	126	35	26	39	0	0	0	0	0	0	0	0	0	0	0	0	39491555	
292	1	B	10	N	2500	6	40	273	156	41	34	56	0	0	0	0	0	0	0	0	0	0	0	0	39514800	
293	1	B	10	N	2500	6	40	236	114	36	26	39	0	0	0	0	0	0	0	0	0	0	0	0	39514846	
294	1	B	10	N	2500	6	40	345	141	39	31	51	0	0	0	0	0	0	0	0	0	0	0	0	39515439	
295	1	B	10	N	2500	0	40	459	180	51	38	60	0	0	0	0	0	0	0	0	0	0	0	0	39515923	
296	1	B	10	N	2500	0	40	378	150	41	35	52	0	0	0	0	0	0	0	0	0	0	0	0	39516048	
297	1	B	10	N	2500	0	40	341	128	36	30	44	0	0	0	0	0	0	0	0	0	0	0	0	39516048	
298	1	B	10	N	2500	0	40	290	120	37	27	38	0	0	0	0	0	0	0	0	0	0	0	0	39516141	
299	1	B	10	N	2500	0	40	215	122	40	28	41	0	0	0	0	0	0	0	0	0	0	0	0	39516250	
300	1	B	10	N	2500	0	40	392	160	43	33	56	0	0	0	0	0	0	0	0	0	0	0	0	39516531	
301	1	B	10	N	2500	0	40	414	141	35	27	45	0	0	0	0	0	0	0	0	0	0	0	0	39516547	
302	1	B	10	N	2500	0	40	464	181	47	33	50	0	0	0	0	0	0	0	0	0	0	0	0	39516718	
303	1	B	10	N	2500	0	1	188	110	32	24	32	0	0	0	0	0	0	0	0	0	0	0	0	39517093	
304	1	B	10	N	2500	0	40	353	130	36	28	40	0	0	0	0	0	0	0	0	0	0	0	0	39517124	
305	1	B	10	N	2500	0	40	234	115	31	26	37	0	0	0	0	0	0	0	0	0	0	0	0	39517951	
306	1	B	10	N	2500	0	40	311	98	24	19	31	0	0	0	0	0	0	0	0	0	0	0	0	39517966	
307	1	B	10	N	2500	0	40	330	126	32	27	37	0	0	0	0	0	0	0	0	0	0	0	0	39518200	
308	1	B	10	N	2500	0	40	475	196	51	34	45	0	0	0	0	0	0	0	0	0	0	0	0	39518325	
309	1	B	10	N	2500	0	1	207	101	26	23	32	0	0	0	0	0	0	0	0	0	0	0	0	39518481	
310	1	B	10	N	2500	0	40	217	140	39	32	45	0	0	0	0	0	0	0	0	0	0	0	0	39518590	
311	1	B	10	N	2500	0	40	347	121	32	24	37	0	0	0	0	0	0	0	0	0	0	0	0	39518996	
312	1	B	10	N	2500	0	1	569	189	47	36	55	0	0	0	0	0	0	0	0	0	0	0	0	39519214	
313	1	B	10	N	2500	0	40	269	105	29	23	36	0	0	0	0	0	0	0	0	0	0	0	0	39520821	
314	1	B	11	N	2500	6	40	334	115	29	23	38	0	0	0	0	0	0	0	0	0	0	0	0	39530353	
315	1	B	11	N	2500	6	40	246	151	48	36	49	0	0	0	0	0	0	0	0	0	0	0	0	39532989	
316	1	B	11	N	2500	6	40	208	151	38	34	50	0	0	0	0	0	0	0	0	0	0	0	0	39533083	
317	1	B	12	N	2500	6	40	299	106	26	20	29	0	0	0	0	0	0	0	0	0	0	0	0	39541975	
318	1	B	12	N	2500	2	1	56	11	4	6	13	0	0	0	0	0	0	0	0	0	0	0	0	39542365	
319	1	B	12	N	2500	2	1	165	116	27	22	30	0	0	0	0	0	0	0	0	0	0	0	0	39542443	
320	1	B	12	N	2500	2	1	152	100	31	22	36	0	0	0	0	0	0	0	0	0	0	0	0	39542521	
321	1	B	12	N	2500	6	40	242	117	33	26	36	0	0	0	0	0	0	0	0	0	0	0	0	39542817	
322	1	B	12	N	2500	6	40	294	120	26	20	31	0	0	0	0	0	0	0	0	0	0	0	0	39542911	
323	1	B	12	N	2500	0	40	286	91	23	17	26	0	0	0	0	0	0	0	0	0	0	0	0	39542911	
324	1	B	12	N	2500	0	40	354	133	29	23	37	0	0	0	0	0	0	0	0	0	0	0	0	39543004	
325	1	B	12	N	2500	0	40	345	124	32	23	30	0	0	0	0	0	0	0	0	0	0	0	0	39543067	
326	1	B	12	N	2500	0	1	201	87	21	15	22	0	0	0	0	0	0	0	0	0	0	0	0	39543160	
327	1	B	12	N	2500	0	40	178	121	27	21	30	0	0	0	0	0	0	0	0	0	0	0	0	39543519	
328	1	B	12	N	2500	0	40	304	96	23	18	23	0	0	0	0	0	0	0	0	0	0	0	0	39543691	
329	1	B	12	N	2500	0	40	355	141	35	28	42	0	0	0	0	0	0	0	0	0	0	0	0	39543691	
330	1	B	12	N	2500	0	40	293	102	24	18	28	0	0	0	0	0	0	0	0	0	0	0	0	39543738	
331	1	B	12	N	2500	0	1	116	73	17	13	21	0	0	0	0	0	0	0	0	0	0	0	0	39543769	
332	1	B	12	N	2500	0	40	245	129	32	24	32	0	0	0	0	0	0	0	0	0	0	0	0	39543894	
333	1	B	12	N	2500	0	1	226	81	18	14	16	0	0	0	0	0	0	0	0	0	0	0	0	39544159	
334	1	B	12	N	2500	0	40	191	126	40	29	36	0	0	0	0	0	0	0	0	0	0	0	0	39544502	
335	1	B	12	N	2500	0	1	181	90	24	18	24	0	0	0	0	0	0	0	0	0	0	0	0	39544705	
336	1	B	12	N	2500	0	40	318	111	25	20	27	0	0	0	0	0	0	0	0	0	0	0	0	39544720	
337	1	B	12	N	2500	0	40	352	122	29	22	31	0	0	0	0	0	0	0	0	0	0	0	0	39544970	
338	1	B	12	N	2500	0	1	206	76	16	14	20	0	0	0	0	0	0	0	0	0	0	0	0	39545157	
339	1	B	12	N	2500	0	40	402	145	41	27	41	0	0	0	0	0	0	0	0	0	0	0	0	39545157	
340	1	B	12	N	2500	0	40	354	138	35	25	36	0	0	0	0	0	0	0	0	0	0	0	0	39545204	
341	1	B	12	N	2500	0	1	194	104	29	24	36	0	0	0	0	0	0	0	0	0	0	0	0	39545282	
342	1	B	12	N	2500	0	40	263	146	40	32	47	0	0	0	0	0	0	0	0	0	0	0	0	39545391	
343	1	B	12	N	2500	0	40	368	123	28	23	34	0	0	0	0	0	0	0	0	0	0	0	0	39545516	
344	1	B	12	N	2500	0	40	319	109	24	20	29	0	0	0	0	0	0	0	0	0	0	0	0	39545578	
345	1	B	12	N	2500	0	40	318	145	41	36	49	0	0	0	0	0	0	0	0	0	0	0	0	39545625	
346	1	B	12	N	2500	0	40	304	119	34	24	34	0	0	0	0	0	0	0	0	0	0	0	0	39545672	
347	1	B	12	N	2500	0	40	332	135	38	26	41	0	0	0	0	0	0	0	0	0	0	0	0	39545781	
348	1	B	12	N	2500	0	40	307	107	25	20	32	0	0	0	0	0	0	0	0	0	0	0	0	39545828	
349	1	B	12	N	2500	0	40	363	128	30	24	41	0	0	0	0	0	0	0	0	0	0	0	0	39545906	
350	1	B	12	N	2500	0	40	289	120	28	23	31	0	0	0	0	0	0	0	0	0	0	0	0	39546156	
351	1	B	12	N	2500	0	1	198	62	12	11	17	0	0	0	0	0	0	0	0	0	0	0	0	39546187	
352	1	B	12	N	2500	0	40	266	102	22	18	28	0	0	0	0	0	0	0	0	0	0	0	0	39546218	
353	1	B	12	N	2500	0	40	453	189	46	35	51	0	0	0	0	0	0	0	0	0	0	0	0	39546483	
354	1	B	12	N	2500	0	40	317	94	19	15	24	0	0	0	0	0	0	0	0	0	0	0	0	39546530	
355	1	B	12	N	2500	0	40	235	143	49	35	53	0	0	0	0	0	0	0	0	0	0	0	0	39546655	
356	1	B	12	N	2500	0	1	165	70	15	14	20	0	0	0	0	0	0	0	0	0	0	0	0	39546702	
357	1	B	12	N	2500	0	40	312	117	31	25	31	0	0	0	0	0	0	0	0	0	0	0	0	39546717	
358	1	B	12	N	2500	0	40	329	129	33	24	36	0	0	0	0	0	0	0	0	0	0	0	0	39546764	
359	1	B	12	N	2500	0	1	155	90	23	17	23	0	0	0	0	0	0	0	0	0	0	0	0	39546811	
360	1	B	12	N	2500	0	40	316	118	28	22	29	0	0	0	0	0	0	0	0	0	0	0	0	39546873	
361	1	B	12	N	2500	0	40	334	135	35	27	38	0	0	0	0	0	0	0	0	0	0	0	0	39546904	
362	1	B	12	N	2500	0	40	280	96	22	19	26	0	0	0	0	0	0	0	0	0	0	0	0	39547092	
363	1	B	12	N	2500	0	40	290	133	35	28	41	0	0	0	0	0	0	0	0	0	0	0	0	39547310	
364	1	B	12	N	2500	0	40	318	111	28	23	32	0	0	0	0	0	0	0	0	0	0	0	0	39547606	
365	1	B	12	N	2500	0	40	313	108	24	21	35	0	0	0	0	0	0	0	0	0	0	0	0	39547809	
366	1	B	12	N	2500	0	40	426	180	41	33	46	0	0	0	0	0	0	0	0	0	0	0	0	39547856	
367	1	B	12	N	2500	0	1	189	106	24	20	31	0	0	0	0	0	0	0	0	0	0	0	0	39548652	
368	1	B	12	N	2500	0	40	205	138	33	26	38	0	0	0	0	0	0	0	0	0	0	0	0	39549182	
369	1	C	1	N	2500	6	40	344	147	35	27	37	0	0	0	0	0	0	0	0	0	0	0	0	39560695	
370	1	C	1	N	2500	6	40	321	112	30	21	28	0	0	0	0	0	0	0	0	0	0	0	0	39562957	
371	1	C	2	N	2500	6	40	289	157	41	34	49	0	0	0	0	0	0	0	0	0	0	0	0	39572972	
372	1	C	2	N	2500	6	40	228	139	44	32	41	0	0	0	0	0	0	0	0	0	0	0	0	39573409	
373	1	C	2	N	2500	6	40	345	119	30	25	31	0	0	0	0	0	0	0	0	0	0	0	0	39574641	
374	1	C	2	N	2500	0	40	337	124	37	28	45	0	0	0	0	0	0	0	0	0	0	0	0	39575203	
375	1	C	2	N	2500	0	1	215	100	30	24	34	0	0	0	0	0	0	0	0	0	0	0	0	39575218	
376	1	C	2	N	2500	0	40	378	150	39	30	43	0	0	0	0	0	0	0	0	0	0	0	0	39575265	
377	1	C	2	N	2500	0	40	273	145	38	29	45	0	0	0	0	0	0	0	0	0	0	0	0	39575905	
378	1	C	2	N	2500	0	40	277	161	47	34	50	0	0	0	0	0	0	0	0	0	0	0	0	39576560	
379	1	C	2	N	2500	0	40	258	118	30	24	30	0	0	0	0	0	0	0	0	0	0	0	0	39576607	
380	1	C	2	N	2500	0	40	366	134	39	28	37	0	0	0	0	0	0	0	0	0	0	0	0	39576856	
381	1	C	2	N	2500	0	1	53	13	2	1	3	0	0	0	0	0	0	0	0	0	0	0	0	39576934	
382	1	C	2	N	2500	0	40	292	164	53	38	55	0	0	0	0	0	0	0	0	0	0	0	0	39576997	
383	1	C	2	N	2500	0	40	357	142	36	29	39	0	0	0	0	0	0	0	0	0	0	0	0	39577262	
384	1	C	2	N	2500	0	40	234	102	32	25	35	0	0	0	0	0	0	0	0	0	0	0	0	39577418	
385	1	C	2	N	2500	0	1	115	45	12	11	18	0	0	0	0	0	0	0	0	0	0	0	0	39577480	
386	1	C	2	N	2500	0	1	73	21	4	4	6	0	0	0	0	0	0	0	0	0	0	0	0	39577480	
387	1	C	2	N	2500	0	40	346	129	35	24	36	0	0	0	0	0	0	0	0	0	0	0	0	39577496	
388	1	C	2	N	2500	0	40	305	103	23	18	29	0	0	0	0	0	0	0	0	0	0	0	0	39577621	
389	1	C	2	N	2500	0	1	183	112	33	24	34	0	0	0	0	0	0	0	0	0	0	0	0	39577683	
390	1	C	2	N	2500	0	40	206	129	39	27	38	0	0	0	0	0	0	0	0	0	0	0	0	39577792	
391	1	C	4	N	2500	6	40	348	146	42	32	51	0	0	0	0	0	0	0	0	0	0	0	0	39601302	
392	1	C	4	N	2500	6	40	331	136	34	29	41	0	0	0	0	0	0	0	0	0	0	0	0	39601629	
393	1	C	4	N	2500	4	40	309	86	22	18	27	0	0	0	0	0	0	0	0	0	0	0	0	39602784	
394	1	C	4	N	2500	2	1	161	73	18	20	29	0	0	0	0	0	0	0	0	0	0	0	0	39602784	
395	1	C	4	N	2500	2	1	78	15	2	2	4	0	0	0	0	0	0	0	0	0	0	0	0	39603064	
396	1	C	4	N	2500	2	1	146	45	9	7	11	0	0	0	0	0	0	0	0	0	0	0	0	39603080	
397	1	C	4	N	2500	6	40	303	104	22	19	29	0	0	0	0	0	0	0	0	0	0	0	0	39603127	
398	1	C	4	N	2500	0	1	269	68	13	11	16	0	0	0	0	0	0	0	0	0	0	0	0	39603486	
399	1	C	4	N	2500	0	40	299	121	28	23	29	0	0	0	0	0	0	0	0	0	0	0	0	39603657	
400	1	C	4	N	2500	0	40	291	94	26	18	27	0	0	0	0	0	0	0	0	0	0	0	0	39603938	
401	1	C	4	N	2500	0	40	292	104	21	19	31	0	0	0	0	0	0	0	0	0	0	0	0	39603969	
402	1	C	4	N	2500	0	40	285	123	30	25	36	0	0	0	0	0	0	0	0	0	0	0	0	39604032	
403	1	C	4	N	2500	0	40	329	114	32	23	35	0	0	0	0	0	0	0	0	0	0	0	0	39604078	
404	1	C	4	N	2500	0	1	193	103	23	21	29	0	0	0	0	0	0	0	0	0	0	0	0	39604266	
405	1	C	4	N	2500	0	40	204	119	35	31	44	0	0	0	0	0	0	0	0	0	0	0	0	39604546	
406	1	C	4	N	2500	0	40	328	123	31	26	37	0	0	0	0	0	0	0	0	0	0	0	0	39604687	
407	1	C	4	N	2500	0	40	216	106	25	22	31	0	0	0	0	0	0	0	0	0	0	0	0	39604936	
408	1	C	4	N	2500	0	1	214	67	14	13	24	0	0	0	0	0	0	0	0	0	0	0	0	39605202	
409	1	C	4	N	2500	0	40	280	87	22	17	28	0	0	0	0	0	0	0	0	0	0	0	0	39605654	
410	1	C	4	N	2500	0	1	173	68	13	11	14	0	0	0	0	0	0	0	0	0	0	0	0	39605685	
411	1	C	4	N	2500	0	40	358	137	39	26	37	0	0	0	0	0	0	0	0	0	0	0	0	39605779	
412	1	C	4	N	2500	0	40	356	132	33	28	43	0	0	0	0	0	0	0	0	0	0	0	0	39605966	
413	1	C	4	N	2500	0	40	229	129	39	33	46	0	0	0	0	0	0	0	0	0	0	0	0	39606075	
414	1	C	4	N	2500	0	1	143	70	16	14	20	0	0	0	0	0	0	0	0	0	0	0	0	39606309	
415	1	C	4	N	2500	0	1	263	73	14	14	23	0	0	0	0	0	0	0	0	0	0	0	0	39607994	
416	1	C	4	N	2500	0	40	441	175	48	37	58	0	0	0	0	0	0	0	0	0	0	0	0	39608197	
417	1	C	6	N	2500	6	40	394	155	46	33	50	0	0	0	0	0	0	0	0	0	0	0	0	39630177	
418	1	C	6	N	2500	6	40	220	141	43	29	40	0	0	0	0	0	0	0	0	0	0	0	0	39630739	
419	1	C	6	N	2500	6	40	301	108	29	20	28	0	0	0	0	0	0	0	0	0	0	0	0	39630926	
420	1	C	6	N	2500	0	40	226	138	44	31	41	0	0	0	0	0	0	0	0	0	0	0	0	39631675	
421	1	C	6	N	2500	0	40	351	130	33	26	38	0	0	0	0	0	0	0	0	0	0	0	0	39632861	
422	1	C	6	N	2500	0	40	356	129	32	25	36	0	0	0	0	0	0	0	0	0	0	0	0	39633017	
423	1	C	6	N	2500	0	40	297	99	20	16	25	0	0	0	0	0	0	0	0	0	0	0	0	39633173	
424	1	C	6	N	2500	0	40	304	91	16	14	27	0	0	0	0	0	0	0	0	0	0	0	0	39633329	
425	1	C	6	N	2500	0	40	188	127	40	29	41	0	0	0	0	0	0	0	0	0	0	0	0	39633765	
426	1	C	6	N	2500	0	1	196	100	25	20	29	0	0	0	0	0	0	0	0	0	0	0	0	39634031	
427	1	C	8	N	2500	6	40	310	135	42	32	50	0	0	0	0	0	0	0	0	0	0	0	0	39658741	
428	1	C	8	N	2500	2	1	71	25	13	14	16	0	0	0	0	0	0	0	0	0	0	0	0	39659412	
429	1	C	8	N	2500	6	40	320	121	37	30	43	0	0	0	0	0	0	0	0	0	0	0	0	39660379	
430	1	C	8	N	2500	6	40	371	149	38	28	39	0	0	0	0	0	0	0	0	0	0	0	0	39660379	
431	1	C	8	N	2500	0	40	331	126	38	29	42	0	0	0	0	0	0	0	0	0	0	0	0	39661019	
432	1	C	8	N	2500	0	40	264	121	28	24	37	0	0	0	0	0	0	0	0	0	0	0	0	39661643	
433	1	C	8	N	2500	0	40	341	134	39	29	44	0	0	0	0	0	0	0	0	0	0	0	0	39661908	
434	1	C	8	N	2500	0	40	306	110	31	23	33	0	0	0	0	0	0	0	0	0	0	0	0	39662048	
435	1	C	8	N	2500	0	40	178	119	30	28	41	0	0	0	0	0	0	0	0	0	0	0	0	39662235	
436	1	C	8	N	2500	0	40	193	138	43	34	44	0	0	0	0	0	0	0	0	0	0	0	0	39662267	
437	1	C	8	N	2500	0	40	354	142	38	31	45	0	0	0	0	0	0	0	0	0	0	0	0	39662282	
438	1	C	8	N	2500	0	40	310	97	23	21	26	0	0	0	0	0	0	0	0	0	0	0	0	39662407	
439	1	C	8	N	2500	0	40	198	118	35	25	35	0	0	0	0	0	0	0	0	0	0	0	0	39662438	
440	1	C	8	N	2500	0	1	166	105	26	22	29	0	0	0	0	0	0	0	0	0	0	0	0	39662547	
441	1	C	8	N	2500	0	1	185	109	34	28	36	0	0	0	0	0	0	0	0	0	0	0	0	39662579	
442	1	C	8	N	2500	0	1	202	106	29	26	38	0	0	0	0	0	0	0	0	0	0	0	0	39662703	
443	1	C	8	N	2500	0	40	262	136	34	30	43	0	0	0	0	0	0	0	0	0	0	0	0	39662937	
444	1	C	8	N	2500	0	40	312	117	34	26	41	0	0	0	0	0	0	0	0	0	0	0	0	39662969	
445	1	C	8	N	2500	0	40	295	97	24	20	32	0	0	0	0	0	0	0	0	0	0	0	0	39663125	
446	1	C	8	N	2500	0	40	249	118	35	25	34	0	0	0	0	0	0	0	0	0	0	0	0	39663249	
447	1	C	8	N	2500	0	1	154	112	42	30	42	0	0	0	0	0	0	0	0	0	0	0	0	39663764	
448	1	C	8	N	2500	0	40	295	108	35	25	33	0	0	0	0	0	0	0	0	0	0	0	0	39663827	
449	1	C	8	N	2500	0	40	289	112	30	24	38	0	0	0	0	0	0	0	0	0	0	0	0	39663858	
450	1	C	8	N	2500	0	40	269	153	52	37	53	0	0	0	0	0	0	0	0	0	0	0	0	39664295	
451	1	C	8	N	2500	0	40	314	119	37	26	37	0	0	0	0	0	0	0	0	0	0	0	0	39665168	
452	1	C	8	N	2500	0	1	204	95	25	21	32	0	0	0	0	0	0	0	0	0	0	0	0	39665683	
453	1	C	10	N	2500	6	40	361	122	32	27	43	0	0	0	0	0	0	0	0	0	0	0	0	39687133	
454	1	C	10	N	2500	2	1	143	70	14	12	17	0	0	0	0	0	0	0	0	0	0	0	0	39688194	
455	1	C	10	N	2500	6	40	242	116	33	29	43	0	0	0	0	0	0	0	0	0	0	0	0	39688334	
456	1	C	10	N	2500	2	1	218	100	33	26	36	0	0	0	0	0	0	0	0	0	0	0	0	39688943	
457	1	C	10	N	2500	6	40	439	157	39	32	47	0	0	0	0	0	0	0	0	0	0	0	0	39689723	
458	1	C	10	N	2500	0	40	233	133	38	36	50	0	0	0	0	0	0	0	0	0	0	0	0	39690019	
459	1	C	10	N	2500	0	1	117	56	14	11	18	0	0	0	0	0	0	0	0	0	0	0	0	39690222	
460	1	C	10	N	2500	0	1	178	104	35	27	38	0	0	0	0	0	0	0	0	0	0	0	0	39690253	
461	1	C	10	N	2500	0	40	402	149	38	27	40	0	0	0	0	0	0	0	0	0	0	0	0	39690471	
462	1	C	10	N	2500	0	40	363	120	26	21	30	0	0	0	0	0	0	0	0	0	0	0	0	39690768	
463	1	C	10	N	2500	0	40	303	104	29	21	32	0	0	0	0	0	0	0	0	0	0	0	0	39691127	
464	1	C	10	N	2500	0	40	347	124	32	26	43	0	0	0	0	0	0	0	0	0	0	0	0	39691127	
465	1	C	10	N	2500	0	40	385	155	40	30	41	0	0	0	0	0	0	0	0	0	0	0	0	39691142	
466	1	C	10	N	2500	0	1	143	105	33	30	42	0	0	0	0	0	0	0	0	0	0	0	0	39691173	
467	1	C	10	N	2500	0	1	207	49	9	7	14	0	0	0	0	0	0	0	0	0	0	0	0	39691470	
468	1	C	10	N	2500	0	40	250	125	33	27	42	0	0	0	0	0	0	0	0	0	0	0	0	39691657	
469	1	C	10	N	2500	0	40	306	111	33	26	39	0	0	0	0	0	0	0	0	0	0	0	0	39691782	
470	1	C	10	N	2500	0	40	322	127	34	28	43	0	0	0	0	0	0	0	0	0	0	0	0	39691891	
471	1	C	10	N	2500	0	40	268	144	42	34	49	0	0	0	0	0	0	0	0	0	0	0	0	39692063	
472	1	C	10	N	2500	0	40	304	111	31	25	39	0	0	0	0	0	0	0	0	0	0	0	0	39692250	
473	1	C	10	N	2500	0	1	171	90	21	19	27	0	0	0	0	0	0	0	0	0	0	0	0	39692343	
474	1	C	10	N	2500	0	40	190	124	39	31	43	0	0	0	0	0	0	0	0	0	0	0	0	39692577	
475	1	C	12	N	2500	2	1	166	57	13	11	18	0	0	0	0	0	0	0	0	0	0	0	0	39715993	
476	1	C	12	N	2500	6	40	343	127	31	24	37	0	0	0	0	0	0	0	0	0	0	0	0	39716289	
477	1	C	12	N	2500	6	40	212	107	28	21	31	0	0	0	0	0	0	0	0	0	0	0	0	39716289	
478	1	C	12	N	2500	6	40	322	144	40	30	47	0	0	0	0	0	0	0	0	0	0	0	0	39716726	
479	1	C	12	N	2500	0	1	78	22	4	3	6	0	0	0	0	0	0	0	0	0	0	0	0	39717600	
480	1	C	12	N	2500	0	40	359	145	41	30	44	0	0	0	0	0	0	0	0	0	0	0	0	39718130	
481	1	C	12	N	2500	0	1	259	90	19	18	26	0	0	0	0	0	0	0	0	0	0	0	0	39718286	
482	1	C	12	N	2500	0	40	282	86	19	15	23	0	0	0	0	0	0	0	0	0	0	0	0	39718520	
483	1	C	12	N	2500	0	1	245	91	24	21	29	0	0	0	0	0	0	0	0	0	0	0	0	39718551	
484	1	C	12	N	2500	0	1	179	105	32	27	39	0	0	0	0	0	0	0	0	0	0	0	0	39719331	
485	1	C	12	N	2500	0	1	147	71	22	19	27	0	0	0	0	0	0	0	0	0	0	0	0	39719363	
486	1	C	12	N	2500	0	40	255	110	24	21	30	0	0	0	0	0	0	0	0	0	0	0	0	39719394	
487	1	C	12	N	2500	0	40	316	114	24	19	32	0	0	0	0	0	0	0	0	0	0	0	0	39719534	
488	1	C	12	N	2500	0	40	382	131	26	22	29	0	0	0	0	0	0	0	0	0	0	0	0	39719737	
489	1	C	12	N	2500	0	40	315	114	33	23	37	0	0	0	0	0	0	0	0	0	0	0	0	39719799	
490	1	C	12	N	2500	0	1	277	86	21	16	21	0	0	0	0	0	0	0	0	0	0	0	0	39719940	
491	1	C	12	N	2500	0	1	163	92	30	23	31	0	0	0	0	0	0	0	0	0	0	0	0	39720626	
492	1	C	12	N	2500	0	1	159	49	10	8	13	0	0	0	0	0	0	0	0	0	0	0	0	39721047	
493	1	C	12	N	2500	0	40	256	117	35	26	34	0	0	0	0	0	0	0	0	0	0	0	0	39721313	
494	1	C	12	N	2500	0	40	400	135	29	22	35	0	0	0	0	0	0	0	0	0	0	0	0	39721469	
495	1	C	12	N	2500	0	40	342	131	35	27	38	0	0	0	0	0	0	0	0	0	0	0	0	39721609	
496	1	C	12	N	2500	0	1	186	60	13	12	17	0	0	0	0	0	0	0	0	0	0	0	0	39722483	
497	1	C	12	N	2500	0	40	191	114	25	23	34	0	0	0	0	0	0	0	0	0	0	0	0	39722779	
498	1	C	12	N	2500	0	1	205	104	26	22	33	0	0	0	0	0	0	0	0	0	0	0	0	39722951	
499	1	D	2	N	2500	2	1	149	90	25	20	30	0	0	0	0	0	0	0	0	0	0	0	0	39746023	
500	1	D	2	N	2500	6	40	301	90	21	16	28	0	0	0	0	0	0	0	0	0	0	0	0	39746522	
501	1	D	2	N	2500	6	40	287	97	23	18	28	0	0	0	0	0	0	0	0	0	0	0	0	39746819	
502	1	D	2	N	2500	2	1	124	62	17	13	19	0	0	0	0	0	0	0	0	0	0	0	0	39747146	
503	1	D	2	N	2500	33	1	58	31	7	7	10	0	0	0	0	0	0	0	0	0	0	0	0	39747146	
504	1	D	2	N	2500	6	40	340	145	40	33	48	0	0	0	0	0	0	0	0	0	0	0	0	39747458	
505	1	D	2	N	2500	0	1	163	89	19	16	28	0	0	0	0	0	0	0	0	0	0	0	0	39749798	
506	1	D	2	N	2500	0	1	189	86	21	15	22	0	0	0	0	0	0	0	0	0	0	0	0	39749798	
507	1	D	2	N	2500	0	1	190	58	13	10	15	0	0	0	0	0	0	0	0	0	0	0	0	39750422	
508	1	D	2	N	2500	0	1	181	112	31	27	45	0	0	0	0	0	0	0	0	0	0	0	0	39750937	
509	1	D	2	N	2500	0	1	182	109	32	26	39	0	0	0	0	0	0	0	0	0	0	0	0	39751015	
510	1	D	2	N	2500	0	40	344	127	32	26	38	0	0	0	0	0	0	0	0	0	0	0	0	39751187	
511	1	D	2	N	2500	0	40	327	109	26	21	32	0	0	0	0	0	0	0	0	0	0	0	0	39751717	
512	1	D	2	N	2500	0	1	179	72	27	21	32	0	0	0	0	0	0	0	0	0	0	0	0	39751982	
513	1	D	2	N	2500	0	40	307	103	26	20	24	0	0	0	0	0	0	0	0	0	0	0	0	39752014	
514	1	D	2	N	2500	0	40	418	148	42	31	41	0	0	0	0	0	0	0	0	0	0	0	0	39752341	
515	1	D	2	N	2500	0	40	333	105	27	20	31	0	0	0	0	0	0	0	0	0	0	0	0	39752357	
516	1	D	2	N	2500	0	40	359	127	31	27	34	0	0	0	0	0	0	0	0	0	0	0	0	39752653	
517	1	D	3	N	2500	2	1	75	41	9	9	12	0	0	0	0	0	0	0	0	0	0	0	0	39765289	
518	1	D	3	N	2500	2	1	114	41	10	8	12	0	0	0	0	0	0	0	0	0	0	0	0	39765289	
519	1	D	4	N	2500	6	40	335	120	30	23	37	0	0	0	0	0	0	0	0	0	0	0	0	39775102	
520	1	D	4	N	2500	6	40	282	124	35	28	38	0	0	0	0	0	0	0	0	0	0	0	0	39775538	
521	1	D	4	N	2500	6	40	306	151	36	28	41	0	0	0	0	0	0	0	0	0	0	0	0	39776818	
522	1	D	4	N	2500	0	40	308	108	29	21	31	0	0	0	0	0	0	0	0	0	0	0	0	39776927	
523	1	D	4	N	2500	0	40	324	108	29	22	35	0	0	0	0	0	0	0	0	0	0	0	0	39777130	
524	1	D	4	N	2500	0	40	323	113	26	21	33	0	0	0	0	0	0	0	0	0	0	0	0	39777161	
525	1	D	4	N	2500	0	1	130	58	10	9	12	0	0	0	0	0	0	0	0	0	0	0	0	39778159	
526	1	D	4	N	2500	0	40	331	113	28	22	30	0	0	0	0	0	0	0	0	0	0	0	0	39778175	
527	1	D	4	N	2500	0	40	296	107	24	19	32	0	0	0	0	0	0	0	0	0	0	0	0	39778268	
528	1	D	4	N	2500	0	40	278	124	29	22	34	0	0	0	0	0	0	0	0	0	0	0	0	39778440	
529	1	D	4	N	2500	0	40	339	134	38	25	38	0	0	0	0	0	0	0	0	0	0	0	0	39779236	
530	1	D	4	N	2500	0	40	190	136	44	30	41	0	0	0	0	0	0	0	0	0	0	0	0	39779594	
531	1	D	4	N	2500	0	40	473	175	50	34	50	0	0	0	0	0	0	0	0	0	0	0	0	39779766	
532	1	D	4	N	2500	0	40	401	131	34	28	37	0	0	0	0	0	0	0	0	0	0	0	0	39780125	
533	1	D	4	N	2500	0	40	361	135	34	24	35	0	0	0	0	0	0	0	0	0	0	0	0	39780218	
534	1	D	4	N	2500	0	40	350	122	30	24	32	0	0	0	0	0	0	0	0	0	0	0	0	39780234	
535	1	D	4	N	2500	0	40	267	115	31	23	38	0	0	0	0	0	0	0	0	0	0	0	0	39780312	
536	1	D	4	N	2500	0	40	305	123	33	25	36	0	0	0	0	0	0	0	0	0	0	0	0	39780437	
537	1	D	4	N	2500	0	1	52	16	4	4	7	0	0	0	0	0	0	0	0	0	0	0	0	39780468	
538	1	D	4	N	2500	0	40	443	168	46	34	44	0	0	0	0	0	0	0	0	0	0	0	0	39780577	
539	1	D	4	N	2500	0	40	344	113	27	23	37	0	0	0	0	0	0	0	0	0	0	0	0	39780624	
540	1	D	4	N	2500	0	40	326	120	30	23	37	0	0	0	0	0	0	0	0	0	0	0	0	39781170	
541	1	D	4	N	2500	0	40	360	119	25	22	26	0	0	0	0	0	0	0	0	0	0	0	0	39781279	
542	1	D	4	N	2500	0	40	306	133	34	27	42	0	0	0	0	0	0	0	0	0	0	0	0	39782137	
543	1	D	5	N	2500	6	40	356	140	37	26	40	0	0	0	0	0	0	0	0	0	0	0	0	39794274	
544	1	D	6	N	2500	2	1	181	81	18	17	23	0	0	0	0	0	0	0	0	0	0	0	0	39803962	
545	1	D	6	N	2500	2	1	160	96	27	20	26	0	0	0	0	0	0	0	0	0	0	0	0	39804461	
546	1	D	6	N	2500	6	40	307	112	30	22	42	0	0	0	0	0	0	0	0	0	0	0	0	39806738	
547	1	D	6	N	2500	6	40	227	121	33	28	41	0	0	0	0	0	0	0	0	0	0	0	0	39806910	
548	1	D	6	N	2500	2	1	66	30	5	6	11	0	0	0	0	0	0	0	0	0	0	0	0	39806957	
549	1	D	6	N	2500	33	1	70	19	3	3	6	0	0	0	0	0	0	0	0	0	0	0	0	39806957	
550	1	D	6	N	2500	6	40	250	137	35	30	43	0	0	0	0	0	0	0	0	0	0	0	0	39806988	
551	1	D	6	N	2500	0	1	254	78	17	15	22	0	0	0	0	0	0	0	0	0	0	0	0	39808064	
552	1	D	6	N	2500	0	40	250	129	33	28	37	0	0	0	0	0	0	0	0	0	0	0	0	39808345	
553	1	D	6	N	2500	0	40	311	93	23	17	25	0	0	0	0	0	0	0	0	0	0	0	0	39808454	
554	1	D	6	N	2500	0	40	292	117	35	29	44	0	0	0	0	0	0	0	0	0	0	0	0	39808813	
555	1	D	6	N	2500	0	40	329	114	29	23	36	0	0	0	0	0	0	0	0	0	0	0	0	39809843	
556	1	D	8	N	2500	6	40	191	139	43	31	37	0	0	0	0	0	0	0	0	0	0	0	0	39832338	
557	1	D	8	N	2500	2	1	252	77	16	13	22	0	0	0	0	0	0	0	0	0	0	0	0	39833087	
558	1	D	8	N	2500	6	40	314	146	46	35	52	0	0	0	0	0	0	0	0	0	0	0	0	39835021	
559	1	D	8	N	2500	6	40	370	163	54	37	54	0	0	0	0	0	0	0	0	0	0	0	0	39835458	
560	1	D	8	N	2500	0	40	295	125	35	29	42	0	0	0	0	0	0	0	0	0	0	0	0	39835739	
561	1	D	8	N	2500	0	40	346	138	39	28	41	0	0	0	0	0	0	0	0	0	0	0	0	39835864	
562	1	D	8	N	2500	0	1	52	10	4	2	2	0	0	0	0	0	0	0	0	0	0	0	0	39836347	
563	1	D	8	N	2500	0	40	359	180	51	41	59	0	0	0	0	0	0	0	0	0	0	0	0	39836534	
564	1	D	8	N	2500	0	40	262	102	27	24	37	0	0	0	0	0	0	0	0	0	0	0	0	39836768	
565	1	D	8	N	2500	0	1	80	17	2	2	4	0	0	0	0	0	0	0	0	0	0	0	0	39837190	
566	1	D	8	N	2500	0	40	220	137	37	29	39	0	0	0	0	0	0	0	0	0	0	0	0	39837268	
567	1	D	8	N	2500	0	1	408	116	28	21	28	0	0	0	0	0	0	0	0	0	0	0	0	39837330	
568	1	D	8	N	2500	0	40	259	130	37	32	46	0	0	0	0	0	0	0	0	0	0	0	0	39837595	
569	1	D	8	N	2500	0	40	253	132	37	27	42	0	0	0	0	0	0	0	0	0	0	0	0	39837626	
570	1	D	8	N	2500	0	40	376	169	50	38	61	0	0	0	0	0	0	0	0	0	0	0	0	39837673	
571	1	D	8	N	2500	0	1	181	43	7	7	11	0	0	0	0	0	0	0	0	0	0	0	0	39837736	
572	1	D	8	N	2500	0	40	263	133	36	29	38	0	0	0	0	0	0	0	0	0	0	0	0	39837798	
573	1	D	8	N	2500	0	40	237	106	39	31	47	0	0	0	0	0	0	0	0	0	0	0	0	39837845	
574	1	D	8	N	2500	0	40	271	158	47	33	44	0	0	0	0	0	0	0	0	0	0	0	0	39837907	
575	1	D	8	N	2500	0	40	339	135	38	31	46	0	0	0	0	0	0	0	0	0	0	0	0	39837954	
576	1	D	8	N	2500	0	40	417	163	41	30	49	0	0	0	0	0	0	0	0	0	0	0	0	39838094	
577	1	D	8	N	2500	0	40	317	124	37	31	45	0	0	0	0	0	0	0	0	0	0	0	0	39838344	
578	1	D	8	N	2500	0	40	251	153	47	34	48	0	0	0	0	0	0	0	0	0	0	0	0	39838890	
579	1	D	8	N	2500	0	2	162	128	47	32	44	0	0	0	0	0	0	0	0	0	0	0	0	39839467	
580	1	D	10	N	2500	2	1	61	12	1	2	5	0	0	0	0	0	0	0	0	0	0	0	0	39861417	
581	1	D	10	N	2500	2	1	195	89	25	20	33	0	0	0	0	0	0	0	0	0	0	0	0	39861417	
582	1	D	10	N	2500	6	40	237	114	30	24	33	0	0	0	0	0	0	0	0	0	0	0	0	39861729	
583	1	D	10	N	2500	6	40	260	110	32	26	35	0	0	0	0	0	0	0	0	0	0	0	0	39861775	
584	1	D	10	N	2500	6	40	341	154	47	32	50	0	0	0	0	0	0	0	0	0	0	0	0	39862306	
585	1	D	10	N	2500	0	40	379	124	33	26	39	0	0	0	0	0	0	0	0	0	0	0	0	39863055	
586	1	D	10	N	2500	0	40	371	134	35	29	42	0	0	0	0	0	0	0	0	0	0	0	0	39863788	
587	1	D	10	N	2500	0	40	331	100	24	18	28	0	0	0	0	0	0	0	0	0	0	0	0	39864412	
588	1	D	10	N	2500	0	40	472	178	49	35	53	0	0	0	0	0	0	0	0	0	0	0	0	39864474	
589	1	D	10	N	2500	0	40	350	133	36	29	45	0	0	0	0	0	0	0	0	0	0	0	0	39864505	
590	1	D	10	N	2500	0	40	370	144	35	30	46	0	0	0	0	0	0	0	0	0	0	0	0	39864552	
591	1	D	10	N	2500	0	40	330	116	27	21	29	0	0	0	0	0	0	0	0	0	0	0	0	39864708	
592	1	D	10	N	2500	0	40	187	126	40	30	43	0	0	0	0	0	0	0	0	0	0	0	0	39865176	
593	1	D	10	N	2500	0	40	343	120	33	27	34	0	0	0	0	0	0	0	0	0	0	0	0	39865597	
594	1	D	10	N	2500	0	40	397	134	33	23	32	0	0	0	0	0	0	0	0	0	0	0	0	39865629	
595	1	D	10	N	2500	0	40	379	141	39	31	43	0	0	0	0	0	0	0	0	0	0	0	0	39865722	
596	1	D	10	N	2500	0	40	174	118	29	24	42	0	0	0	0	0	0	0	0	0	0	0	0	39865956	
597	1	D	10	N	2500	0	40	367	171	50	40	55	0	0	0	0	0	0	0	0	0	0	0	0	39866112	
598	1	D	10	N	2500	0	40	350	128	31	27	40	0	0	0	0	0	0	0	0	0	0	0	0	39866346	
599	1	D	10	N	2500	0	40	365	145	39	29	46	0	0	0	0	0	0	0	0	0	0	0	0	39866518	
600	1	D	10	N	2500	0	40	355	124	29	25	39	0	0	0	0	0	0	0	0	0	0	0	0	39866658	
601	1	D	10	N	2500	0	40	245	124	33	27	43	0	0	0	0	0	0	0	0	0	0	0	0	39867079	
602	1	D	10	N	2500	0	1	170	101	24	20	28	0	0	0	0	0	0	0	0	0	0	0	0	39867189	
603	1	D	10	N	2500	0	40	345	101	22	19	28	0	0	0	0	0	0	0	0	0	0	0	0	39867376	
604	1	D	10	N	2500	0	40	238	109	39	31	42	0	0	0	0	0	0	0	0	0	0	0	0	39867703	
605	1	D	10	N	2500	0	40	391	167	46	35	57	0	0	0	0	0	0	0	0	0	0	0	0	39867750	
606	1	D	10	N	2500	0	40	270	135	37	33	52	0	0	0	0	0	0	0	0	0	0	0	0	39868156	
607	1	D	12	N	2500	2	1	217	67	15	14	19	0	0	0	0	0	0	0	0	0	0	0	0	39891337	
608	1	D	12	N	2500	2	1	73	33	24	24	48	0	0	0	0	0	0	0	0	0	0	0	0	39891681	
609	1	D	12	N	2500	2	1	183	59	14	10	15	0	0	0	0	0	0	0	0	0	0	0	0	39892398	
610	1	D	12	N	2500	2	1	256	85	22	16	21	0	0	0	0	0	0	0	0	0	0	0	0	39892897	
611	1	D	12	N	2500	2	1	55	9	1	1	2	0	0	0	0	0	0	0	0	0	0	0	0	39893100	
612	1	D	12	N	2500	2	1	178	79	22	19	29	0	0	0	0	0	0	0	0	0	0	0	0	39894192	
613	1	D	12	N	2500	2	1	76	29	5	5	10	0	0	0	0	0	0	0	0	0	0	0	0	39894785	
614	1	E	2	N	2500	2	1	184	93	20	18	30	0	0	0	0	0	0	0	0	0	0	0	0	39921149	
615	1	E	2	N	2500	2	1	153	92	30	24	32	0	0	0	0	0	0	0	0	0	0	0	0	39921196	
616	1	E	2	N	2500	2	1	193	103	34	23	34	0	0	0	0	0	0	0	0	0	0	0	0	39921898	
617	1	E	2	N	2500	2	1	151	33	7	6	12	0	0	0	0	0	0	0	0	0	0	0	0	39922116	
618	1	E	2	N	2500	6	40	309	105	28	20	30	0	0	0	0	0	0	0	0	0	0	0	0	39923177	
619	1	E	2	N	2500	6	40	281	97	26	20	26	0	0	0	0	0	0	0	0	0	0	0	0	39923364	
620	1	E	2	N	2500	2	1	60	11	1	1	1	0	0	0	0	0	0	0	0	0	0	0	0	39923645	
621	1	E	2	N	2500	2	1	83	15	3	2	4	0	0	0	0	0	0	0	0	0	0	0	0	39923785	
622	1	E	2	N	2500	6	40	299	111	26	21	32	0	0	0	0	0	0	0	0	0	0	0	0	39923973	
623	1	E	2	N	2500	0	1	188	105	31	27	36	0	0	0	0	0	0	0	0	0	0	0	0	39924831	
624	1	E	2	N	2500	0	40	229	103	22	19	25	0	0	0	0	0	0	0	0	0	0	0	0	39924862	
625	1	E	2	N	2500	0	40	295	108	30	22	33	0	0	0	0	0	0	0	0	0	0	0	0	39924893	
626	1	E	2	N	2500	0	1	61	11	3	4	9	0	0	0	0	0	0	0	0	0	0	0	0	39925330	
627	1	E	2	N	2500	0	1	178	68	16	14	19	0	0	0	0	0	0	0	0	0	0	0	0	39925891	
628	1	E	2	N	2500	0	40	298	85	17	14	22	0	0	0	0	0	0	0	0	0	0	0	0	39925891	
629	1	E	2	N	2500	0	40	315	111	26	21	31	0	0	0	0	0	0	0	0	0	0	0	0	39926079	
630	1	E	2	N	2500	0	1	145	105	36	26	37	0	0	0	0	0	0	0	0	0	0	0	0	39926656	
631	1	E	2	N	2500	0	1	146	69	13	13	21	0	0	0	0	0	0	0	0	0	0	0	0	39926968	
632	1	E	2	N	2500	0	40	298	107	27	21	27	0	0	0	0	0	0	0	0	0	0	0	0	39927108	
633	1	E	2	N	2500	0	1	199	70	15	14	22	0	0	0	0	0	0	0	0	0	0	0	0	39927202	
634	1	E	4	N	2500	2	1	173	114	27	24	33	0	0	0	0	0	0	0	0	0	0	0	0	39953020	
635	1	E	4	N	2500	2	1	111	46	9	8	13	0	0	0	0	0	0	0	0	0	0	0	0	39956233	
636	1	E	6	N	2500	6	40	354	119	27	24	35	0	0	0	0	0	0	0	0	0	0	0	0	39979368	
637	1	E	6	N	2500	2	1	137	33	5	4	8	0	0	0	0	0	0	0	0	0	0	0	0	39979634	
638	1	E	6	N	2500	2	1	136	67	18	17	25	0	0	0	0	0	0	0	0	0	0	0	0	39982410	
639	1	E	6	N	2500	6	40	307	115	30	25	37	0	0	0	0	0	0	0	0	0	0	0	0	39982504	
640	1	E	6	N	2500	6	40	249	119	30	25	38	0	0	0	0	0	0	0	0	0	0	0	0	39982910	
641	1	E	6	N	2500	0	1	175	81	19	18	26	0	0	0	0	0	0	0	0	0	0	0	0	39983705	
642	1	E	6	N	2500	0	1	132	40	9	8	12	0	0	0	0	0	0	0	0	0	0	0	0	39984579	
643	1	E	6	N	2500	0	1	103	55	14	12	20	0	0	0	0	0	0	0	0	0	0	0	0	39984594	
644	1	E	7	N	2500	2	1	63	21	2	2	1	0	0	0	0	0	0	0	0	0	0	0	0	39992800	
645	1	E	8	N	2500	6	40	322	105	25	21	27	0	0	0	0	0	0	0	0	0	0	0	0	40007526	
646	1	E	8	N	2500	6	40	283	137	37	35	52	0	0	0	0	0	0	0	0	0	0	0	0	40007620	
647	1	E	8	N	2500	2	1	175	76	23	21	31	0	0	0	0	0	0	0	0	0	0	0	0	40007979	
648	1	E	8	N	2500	6	40	190	130	43	31	45	0	0	0	0	0	0	0	0	0	0	0	0	40008057	
649	1	E	8	N	2500	0	1	203	102	38	28	41	0	0	0	0	0	0	0	0	0	0	0	0	40008540	
650	1	E	8	N	2500	0	40	329	127	33	26	42	0	0	0	0	0	0	0	0	0	0	0	0	40008587	
651	1	E	8	N	2500	0	1	92	16	2	2	5	0	0	0	0	0	0	0	0	0	0	0	0	40009430	
652	1	E	8	N	2500	0	40	263	96	21	20	34	0	0	0	0	0	0	0	0	0	0	0	0	40009632	
653	1	E	8	N	2500	0	40	313	126	38	31	54	0	0	0	0	0	0	0	0	0	0	0	0	40010069	
654	1	E	8	N	2500	0	40	290	100	25	20	31	0	0	0	0	0	0	0	0	0	0	0	0	40010927	
655	1	E	8	N	2500	0	40	248	108	27	23	35	0	0	0	0	0	0	0	0	0	0	0	0	40010974	
656	1	E	8	N	2500	0	40	328	121	33	27	42	0	0	0	0	0	0	0	0	0	0	0	0	40010990	
657	1	E	8	N	2500	0	40	307	124	35	29	49	0	0	0	0	0	0	0	0	0	0	0	0	40011536	
658	1	E	8	N	2500	0	40	290	107	32	24	34	0	0	0	0	0	0	0	0	0	0	0	0	40012378	
659	1	E	8	N	2500	0	40	393	173	49	39	58	0	0	0	0	0	0	0	0	0	0	0	0	40013267	
660	1	E	8	N	2500	0	1	185	85	28	25	38	0	0	0	0	0	0	0	0	0	0	0	0	40013408	
661	1	E	8	N	2500	0	40	259	160	53	39	52	0	0	0	0	0	0	0	0	0	0	0	0	40013517	
662	1	E	8	N	2500	0	40	325	132	32	29	41	0	0	0	0	0	0	0	0	0	0	0	0	40013642	
663	1	E	10	N	2500	6	40	218	123	32	25	35	0	0	0	0	0	0	0	0	0	0	0	0	40036792	
664	1	E	10	N	2500	2	1	214	100	26	22	31	0	0	0	0	0	0	0	0	0	0	0	0	40037510	
665	1	E	10	N	2500	6	40	180	123	36	29	38	0	0	0	0	0	0	0	0	0	0	0	0	40039241	
666	1	E	10	N	2500	6	40	271	143	43	31	42	0	0	0	0	0	0	0	0	0	0	0	0	40039647	
667	1	E	10	N	2500	0	1	144	46	10	8	12	0	0	0	0	0	0	0	0	0	0	0	0	40040115	
668	1	E	10	N	2500	0	40	295	93	23	16	29	0	0	0	0	0	0	0	0	0	0	0	0	40040832	
669	1	E	10	N	2500	0	40	276	111	31	24	31	0	0	0	0	0	0	0	0	0	0	0	0	40040926	
670	1	E	10	N	2500	0	40	212	119	36	26	35	0	0	0	0	0	0	0	0	0	0	0	0	40041129	
671	1	E	10	N	2500	0	1	75	27	15	3	3	0	0	0	0	0	0	0	0	0	0	0	0	40041207	
672	1	E	10	N	2500	0	40	398	140	32	27	39	0	0	0	0	0	0	0	0	0	0	0	0	40042080	
673	1	E	12	N	2500	2	1	204	63	13	12	18	0	0	0	0	0	0	0	0	0	0	0	0	40065574	
674	1	E	12	N	2500	6	40	306	109	31	24	39	0	0	0	0	0	0	0	0	0	0	0	0	40065964	
675	1	E	12	N	2500	2	1	236	69	14	14	22	0	0	0	0	0	0	0	0	0	0	0	0	40066011	
676	1	E	12	N	2500	6	40	311	120	36	27	36	0	0	0	0	0	0	0	0	0	0	0	0	40066962	
677	1	E	12	N	2500	6	40	310	100	25	20	28	0	0	0	0	0	0	0	0	0	0	0	0	40067446	
678	1	E	12	N	2500	0	1	172	79	20	18	26	0	0	0	0	0	0	0	0	0	0	0	0	40067836	
679	1	E	12	N	2500	0	40	398	161	43	35	50	0	0	0	0	0	0	0	0	0	0	0	0	40067976	
680	1	E	12	N	2500	0	40	291	92	22	17	28	0	0	0	0	0	0	0	0	0	0	0	0	40070426	
681	1	E	12	N	2500	0	40	351	118	35	25	37	0	0	0	0	0	0	0	0	0	0	0	0	40070972	
682	1	E	12	N	2500	0	1	268	80	17	17	21	0	0	0	0	0	0	0	0	0	0	0	0	40071174	
683	1	F	2	N	2500	2	1	165	54	12	10	20	0	0	0	0	0	0	0	0	0	0	0	0	40096259	
684	1	F	2	N	2500	2	1	54	9	4	6	13	0	0	0	0	0	0	0	0	0	0	0	0	40096369	
685	1	F	2	N	2500	6	40	340	116	27	21	36	0	0	0	0	0	0	0	0	0	0	0	0	40096462	
686	1	F	2	N	2500	2	1	197	104	22	18	29	0	0	0	0	0	0	0	0	0	0	0	0	40096493	
687	1	F	2	N	2500	6	40	195	119	33	27	34	0	0	0	0	0	0	0	0	0	0	0	0	40096634	
688	1	F	2	N	2500	2	1	230	99	27	19	33	0	0	0	0	0	0	0	0	0	0	0	0	40096743	
689	1	F	2	N	2500	2	1	196	108	30	23	38	0	0	0	0	0	0	0	0	0	0	0	0	40096759	
690	1	F	2	N	2500	6	40	347	118	29	24	37	0	0	0	0	0	0	0	0	0	0	0	0	40097055	
691	1	F	2	N	2500	0	40	211	108	33	25	37	0	0	0	0	0	0	0	0	0	0	0	0	40097398	
692	1	F	2	N	2500	0	40	383	135	39	30	47	0	0	0	0	0	0	0	0	0	0	0	0	40097398	
693	1	F	2	N	2500	0	40	360	142	34	26	36	0	0	0	0	0	0	0	0	0	0	0	0	40097492	
694	1	F	2	N	2500	0	40	397	150	35	29	42	0	0	0	0	0	0	0	0	0	0	0	0	40097539	
695	1	F	2	N	2500	0	1	144	45	14	14	25	0	0	0	0	0	0	0	0	0	0	0	0	40097648	
696	1	F	2	N	2500	0	40	197	120	32	26	41	0	0	0	0	0	0	0	0	0	0	0	0	40097695	
697	1	F	2	N	2500	0	1	174	86	16	16	21	0	0	0	0	0	0	0	0	0	0	0	0	40097897	
698	1	F	2	N	2500	0	40	360	116	30	24	36	0	0	0	0	0	0	0	0	0	0	0	0	40097913	
699	1	F	2	N	2500	0	40	350	123	31	24	40	0	0	0	0	0	0	0	0	0	0	0	0	40098241	
700	1	F	2	N	2500	0	1	222	90	18	14	22	0	0	0	0	0	0	0	0	0	0	0	0	40098303	
701	1	F	2	N	2500	0	40	295	95	20	17	27	0	0	0	0	0	0	0	0	0	0	0	0	40098319	
702	1	F	2	N	2500	0	1	205	102	23	20	30	0	0	0	0	0	0	0	0	0	0	0	0	40098365	
703	1	F	2	N	2500	0	1	160	86	17	15	18	0	0	0	0	0	0	0	0	0	0	0	0	40098428	
704	1	F	2	N	2500	0	1	157	83	22	17	25	0	0	0	0	0	0	0	0	0	0	0	0	40098506	
705	1	F	2	N	2500	0	40	369	118	29	25	36	0	0	0	0	0	0	0	0	0	0	0	0	40098506	
706	1	F	2	N	2500	0	40	309	96	21	18	24	0	0	0	0	0	0	0	0	0	0	0	0	40098599	
707	1	F	2	N	2500	0	40	324	113	30	22	38	0	0	0	0	0	0	0	0	0	0	0	0	40098615	
708	1	F	2	N	2500	0	40	340	122	31	24	33	0	0	0	0	0	0	0	0	0	0	0	0	40098818	
709	1	F	2	N	2500	0	40	424	136	30	25	41	0	0	0	0	0	0	0	0	0	0	0	0	40098833	
710	1	F	2	N	2500	0	40	337	126	30	26	39	0	0	0	0	0	0	0	0	0	0	0	0	40099036	
711	1	F	2	N	2500	0	40	350	124	27	24	32	0	0	0	0	0	0	0	0	0	0	0	0	40099411	
712	1	F	2	N	2500	0	1	140	112	36	28	41	0	0	0	0	0	0	0	0	0	0	0	0	40099598	
713	1	F	2	N	2500	0	40	357	124	30	23	37	0	0	0	0	0	0	0	0	0	0	0	0	40099660	
714	1	F	2	N	2500	0	40	272	99	27	22	36	0	0	0	0	0	0	0	0	0	0	0	0	40099754	
715	1	F	2	N	2500	0	40	363	115	28	20	36	0	0	0	0	0	0	0	0	0	0	0	0	40099816	
716	1	F	2	N	2500	0	40	348	119	29	23	37	0	0	0	0	0	0	0	0	0	0	0	0	40099847	
717	1	F	2	N	2500	0	40	382	136	32	26	40	0	0	0	0	0	0	0	0	0	0	0	0	40099847	
718	1	F	2	N	2500	0	40	246	147	44	31	46	0	0	0	0	0	0	0	0	0	0	0	0	40099863	
719	1	F	2	N	2500	0	40	318	122	31	27	40	0	0	0	0	0	0	0	0	0	0	0	0	40099941	
720	1	F	2	N	2500	0	40	311	105	26	20	32	0	0	0	0	0	0	0	0	0	0	0	0	40100315	
721	1	F	2	N	2500	0	40	239	100	25	20	26	0	0	0	0	0	0	0	0	0	0	0	0	40100456	
722	1	F	2	N	2500	0	40	294	136	38	28	41	0	0	0	0	0	0	0	0	0	0	0	0	40100487	
723	1	F	2	N	2500	0	1	478	140	30	25	35	0	0	0	0	0	0	0	0	0	0	0	0	40100565	
724	1	F	2	N	2500	0	40	353	136	43	31	47	0	0	0	0	0	0	0	0	0	0	0	0	40100581	
725	1	F	2	N	2500	0	1	470	141	43	33	50	0	0	0	0	0	0	0	0	0	0	0	0	40100596	
726	1	F	2	N	2500	0	40	259	117	31	25	40	0	0	0	0	0	0	0	0	0	0	0	0	40100705	
727	1	F	2	N	2500	0	40	361	118	23	20	33	0	0	0	0	0	0	0	0	0	0	0	0	40100752	
728	1	F	2	N	2500	0	40	224	134	40	29	42	0	0	0	0	0	0	0	0	0	0	0	0	40100830	
729	1	F	2	N	2500	0	40	321	108	25	21	35	0	0	0	0	0	0	0	0	0	0	0	0	40101454	
730	1	F	2	N	2500	0	1	265	89	21	17	25	0	0	0	0	0	0	0	0	0	0	0	0	40101719	
731	1	F	2	N	2500	0	40	237	110	25	22	33	0	0	0	0	0	0	0	0	0	0	0	0	40101891	
732	1	F	3	N	2500	6	40	242	136	32	27	42	0	0	0	0	0	0	0	0	0	0	0	0	40110487	
733	1	F	3	N	2500	6	40	257	119	28	24	34	0	0	0	0	0	0	0	0	0	0	0	0	40114059	
734	1	F	4	N	2500	6	40	271	92	23	18	26	0	0	0	0	0	0	0	0	0	0	0	0	40125229	
735	1	F	4	N	2500	6	40	209	107	31	25	37	0	0	0	0	0	0	0	0	0	0	0	0	40125541	
736	1	F	4	N	2500	6	40	297	101	23	21	31	0	0	0	0	0	0	0	0	0	0	0	0	40126118	
737	1	F	4	N	2500	0	40	301	106	25	23	35	0	0	0	0	0	0	0	0	0	0	0	0	40126461	
738	1	F	4	N	2500	0	40	252	117	25	24	34	0	0	0	0	0	0	0	0	0	0	0	0	40126664	
739	1	F	4	N	2500	0	40	240	106	25	27	50	0	0	0	0	0	0	0	0	0	0	0	0	40126664	
740	1	F	4	N	2500	0	1	173	78	17	16	26	0	0	0	0	0	0	0	0	0	0	0	0	40128208	
741	1	F	4	N	2500	0	1	189	60	13	10	17	0	0	0	0	0	0	0	0	0	0	0	0	40128380	
742	1	F	4	N	2500	0	40	271	100	21	19	31	0	0	0	0	0	0	0	0	0	0	0	0	40128754	
743	1	F	6	N	2500	6	40	309	130	37	28	44	0	0	0	0	0	0	0	0	0	0	0	0	40152965	
744	1	F	6	N	2500	6	40	288	108	31	24	36	0	0	0	0	0	0	0	0	0	0	0	0	40153402	
745	1	F	6	N	2500	2	1	63	15	11	1	3	0	0	0	0	0	0	0	0	0	0	0	0	40153808	
746	1	F	6	N	2500	2	1	280	83	17	15	20	0	0	0	0	0	0	0	0	0	0	0	0	40155040	
747	1	F	6	N	2500	2	1	173	91	23	20	28	0	0	0	0	0	0	0	0	0	0	0	0	40155118	
748	1	F	6	N	2500	8	40	316	116	36	26	41	0	0	0	0	0	0	0	0	0	0	0	0	40155337	
749	1	F	6	N	2500	2	1	193	93	19	17	25	0	0	0	0	0	0	0	0	0	0	0	0	40155727	
750	1	F	6	N	2500	2	1	174	87	21	17	26	0	0	0	0	0	0	0	0	0	0	0	0	40155945	
751	1	F	6	N	2500	2	1	253	78	16	13	19	0	0	0	0	0	0	0	0	0	0	0	0	40156023	
752	1	F	6	N	2500	6	40	285	95	26	19	30	0	0	0	0	0	0	0	0	0	0	0	0	40156179	
753	1	F	6	N	2500	0	40	363	132	33	27	37	0	0	0	0	0	0	0	0	0	0	0	0	40157474	
754	1	F	6	N	2500	0	40	317	122	33	24	36	0	0	0	0	0	0	0	0	0	0	0	0	40157692	
755	1	F	6	N	2500	0	40	351	111	23	21	32	0	0	0	0	0	0	0	0	0	0	0	0	40158488	
756	1	F	7	N	2500	2	1	142	83	20	19	30	0	0	0	0	0	0	0	0	0	0	0	0	40172933	
757	1	F	8	N	2500	6	40	339	139	38	29	40	0	0	0	0	0	0	0	0	0	0	0	0	40181763	
758	1	F	8	N	2500	6	40	315	154	43	34	49	0	0	0	0	0	0	0	0	0	0	0	0	40181981	
759	1	F	8	N	2500	6	40	262	132	41	30	46	0	0	0	0	0	0	0	0	0	0	0	0	40182153	
760	1	F	8	N	2500	0	40	333	144	45	33	45	0	0	0	0	0	0	0	0	0	0	0	0	40182293	
761	1	F	8	N	2500	0	40	272	113	32	24	37	0	0	0	0	0	0	0	0	0	0	0	0	40182325	
762	1	F	8	N	2500	0	40	316	112	30	23	37	0	0	0	0	0	0	0	0	0	0	0	0	40182496	
763	1	F	8	N	2500	0	40	295	107	26	21	31	0	0	0	0	0	0	0	0	0	0	0	0	40182605	
764	1	F	8	N	2500	0	40	349	133	38	29	47	0	0	0	0	0	0	0	0	0	0	0	0	40182855	
765	1	F	8	N	2500	0	40	237	144	46	33	47	0	0	0	0	0	0	0	0	0	0	0	0	40183120	
766	1	F	8	N	2500	0	1	214	96	32	27	37	0	0	0	0	0	0	0	0	0	0	0	0	40183495	
767	1	F	8	N	2500	0	1	212	97	28	22	34	0	0	0	0	0	0	0	0	0	0	0	0	40183651	
768	1	F	8	N	2500	0	40	210	129	29	25	37	0	0	0	0	0	0	0	0	0	0	0	0	40184228	
769	1	F	8	N	2500	0	40	256	124	33	29	42	0	0	0	0	0	0	0	0	0	0	0	0	40184493	
770	1	F	8	N	2500	0	40	207	108	30	26	37	0	0	0	0	0	0	0	0	0	0	0	0	40184524	
771	1	F	8	N	2500	0	40	311	102	25	21	30	0	0	0	0	0	0	0	0	0	0	0	0	40184540	
772	1	F	8	N	2500	0	1	226	75	20	15	22	0	0	0	0	0	0	0	0	0	0	0	0	40184587	
773	1	F	8	N	2500	0	1	137	62	15	14	20	0	0	0	0	0	0	0	0	0	0	0	0	40184587	
774	1	F	8	N	2500	0	40	343	129	36	28	43	0	0	0	0	0	0	0	0	0	0	0	0	40184711	
775	1	F	8	N	2500	0	40	307	106	31	22	31	0	0	0	0	0	0	0	0	0	0	0	0	40184711	
776	1	F	8	N	2500	0	40	358	129	39	27	44	0	0	0	0	0	0	0	0	0	0	0	0	40184805	
777	1	F	8	N	2500	0	1	114	23	3	3	5	0	0	0	0	0	0	0	0	0	0	0	0	40184805	
778	1	F	8	N	2500	0	40	298	116	32	26	44	0	0	0	0	0	0	0	0	0	0	0	0	40184867	
779	1	F	8	N	2500	0	40	266	115	32	24	34	0	0	0	0	0	0	0	0	0	0	0	0	40184945	
780	1	F	8	N	2500	0	1	213	95	31	27	41	0	0	0	0	0	0	0	0	0	0	0	0	40184961	
781	1	F	8	N	2500	0	40	328	127	39	29	43	0	0	0	0	0	0	0	0	0	0	0	0	40185008	
782	1	F	8	N	2500	0	40	322	124	37	28	40	0	0	0	0	0	0	0	0	0	0	0	0	40185070	
783	1	F	8	N	2500	0	40	310	146	43	32	45	0	0	0	0	0	0	0	0	0	0	0	0	40185382	
784	1	F	8	N	2500	0	1	137	45	8	7	11	0	0	0	0	0	0	0	0	0	0	0	0	40185507	
785	1	F	8	N	2500	0	1	226	90	28	25	37	0	0	0	0	0	0	0	0	0	0	0	0	40185554	
786	1	F	8	N	2500	0	40	327	141	47	30	41	0	0	0	0	0	0	0	0	0	0	0	0	40185725	
787	1	F	8	N	2500	0	40	339	138	43	32	46	0	0	0	0	0	0	0	0	0	0	0	0	40185725	
788	1	F	8	N	2500	0	1	117	63	19	15	21	0	0	0	0	0	0	0	0	0	0	0	0	40185881	
789	1	F	8	N	2500	0	1	235	85	24	18	27	0	0	0	0	0	0	0	0	0	0	0	0	40186069	
790	1	F	8	N	2500	0	40	362	118	31	23	33	0	0	0	0	0	0	0	0	0	0	0	0	40186100	
791	1	F	8	N	2500	0	40	317	98	22	18	26	0	0	0	0	0	0	0	0	0	0	0	0	40186115	
792	1	F	8	N	2500	0	1	138	98	36	25	37	0	0	0	0	0	0	0	0	0	0	0	0	40186240	
793	1	F	8	N	2500	0	40	300	115	28	20	34	0	0	0	0	0	0	0	0	0	0	0	0	40186318	
794	1	F	8	N	2500	0	40	359	147	42	35	47	0	0	0	0	0	0	0	0	0	0	0	0	40186381	
795	1	F	8	N	2500	0	40	242	172	52	35	54	0	0	0	0	0	0	0	0	0	0	0	0	40186396	
796	1	F	8	N	2500	0	1	176	110	34	27	41	0	0	0	0	0	0	0	0	0	0	0	0	40186459	
797	1	F	8	N	2500	0	1	183	95	35	31	40	0	0	0	0	0	0	0	0	0	0	0	0	40186630	
798	1	F	8	N	2500	0	1	295	72	17	14	23	0	0	0	0	0	0	0	0	0	0	0	0	40186646	
799	1	F	8	N	2500	0	40	176	118	37	28	43	0	0	0	0	0	0	0	0	0	0	0	0	40186661	
800	1	F	8	N	2500	0	1	173	111	24	21	33	0	0	0	0	0	0	0	0	0	0	0	0	40186677	
801	1	F	8	N	2500	0	40	450	189	48	39	58	0	0	0	0	0	0	0	0	0	0	0	0	40186693	
802	1	F	8	N	2500	0	40	186	123	40	29	42	0	0	0	0	0	0	0	0	0	0	0	0	40186755	
803	1	F	8	N	2500	0	40	208	152	45	36	51	0	0	0	0	0	0	0	0	0	0	0	0	40186849	
804	1	F	8	N	2500	0	40	192	120	41	29	43	0	0	0	0	0	0	0	0	0	0	0	0	40186911	
805	1	F	8	N	2500	0	40	197	131	43	31	43	0	0	0	0	0	0	0	0	0	0	0	0	40187223	
806	1	F	8	N	2500	0	40	355	129	31	25	36	0	0	0	0	0	0	0	0	0	0	0	0	40187363	
807	1	F	8	N	2500	0	40	296	146	39	33	51	0	0	0	0	0	0	0	0	0	0	0	0	40187535	
808	1	F	8	N	2500	0	1	200	76	16	13	20	0	0	0	0	0	0	0	0	0	0	0	0	40187800	
809	1	F	8	N	2500	0	40	326	137	39	29	41	0	0	0	0	0	0	0	0	0	0	0	0	40187909	
810	1	F	8	N	2500	0	40	383	139	41	29	42	0	0	0	0	0	0	0	0	0	0	0	0	40188081	
811	1	F	8	N	2500	0	40	353	142	39	29	42	0	0	0	0	0	0	0	0	0	0	0	0	40188206	
812	1	F	8	N	2500	0	1	82	16	4	5	10	0	0	0	0	0	0	0	0	0	0	0	0	40188767	
813	1	F	9	N	2500	6	40	257	141	40	30	48	0	0	0	0	0	0	0	0	0	0	0	0	40202480	
814	1	F	10	N	2500	6	40	312	111	31	27	42	0	0	0	0	0	0	0	0	0	0	0	0	40210530	
815	1	F	10	N	2500	2	1	174	93	25	24	36	0	0	0	0	0	0	0	0	0	0	0	0	40210935	
816	1	F	10	N	2500	6	40	315	101	23	20	30	0	0	0	0	0	0	0	0	0	0	0	0	40211731	
817	1	F	10	N	2500	6	40	337	141	40	33	51	0	0	0	0	0	0	0	0	0	0	0	0	40211996	
818	1	F	10	N	2500	0	40	218	120	33	27	42	0	0	0	0	0	0	0	0	0	0	0	0	40212480	
819	1	F	10	N	2500	0	40	238	103	29	22	32	0	0	0	0	0	0	0	0	0	0	0	0	40212963	
820	1	F	10	N	2500	0	40	303	90	21	20	32	0	0	0	0	0	0	0	0	0	0	0	0	40213665	
821	1	F	10	N	2500	0	40	335	121	34	27	35	0	0	0	0	0	0	0	0	0	0	0	0	40214164	
822	1	F	10	N	2500	0	1	87	44	10	11	18	0	0	0	0	0	0	0	0	0	0	0	0	40214664	
823	1	F	10	N	2500	0	1	63	11	3	2	3	0	0	0	0	0	0	0	0	0	0	0	0	40214664	
824	1	F	10	N	2500	0	40	206	117	37	26	41	0	0	0	0	0	0	0	0	0	0	0	0	40214866	
825	1	F	10	N	2500	0	40	295	93	25	19	32	0	0	0	0	0	0	0	0	0	0	0	0	40215007	
826	1	F	10	N	2500	0	1	163	88	23	21	31	0	0	0	0	0	0	0	0	0	0	0	0	40215210	
827	1	F	10	N	2500	0	40	233	127	36	25	38	0	0	0	0	0	0	0	0	0	0	0	0	40215210	
828	1	F	10	N	2500	0	40	344	179	58	41	57	0	0	0	0	0	0	0	0	0	0	0	0	40215303	
829	1	F	10	N	2500	0	40	327	106	29	22	32	0	0	0	0	0	0	0	0	0	0	0	0	40215756	
830	1	F	10	N	2500	0	40	251	135	38	30	46	0	0	0	0	0	0	0	0	0	0	0	0	40215943	
831	1	F	10	N	2500	0	40	224	135	36	31	49	0	0	0	0	0	0	0	0	0	0	0	0	40216021	
832	1	F	10	N	2500	0	1	178	113	35	26	43	0	0	0	0	0	0	0	0	0	0	0	0	40216224	
833	1	F	10	N	2500	0	40	221	131	33	26	40	0	0	0	0	0	0	0	0	0	0	0	0	40216707	
834	1	F	10	N	2500	0	40	312	89	19	18	26	0	0	0	0	0	0	0	0	0	0	0	0	40217035	
835	1	F	10	N	2500	0	40	324	104	25	20	33	0	0	0	0	0	0	0	0	0	0	0	0	40217160	
836	1	F	10	N	2500	0	40	236	119	39	28	42	0	0	0	0	0	0	0	0	0	0	0	0	40217300	
837	1	F	10	N	2500	0	40	340	139	36	30	47	0	0	0	0	0	0	0	0	0	0	0	0	40217440	
838	1	F	11	N	2500	6	40	311	99	25	20	28	0	0	0	0	0	0	0	0	0	0	0	0	40230903	
839	1	F	11	N	2500	2	1	63	12	10	11	30	0	0	0	0	0	0	0	0	0	0	0	0	40231590	
840	1	F	11	N	2500	6	40	280	133	42	32	45	0	0	0	0	0	0	0	0	0	0	0	0	40231933	
841	1	F	12	N	2500	2	1	158	108	36	25	34	0	0	0	0	0	0	0	0	0	0	0	0	40239202	
842	1	F	12	N	2500	6	40	312	114	36	24	40	0	0	0	0	0	0	0	0	0	0	0	0	40239436	
843	1	F	12	N	2500	6	40	367	144	36	26	39	0	0	0	0	0	0	0	0	0	0	0	0	40240138	
844	1	F	12	N	2500	2	1	132	35	9	6	31	0	0	0	0	0	0	0	0	0	0	0	0	40240497	
845	1	F	12	N	2500	6	40	247	124	35	27	37	0	0	0	0	0	0	0	0	0	0	0	0	40241636	
846	1	F	12	N	2500	0	40	339	128	38	25	37	0	0	0	0	0	0	0	0	0	0	0	0	40242322	
847	1	F	12	N	2500	0	40	252	130	30	26	38	0	0	0	0	0	0	0	0	0	0	0	0	40242463	
848	1	F	12	N	2500	0	40	243	109	31	25	38	0	0	0	0	0	0	0	0	0	0	0	0	40242806	
849	1	F	12	N	2500	0	40	222	105	23	20	28	0	0	0	0	0	0	0	0	0	0	0	0	40242993	
850	1	F	12	N	2500	0	40	320	127	36	25	37	0	0	0	0	0	0	0	0	0	0	0	0	40244023	
851	1	F	12	N	2500	0	1	209	101	29	24	33	0	0	0	0	0	0	0	0	0	0	0	0	40244148	
852	1	F	12	N	2500	0	40	314	107	26	20	33	0	0	0	0	0	0	0	0	0	0	0	0	40244163	
853	1	F	12	N	2500	0	40	331	118	31	24	38	0	0	0	0	0	0	0	0	0	0	0	0	40244226	
854	1	F	12	N	2500	0	40	238	137	38	28	42	0	0	0	0	0	0	0	0	0	0	0	0	40244662	
855	1	F	12	N	2500	0	40	368	141	35	26	33	0	0	0	0	0	0	0	0	0	0	0	0	40245318	
856	1	G	1	N	2500	2	1	143	29	4	3	6	0	0	0	0	0	0	0	0	0	0	0	0	40257096	
857	1	G	1	N	2500	2	1	191	107	26	22	27	0	0	0	0	0	0	0	0	0	0	0	0	40260418	
858	1	G	2	N	2500	2	1	61	17	7	4	5	0	0	0	0	0	0	0	0	0	0	0	0	40269981	
859	1	G	2	N	2500	2	1	82	25	11	3	5	0	0	0	0	0	0	0	0	0	0	0	0	40269981	
860	1	G	2	N	2500	2	1	84	20	4	6	12	0	0	0	0	0	0	0	0	0	0	0	0	40270122	
861	1	G	2	N	2500	2	1	50	11	6	2	2	0	0	0	0	0	0	0	0	0	0	0	0	40270184	
862	1	G	2	N	2500	6	40	328	123	34	25	46	0	0	0	0	0	0	0	0	0	0	0	0	40270231	
863	1	G	2	N	2500	2	1	139	41	25	10	14	0	0	0	0	0	0	0	0	0	0	0	0	40270356	
864	1	G	2	N	2500	2	1	50	11	5	3	4	0	0	0	0	0	0	0	0	0	0	0	0	40270356	
865	1	G	2	N	2500	2	1	74	30	13	8	10	0	0	0	0	0	0	0	0	0	0	0	0	40270356	
866	1	G	2	N	2500	6	40	286	131	35	26	40	0	0	0	0	0	0	0	0	0	0	0	0	40270387	
867	1	G	2	N	2500	6	40	302	113	29	23	39	0	0	0	0	0	0	0	0	0	0	0	0	40271011	
868	1	G	2	N	2500	0	40	407	148	36	29	41	0	0	0	0	0	0	0	0	0	0	0	0	40271401	
869	1	G	2	N	2500	0	1	100	28	17	4	5	0	0	0	0	0	0	0	0	0	0	0	0	40271713	
870	1	G	2	N	2500	0	1	68	20	8	3	5	0	0	0	0	0	0	0	0	0	0	0	0	40272196	
871	1	G	2	N	2500	0	1	172	108	30	23	38	0	0	0	0	0	0	0	0	0	0	0	0	40272228	
872	1	G	2	N	2500	0	40	186	144	45	35	53	0	0	0	0	0	0	0	0	0	0	0	0	40272384	
873	1	G	2	N	2500	0	40	301	102	24	19	31	0	0	0	0	0	0	0	0	0	0	0	0	40272399	
874	1	G	2	N	2500	0	1	197	108	35	27	39	0	0	0	0	0	0	0	0	0	0	0	0	40273944	
875	1	G	2	N	2500	0	40	221	109	26	23	32	0	0	0	0	0	0	0	0	0	0	0	0	40274334	
876	1	G	2	N	2500	0	40	234	110	36	28	44	0	0	0	0	0	0	0	0	0	0	0	0	40274412	
877	1	G	2	N	2500	0	1	52	9	1	1	2	0	0	0	0	0	0	0	0	0	0	0	0	40274786	
878	1	G	2	N	2500	0	40	394	168	42	31	38	0	0	0	0	0	0	0	0	0	0	0	0	40275987	
879	1	G	2	N	2500	0	40	289	94	21	17	29	0	0	0	0	0	0	0	0	0	0	0	0	40276596	
880	1	G	3	N	2500	6	40	459	166	38	29	47	0	0	0	0	0	0	0	0	0	0	0	0	40286486	
881	1	G	3	N	2500	2	1	68	16	11	6	8	0	0	0	0	0	0	0	0	0	0	0	0	40290324	
882	1	G	4	N	2500	4	40	389	142	39	30	41	0	0	0	0	0	0	0	0	0	0	0	0	40298794	
883	1	G	4	N	2500	2	1	195	111	29	22	33	0	0	0	0	0	0	0	0	0	0	0	0	40298794	
884	1	G	4	N	2500	6	40	302	120	35	27	40	0	0	0	0	0	0	0	0	0	0	0	0	40299606	
885	1	G	4	N	2500	6	40	305	109	27	23	32	0	0	0	0	0	0	0	0	0	0	0	0	40299668	
886	1	G	4	N	2500	6	40	314	120	33	28	44	0	0	0	0	0	0	0	0	0	0	0	0	40300105	
887	1	G	4	N	2500	0	40	367	119	29	28	43	0	0	0	0	0	0	0	0	0	0	0	0	40300339	
888	1	G	4	N	2500	0	40	325	111	30	24	39	0	0	0	0	0	0	0	0	0	0	0	0	40300620	
889	1	G	4	N	2500	0	1	243	85	22	19	29	0	0	0	0	0	0	0	0	0	0	0	0	40300807	
890	1	G	4	N	2500	0	40	341	117	34	26	47	0	0	0	0	0	0	0	0	0	0	0	0	40301259	
891	1	G	4	N	2500	0	40	340	146	39	31	44	0	0	0	0	0	0	0	0	0	0	0	0	40301259	
892	1	G	4	N	2500	0	40	318	115	35	28	39	0	0	0	0	0	0	0	0	0	0	0	0	40301478	
893	1	G	4	N	2500	0	1	140	121	33	31	47	0	0	0	0	0	0	0	0	0	0	0	0	40301602	
894	1	G	4	N	2500	0	1	150	90	19	17	24	0	0	0	0	0	0	0	0	0	0	0	0	40301899	
895	1	G	4	N	2500	0	40	310	111	29	25	37	0	0	0	0	0	0	0	0	0	0	0	0	40301946	
896	1	G	4	N	2500	0	40	348	122	39	28	47	0	0	0	0	0	0	0	0	0	0	0	0	40302117	
897	1	G	4	N	2500	0	1	53	15	9	5	7	0	0	0	0	0	0	0	0	0	0	0	0	40302180	
898	1	G	4	N	2500	0	40	458	160	38	32	44	0	0	0	0	0	0	0	0	0	0	0	0	40302211	
899	1	G	4	N	2500	0	40	286	94	21	19	29	0	0	0	0	0	0	0	0	0	0	0	0	40302242	
900	1	G	4	N	2500	0	40	326	129	32	28	44	0	0	0	0	0	0	0	0	0	0	0	0	40302460	
901	1	G	4	N	2500	0	40	272	88	22	19	28	0	0	0	0	0	0	0	0	0	0	0	0	40302460	
902	1	G	4	N	2500	0	1	252	81	18	14	22	0	0	0	0	0	0	0	0	0	0	0	0	40303084	
903	1	G	4	N	2500	0	40	277	102	27	24	33	0	0	0	0	0	0	0	0	0	0	0	0	40303147	
904	1	G	4	N	2500	0	40	252	109	30	25	36	0	0	0	0	0	0	0	0	0	0	0	0	40303334	
905	1	G	4	N	2500	0	1	190	103	29	21	32	0	0	0	0	0	0	0	0	0	0	0	0	40303506	
906	1	G	4	N	2500	0	40	225	128	45	33	43	0	0	0	0	0	0	0	0	0	0	0	0	40303833	
907	1	G	4	N	2500	0	40	312	114	29	25	41	0	0	0	0	0	0	0	0	0	0	0	0	40303989	
908	1	G	5	N	2500	6	40	387	124	28	23	39	0	0	0	0	0	0	0	0	0	0	0	0	40317546	
909	1	G	6	N	2500	2	1	177	106	29	24	38	0	0	0	0	0	0	0	0	0	0	0	0	40327031	
910	1	G	6	N	2500	2	1	57	11	3	3	5	0	0	0	0	0	0	0	0	0	0	0	0	40327109	
911	1	G	6	N	2500	6	40	335	126	33	27	38	0	0	0	0	0	0	0	0	0	0	0	0	40327717	
912	1	G	6	N	2500	2	1	54	16	11	3	4	0	0	0	0	0	0	0	0	0	0	0	0	40328185	
913	1	G	6	N	2500	2	1	57	15	7	4	4	0	0	0	0	0	0	0	0	0	0	0	0	40328372	
914	1	G	6	N	2500	2	1	62	24	15	3	2	0	0	0	0	0	0	0	0	0	0	0	0	40328513	
915	1	G	6	N	2500	6	40	333	123	36	25	45	0	0	0	0	0	0	0	0	0	0	0	0	40328559	
916	1	G	6	N	2500	2	1	60	16	8	5	6	0	0	0	0	0	0	0	0	0	0	0	0	40329277	
917	1	G	6	N	2500	8	40	416	142	37	31	43	0	0	0	0	0	0	0	0	0	0	0	0	40329277	
918	1	G	6	N	2500	2	1	231	76	15	13	21	0	0	0	0	0	0	0	0	0	0	0	0	40329527	
919	1	G	6	N	2500	2	1	223	97	25	28	46	0	0	0	0	0	0	0	0	0	0	0	0	40329683	
920	1	G	6	N	2500	6	40	311	121	34	24	40	0	0	0	0	0	0	0	0	0	0	0	0	40329761	
921	1	G	6	N	2500	0	1	171	35	6	4	8	0	0	0	0	0	0	0	0	0	0	0	0	40330946	
922	1	G	6	N	2500	0	1	173	83	19	16	23	0	0	0	0	0	0	0	0	0	0	0	0	40330962	
923	1	G	6	N	2500	0	40	296	109	28	23	34	0	0	0	0	0	0	0	0	0	0	0	0	40332272	
924	1	G	6	N	2500	0	40	362	153	42	32	47	0	0	0	0	0	0	0	0	0	0	0	0	40332335	
925	1	G	6	N	2500	0	40	436	137	29	26	35	0	0	0	0	0	0	0	0	0	0	0	0	40332428	
926	1	G	6	N	2500	0	40	293	92	28	21	30	0	0	0	0	0	0	0	0	0	0	0	0	40333115	
927	1	G	6	N	2500	0	1	194	108	26	23	31	0	0	0	0	0	0	0	0	0	0	0	0	40333286	
928	1	G	6	N	2500	0	1	204	100	29	21	31	0	0	0	0	0	0	0	0	0	0	0	0	40333583	
929	1	G	6	N	2500	0	1	140	82	21	19	28	0	0	0	0	0	0	0	0	0	0	0	0	40333629	
930	1	G	8	N	2500	2	1	109	45	25	14	17	0	0	0	0	0	0	0	0	0	0	0	0	40357482	
931	1	G	8	N	2500	6	40	222	107	26	20	27	0	0	0	0	0	0	0	0	0	0	0	0	40358028	
932	1	G	8	N	2500	2	1	88	36	8	10	19	0	0	0	0	0	0	0	0	0	0	0	0	40358371	
933	1	G	8	N	2500	2	1	253	74	17	15	25	0	0	0	0	0	0	0	0	0	0	0	0	40359151	
934	1	G	8	N	2500	6	40	221	108	22	20	27	0	0	0	0	0	0	0	0	0	0	0	0	40359245	
935	1	G	8	N	2500	6	40	250	97	27	22	34	0	0	0	0	0	0	0	0	0	0	0	0	40359978	
936	1	G	8	N	2500	0	1	220	60	13	11	17	0	0	0	0	0	0	0	0	0	0	0	0	40360430	
937	1	G	8	N	2500	0	1	214	82	16	15	24	0	0	0	0	0	0	0	0	0	0	0	0	40361319	
938	1	G	8	N	2500	0	1	207	53	11	12	19	0	0	0	0	0	0	0	0	0	0	0	0	40361491	
939	1	G	8	N	2500	0	1	128	44	10	10	21	0	0	0	0	0	0	0	0	0	0	0	0	40362833	
940	1	G	9	N	2500	2	1	257	70	15	14	24	0	0	0	0	0	0	0	0	0	0	0	0	40374423	
941	1	G	10	N	2500	2	1	163	87	30	26	39	0	0	0	0	0	0	0	0	0	0	0	0	40384485	
942	1	G	10	N	2500	2	1	56	32	22	8	11	0	0	0	0	0	0	0	0	0	0	0	0	40384517	
943	1	G	10	N	2500	6	40	186	130	34	33	50	0	0	0	0	0	0	0	0	0	0	0	0	40384532	
944	1	G	10	N	2500	2	1	98	24	16	9	11	0	0	0	0	0	0	0	0	0	0	0	0	40384735	
945	1	G	10	N	2500	6	40	371	156	45	34	51	0	0	0	0	0	0	0	0	0	0	0	0	40385031	
946	1	G	10	N	2500	6	40	273	112	32	27	41	0	0	0	0	0	0	0	0	0	0	0	0	40385125	
947	1	G	10	N	2500	0	1	65	26	21	13	11	0	0	0	0	0	0	0	0	0	0	0	0	40385421	
948	1	G	10	N	2500	0	1	169	75	80	43	46	0	0	0	0	0	0	0	0	0	0	0	0	40385421	
949	1	G	10	N	2500	0	40	286	95	25	21	29	0	0	0	0	0	0	0	0	0	0	0	0	40385437	
950	1	G	10	N	2500	0	1	66	23	10	4	6	0	0	0	0	0	0	0	0	0	0	0	0	40385499	
951	1	G	10	N	2500	0	40	305	130	49	36	50	0	0	0	0	0	0	0	0	0	0	0	0	40385515	
952	1	G	10	N	2500	0	1	57	15	8	4	4	0	0	0	0	0	0	0	0	0	0	0	0	40385655	
953	1	G	10	N	2500	0	40	233	119	34	26	38	0	0	0	0	0	0	0	0	0	0	0	0	40385889	
954	1	G	10	N	2500	0	1	52	15	8	2	2	0	0	0	0	0	0	0	0	0	0	0	0	40385921	
955	1	G	10	N	2500	0	40	227	142	37	32	47	0	0	0	0	0	0	0	0	0	0	0	0	40385952	
956	1	G	10	N	2500	0	1	82	35	22	12	14	0	0	0	0	0	0	0	0	0	0	0	0	40385999	
957	1	G	10	N	2500	0	1	51	12	6	4	4	0	0	0	0	0	0	0	0	0	0	0	0	40386045	
958	1	G	10	N	2500	0	1	59	26	19	8	12	0	0	0	0	0	0	0	0	0	0	0	0	40386045	
959	1	G	10	N	2500	0	1	188	92	26	24	33	0	0	0	0	0	0	0	0	0	0	0	0	40386201	
960	1	G	10	N	2500	0	40	336	136	36	31	51	0	0	0	0	0	0	0	0	0	0	0	0	40386357	
961	1	G	10	N	2500	0	40	360	135	39	31	47	0	0	0	0	0	0	0	0	0	0	0	0	40386794	
962	1	G	10	N	2500	0	40	392	125	31	24	32	0	0	0	0	0	0	0	0	0	0	0	0	40387153	
963	1	G	10	N	2500	0	40	207	118	39	29	41	0	0	0	0	0	0	0	0	0	0	0	0	40387652	
964	1	G	10	N	2500	0	40	373	147	40	35	49	0	0	0	0	0	0	0	0	0	0	0	0	40387683	
965	1	G	10	N	2500	0	40	199	146	48	35	50	0	0	0	0	0	0	0	0	0	0	0	0	40387746	
966	1	G	10	N	2500	0	40	289	118	36	31	46	0	0	0	0	0	0	0	0	0	0	0	0	40387761	
967	1	G	10	N	2500	0	40	204	127	37	28	47	0	0	0	0	0	0	0	0	0	0	0	0	40387793	
968	1	G	10	N	2500	0	1	159	90	21	18	29	0	0	0	0	0	0	0	0	0	0	0	0	40387995	
969	1	G	10	N	2500	0	40	265	145	45	35	54	0	0	0	0	0	0	0	0	0	0	0	0	40388011	
970	1	G	10	N	2500	0	40	321	123	35	28	41	0	0	0	0	0	0	0	0	0	0	0	0	40388448	
971	1	G	10	N	2500	0	40	187	126	39	33	51	0	0	0	0	0	0	0	0	0	0	0	0	40388463	
972	1	G	10	N	2500	0	40	207	128	30	29	43	0	0	0	0	0	0	0	0	0	0	0	0	40388775	
973	1	G	10	N	2500	0	40	322	118	31	25	41	0	0	0	0	0	0	0	0	0	0	0	0	40388807	
974	1	G	10	N	2500	0	40	308	131	38	32	44	0	0	0	0	0	0	0	0	0	0	0	0	40388822	
975	1	G	10	N	2500	0	40	346	127	33	27	44	0	0	0	0	0	0	0	0	0	0	0	0	40388916	
976	1	G	10	N	2500	0	40	353	149	45	33	45	0	0	0	0	0	0	0	0	0	0	0	0	40389041	
977	1	G	10	N	2500	0	1	137	29	4	4	9	0	0	0	0	0	0	0	0	0	0	0	0	40389087	
978	1	G	10	N	2500	0	40	349	143	37	29	45	0	0	0	0	0	0	0	0	0	0	0	0	40389150	
979	1	G	10	N	2500	0	40	249	136	36	30	47	0	0	0	0	0	0	0	0	0	0	0	0	40389165	
980	1	G	10	N	2500	0	40	308	100	25	22	31	0	0	0	0	0	0	0	0	0	0	0	0	40389306	
981	1	G	10	N	2500	0	40	334	139	41	32	42	0	0	0	0	0	0	0	0	0	0	0	0	40389368	
982	1	G	10	N	2500	0	40	379	148	40	33	49	0	0	0	0	0	0	0	0	0	0	0	0	40389415	
983	1	G	10	N	2500	0	40	286	146	37	32	50	0	0	0	0	0	0	0	0	0	0	0	0	40389431	
984	1	G	10	N	2500	0	40	378	147	38	31	39	0	0	0	0	0	0	0	0	0	0	0	0	40389618	
985	1	G	10	N	2500	0	40	436	164	38	35	55	0	0	0	0	0	0	0	0	0	0	0	0	40389680	
986	1	G	10	N	2500	0	1	114	21	5	5	9	0	0	0	0	0	0	0	0	0	0	0	0	40389743	
987	1	G	10	N	2500	0	40	218	106	29	24	29	0	0	0	0	0	0	0	0	0	0	0	0	40389743	
988	1	G	10	N	2500	0	1	157	117	33	30	48	0	0	0	0	0	0	0	0	0	0	0	0	40390133	
989	1	G	10	N	2500	0	40	444	165	40	34	52	0	0	0	0	0	0	0	0	0	0	0	0	40390226	
990	1	G	10	N	2500	0	40	301	102	29	22	35	0	0	0	0	0	0	0	0	0	0	0	0	40390601	
991	1	G	11	N	2500	6	40	344	144	40	32	47	0	0	0	0	0	0	0	0	0	0	0	0	40400616	
992	1	G	11	N	2500	6	40	213	136	43	37	60	0	0	0	0	0	0	0	0	0	0	0	0	40403985	
993	1	G	11	N	2500	6	40	313	126	38	27	44	0	0	0	0	0	0	0	0	0	0	0	0	40404001	
994	1	G	12	N	2500	2	1	55	21	16	5	5	0	0	0	0	0	0	0	0	0	0	0	0	40412862	
995	1	G	12	N	2500	6	40	340	142	38	29	42	0	0	0	0	0	0	0	0	0	0	0	0	40412909	
996	1	G	12	N	2500	6	40	349	148	46	31	49	0	0	0	0	0	0	0	0	0	0	0	0	40413611	
997	1	G	12	N	2500	2	1	98	27	14	7	9	0	0	0	0	0	0	0	0	0	0	0	0	40413673	
998	1	G	12	N	2500	2	1	59	15	8	4	5	0	0	0	0	0	0	0	0	0	0	0	0	40413813	
999	1	G	12	N	2500	6	40	291	132	40	29	40	0	0	0	0	0	0	0	0	0	0	0	0	40414562	
1000	1	G	12	N	2500	0	40	290	110	27	22	35	0	0	0	0	0	0	0	0	0	0	0	0	40414625	
1001	1	G	12	N	2500	0	1	187	58	11	10	17	0	0	0	0	0	0	0	0	0	0	0	0	40414671	
1002	1	G	12	N	2500	0	1	250	74	17	12	19	0	0	0	0	0	0	0	0	0	0	0	0	40414734	
1003	1	G	12	N	2500	0	40	231	129	33	26	42	0	0	0	0	0	0	0	0	0	0	0	0	40415108	
1004	1	G	12	N	2500	0	40	213	127	33	27	39	0	0	0	0	0	0	0	0	0	0	0	0	40415467	
1005	1	G	12	N	2500	0	40	306	123	34	26	39	0	0	0	0	0	0	0	0	0	0	0	0	40415483	
1006	1	G	12	N	2500	0	40	381	143	35	25	40	0	0	0	0	0	0	0	0	0	0	0	0	40415529	
1007	1	G	12	N	2500	0	40	317	118	34	25	36	0	0	0	0	0	0	0	0	0	0	0	0	40415732	
1008	1	G	12	N	2500	0	1	191	84	19	15	29	0	0	0	0	0	0	0	0	0	0	0	0	40415841	
1009	1	G	12	N	2500	0	40	273	120	33	24	40	0	0	0	0	0	0	0	0	0	0	0	0	40415997	
1010	1	G	12	N	2500	0	40	300	87	22	17	31	0	0	0	0	0	0	0	0	0	0	0	0	40416341	
1011	1	G	12	N	2500	0	40	234	120	31	26	37	0	0	0	0	0	0	0	0	0	0	0	0	40416512	
1012	1	G	12	N	2500	0	40	215	137	36	31	46	0	0	0	0	0	0	0	0	0	0	0	0	40416715	
1013	1	G	12	N	2500	0	1	184	97	29	22	34	0	0	0	0	0	0	0	0	0	0	0	0	40416933	
1014	1	G	12	N	2500	0	1	261	82	17	15	21	0	0	0	0	0	0	0	0	0	0	0	0	40417698	
1015	1	G	12	N	2500	0	1	161	89	22	17	24	0	0	0	0	0	0	0	0	0	0	0	0	40417932	
1016	1	G	12	N	2500	0	40	459	197	50	42	53	0	0	0	0	0	0	0	0	0	0	0	0	40418244	
1017	1	G	12	N	2500	0	40	285	112	31	22	32	0	0	0	0	0	0	0	0	0	0	0	0	40418306	
1018	1	G	12	N	2500	0	40	299	98	22	18	28	0	0	0	0	0	0	0	0	0	0	0	0	40418384	
1019	1	G	12	N	2500	0	40	231	118	33	25	38	0	0	0	0	0	0	0	0	0	0	0	0	40418665	
1020	1	G	12	N	2500	0	40	314	118	31	23	29	0	0	0	0	0	0	0	0	0	0	0	0	40419289	
1021	1	H	1	N	2500	2	1	66	14	9	5	5	0	0	0	0	0	0	0	0	0	0	0	0	40436075	
1022	1	H	2	N	2500	6	40	199	146	37	31	44	0	0	0	0	0	0	0	0	0	0	0	0	40443937	
1023	1	H	2	N	2500	2	1	77	16	4	4	7	0	0	0	0	0	0	0	0	0	0	0	0	40444873	
1024	1	H	2	N	2500	6	40	322	130	36	30	44	0	0	0	0	0	0	0	0	0	0	0	0	40446355	
1025	1	H	2	N	2500	6	40	201	137	45	33	46	0	0	0	0	0	0	0	0	0	0	0	0	40446761	
1026	1	H	2	N	2500	0	1	191	45	8	6	11	0	0	0	0	0	0	0	0	0	0	0	0	40447681	
1027	1	H	2	N	2500	0	1	53	13	18	24	29	0	0	0	0	0	0	0	0	0	0	0	0	40448258	
1028	1	H	2	N	2500	0	40	229	133	35	29	43	0	0	0	0	0	0	0	0	0	0	0	0	40449241	
1029	1	H	3	N	2500	2	1	58	37	7	0	1	0	0	0	0	0	0	0	0	0	0	0	0	40457587	
1030	1	H	3	N	2500	2	1	66	14	6	0	0	0	0	0	0	0	0	0	0	0	0	0	0	40457618	
1031	1	H	4	N	2500	6	40	310	101	21	19	32	0	0	0	0	0	0	0	0	0	0	0	0	40473983	
1032	1	H	4	N	2500	6	40	232	113	28	24	33	0	0	0	0	0	0	0	0	0	0	0	0	40474435	
1033	1	H	4	N	2500	2	1	173	107	29	23	30	0	0	0	0	0	0	0	0	0	0	0	0	40474747	
1034	1	H	4	N	2500	6	40	388	155	39	31	50	0	0	0	0	0	0	0	0	0	0	0	0	40474825	
1035	1	H	4	N	2500	0	1	89	37	7	8	12	0	0	0	0	0	0	0	0	0	0	0	0	40474888	
1036	1	H	4	N	2500	0	1	272	86	21	17	28	0	0	0	0	0	0	0	0	0	0	0	0	40475215	
1037	1	H	4	N	2500	0	40	327	121	32	25	39	0	0	0	0	0	0	0	0	0	0	0	0	40475356	
1038	1	H	4	N	2500	0	40	434	165	42	33	49	0	0	0	0	0	0	0	0	0	0	0	0	40476416	
1039	1	H	4	N	2500	0	40	379	150	40	33	44	0	0	0	0	0	0	0	0	0	0	0	0	40477446	
1040	1	H	4	N	2500	0	1	250	74	19	15	26	0	0	0	0	0	0	0	0	0	0	0	0	40478491	
1041	1	H	4	N	2500	0	40	395	157	45	34	52	0	0	0	0	0	0	0	0	0	0	0	0	40478538	
1042	1	H	5	N	2500	6	40	287	135	38	33	44	0	0	0	0	0	0	0	0	0	0	0	0	40489349	
1043	1	H	5	N	2500	6	40	226	113	28	25	32	0	0	0	0	0	0	0	0	0	0	0	0	40490144	
1044	1	H	5	N	2500	6	40	209	110	29	22	35	0	0	0	0	0	0	0	0	0	0	0	0	40491252	
1045	1	H	5	N	2500	0	1	86	61	29	38	75	0	0	0	0	0	0	0	0	0	0	0	0	40493405	
1046	1	H	6	N	2500	2	1	73	20	11	0	0	0	0	0	0	0	0	0	0	0	0	0	0	40500347	
1047	1	H	6	N	2500	2	1	82	49	34	16	19	0	0	0	0	0	0	0	0	0	0	0	0	40500815	
1048	1	H	6	N	2500	6	40	278	117	31	29	43	0	0	0	0	0	0	0	0	0	0	0	0	40501049	
1049	1	H	6	N	2500	2	1	192	91	27	25	39	0	0	0	0	0	0	0	0	0	0	0	0	40501439	
1050	1	H	6	N	2500	8	40	339	124	33	28	45	0	0	0	0	0	0	0	0	0	0	0	0	40501454	
1051	1	H	6	N	2500	6	40	243	120	33	31	49	0	0	0	0	0	0	0	0	0	0	0	0	40501548	
1052	1	H	6	N	2500	2	1	93	27	13	3	3	0	0	0	0	0	0	0	0	0	0	0	0	40502094	
1053	1	H	6	N	2500	2	1	59	14	6	4	5	0	0	0	0	0	0	0	0	0	0	0	0	40502219	
1054	1	H	6	N	2500	2	1	94	26	15	4	3	0	0	0	0	0	0	0	0	0	0	0	0	40502624	
1055	1	H	6	N	2500	6	40	320	105	28	21	31	0	0	0	0	0	0	0	0	0	0	0	0	40502687	
1056	1	H	6	N	2500	0	1	165	90	27	22	31	0	0	0	0	0	0	0	0	0	0	0	0	40502827	
1057	1	H	6	N	2500	0	40	388	127	32	25	42	0	0	0	0	0	0	0	0	0	0	0	0	40502843	
1058	1	H	6	N	2500	0	40	243	165	51	39	59	0	0	0	0	0	0	0	0	0	0	0	0	40502858	
1059	1	H	6	N	2500	0	1	97	25	10	2	3	0	0	0	0	0	0	0	0	0	0	0	0	40503046	
1060	1	H	6	N	2500	0	1	165	102	26	25	40	0	0	0	0	0	0	0	0	0	0	0	0	40503077	
1061	1	H	6	N	2500	0	40	307	104	26	20	32	0	0	0	0	0	0	0	0	0	0	0	0	40503124	
1062	1	H	6	N	2500	0	40	226	122	29	27	40	0	0	0	0	0	0	0	0	0	0	0	0	40503217	
1063	1	H	6	N	2500	0	40	220	132	39	29	43	0	0	0	0	0	0	0	0	0	0	0	0	40503358	
1064	1	H	6	N	2500	0	1	100	22	12	7	10	0	0	0	0	0	0	0	0	0	0	0	0	40503358	
1065	1	H	6	N	2500	0	1	252	83	21	20	32	0	0	0	0	0	0	0	0	0	0	0	0	40503420	
1066	1	H	6	N	2500	0	1	52	11	6	1	2	0	0	0	0	0	0	0	0	0	0	0	0	40503560	
1067	1	H	6	N	2500	0	40	320	115	32	29	46	0	0	0	0	0	0	0	0	0	0	0	0	40503560	
1068	1	H	6	N	2500	0	40	306	105	31	22	33	0	0	0	0	0	0	0	0	0	0	0	0	40503560	
1069	1	H	6	N	2500	0	40	252	104	25	24	35	0	0	0	0	0	0	0	0	0	0	0	0	40503623	
1070	1	H	6	N	2500	0	40	321	134	31	27	41	0	0	0	0	0	0	0	0	0	0	0	0	40503670	
1071	1	H	6	N	2500	0	1	62	20	12	4	7	0	0	0	0	0	0	0	0	0	0	0	0	40503716	
1072	1	H	6	N	2500	0	1	52	9	1	1	1	0	0	0	0	0	0	0	0	0	0	0	0	40503763	
1073	1	H	6	N	2500	0	1	78	28	15	7	10	0	0	0	0	0	0	0	0	0	0	0	0	40503794	
1074	1	H	6	N	2500	0	1	82	28	16	8	11	0	0	0	0	0	0	0	0	0	0	0	0	40504044	
1075	1	H	6	N	2500	0	40	291	109	28	26	39	0	0	0	0	0	0	0	0	0	0	0	0	40504278	
1076	1	H	6	N	2500	0	40	325	117	34	26	43	0	0	0	0	0	0	0	0	0	0	0	0	40504340	
1077	1	H	6	N	2500	0	40	327	116	30	29	47	0	0	0	0	0	0	0	0	0	0	0	0	40504387	
1078	1	H	6	N	2500	0	40	304	107	25	23	33	0	0	0	0	0	0	0	0	0	0	0	0	40504543	
1079	1	H	6	N	2500	0	40	273	131	43	33	48	0	0	0	0	0	0	0	0	0	0	0	0	40504808	
1080	1	H	6	N	2500	0	1	56	20	12	8	11	0	0	0	0	0	0	0	0	0	0	0	0	40504871	
1081	1	H	6	N	2500	0	40	357	127	39	29	45	0	0	0	0	0	0	0	0	0	0	0	0	40504933	
1082	1	H	6	N	2500	0	40	174	116	30	27	41	0	0	0	0	0	0	0	0	0	0	0	0	40505120	
1083	1	H	6	N	2500	0	40	324	125	37	27	39	0	0	0	0	0	0	0	0	0	0	0	0	40505198	
1084	1	H	6	N	2500	0	40	291	124	36	29	43	0	0	0	0	0	0	0	0	0	0	0	0	40505370	
1085	1	H	6	N	2500	0	40	284	106	25	24	36	0	0	0	0	0	0	0	0	0	0	0	0	40505386	
1086	1	H	6	N	2500	0	40	307	115	28	26	35	0	0	0	0	0	0	0	0	0	0	0	0	40505464	
1087	1	H	6	N	2500	0	40	333	124	37	28	48	0	0	0	0	0	0	0	0	0	0	0	0	40505604	
1088	1	H	6	N	2500	0	40	259	110	29	27	45	0	0	0	0	0	0	0	0	0	0	0	0	40505666	
1089	1	H	6	N	2500	0	1	207	99	28	27	39	0	0	0	0	0	0	0	0	0	0	0	0	40505807	
1090	1	H	6	N	2500	0	40	318	107	29	25	41	0	0	0	0	0	0	0	0	0	0	0	0	40505916	
1091	1	H	6	N	2500	0	1	220	102	23	23	34	0	0	0	0	0	0	0	0	0	0	0	0	40505963	
1092	1	H	6	N	2500	0	1	208	65	14	14	24	0	0	0	0	0	0	0	0	0	0	0	0	40506041	
1093	1	H	6	N	2500	0	40	278	119	31	29	46	0	0	0	0	0	0	0	0	0	0	0	0	40506119	
1094	1	H	6	N	2500	0	1	93	20	4	3	4	0	0	0	0	0	0	0	0	0	0	0	0	40506197	
1095	1	H	8	N	2500	2	1	121	45	28	4	7	0	0	0	0	0	0	0	0	0	0	0	0	40529597	
1096	1	H	8	N	2500	2	1	268	86	21	17	26	0	0	0	0	0	0	0	0	0	0	0	0	40530517	
1097	1	H	8	N	2500	2	1	96	41	26	12	15	0	0	0	0	0	0	0	0	0	0	0	0	40530517	
1098	1	H	8	N	2500	6	40	188	117	37	25	33	0	0	0	0	0	0	0	0	0	0	0	0	40530829	
1099	1	H	8	N	2500	2	1	83	21	11	5	9	0	0	0	0	0	0	0	0	0	0	0	0	40530970	
1100	1	H	8	N	2500	2	1	145	32	5	4	10	0	0	0	0	0	0	0	0	0	0	0	0	40531890	
1101	1	H	8	N	2500	2	1	74	15	2	2	4	0	0	0	0	0	0	0	0	0	0	0	0	40532124	
1102	1	H	8	N	2500	2	1	214	91	22	18	24	0	0	0	0	0	0	0	0	0	0	0	0	40532124	
1103	1	H	8	N	2500	6	40	323	117	28	20	28	0	0	0	0	0	0	0	0	0	0	0	0	40532327	
1104	1	H	8	N	2500	6	40	278	171	46	34	48	0	0	0	0	0	0	0	0	0	0	0	0	40532342	
1105	1	H	8	N	2500	0	40	405	149	40	33	45	0	0	0	0	0	0	0	0	0	0	0	0	40532405	
1106	1	H	8	N	2500	0	1	128	24	4	3	7	0	0	0	0	0	0	0	0	0	0	0	0	40532748	
1107	1	H	8	N	2500	0	40	223	145	46	33	47	0	0	0	0	0	0	0	0	0	0	0	0	40532873	
1108	1	H	8	N	2500	0	40	325	152	40	34	49	0	0	0	0	0	0	0	0	0	0	0	0	40532873	
1109	1	H	8	N	2500	0	40	219	133	41	29	43	0	0	0	0	0	0	0	0	0	0	0	0	40533325	
1110	1	H	8	N	2500	0	1	204	92	29	23	29	0	0	0	0	0	0	0	0	0	0	0	0	40533419	
1111	1	H	8	N	2500	0	40	254	134	32	26	37	0	0	0	0	0	0	0	0	0	0	0	0	40533778	
1112	1	H	8	N	2500	0	40	246	127	42	30	41	0	0	0	0	0	0	0	0	0	0	0	0	40533965	
1113	1	H	8	N	2500	0	40	315	117	29	21	31	0	0	0	0	0	0	0	0	0	0	0	0	40533996	
1114	1	H	8	N	2500	0	1	109	37	8	7	12	0	0	0	0	0	0	0	0	0	0	0	0	40534308	
1115	1	H	8	N	2500	0	40	326	155	40	31	44	0	0	0	0	0	0	0	0	0	0	0	0	40534495	
1116	1	H	8	N	2500	0	40	382	140	38	28	38	0	0	0	0	0	0	0	0	0	0	0	0	40534854	
1117	1	H	8	N	2500	0	2	147	130	46	38	49	0	0	0	0	0	0	0	0	0	0	0	0	40535353	
1118	1	H	8	N	2500	0	40	343	139	38	27	43	0	0	0	0	0	0	0	0	0	0	0	0	40535790	
1119	1	H	8	N	2500	0	1	164	96	25	17	23	0	0	0	0	0	0	0	0	0	0	0	0	40535962	
1120	1	H	9	N	2500	6	40	189	134	41	29	38	0	0	0	0	0	0	0	0	0	0	0	0	40546398	
1121	1	H	10	N	2500	6	40	331	90	19	16	27	0	0	0	0	0	0	0	0	0	0	0	0	40558301	
1122	1	H	10	N	2500	6	40	296	97	23	18	27	0	0	0	0	0	0	0	0	0	0	0	0	40558488	
1123	1	H	10	N	2500	2	1	67	15	11	5	7	0	0	0	0	0	0	0	0	0	0	0	0	40558582	
1124	1	H	10	N	2500	2	1	55	10	6	1	1	0	0	0	0	0	0	0	0	0	0	0	0	40558691	
1125	1	H	10	N	2500	8	40	390	138	29	24	40	0	0	0	0	0	0	0	0	0	0	0	0	40558707	
1126	1	H	10	N	2500	2	1	50	9	4	3	5	0	0	0	0	0	0	0	0	0	0	0	0	40558785	
1127	1	H	10	N	2500	6	40	195	128	38	26	40	0	0	0	0	0	0	0	0	0	0	0	0	40558816	
1128	1	H	10	N	2500	0	1	168	60	15	12	20	0	0	0	0	0	0	0	0	0	0	0	0	40559440	
1129	1	H	10	N	2500	0	1	50	13	9	4	5	0	0	0	0	0	0	0	0	0	0	0	0	40559596	
1130	1	H	10	N	2500	0	1	54	16	8	2	3	0	0	0	0	0	0	0	0	0	0	0	0	40559596	
1131	1	H	10	N	2500	0	40	386	126	31	24	31	0	0	0	0	0	0	0	0	0	0	0	0	40559767	
1132	1	H	10	N	2500	0	1	114	79	22	16	22	0	0	0	0	0	0	0	0	0	0	0	0	40559861	
1133	1	H	10	N	2500	0	1	192	89	22	19	28	0	0	0	0	0	0	0	0	0	0	0	0	40560157	
1134	1	H	10	N	2500	0	40	264	113	27	23	35	0	0	0	0	0	0	0	0	0	0	0	0	40560204	
1135	1	H	10	N	2500	0	1	221	60	16	14	26	0	0	0	0	0	0	0	0	0	0	0	0	40560563	
1136	1	H	10	N	2500	0	40	316	106	27	20	29	0	0	0	0	0	0	0	0	0	0	0	0	40560875	
1137	1	H	10	N	2500	0	1	97	42	11	9	14	0	0	0	0	0	0	0	0	0	0	0	0	40560906	
1138	1	H	10	N	2500	0	1	78	14	3	4	7	0	0	0	0	0	0	0	0	0	0	0	0	40561062	
1139	1	H	10	N	2500	0	1	252	73	16	11	19	0	0	0	0	0	0	0	0	0	0	0	0	40561078	
1140	1	H	10	N	2500	0	1	165	49	10	10	14	0	0	0	0	0	0	0	0	0	0	0	0	40561281	
1141	1	H	10	N	2500	0	40	285	95	19	18	23	0	0	0	0	0	0	0	0	0	0	0	0	40561561	
1142	1	H	10	N	2500	0	40	227	104	27	19	30	0	0	0	0	0	0	0	0	0	0	0	0	40561655	
1143	1	H	10	N	2500	0	1	102	26	7	10	19	0	0	0	0	0	0	0	0	0	0	0	0	40561686	
1144	1	H	10	N	2500	0	40	324	121	30	24	34	0	0	0	0	0	0	0	0	0	0	0	0	40561873	
1145	1	H	10	N	2500	0	1	254	65	15	12	21	0	0	0	0	0	0	0	0	0	0	0	0	40562170	
1146	1	H	10	N	2500	0	40	352	137	36	29	38	0	0	0	0	0	0	0	0	0	0	0	0	40562201	
1147	1	H	10	N	2500	0	40	276	88	20	17	24	0	0	0	0	0	0	0	0	0	0	0	0	40562263	
1148	1	H	10	N	2500	0	1	186	106	33	24	35	0	0	0	0	0	0	0	0	0	0	0	0	40562388	
1149	1	H	10	N	2500	0	40	410	148	32	28	37	0	0	0	0	0	0	0	0	0	0	0	0	40562575	
1150	1	H	10	N	2500	0	1	167	107	31	23	34	0	0	0	0	0	0	0	0	0	0	0	0	40562622	
1151	1	H	10	N	2500	0	40	334	118	28	25	35	0	0	0	0	0	0	0	0	0	0	0	0	40562653	
1152	1	H	10	N	2500	0	1	117	22	4	3	6	0	0	0	0	0	0	0	0	0	0	0	0	40562794	
1153	1	H	10	N	2500	0	1	103	44	9	8	9	0	0	0	0	0	0	0	0	0	0	0	0	40562794	
1154	1	H	10	N	2500	0	40	226	132	38	31	45	0	0	0	0	0	0	0	0	0	0	0	0	40562809	
1155	1	H	10	N	2500	0	1	219	69	15	12	18	0	0	0	0	0	0	0	0	0	0	0	0	40562841	
1156	1	H	10	N	2500	0	1	177	81	18	15	25	0	0	0	0	0	0	0	0	0	0	0	0	40562856	
1157	1	H	10	N	2500	0	1	197	103	24	21	29	0	0	0	0	0	0	0	0	0	0	0	0	40563168	
1158	1	H	10	N	2500	0	40	318	135	35	27	38	0	0	0	0	0	0	0	0	0	0	0	0	40563293	
1159	1	H	10	N	2500	0	40	349	146	38	29	40	0	0	0	0	0	0	0	0	0	0	0	0	40563309	
1160	1	H	10	N	2500	0	40	321	124	30	24	34	0	0	0	0	0	0	0	0	0	0	0	0	40563480	
1161	1	H	10	N	2500	0	40	304	97	23	19	21	0	0	0	0	0	0	0	0	0	0	0	0	40563667	
1162	1	H	10	N	2500	0	40	392	133	30	23	36	0	0	0	0	0	0	0	0	0	0	0	0	40563948	
1163	1	H	10	N	2500	0	1	188	62	12	11	18	0	0	0	0	0	0	0	0	0	0	0	0	40564042	
1164	1	H	10	N	2500	0	40	192	120	32	29	39	0	0	0	0	0	0	0	0	0	0	0	0	40564291	
1165	1	H	10	N	2500	0	40	306	101	27	20	31	0	0	0	0	0	0	0	0	0	0	0	0	40564837	
1166	1	H	10	N	2500	0	40	382	145	34	29	41	0	0	0	0	0	0	0	0	0	0	0	0	40564837	
1167	1	H	11	N	2500	2	1	98	22	6	9	20	0	0	0	0	0	0	0	0	0	0	0	0	40573542	
1168	1	H	11	N	2500	2	1	51	11	6	2	2	0	0	0	0	0	0	0	0	0	0	0	0	40577754	
1169	1	H	12	N	2500	6	40	323	120	33	26	33	0	0	0	0	0	0	0	0	0	0	0	0	40586833	
1170	1	H	12	N	2500	2	1	232	88	22	21	29	0	0	0	0	0	0	0	0	0	0	0	0	40586911	
1171	1	H	12	N	2500	2	1	217	99	33	24	31	0	0	0	0	0	0	0	0	0	0	0	0	40587052	
1172	1	H	12	N	2500	6	40	333	138	37	28	44	0	0	0	0	0	0	0	0	0	0	0	0	40587223	
1173	1	H	12	N	2500	2	1	139	77	17	16	23	0	0	0	0	0	0	0	0	0	0	0	0	40587988	
1174	1	H	12	N	2500	6	40	357	134	35	26	38	0	0	0	0	0	0	0	0	0	0	0	0	40588191	
1175	1	H	12	N	2500	0	1	155	92	25	19	27	0	0	0	0	0	0	0	0	0	0	0	0	40588737	
1176	1	H	12	N	2500	0	40	342	123	36	28	41	0	0	0	0	0	0	0	0	0	0	0	0	40588877	
1177	1	H	12	N	2500	0	1	174	110	28	26	38	0	0	0	0	0	0	0	0	0	0	0	0	40588955	
1178	1	H	12	N	2500	0	1	156	113	32	26	41	0	0	0	0	0	0	0	0	0	0	0	0	40589111	
1179	1	H	12	N	2500	0	40	308	107	26	23	38	0	0	0	0	0	0	0	0	0	0	0	0	40589329	
1180	1	H	12	N	2500	0	1	259	79	19	16	25	0	0	0	0	0	0	0	0	0	0	0	0	40589423	
1181	1	H	12	N	2500	0	40	340	138	35	30	42	0	0	0	0	0	0	0	0	0	0	0	0	40589548	
1182	1	H	12	N	2500	0	40	337	144	35	31	45	0	0	0	0	0	0	0	0	0	0	0	0	40589563	
1183	1	H	12	N	2500	0	1	230	82	18	16	27	0	0	0	0	0	0	0	0	0	0	0	0	40590203	
1184	1	H	12	N	2500	0	40	322	101	26	19	31	0	0	0	0	0	0	0	0	0	0	0	0	40590328	
1185	1	H	12	N	2500	0	1	208	94	22	21	33	0	0	0	0	0	0	0	0	0	0	0	0	40590484	
1186	1	H	12	N	2500	0	40	404	134	32	26	45	0	0	0	0	0	0	0	0	0	0	0	0	40590499	
1187	1	H	12	N	2500	0	40	205	110	34	24	35	0	0	0	0	0	0	0	0	0	0	0	0	40590531	
1188	1	H	12	N	2500	0	40	365	130	30	26	35	0	0	0	0	0	0	0	0	0	0	0	0	40590655	
1189	1	H	12	N	2500	0	1	52	10	2	1	4	0	0	0	0	0	0	0	0	0	0	0	0	40590843	
1190	1	H	12	N	2500	0	1	132	81	24	20	31	0	0	0	0	0	0	0	0	0	0	0	0	40590843	
1191	1	H	12	N	2500	0	40	289	103	32	23	34	0	0	0	0	0	0	0	0	0	0	0	0	40591108	
1192	1	H	12	N	2500	0	40	353	127	35	26	42	0	0	0	0	0	0	0	0	0	0	0	0	40591139	
1193	1	H	12	N	2500	0	40	322	139	38	32	44	0	0	0	0	0	0	0	0	0	0	0	0	40591311	
1194	1	H	12	N	2500	0	40	372	144	39	31	50	0	0	0	0	0	0	0	0	0	0	0	0	40591420	
1195	1	H	12	N	2500	0	1	186	80	18	18	29	0	0	0	0	0	0	0	0	0	0	0	0	40591607	
1196	1	H	12	N	2500	0	1	270	80	19	15	27	0	0	0	0	0	0	0	0	0	0	0	0	40591607	
1197	1	H	12	N	2500	0	40	332	133	36	31	51	0	0	0	0	0	0	0	0	0	0	0	0	40591747	
1198	1	H	12	N	2500	0	40	310	112	24	24	36	0	0	0	0	0	0	0	0	0	0	0	0	40591810	
1199	1	H	12	N	2500	0	40	414	151	40	29	43	0	0	0	0	0	0	0	0	0	0	0	0	40591888	
1200	1	H	12	N	2500	0	1	246	90	29	23	33	0	0	0	0	0	0	0	0	0	0	0	0	40591888	
1201	1	H	12	N	2500	0	1	62	23	5	6	10	0	0	0	0	0	0	0	0	0	0	0	0	40591888	
1202	1	H	12	N	2500	0	1	153	96	23	18	25	0	0	0	0	0	0	0	0	0	0	0	0	40591919	
1203	1	H	12	N	2500	0	40	414	168	42	34	53	0	0	0	0	0	0	0	0	0	0	0	0	40592013	
1204	1	H	12	N	2500	0	40	233	115	28	24	38	0	0	0	0	0	0	0	0	0	0	0	0	40592013	
1205	1	H	12	N	2500	0	1	52	13	1	1	1	0	0	0	0	0	0	0	0	0	0	0	0	40592028	
1206	1	H	12	N	2500	0	40	268	101	24	20	33	0	0	0	0	0	0	0	0	0	0	0	0	40592075	
1207	1	H	12	N	2500	0	40	430	150	36	28	41	0	0	0	0	0	0	0	0	0	0	0	0	40592169	
1208	1	H	12	N	2500	0	40	407	148	35	28	41	0	0	0	0	0	0	0	0	0	0	0	0	40592169	
1209	1	H	12	N	2500	0	40	301	106	24	21	34	0	0	0	0	0	0	0	0	0	0	0	0	40592169	
1210	1	H	12	N	2500	0	40	236	98	26	24	35	0	0	0	0	0	0	0	0	0	0	0	0	40592200	
1211	1	H	12	N	2500	0	40	338	128	33	26	39	0	0	0	0	0	0	0	0	0	0	0	0	40592309	
1212	1	H	12	N	2500	0	1	223	90	24	22	31	0	0	0	0	0	0	0	0	0	0	0	0	40592481	
1213	1	H	12	N	2500	0	40	318	118	30	25	36	0	0	0	0	0	0	0	0	0	0	0	0	40592730	
1214	1	H	12	N	2500	0	1	157	86	28	24	39	0	0	0	0	0	0	0	0	0	0	0	0	40593276	
1215	1	H	12	N	2500	0	1	51	14	2	3	6	0	0	0	0	0	0	0	0	0	0	0	0	40593307	
1216	1	H	12	N	2500	0	40	324	121	36	27	36	0	0	0	0	0	0	0	0	0	0	0	0	40593339	


Threshold source: EXT,  value 50
Min TOF = 50
EXT signal gain 1.6
Green signal gain 3.0
Yellow signal gain 3.0
Red signal gain 3.0
Green PMT voltage 700
Yellow PMT voltage 700
Red PMT voltage 900
Signal multipliers: 1.0,1.0,1.0,1.0
C:\Users\unionbio\Desktop\COPAS Templates\USE for L4 dispense4.csv