Id	Plate	Row	Column	Clog	Scan rate	Status sort	Status sel	TOF	EXT	Green	Yellow	Red	PH Ext	PW Ext	PC Ext	PH Green	PW Green	PCGreen	PH Yellow	PW Yellow	PCYellow	PH Red	PW Red	PCRed	Time Stamp	
0	1	A	1	N	2500	2	1	427	124	28	21	34	0	0	0	0	0	0	0	0	0	0	0	0	5354031	
1	1	A	2	N	2500	6	40	209	126	35	28	44	0	0	0	0	0	0	0	0	0	0	0	0	5367323	
2	1	A	2	N	2500	6	40	323	111	26	19	28	0	0	0	0	0	0	0	0	0	0	0	0	5368103	
3	1	A	2	N	2500	2	1	155	55	10	7	12	0	0	0	0	0	0	0	0	0	0	0	0	5368415	
4	1	A	2	N	2500	6	40	276	94	25	17	26	0	0	0	0	0	0	0	0	0	0	0	0	5369600	
5	1	A	2	N	2500	0	1	232	79	19	15	27	0	0	0	0	0	0	0	0	0	0	0	0	5370037	
6	1	A	2	N	2500	0	40	247	117	30	24	38	0	0	0	0	0	0	0	0	0	0	0	0	5370536	
7	1	A	2	N	2500	0	40	177	120	37	29	44	0	0	0	0	0	0	0	0	0	0	0	0	5370630	
8	1	A	2	N	2500	0	1	151	110	29	24	37	0	0	0	0	0	0	0	0	0	0	0	0	5370661	
9	1	A	2	N	2500	0	40	237	120	28	20	32	0	0	0	0	0	0	0	0	0	0	0	0	5370926	
10	1	A	2	N	2500	0	40	297	98	26	16	30	0	0	0	0	0	0	0	0	0	0	0	0	5371020	
11	1	A	2	N	2500	0	1	192	75	12	10	17	0	0	0	0	0	0	0	0	0	0	0	0	5371332	
12	1	A	2	N	2500	0	40	266	116	32	22	37	0	0	0	0	0	0	0	0	0	0	0	0	5372205	
13	1	A	2	N	2500	0	40	405	157	40	27	42	0	0	0	0	0	0	0	0	0	0	0	0	5372642	
14	1	A	2	N	2500	0	1	285	79	18	11	22	0	0	0	0	0	0	0	0	0	0	0	0	5373032	
15	1	A	2	N	2500	0	40	288	132	42	30	49	0	0	0	0	0	0	0	0	0	0	0	0	5373500	
16	1	A	2	N	2500	0	1	215	98	29	21	33	0	0	0	0	0	0	0	0	0	0	0	0	5373594	
17	1	A	4	N	2500	6	40	315	131	32	25	41	0	0	0	0	0	0	0	0	0	0	0	0	5396198	
18	1	A	4	N	2500	6	40	364	155	36	30	48	0	0	0	0	0	0	0	0	0	0	0	0	5396401	
19	1	A	4	N	2500	6	40	248	102	28	23	41	0	0	0	0	0	0	0	0	0	0	0	0	5396838	
20	1	A	4	N	2500	0	1	193	108	22	20	31	0	0	0	0	0	0	0	0	0	0	0	0	5397228	
21	1	A	4	N	2500	0	1	59	20	14	9	11	0	0	0	0	0	0	0	0	0	0	0	0	5397259	
22	1	A	4	N	2500	0	40	406	164	40	32	50	0	0	0	0	0	0	0	0	0	0	0	0	5397758	
23	1	A	4	N	2500	0	2	148	136	45	33	49	0	0	0	0	0	0	0	0	0	0	0	0	5398304	
24	1	A	4	N	2500	0	40	197	113	29	23	35	0	0	0	0	0	0	0	0	0	0	0	0	5398445	
25	1	A	4	N	2500	0	40	216	139	33	25	41	0	0	0	0	0	0	0	0	0	0	0	0	5398819	
26	1	A	4	N	2500	0	1	273	82	16	14	24	0	0	0	0	0	0	0	0	0	0	0	0	5399521	
27	1	A	4	N	2500	0	40	343	181	48	37	59	0	0	0	0	0	0	0	0	0	0	0	0	5400332	
28	1	A	4	N	2500	0	40	287	120	33	26	44	0	0	0	0	0	0	0	0	0	0	0	0	5400473	
29	1	A	4	N	2500	0	40	374	175	42	34	51	0	0	0	0	0	0	0	0	0	0	0	0	5401206	
30	1	A	4	N	2500	0	40	283	126	32	25	37	0	0	0	0	0	0	0	0	0	0	0	0	5401393	
31	1	A	5	N	2500	6	40	200	129	33	28	41	0	0	0	0	0	0	0	0	0	0	0	0	5410472	
32	1	A	5	N	2500	6	40	395	161	39	30	50	0	0	0	0	0	0	0	0	0	0	0	0	5416899	
33	1	A	6	N	2500	6	40	314	112	24	21	37	0	0	0	0	0	0	0	0	0	0	0	0	5424606	
34	1	A	6	N	2500	6	40	217	113	29	25	43	0	0	0	0	0	0	0	0	0	0	0	0	5424653	
35	1	A	6	N	2500	2	1	112	51	8	8	12	0	0	0	0	0	0	0	0	0	0	0	0	5424668	
36	1	A	6	N	2500	6	40	294	135	40	32	53	0	0	0	0	0	0	0	0	0	0	0	0	5424855	
37	1	A	6	N	2500	0	1	256	83	16	14	24	0	0	0	0	0	0	0	0	0	0	0	0	5425355	
38	1	A	6	N	2500	0	40	287	101	26	20	31	0	0	0	0	0	0	0	0	0	0	0	0	5425589	
39	1	A	6	N	2500	0	40	274	124	34	29	48	0	0	0	0	0	0	0	0	0	0	0	0	5425745	
40	1	A	6	N	2500	0	1	118	60	14	14	25	0	0	0	0	0	0	0	0	0	0	0	0	5426103	
41	1	A	6	N	2500	0	40	323	131	32	29	45	0	0	0	0	0	0	0	0	0	0	0	0	5426462	
42	1	A	6	N	2500	0	40	397	132	33	27	40	0	0	0	0	0	0	0	0	0	0	0	0	5427164	
43	1	A	6	N	2500	0	40	219	108	28	23	39	0	0	0	0	0	0	0	0	0	0	0	0	5427554	
44	1	A	6	N	2500	0	40	369	154	38	33	50	0	0	0	0	0	0	0	0	0	0	0	0	5427741	
45	1	A	6	N	2500	0	40	324	109	29	21	34	0	0	0	0	0	0	0	0	0	0	0	0	5427804	
46	1	A	6	N	2500	0	40	358	139	36	28	50	0	0	0	0	0	0	0	0	0	0	0	0	5427960	
47	1	A	6	N	2500	0	1	66	33	18	24	62	0	0	0	0	0	0	0	0	0	0	0	0	5427960	
48	1	A	6	N	2500	0	40	185	118	35	27	43	0	0	0	0	0	0	0	0	0	0	0	0	5428365	
49	1	A	6	N	2500	0	40	277	95	22	17	25	0	0	0	0	0	0	0	0	0	0	0	0	5428787	
50	1	A	6	N	2500	0	40	347	138	30	26	46	0	0	0	0	0	0	0	0	0	0	0	0	5428943	
51	1	A	6	N	2500	0	40	282	112	34	26	41	0	0	0	0	0	0	0	0	0	0	0	0	5429145	
52	1	A	6	N	2500	0	40	278	102	30	24	37	0	0	0	0	0	0	0	0	0	0	0	0	5429504	
53	1	A	6	N	2500	0	1	170	114	29	23	37	0	0	0	0	0	0	0	0	0	0	0	0	5429520	
54	1	A	6	N	2500	0	40	412	154	40	32	52	0	0	0	0	0	0	0	0	0	0	0	0	5429629	
55	1	A	6	N	2500	0	40	271	134	32	27	44	0	0	0	0	0	0	0	0	0	0	0	0	5429645	
56	1	A	6	N	2500	0	1	171	79	17	15	24	0	0	0	0	0	0	0	0	0	0	0	0	5429676	
57	1	A	6	N	2500	0	40	243	118	27	24	41	0	0	0	0	0	0	0	0	0	0	0	0	5429863	
58	1	A	6	N	2500	0	40	316	112	31	23	41	0	0	0	0	0	0	0	0	0	0	0	0	5430003	
59	1	A	6	N	2500	0	40	187	127	36	29	43	0	0	0	0	0	0	0	0	0	0	0	0	5430081	
60	1	A	6	N	2500	0	40	232	129	29	25	44	0	0	0	0	0	0	0	0	0	0	0	0	5430159	
61	1	A	6	N	2500	0	40	207	147	35	29	48	0	0	0	0	0	0	0	0	0	0	0	0	5430269	
62	1	A	6	N	2500	0	40	225	126	31	27	49	0	0	0	0	0	0	0	0	0	0	0	0	5430378	
63	1	A	6	N	2500	0	40	285	91	20	17	27	0	0	0	0	0	0	0	0	0	0	0	0	5430549	
64	1	A	6	N	2500	0	40	313	109	29	22	35	0	0	0	0	0	0	0	0	0	0	0	0	5430705	
65	1	A	6	N	2500	0	1	158	79	16	15	21	0	0	0	0	0	0	0	0	0	0	0	0	5430815	
66	1	A	6	N	2500	0	40	233	122	34	26	42	0	0	0	0	0	0	0	0	0	0	0	0	5431017	
67	1	A	6	N	2500	0	40	244	106	30	23	36	0	0	0	0	0	0	0	0	0	0	0	0	5431298	
68	1	A	6	N	2500	0	40	365	124	34	25	40	0	0	0	0	0	0	0	0	0	0	0	0	5431314	
69	1	A	6	N	2500	0	1	140	71	14	12	23	0	0	0	0	0	0	0	0	0	0	0	0	5431844	
70	1	A	7	N	2500	6	40	231	107	26	21	33	0	0	0	0	0	0	0	0	0	0	0	0	5444652	
71	1	A	7	N	2500	2	1	127	54	10	10	15	0	0	0	0	0	0	0	0	0	0	0	0	5444901	
72	1	A	8	N	2500	2	1	131	70	15	13	20	0	0	0	0	0	0	0	0	0	0	0	0	5454105	
73	1	A	8	N	2500	6	40	427	151	34	29	51	0	0	0	0	0	0	0	0	0	0	0	0	5454215	
74	1	A	8	N	2500	2	1	227	86	23	22	37	0	0	0	0	0	0	0	0	0	0	0	0	5454839	
75	1	A	8	N	2500	6	40	310	97	22	16	27	0	0	0	0	0	0	0	0	0	0	0	0	5455603	
76	1	A	8	N	2500	2	1	53	14	6	5	5	0	0	0	0	0	0	0	0	0	0	0	0	5456601	
77	1	A	8	N	2500	6	40	289	94	23	16	21	0	0	0	0	0	0	0	0	0	0	0	0	5456757	
78	1	A	8	N	2500	0	40	284	104	26	19	33	0	0	0	0	0	0	0	0	0	0	0	0	5456851	
79	1	A	8	N	2500	0	1	172	99	21	19	29	0	0	0	0	0	0	0	0	0	0	0	0	5457054	
80	1	A	8	N	2500	0	40	323	120	32	25	42	0	0	0	0	0	0	0	0	0	0	0	0	5457069	
81	1	A	8	N	2500	0	40	307	102	21	18	31	0	0	0	0	0	0	0	0	0	0	0	0	5457381	
82	1	A	8	N	2500	0	1	274	71	13	11	19	0	0	0	0	0	0	0	0	0	0	0	0	5457803	
83	1	A	8	N	2500	0	1	241	63	11	10	16	0	0	0	0	0	0	0	0	0	0	0	0	5458130	
84	1	A	8	N	2500	0	1	205	79	26	22	35	0	0	0	0	0	0	0	0	0	0	0	0	5458723	
85	1	A	8	N	2500	0	40	286	110	24	21	35	0	0	0	0	0	0	0	0	0	0	0	0	5459612	
86	1	A	8	N	2500	0	1	272	81	19	14	23	0	0	0	0	0	0	0	0	0	0	0	0	5459784	
87	1	A	8	N	2500	0	40	311	128	35	27	42	0	0	0	0	0	0	0	0	0	0	0	0	5459955	
88	1	A	8	N	2500	0	1	274	85	16	13	22	0	0	0	0	0	0	0	0	0	0	0	0	5460049	
89	1	A	8	N	2500	0	40	218	108	23	19	31	0	0	0	0	0	0	0	0	0	0	0	0	5460174	
90	1	A	9	N	2500	6	40	288	94	25	18	29	0	0	0	0	0	0	0	0	0	0	0	0	5474370	
91	1	A	10	N	2500	2	1	198	104	26	22	34	0	0	0	0	0	0	0	0	0	0	0	0	5482139	
92	1	A	10	N	2500	6	40	429	137	35	25	42	0	0	0	0	0	0	0	0	0	0	0	0	5482295	
93	1	A	10	N	2500	6	40	350	133	38	25	42	0	0	0	0	0	0	0	0	0	0	0	0	5483309	
94	1	A	10	N	2500	2	1	59	49	14	0	1	0	0	0	0	0	0	0	0	0	0	0	0	5483480	
95	1	A	10	N	2500	6	40	347	129	33	28	42	0	0	0	0	0	0	0	0	0	0	0	0	5483496	
96	1	A	10	N	2500	0	1	165	111	28	22	37	0	0	0	0	0	0	0	0	0	0	0	0	5483574	
97	1	A	10	N	2500	0	40	335	127	32	22	38	0	0	0	0	0	0	0	0	0	0	0	0	5483948	
98	1	A	10	N	2500	0	40	222	139	38	30	45	0	0	0	0	0	0	0	0	0	0	0	0	5484011	
99	1	A	10	N	2500	0	40	403	161	38	30	47	0	0	0	0	0	0	0	0	0	0	0	0	5484214	
100	1	A	10	N	2500	0	40	282	125	30	25	40	0	0	0	0	0	0	0	0	0	0	0	0	5484853	
101	1	A	10	N	2500	0	1	147	55	26	16	30	0	0	0	0	0	0	0	0	0	0	0	0	5484884	
102	1	A	10	N	2500	0	1	155	44	11	10	15	0	0	0	0	0	0	0	0	0	0	0	0	5485150	
103	1	A	10	N	2500	0	1	197	98	24	20	33	0	0	0	0	0	0	0	0	0	0	0	0	5485150	
104	1	A	10	N	2500	0	40	328	125	30	24	40	0	0	0	0	0	0	0	0	0	0	0	0	5485290	
105	1	A	10	N	2500	0	40	360	131	31	26	43	0	0	0	0	0	0	0	0	0	0	0	0	5485306	
106	1	A	10	N	2500	0	40	303	123	31	24	34	0	0	0	0	0	0	0	0	0	0	0	0	5485399	
107	1	A	10	N	2500	0	40	300	163	38	33	50	0	0	0	0	0	0	0	0	0	0	0	0	5485727	
108	1	A	10	N	2500	0	1	207	82	16	14	21	0	0	0	0	0	0	0	0	0	0	0	0	5485742	
109	1	A	10	N	2500	0	1	109	56	15	13	25	0	0	0	0	0	0	0	0	0	0	0	0	5485758	
110	1	A	10	N	2500	0	1	188	84	21	18	27	0	0	0	0	0	0	0	0	0	0	0	0	5485758	
111	1	A	10	N	2500	0	1	157	70	18	14	25	0	0	0	0	0	0	0	0	0	0	0	0	5485836	
112	1	A	10	N	2500	0	1	56	42	11	11	18	0	0	0	0	0	0	0	0	0	0	0	0	5485836	
113	1	A	10	N	2500	0	40	232	118	31	27	44	0	0	0	0	0	0	0	0	0	0	0	0	5485930	
114	1	A	10	N	2500	0	1	192	89	19	14	23	0	0	0	0	0	0	0	0	0	0	0	0	5485930	
115	1	A	10	N	2500	0	40	220	144	35	30	44	0	0	0	0	0	0	0	0	0	0	0	0	5486179	
116	1	A	10	N	2500	0	40	310	112	27	23	38	0	0	0	0	0	0	0	0	0	0	0	0	5486210	
117	1	A	10	N	2500	0	40	321	107	24	19	25	0	0	0	0	0	0	0	0	0	0	0	0	5486366	
118	1	A	10	N	2500	0	40	448	180	47	36	57	0	0	0	0	0	0	0	0	0	0	0	0	5486491	
119	1	A	10	N	2500	0	40	443	169	40	32	50	0	0	0	0	0	0	0	0	0	0	0	0	5486632	
120	1	A	10	N	2500	0	40	199	125	36	26	41	0	0	0	0	0	0	0	0	0	0	0	0	5486647	
121	1	A	10	N	2500	0	40	306	127	32	26	42	0	0	0	0	0	0	0	0	0	0	0	0	5486678	
122	1	A	10	N	2500	0	40	255	101	23	19	28	0	0	0	0	0	0	0	0	0	0	0	0	5486741	
123	1	A	10	N	2500	0	1	197	97	24	17	29	0	0	0	0	0	0	0	0	0	0	0	0	5486788	
124	1	A	10	N	2500	0	1	77	15	2	2	6	0	0	0	0	0	0	0	0	0	0	0	0	5486944	
125	1	A	10	N	2500	0	40	237	125	35	25	43	0	0	0	0	0	0	0	0	0	0	0	0	5486959	
126	1	A	10	N	2500	0	40	323	132	32	28	42	0	0	0	0	0	0	0	0	0	0	0	0	5487115	
127	1	A	10	N	2500	0	40	234	153	43	33	55	0	0	0	0	0	0	0	0	0	0	0	0	5487193	
128	1	A	10	N	2500	0	40	287	128	34	31	51	0	0	0	0	0	0	0	0	0	0	0	0	5487349	
129	1	A	10	N	2500	0	40	364	118	27	21	34	0	0	0	0	0	0	0	0	0	0	0	0	5487490	
130	1	A	10	N	2500	0	1	53	18	3	3	8	0	0	0	0	0	0	0	0	0	0	0	0	5487848	
131	1	A	10	N	2500	0	40	306	137	34	25	44	0	0	0	0	0	0	0	0	0	0	0	0	5488316	
132	1	A	10	N	2500	0	40	394	160	37	33	48	0	0	0	0	0	0	0	0	0	0	0	0	5488441	
133	1	A	10	N	2500	0	40	187	139	45	32	57	0	0	0	0	0	0	0	0	0	0	0	0	5488566	
134	1	A	10	N	2500	0	40	354	125	31	22	40	0	0	0	0	0	0	0	0	0	0	0	0	5488613	
135	1	A	10	N	2500	0	40	388	144	33	26	41	0	0	0	0	0	0	0	0	0	0	0	0	5488644	
136	1	A	10	N	2500	0	40	407	158	39	31	53	0	0	0	0	0	0	0	0	0	0	0	0	5488816	
137	1	A	10	N	2500	0	40	263	96	18	15	26	0	0	0	0	0	0	0	0	0	0	0	0	5489003	
138	1	A	10	N	2500	0	40	375	138	32	27	43	0	0	0	0	0	0	0	0	0	0	0	0	5489112	
139	1	A	10	N	2500	0	40	312	114	25	21	36	0	0	0	0	0	0	0	0	0	0	0	0	5489112	
140	1	A	11	N	2500	6	40	253	145	35	29	46	0	0	0	0	0	0	0	0	0	0	0	0	5500609	
141	1	A	11	N	2500	2	1	276	87	20	14	22	0	0	0	0	0	0	0	0	0	0	0	0	5501311	
142	1	A	11	N	2500	6	40	338	124	29	23	41	0	0	0	0	0	0	0	0	0	0	0	0	5502575	
143	1	A	12	N	2500	6	40	256	108	24	23	36	0	0	0	0	0	0	0	0	0	0	0	0	5511046	
144	1	A	12	N	2500	6	40	257	98	22	18	29	0	0	0	0	0	0	0	0	0	0	0	0	5511233	
145	1	A	12	N	2500	6	40	270	134	34	26	40	0	0	0	0	0	0	0	0	0	0	0	0	5512387	
146	1	A	12	N	2500	0	40	364	130	33	26	47	0	0	0	0	0	0	0	0	0	0	0	0	5512559	
147	1	A	12	N	2500	0	40	293	103	22	20	33	0	0	0	0	0	0	0	0	0	0	0	0	5512824	
148	1	A	12	N	2500	0	40	347	121	28	25	43	0	0	0	0	0	0	0	0	0	0	0	0	5513042	
149	1	A	12	N	2500	0	1	182	81	18	15	21	0	0	0	0	0	0	0	0	0	0	0	0	5513105	
150	1	A	12	N	2500	0	1	224	84	27	23	37	0	0	0	0	0	0	0	0	0	0	0	0	5513276	
151	1	A	12	N	2500	0	40	203	119	35	29	45	0	0	0	0	0	0	0	0	0	0	0	0	5513510	
152	1	A	12	N	2500	0	40	210	116	26	24	39	0	0	0	0	0	0	0	0	0	0	0	0	5513635	
153	1	A	12	N	2500	0	1	77	21	5	5	14	0	0	0	0	0	0	0	0	0	0	0	0	5513713	
154	1	A	12	N	2500	0	40	359	131	30	25	39	0	0	0	0	0	0	0	0	0	0	0	0	5513822	
155	1	A	12	N	2500	0	1	167	75	15	14	25	0	0	0	0	0	0	0	0	0	0	0	0	5514212	
156	1	A	12	N	2500	0	40	265	128	31	25	41	0	0	0	0	0	0	0	0	0	0	0	0	5514290	
157	1	A	12	N	2500	0	1	77	21	3	4	10	0	0	0	0	0	0	0	0	0	0	0	0	5514431	
158	1	A	12	N	2500	0	40	361	120	26	22	38	0	0	0	0	0	0	0	0	0	0	0	0	5514852	
159	1	A	12	N	2500	0	40	322	113	27	21	31	0	0	0	0	0	0	0	0	0	0	0	0	5514883	
160	1	A	12	N	2500	0	40	252	101	26	21	32	0	0	0	0	0	0	0	0	0	0	0	0	5514899	
161	1	A	12	N	2500	0	1	116	38	9	9	17	0	0	0	0	0	0	0	0	0	0	0	0	5515195	
162	1	A	12	N	2500	0	1	165	51	12	9	16	0	0	0	0	0	0	0	0	0	0	0	0	5515195	
163	1	A	12	N	2500	0	1	246	94	26	21	34	0	0	0	0	0	0	0	0	0	0	0	0	5515211	
164	1	A	12	N	2500	0	40	249	135	41	30	53	0	0	0	0	0	0	0	0	0	0	0	0	5515273	
165	1	A	12	N	2500	0	40	239	120	29	23	37	0	0	0	0	0	0	0	0	0	0	0	0	5515367	
166	1	A	12	N	2500	0	40	350	148	37	29	46	0	0	0	0	0	0	0	0	0	0	0	0	5515492	
167	1	A	12	N	2500	0	40	255	120	37	26	42	0	0	0	0	0	0	0	0	0	0	0	0	5515523	
168	1	A	12	N	2500	0	40	347	116	29	21	31	0	0	0	0	0	0	0	0	0	0	0	0	5515538	
169	1	A	12	N	2500	0	40	321	120	32	23	34	0	0	0	0	0	0	0	0	0	0	0	0	5515694	
170	1	A	12	N	2500	0	40	378	149	37	31	52	0	0	0	0	0	0	0	0	0	0	0	0	5515710	
171	1	A	12	N	2500	0	40	247	112	27	23	35	0	0	0	0	0	0	0	0	0	0	0	0	5515726	
172	1	A	12	N	2500	0	40	346	123	30	25	34	0	0	0	0	0	0	0	0	0	0	0	0	5515835	
173	1	A	12	N	2500	0	40	339	140	36	26	39	0	0	0	0	0	0	0	0	0	0	0	0	5515835	
174	1	A	12	N	2500	0	40	279	111	25	22	38	0	0	0	0	0	0	0	0	0	0	0	0	5515975	
175	1	A	12	N	2500	0	40	246	111	29	24	38	0	0	0	0	0	0	0	0	0	0	0	0	5516022	
176	1	A	12	N	2500	0	1	50	9	3	4	10	0	0	0	0	0	0	0	0	0	0	0	0	5516038	
177	1	A	12	N	2500	0	40	342	111	25	20	34	0	0	0	0	0	0	0	0	0	0	0	0	5516162	
178	1	A	12	N	2500	0	40	308	108	26	22	34	0	0	0	0	0	0	0	0	0	0	0	0	5516194	
179	1	A	12	N	2500	0	40	261	120	27	25	40	0	0	0	0	0	0	0	0	0	0	0	0	5516194	
180	1	A	12	N	2500	0	1	267	87	22	17	32	0	0	0	0	0	0	0	0	0	0	0	0	5516396	
181	1	A	12	N	2500	0	40	324	139	40	28	47	0	0	0	0	0	0	0	0	0	0	0	0	5516412	
182	1	A	12	N	2500	0	40	230	107	21	18	30	0	0	0	0	0	0	0	0	0	0	0	0	5516584	
183	1	A	12	N	2500	0	40	328	124	31	27	43	0	0	0	0	0	0	0	0	0	0	0	0	5516693	
184	1	A	12	N	2500	0	1	206	105	31	23	36	0	0	0	0	0	0	0	0	0	0	0	0	5516693	
185	1	A	12	N	2500	0	1	229	88	18	16	25	0	0	0	0	0	0	0	0	0	0	0	0	5516708	
186	1	A	12	N	2500	0	40	347	120	24	22	33	0	0	0	0	0	0	0	0	0	0	0	0	5516724	
187	1	A	12	N	2500	0	40	302	119	28	23	38	0	0	0	0	0	0	0	0	0	0	0	0	5516740	
188	1	A	12	N	2500	0	1	164	95	22	17	27	0	0	0	0	0	0	0	0	0	0	0	0	5516802	
189	1	A	12	N	2500	0	40	213	109	27	21	31	0	0	0	0	0	0	0	0	0	0	0	0	5517036	
190	1	A	12	N	2500	0	1	165	61	14	11	20	0	0	0	0	0	0	0	0	0	0	0	0	5517145	
191	1	A	12	N	2500	0	1	93	19	3	2	4	0	0	0	0	0	0	0	0	0	0	0	0	5517145	
192	1	A	12	N	2500	0	40	310	101	23	20	34	0	0	0	0	0	0	0	0	0	0	0	0	5517332	
193	1	A	12	N	2500	0	1	151	93	23	22	30	0	0	0	0	0	0	0	0	0	0	0	0	5517566	
194	1	A	12	N	2500	0	40	328	127	30	26	43	0	0	0	0	0	0	0	0	0	0	0	0	5517582	
195	1	A	12	N	2500	0	1	203	97	24	20	32	0	0	0	0	0	0	0	0	0	0	0	0	5517754	
196	1	A	12	N	2500	0	40	329	131	30	25	42	0	0	0	0	0	0	0	0	0	0	0	0	5517832	
197	1	A	12	N	2500	0	40	348	117	27	21	36	0	0	0	0	0	0	0	0	0	0	0	0	5518050	
198	1	A	12	N	2500	0	1	71	13	5	3	8	0	0	0	0	0	0	0	0	0	0	0	0	5518066	
199	1	A	12	N	2500	0	40	219	115	28	24	39	0	0	0	0	0	0	0	0	0	0	0	0	5518175	
200	1	B	2	N	2500	6	40	242	153	44	34	54	0	0	0	0	0	0	0	0	0	0	0	0	5541247	
201	1	B	2	N	2500	6	40	257	132	34	28	46	0	0	0	0	0	0	0	0	0	0	0	0	5541388	
202	1	B	2	N	2500	6	40	325	163	45	36	55	0	0	0	0	0	0	0	0	0	0	0	0	5541778	
203	1	B	2	N	2500	0	40	321	145	42	32	51	0	0	0	0	0	0	0	0	0	0	0	0	5541809	
204	1	B	2	N	2500	0	40	187	130	39	31	46	0	0	0	0	0	0	0	0	0	0	0	0	5541949	
205	1	B	2	N	2500	0	40	310	127	36	30	50	0	0	0	0	0	0	0	0	0	0	0	0	5542043	
206	1	B	2	N	2500	0	40	340	149	41	34	55	0	0	0	0	0	0	0	0	0	0	0	0	5542261	
207	1	B	2	N	2500	0	40	240	148	45	37	63	0	0	0	0	0	0	0	0	0	0	0	0	5542760	
208	1	B	2	N	2500	0	40	342	128	31	26	38	0	0	0	0	0	0	0	0	0	0	0	0	5542807	
209	1	B	2	N	2500	0	1	178	92	22	21	35	0	0	0	0	0	0	0	0	0	0	0	0	5542901	
210	1	B	2	N	2500	0	40	221	141	43	38	65	0	0	0	0	0	0	0	0	0	0	0	0	5542916	
211	1	B	2	N	2500	0	40	339	129	34	27	46	0	0	0	0	0	0	0	0	0	0	0	0	5542948	
212	1	B	2	N	2500	0	40	227	132	36	31	47	0	0	0	0	0	0	0	0	0	0	0	0	5543150	
213	1	B	2	N	2500	0	1	223	98	28	24	36	0	0	0	0	0	0	0	0	0	0	0	0	5543291	
214	1	B	2	N	2500	0	40	272	125	36	33	55	0	0	0	0	0	0	0	0	0	0	0	0	5543369	
215	1	B	2	N	2500	0	40	298	134	35	33	49	0	0	0	0	0	0	0	0	0	0	0	0	5543478	
216	1	B	2	N	2500	0	40	233	146	39	34	59	0	0	0	0	0	0	0	0	0	0	0	0	5543509	
217	1	B	2	N	2500	0	40	262	137	31	28	46	0	0	0	0	0	0	0	0	0	0	0	0	5543587	
218	1	B	2	N	2500	0	40	405	160	42	38	64	0	0	0	0	0	0	0	0	0	0	0	0	5543915	
219	1	B	2	N	2500	0	40	206	134	39	29	46	0	0	0	0	0	0	0	0	0	0	0	0	5544086	
220	1	B	2	N	2500	0	40	389	154	41	32	52	0	0	0	0	0	0	0	0	0	0	0	0	5544336	
221	1	B	2	N	2500	0	1	76	55	20	17	27	0	0	0	0	0	0	0	0	0	0	0	0	5544352	
222	1	B	2	N	2500	0	1	116	61	18	15	21	0	0	0	0	0	0	0	0	0	0	0	0	5544352	
223	1	B	2	N	2500	0	40	320	169	45	40	64	0	0	0	0	0	0	0	0	0	0	0	0	5544648	
224	1	B	2	N	2500	0	40	196	133	40	31	47	0	0	0	0	0	0	0	0	0	0	0	0	5544710	
225	1	B	2	N	2500	0	40	271	128	39	33	49	0	0	0	0	0	0	0	0	0	0	0	0	5544773	
226	1	B	2	N	2500	0	40	325	104	25	20	35	0	0	0	0	0	0	0	0	0	0	0	0	5544820	
227	1	B	2	N	2500	0	40	261	153	38	33	51	0	0	0	0	0	0	0	0	0	0	0	0	5545007	
228	1	B	2	N	2500	0	40	331	121	28	24	36	0	0	0	0	0	0	0	0	0	0	0	0	5545116	
229	1	B	2	N	2500	0	40	393	129	36	27	50	0	0	0	0	0	0	0	0	0	0	0	0	5545428	
230	1	B	2	N	2500	0	40	306	108	32	24	41	0	0	0	0	0	0	0	0	0	0	0	0	5545475	
231	1	B	2	N	2500	0	40	256	140	44	33	49	0	0	0	0	0	0	0	0	0	0	0	0	5545740	
232	1	B	2	N	2500	0	40	389	166	43	35	55	0	0	0	0	0	0	0	0	0	0	0	0	5545849	
233	1	B	2	N	2500	0	40	335	177	53	42	60	0	0	0	0	0	0	0	0	0	0	0	0	5546068	
234	1	B	2	N	2500	0	40	378	157	39	34	55	0	0	0	0	0	0	0	0	0	0	0	0	5546380	
235	1	B	2	N	2500	0	40	220	136	40	31	44	0	0	0	0	0	0	0	0	0	0	0	0	5546395	
236	1	B	2	N	2500	0	40	344	144	36	29	48	0	0	0	0	0	0	0	0	0	0	0	0	5546598	
237	1	B	2	N	2500	0	40	251	151	39	34	57	0	0	0	0	0	0	0	0	0	0	0	0	5546692	
238	1	B	2	N	2500	0	40	387	121	33	26	42	0	0	0	0	0	0	0	0	0	0	0	0	5546738	
239	1	B	2	N	2500	0	40	433	159	39	31	54	0	0	0	0	0	0	0	0	0	0	0	0	5547097	
240	1	B	2	N	2500	0	40	494	209	51	37	61	0	0	0	0	0	0	0	0	0	0	0	0	5547284	
241	1	B	2	N	2500	0	40	338	134	36	32	49	0	0	0	0	0	0	0	0	0	0	0	0	5547300	
242	1	B	2	N	2500	0	40	184	129	39	30	47	0	0	0	0	0	0	0	0	0	0	0	0	5547300	
243	1	B	2	N	2500	0	40	218	123	32	26	46	0	0	0	0	0	0	0	0	0	0	0	0	5547362	
244	1	B	2	N	2500	0	40	360	159	44	34	49	0	0	0	0	0	0	0	0	0	0	0	0	5547518	
245	1	B	2	N	2500	0	40	384	149	40	32	55	0	0	0	0	0	0	0	0	0	0	0	0	5547721	
246	1	B	2	N	2500	0	40	412	168	40	35	52	0	0	0	0	0	0	0	0	0	0	0	0	5547940	
247	1	B	2	N	2500	0	40	344	157	42	33	54	0	0	0	0	0	0	0	0	0	0	0	0	5547986	
248	1	B	2	N	2500	0	1	75	24	5	6	10	0	0	0	0	0	0	0	0	0	0	0	0	5548470	
249	1	B	3	N	2500	6	40	317	139	34	28	45	0	0	0	0	0	0	0	0	0	0	0	0	5562760	
250	1	B	4	N	2500	2	1	84	33	17	7	11	0	0	0	0	0	0	0	0	0	0	0	0	5570326	
251	1	B	4	N	2500	8	40	222	132	38	28	42	0	0	0	0	0	0	0	0	0	0	0	0	5570544	
252	1	B	4	N	2500	6	40	251	123	31	27	42	0	0	0	0	0	0	0	0	0	0	0	0	5570794	
253	1	B	4	N	2500	6	40	336	124	31	27	44	0	0	0	0	0	0	0	0	0	0	0	0	5571074	
254	1	B	4	N	2500	2	1	61	13	7	1	2	0	0	0	0	0	0	0	0	0	0	0	0	5571215	
255	1	B	4	N	2500	6	40	313	125	30	29	47	0	0	0	0	0	0	0	0	0	0	0	0	5572057	
256	1	B	4	N	2500	0	1	54	14	7	4	5	0	0	0	0	0	0	0	0	0	0	0	0	5572151	
257	1	B	4	N	2500	0	40	226	136	35	31	53	0	0	0	0	0	0	0	0	0	0	0	0	5572322	
258	1	B	4	N	2500	0	40	393	152	38	32	50	0	0	0	0	0	0	0	0	0	0	0	0	5572790	
259	1	B	4	N	2500	0	40	259	146	38	30	48	0	0	0	0	0	0	0	0	0	0	0	0	5573134	
260	1	B	4	N	2500	0	40	345	118	28	24	42	0	0	0	0	0	0	0	0	0	0	0	0	5573321	
261	1	B	4	N	2500	0	40	353	149	43	35	52	0	0	0	0	0	0	0	0	0	0	0	0	5573336	
262	1	B	4	N	2500	0	1	263	81	16	12	22	0	0	0	0	0	0	0	0	0	0	0	0	5573336	
263	1	B	4	N	2500	0	40	279	146	37	32	50	0	0	0	0	0	0	0	0	0	0	0	0	5573399	
264	1	B	4	N	2500	0	40	362	147	38	29	43	0	0	0	0	0	0	0	0	0	0	0	0	5573477	
265	1	B	4	N	2500	0	40	319	131	36	27	42	0	0	0	0	0	0	0	0	0	0	0	0	5573492	
266	1	B	4	N	2500	0	40	367	152	35	31	47	0	0	0	0	0	0	0	0	0	0	0	0	5573648	
267	1	B	4	N	2500	0	1	238	75	16	12	24	0	0	0	0	0	0	0	0	0	0	0	0	5573882	
268	1	B	4	N	2500	0	40	336	140	35	31	48	0	0	0	0	0	0	0	0	0	0	0	0	5574506	
269	1	B	4	N	2500	0	40	276	147	38	32	49	0	0	0	0	0	0	0	0	0	0	0	0	5575006	
270	1	B	4	N	2500	0	40	281	148	39	34	55	0	0	0	0	0	0	0	0	0	0	0	0	5575255	
271	1	B	4	N	2500	0	40	306	128	34	29	50	0	0	0	0	0	0	0	0	0	0	0	0	5575271	
272	1	B	4	N	2500	0	40	270	125	39	31	46	0	0	0	0	0	0	0	0	0	0	0	0	5575442	
273	1	B	4	N	2500	0	40	393	143	39	31	54	0	0	0	0	0	0	0	0	0	0	0	0	5575692	
274	1	B	4	N	2500	0	40	319	153	35	33	54	0	0	0	0	0	0	0	0	0	0	0	0	5576285	
275	1	B	4	N	2500	0	40	339	152	43	34	57	0	0	0	0	0	0	0	0	0	0	0	0	5576597	
276	1	B	4	N	2500	0	40	270	129	32	28	40	0	0	0	0	0	0	0	0	0	0	0	0	5576878	
277	1	B	6	N	2500	2	1	276	85	18	16	27	0	0	0	0	0	0	0	0	0	0	0	0	5599186	
278	1	B	6	N	2500	2	1	200	70	12	10	19	0	0	0	0	0	0	0	0	0	0	0	0	5599279	
279	1	B	6	N	2500	2	1	57	14	12	4	4	0	0	0	0	0	0	0	0	0	0	0	0	5599981	
280	1	B	6	N	2500	6	40	307	110	30	22	38	0	0	0	0	0	0	0	0	0	0	0	0	5600449	
281	1	B	6	N	2500	6	40	350	133	37	27	45	0	0	0	0	0	0	0	0	0	0	0	0	5600777	
282	1	B	6	N	2500	2	1	165	76	25	22	35	0	0	0	0	0	0	0	0	0	0	0	0	5601526	
283	1	B	6	N	2500	2	1	154	85	21	17	30	0	0	0	0	0	0	0	0	0	0	0	0	5601557	
284	1	B	6	N	2500	6	40	293	96	20	16	26	0	0	0	0	0	0	0	0	0	0	0	0	5601651	
285	1	B	6	N	2500	0	40	288	100	23	20	35	0	0	0	0	0	0	0	0	0	0	0	0	5601666	
286	1	B	6	N	2500	0	40	310	112	26	22	37	0	0	0	0	0	0	0	0	0	0	0	0	5601713	
287	1	B	6	N	2500	0	1	132	101	24	21	30	0	0	0	0	0	0	0	0	0	0	0	0	5602150	
288	1	B	6	N	2500	0	1	173	83	21	18	27	0	0	0	0	0	0	0	0	0	0	0	0	5602259	
289	1	B	6	N	2500	0	40	360	124	28	22	40	0	0	0	0	0	0	0	0	0	0	0	0	5602836	
290	1	B	6	N	2500	0	1	56	19	10	4	5	0	0	0	0	0	0	0	0	0	0	0	0	5602836	
291	1	B	6	N	2500	0	40	298	112	27	22	36	0	0	0	0	0	0	0	0	0	0	0	0	5602867	
292	1	B	6	N	2500	0	40	309	98	19	16	30	0	0	0	0	0	0	0	0	0	0	0	0	5602914	
293	1	B	6	N	2500	0	1	212	102	29	20	32	0	0	0	0	0	0	0	0	0	0	0	0	5602914	
294	1	B	6	N	2500	0	1	176	96	23	20	32	0	0	0	0	0	0	0	0	0	0	0	0	5602961	
295	1	B	6	N	2500	0	1	95	35	47	67	117	0	0	0	0	0	0	0	0	0	0	0	0	5603148	
296	1	B	6	N	2500	0	1	255	87	19	15	26	0	0	0	0	0	0	0	0	0	0	0	0	5603569	
297	1	B	6	N	2500	0	1	139	76	27	23	36	0	0	0	0	0	0	0	0	0	0	0	0	5603694	
298	1	B	6	N	2500	0	1	160	76	22	17	30	0	0	0	0	0	0	0	0	0	0	0	0	5603741	
299	1	B	6	N	2500	0	40	301	107	29	21	37	0	0	0	0	0	0	0	0	0	0	0	0	5604147	
300	1	B	6	N	2500	0	40	290	101	22	19	32	0	0	0	0	0	0	0	0	0	0	0	0	5604287	
301	1	B	6	N	2500	0	40	284	101	24	21	34	0	0	0	0	0	0	0	0	0	0	0	0	5604646	
302	1	B	6	N	2500	0	1	84	33	41	38	79	0	0	0	0	0	0	0	0	0	0	0	0	5604724	
303	1	B	6	N	2500	0	40	274	112	32	25	37	0	0	0	0	0	0	0	0	0	0	0	0	5604958	
304	1	B	6	N	2500	0	1	58	11	2	2	3	0	0	0	0	0	0	0	0	0	0	0	0	5605426	
305	1	B	6	N	2500	0	1	143	37	9	7	13	0	0	0	0	0	0	0	0	0	0	0	0	5605426	
306	1	B	6	N	2500	0	40	303	113	30	24	39	0	0	0	0	0	0	0	0	0	0	0	0	5605504	
307	1	B	6	N	2500	0	1	206	98	28	24	37	0	0	0	0	0	0	0	0	0	0	0	0	5605863	
308	1	B	8	N	2500	6	40	197	112	29	22	32	0	0	0	0	0	0	0	0	0	0	0	0	5628108	
309	1	B	8	N	2500	6	40	302	138	37	30	45	0	0	0	0	0	0	0	0	0	0	0	0	5628233	
310	1	B	8	N	2500	6	40	250	150	46	37	59	0	0	0	0	0	0	0	0	0	0	0	0	5628685	
311	1	B	8	N	2500	0	1	145	106	32	29	44	0	0	0	0	0	0	0	0	0	0	0	0	5628810	
312	1	B	8	N	2500	0	40	279	149	36	30	51	0	0	0	0	0	0	0	0	0	0	0	0	5629091	
313	1	B	8	N	2500	0	40	332	127	32	27	41	0	0	0	0	0	0	0	0	0	0	0	0	5630152	
314	1	B	8	N	2500	0	40	261	123	32	25	42	0	0	0	0	0	0	0	0	0	0	0	0	5630635	
315	1	B	8	N	2500	0	40	203	114	35	26	43	0	0	0	0	0	0	0	0	0	0	0	0	5630854	
316	1	B	8	N	2500	0	40	260	124	33	29	47	0	0	0	0	0	0	0	0	0	0	0	0	5630947	
317	1	B	8	N	2500	0	1	57	31	66	75	86	0	0	0	0	0	0	0	0	0	0	0	0	5631057	
318	1	B	8	N	2500	0	40	260	113	24	22	33	0	0	0	0	0	0	0	0	0	0	0	0	5631213	
319	1	B	8	N	2500	0	40	370	127	29	25	43	0	0	0	0	0	0	0	0	0	0	0	0	5631259	
320	1	B	8	N	2500	0	40	226	135	36	28	50	0	0	0	0	0	0	0	0	0	0	0	0	5631353	
321	1	B	8	N	2500	0	40	357	136	36	25	42	0	0	0	0	0	0	0	0	0	0	0	0	5631493	
322	1	B	8	N	2500	0	40	292	142	31	29	51	0	0	0	0	0	0	0	0	0	0	0	0	5632429	
323	1	B	8	N	2500	0	40	385	140	35	29	46	0	0	0	0	0	0	0	0	0	0	0	0	5632429	
324	1	B	8	N	2500	0	40	314	98	23	17	32	0	0	0	0	0	0	0	0	0	0	0	0	5632835	
325	1	B	8	N	2500	0	40	408	153	32	26	41	0	0	0	0	0	0	0	0	0	0	0	0	5632835	
326	1	B	8	N	2500	0	40	324	119	28	22	39	0	0	0	0	0	0	0	0	0	0	0	0	5633256	
327	1	B	8	N	2500	0	40	301	130	30	26	44	0	0	0	0	0	0	0	0	0	0	0	0	5633490	
328	1	B	8	N	2500	0	40	318	119	27	23	36	0	0	0	0	0	0	0	0	0	0	0	0	5633662	
329	1	B	8	N	2500	0	40	375	140	36	29	44	0	0	0	0	0	0	0	0	0	0	0	0	5633662	
330	1	B	8	N	2500	0	40	191	132	31	29	51	0	0	0	0	0	0	0	0	0	0	0	0	5633677	
331	1	B	8	N	2500	0	40	280	99	21	18	26	0	0	0	0	0	0	0	0	0	0	0	0	5634161	
332	1	B	8	N	2500	0	40	322	148	37	31	55	0	0	0	0	0	0	0	0	0	0	0	0	5634208	
333	1	B	8	N	2500	0	40	214	131	32	22	33	0	0	0	0	0	0	0	0	0	0	0	0	5634551	
334	1	B	9	N	2500	2	1	56	22	6	0	0	0	0	0	0	0	0	0	0	0	0	0	0	5642179	
335	1	B	9	N	2500	2	1	72	45	6	0	1	0	0	0	0	0	0	0	0	0	0	0	0	5642569	
336	1	B	9	N	2500	6	40	419	169	40	36	53	0	0	0	0	0	0	0	0	0	0	0	0	5648482	
337	1	B	10	N	2500	6	40	429	148	33	29	46	0	0	0	0	0	0	0	0	0	0	0	0	5657109	
338	1	B	10	N	2500	6	40	334	122	29	22	38	0	0	0	0	0	0	0	0	0	0	0	0	5657187	
339	1	B	10	N	2500	2	1	215	91	23	18	30	0	0	0	0	0	0	0	0	0	0	0	0	5657249	
340	1	B	10	N	2500	6	40	317	135	30	24	37	0	0	0	0	0	0	0	0	0	0	0	0	5657608	
341	1	B	10	N	2500	0	1	143	116	29	27	37	0	0	0	0	0	0	0	0	0	0	0	0	5658060	
342	1	B	10	N	2500	0	40	240	119	29	24	39	0	0	0	0	0	0	0	0	0	0	0	0	5658138	
343	1	B	10	N	2500	0	1	122	59	12	10	17	0	0	0	0	0	0	0	0	0	0	0	0	5658325	
344	1	B	10	N	2500	0	40	346	140	33	27	46	0	0	0	0	0	0	0	0	0	0	0	0	5658762	
345	1	B	10	N	2500	0	40	328	124	28	21	39	0	0	0	0	0	0	0	0	0	0	0	0	5658887	
346	1	B	10	N	2500	0	40	211	123	32	27	42	0	0	0	0	0	0	0	0	0	0	0	0	5658981	
347	1	B	10	N	2500	0	40	359	125	26	25	39	0	0	0	0	0	0	0	0	0	0	0	0	5659027	
348	1	B	10	N	2500	0	40	373	142	31	24	42	0	0	0	0	0	0	0	0	0	0	0	0	5659074	
349	1	B	10	N	2500	0	40	195	112	32	23	35	0	0	0	0	0	0	0	0	0	0	0	0	5659542	
350	1	B	10	N	2500	0	40	317	121	26	22	36	0	0	0	0	0	0	0	0	0	0	0	0	5659807	
351	1	B	10	N	2500	0	40	186	137	36	27	41	0	0	0	0	0	0	0	0	0	0	0	0	5660572	
352	1	B	10	N	2500	0	40	287	103	27	19	30	0	0	0	0	0	0	0	0	0	0	0	0	5660728	
353	1	B	10	N	2500	0	40	343	135	31	26	45	0	0	0	0	0	0	0	0	0	0	0	0	5660931	
354	1	B	10	N	2500	0	40	364	143	32	25	46	0	0	0	0	0	0	0	0	0	0	0	0	5661243	
355	1	B	10	N	2500	0	40	279	93	17	15	23	0	0	0	0	0	0	0	0	0	0	0	0	5661289	
356	1	B	10	N	2500	0	40	223	133	34	26	46	0	0	0	0	0	0	0	0	0	0	0	0	5661305	
357	1	B	10	N	2500	0	40	330	143	36	29	42	0	0	0	0	0	0	0	0	0	0	0	0	5661820	
358	1	B	10	N	2500	0	40	233	117	34	24	35	0	0	0	0	0	0	0	0	0	0	0	0	5661913	
359	1	B	10	N	2500	0	40	168	121	38	28	47	0	0	0	0	0	0	0	0	0	0	0	0	5661945	
360	1	B	10	N	2500	0	40	280	136	34	28	44	0	0	0	0	0	0	0	0	0	0	0	0	5662147	
361	1	B	10	N	2500	0	40	366	129	31	25	37	0	0	0	0	0	0	0	0	0	0	0	0	5662865	
362	1	B	10	N	2500	0	40	282	127	27	24	38	0	0	0	0	0	0	0	0	0	0	0	0	5663473	
363	1	B	12	N	2500	2	1	170	97	23	22	34	0	0	0	0	0	0	0	0	0	0	0	0	5685579	
364	1	B	12	N	2500	2	1	165	79	19	18	32	0	0	0	0	0	0	0	0	0	0	0	0	5686140	
365	1	B	12	N	2500	8	40	247	104	27	25	42	0	0	0	0	0	0	0	0	0	0	0	0	5686140	
366	1	B	12	N	2500	2	1	217	69	14	12	21	0	0	0	0	0	0	0	0	0	0	0	0	5687185	
367	1	B	12	N	2500	2	1	114	52	12	9	18	0	0	0	0	0	0	0	0	0	0	0	0	5687248	
368	1	B	12	N	2500	6	40	210	139	44	32	53	0	0	0	0	0	0	0	0	0	0	0	0	5687435	
369	1	B	12	N	2500	2	1	168	73	13	11	17	0	0	0	0	0	0	0	0	0	0	0	0	5688012	
370	1	B	12	N	2500	6	40	358	118	29	22	33	0	0	0	0	0	0	0	0	0	0	0	0	5688199	
371	1	B	12	N	2500	2	1	127	50	14	9	13	0	0	0	0	0	0	0	0	0	0	0	0	5688449	
372	1	B	12	N	2500	6	40	394	129	31	28	47	0	0	0	0	0	0	0	0	0	0	0	0	5689120	
373	1	B	12	N	2500	0	1	142	33	5	4	10	0	0	0	0	0	0	0	0	0	0	0	0	5689588	
374	1	B	12	N	2500	0	1	224	62	11	9	18	0	0	0	0	0	0	0	0	0	0	0	0	5689931	
375	1	B	12	N	2500	0	1	173	108	28	24	40	0	0	0	0	0	0	0	0	0	0	0	0	5690337	
376	1	B	12	N	2500	0	1	189	101	30	22	41	0	0	0	0	0	0	0	0	0	0	0	0	5690586	
377	1	B	12	N	2500	0	40	195	118	26	24	37	0	0	0	0	0	0	0	0	0	0	0	0	5690664	
378	1	B	12	N	2500	0	1	146	57	10	9	14	0	0	0	0	0	0	0	0	0	0	0	0	5690992	
379	1	B	12	N	2500	0	1	201	60	10	9	19	0	0	0	0	0	0	0	0	0	0	0	0	5691319	
380	1	B	12	N	2500	0	1	208	105	25	24	37	0	0	0	0	0	0	0	0	0	0	0	0	5691585	
381	1	B	12	N	2500	0	1	68	20	13	4	5	0	0	0	0	0	0	0	0	0	0	0	0	5692489	
382	1	B	12	N	2500	0	1	189	48	9	6	14	0	0	0	0	0	0	0	0	0	0	0	0	5692661	
383	1	C	2	N	2500	6	40	268	128	32	26	42	0	0	0	0	0	0	0	0	0	0	0	0	5715858	
384	1	C	2	N	2500	2	1	231	92	27	23	34	0	0	0	0	0	0	0	0	0	0	0	0	5715890	
385	1	C	2	N	2500	6	40	259	120	31	27	43	0	0	0	0	0	0	0	0	0	0	0	0	5715952	
386	1	C	2	N	2500	6	40	302	105	28	21	34	0	0	0	0	0	0	0	0	0	0	0	0	5716170	
387	1	C	2	N	2500	0	40	271	116	26	24	42	0	0	0	0	0	0	0	0	0	0	0	0	5716420	
388	1	C	2	N	2500	0	40	320	127	33	23	41	0	0	0	0	0	0	0	0	0	0	0	0	5716794	
389	1	C	2	N	2500	0	40	272	144	37	33	49	0	0	0	0	0	0	0	0	0	0	0	0	5717028	
390	1	C	2	N	2500	0	40	270	129	29	22	36	0	0	0	0	0	0	0	0	0	0	0	0	5717075	
391	1	C	2	N	2500	0	1	165	61	14	10	18	0	0	0	0	0	0	0	0	0	0	0	0	5717169	
392	1	C	2	N	2500	0	40	363	129	29	24	42	0	0	0	0	0	0	0	0	0	0	0	0	5717278	
393	1	C	2	N	2500	0	40	193	116	27	22	29	0	0	0	0	0	0	0	0	0	0	0	0	5717294	
394	1	C	2	N	2500	0	40	244	129	32	26	38	0	0	0	0	0	0	0	0	0	0	0	0	5717403	
395	1	C	2	N	2500	0	40	222	123	34	28	43	0	0	0	0	0	0	0	0	0	0	0	0	5717746	
396	1	C	2	N	2500	0	40	342	109	27	21	33	0	0	0	0	0	0	0	0	0	0	0	0	5718916	
397	1	C	2	N	2500	0	40	346	129	29	23	35	0	0	0	0	0	0	0	0	0	0	0	0	5719259	
398	1	C	2	N	2500	0	40	228	122	35	24	40	0	0	0	0	0	0	0	0	0	0	0	0	5719275	
399	1	C	2	N	2500	0	40	293	111	25	20	31	0	0	0	0	0	0	0	0	0	0	0	0	5719602	
400	1	C	2	N	2500	0	40	206	129	36	34	51	0	0	0	0	0	0	0	0	0	0	0	0	5719680	
401	1	C	2	N	2500	0	40	247	113	26	21	36	0	0	0	0	0	0	0	0	0	0	0	0	5719743	
402	1	C	2	N	2500	0	40	323	92	16	14	25	0	0	0	0	0	0	0	0	0	0	0	0	5719992	
403	1	C	2	N	2500	0	40	420	143	29	23	37	0	0	0	0	0	0	0	0	0	0	0	0	5720024	
404	1	C	2	N	2500	0	1	162	109	23	21	33	0	0	0	0	0	0	0	0	0	0	0	0	5720086	
405	1	C	2	N	2500	0	40	361	126	33	25	46	0	0	0	0	0	0	0	0	0	0	0	0	5720211	
406	1	C	2	N	2500	0	40	276	148	33	28	45	0	0	0	0	0	0	0	0	0	0	0	0	5720258	
407	1	C	2	N	2500	0	40	272	136	32	24	40	0	0	0	0	0	0	0	0	0	0	0	0	5720414	
408	1	C	2	N	2500	0	40	341	123	34	24	42	0	0	0	0	0	0	0	0	0	0	0	0	5720648	
409	1	C	2	N	2500	0	1	236	96	22	18	26	0	0	0	0	0	0	0	0	0	0	0	0	5720679	
410	1	C	2	N	2500	0	40	343	128	34	24	36	0	0	0	0	0	0	0	0	0	0	0	0	5720726	
411	1	C	2	N	2500	0	1	212	100	22	19	30	0	0	0	0	0	0	0	0	0	0	0	0	5720928	
412	1	C	2	N	2500	0	40	301	128	33	30	48	0	0	0	0	0	0	0	0	0	0	0	0	5720928	
413	1	C	2	N	2500	0	40	231	126	30	27	44	0	0	0	0	0	0	0	0	0	0	0	0	5720975	
414	1	C	2	N	2500	0	40	211	118	33	24	35	0	0	0	0	0	0	0	0	0	0	0	0	5721272	
415	1	C	2	N	2500	0	40	309	106	25	21	36	0	0	0	0	0	0	0	0	0	0	0	0	5721334	
416	1	C	2	N	2500	0	1	64	18	1	1	3	0	0	0	0	0	0	0	0	0	0	0	0	5721521	
417	1	C	2	N	2500	0	1	277	86	17	15	24	0	0	0	0	0	0	0	0	0	0	0	0	5721646	
418	1	C	2	N	2500	0	40	359	137	32	30	44	0	0	0	0	0	0	0	0	0	0	0	0	5721677	
419	1	C	2	N	2500	0	1	166	35	8	7	12	0	0	0	0	0	0	0	0	0	0	0	0	5721896	
420	1	C	2	N	2500	0	1	152	47	10	10	11	0	0	0	0	0	0	0	0	0	0	0	0	5721896	
421	1	C	2	N	2500	0	40	291	93	25	19	30	0	0	0	0	0	0	0	0	0	0	0	0	5722161	
422	1	C	2	N	2500	0	1	51	10	2	1	3	0	0	0	0	0	0	0	0	0	0	0	0	5722254	
423	1	C	2	N	2500	0	1	84	53	13	10	13	0	0	0	0	0	0	0	0	0	0	0	0	5722254	
424	1	C	2	N	2500	0	1	59	38	8	7	13	0	0	0	0	0	0	0	0	0	0	0	0	5722254	
425	1	C	2	N	2500	0	1	101	44	7	6	10	0	0	0	0	0	0	0	0	0	0	0	0	5723019	
426	1	C	3	N	2500	2	1	180	94	24	20	32	0	0	0	0	0	0	0	0	0	0	0	0	5732441	
427	1	C	4	N	2500	6	40	342	122	32	25	41	0	0	0	0	0	0	0	0	0	0	0	0	5745670	
428	1	C	4	N	2500	2	2	167	132	39	31	47	0	0	0	0	0	0	0	0	0	0	0	0	5746091	
429	1	C	4	N	2500	6	40	340	134	33	26	41	0	0	0	0	0	0	0	0	0	0	0	0	5746497	
430	1	C	4	N	2500	6	40	315	139	45	37	52	0	0	0	0	0	0	0	0	0	0	0	0	5747948	
431	1	C	4	N	2500	0	40	311	115	25	23	39	0	0	0	0	0	0	0	0	0	0	0	0	5748057	
432	1	C	4	N	2500	0	40	361	149	37	30	47	0	0	0	0	0	0	0	0	0	0	0	0	5748322	
433	1	C	4	N	2500	0	40	286	140	37	29	45	0	0	0	0	0	0	0	0	0	0	0	0	5748915	
434	1	C	4	N	2500	0	40	230	130	35	30	43	0	0	0	0	0	0	0	0	0	0	0	0	5749523	
435	1	C	4	N	2500	0	40	260	134	33	31	49	0	0	0	0	0	0	0	0	0	0	0	0	5749617	
436	1	C	4	N	2500	0	40	338	123	32	28	41	0	0	0	0	0	0	0	0	0	0	0	0	5749695	
437	1	C	4	N	2500	0	40	334	128	30	26	35	0	0	0	0	0	0	0	0	0	0	0	0	5749944	
438	1	C	4	N	2500	0	40	377	140	31	27	44	0	0	0	0	0	0	0	0	0	0	0	0	5750210	
439	1	C	4	N	2500	0	40	342	121	32	23	37	0	0	0	0	0	0	0	0	0	0	0	0	5750412	
440	1	C	4	N	2500	0	40	330	123	29	26	42	0	0	0	0	0	0	0	0	0	0	0	0	5750506	
441	1	C	4	N	2500	0	40	235	151	40	32	50	0	0	0	0	0	0	0	0	0	0	0	0	5750709	
442	1	C	6	N	2500	6	40	311	100	20	19	33	0	0	0	0	0	0	0	0	0	0	0	0	5773734	
443	1	C	6	N	2500	2	1	160	51	9	9	17	0	0	0	0	0	0	0	0	0	0	0	0	5773797	
444	1	C	6	N	2500	2	1	188	58	10	11	18	0	0	0	0	0	0	0	0	0	0	0	0	5773797	
445	1	C	6	N	2500	2	1	154	78	18	17	31	0	0	0	0	0	0	0	0	0	0	0	0	5774000	
446	1	C	6	N	2500	2	1	231	63	10	9	14	0	0	0	0	0	0	0	0	0	0	0	0	5774358	
447	1	C	6	N	2500	2	1	61	13	1	1	2	0	0	0	0	0	0	0	0	0	0	0	0	5774561	
448	1	C	6	N	2500	2	1	134	67	11	11	20	0	0	0	0	0	0	0	0	0	0	0	0	5774639	
449	1	C	6	N	2500	6	40	331	115	26	22	34	0	0	0	0	0	0	0	0	0	0	0	0	5774998	
450	1	C	6	N	2500	6	40	311	116	28	23	39	0	0	0	0	0	0	0	0	0	0	0	0	5775388	
451	1	C	6	N	2500	0	40	312	100	22	22	33	0	0	0	0	0	0	0	0	0	0	0	0	5775747	
452	1	C	6	N	2500	0	1	164	32	5	5	11	0	0	0	0	0	0	0	0	0	0	0	0	5775825	
453	1	C	6	N	2500	0	40	296	112	27	22	36	0	0	0	0	0	0	0	0	0	0	0	0	5775903	
454	1	C	6	N	2500	0	40	286	114	25	25	43	0	0	0	0	0	0	0	0	0	0	0	0	5775965	
455	1	C	6	N	2500	0	1	148	81	16	17	29	0	0	0	0	0	0	0	0	0	0	0	0	5775996	
456	1	C	6	N	2500	0	1	116	62	15	13	21	0	0	0	0	0	0	0	0	0	0	0	0	5776106	
457	1	C	6	N	2500	0	1	138	43	6	5	12	0	0	0	0	0	0	0	0	0	0	0	0	5777010	
458	1	C	6	N	2500	0	1	180	91	24	18	34	0	0	0	0	0	0	0	0	0	0	0	0	5777369	
459	1	C	6	N	2500	0	1	198	99	27	21	35	0	0	0	0	0	0	0	0	0	0	0	0	5777494	
460	1	C	6	N	2500	0	40	308	95	18	18	29	0	0	0	0	0	0	0	0	0	0	0	0	5777525	
461	1	C	6	N	2500	0	1	174	95	19	18	31	0	0	0	0	0	0	0	0	0	0	0	0	5777806	
462	1	C	6	N	2500	0	1	211	61	11	10	17	0	0	0	0	0	0	0	0	0	0	0	0	5777853	
463	1	C	6	N	2500	0	1	182	80	18	14	24	0	0	0	0	0	0	0	0	0	0	0	0	5778056	
464	1	C	6	N	2500	0	1	193	107	23	21	32	0	0	0	0	0	0	0	0	0	0	0	0	5778134	
465	1	C	6	N	2500	0	1	135	125	37	32	51	0	0	0	0	0	0	0	0	0	0	0	0	5778368	
466	1	C	6	N	2500	0	1	157	76	17	13	24	0	0	0	0	0	0	0	0	0	0	0	0	5778414	
467	1	C	6	N	2500	0	1	270	69	12	10	21	0	0	0	0	0	0	0	0	0	0	0	0	5778960	
468	1	C	6	N	2500	0	1	180	104	29	21	33	0	0	0	0	0	0	0	0	0	0	0	0	5779382	
469	1	C	6	N	2500	0	40	306	93	19	17	29	0	0	0	0	0	0	0	0	0	0	0	0	5779522	
470	1	C	6	N	2500	0	1	214	93	22	19	28	0	0	0	0	0	0	0	0	0	0	0	0	5779662	
471	1	C	7	N	2500	6	40	235	111	22	20	35	0	0	0	0	0	0	0	0	0	0	0	0	5793359	
472	1	C	8	N	2500	6	40	344	126	32	27	39	0	0	0	0	0	0	0	0	0	0	0	0	5802173	
473	1	C	8	N	2500	6	40	483	172	49	35	58	0	0	0	0	0	0	0	0	0	0	0	0	5802579	
474	1	C	8	N	2500	2	1	68	23	5	6	14	0	0	0	0	0	0	0	0	0	0	0	0	5802641	
475	1	C	8	N	2500	6	40	328	136	36	31	48	0	0	0	0	0	0	0	0	0	0	0	0	5802813	
476	1	C	8	N	2500	0	40	216	139	45	36	51	0	0	0	0	0	0	0	0	0	0	0	0	5803031	
477	1	C	8	N	2500	0	40	319	123	35	26	39	0	0	0	0	0	0	0	0	0	0	0	0	5803328	
478	1	C	8	N	2500	0	40	259	111	31	28	44	0	0	0	0	0	0	0	0	0	0	0	0	5803374	
479	1	C	8	N	2500	0	40	241	115	29	26	42	0	0	0	0	0	0	0	0	0	0	0	0	5803421	
480	1	C	8	N	2500	0	1	200	104	29	23	37	0	0	0	0	0	0	0	0	0	0	0	0	5803515	
481	1	C	8	N	2500	0	40	317	134	35	29	47	0	0	0	0	0	0	0	0	0	0	0	0	5803530	
482	1	C	8	N	2500	0	40	394	156	41	34	54	0	0	0	0	0	0	0	0	0	0	0	0	5803608	
483	1	C	8	N	2500	0	40	291	126	31	27	44	0	0	0	0	0	0	0	0	0	0	0	0	5803827	
484	1	C	8	N	2500	0	40	349	144	35	31	50	0	0	0	0	0	0	0	0	0	0	0	0	5804045	
485	1	C	8	N	2500	0	40	262	125	39	32	52	0	0	0	0	0	0	0	0	0	0	0	0	5804279	
486	1	C	8	N	2500	0	40	201	122	38	29	42	0	0	0	0	0	0	0	0	0	0	0	0	5804295	
487	1	C	8	N	2500	0	40	212	120	34	26	38	0	0	0	0	0	0	0	0	0	0	0	0	5804794	
488	1	C	8	N	2500	0	40	213	119	30	24	34	0	0	0	0	0	0	0	0	0	0	0	0	5804903	
489	1	C	8	N	2500	0	40	318	110	27	25	38	0	0	0	0	0	0	0	0	0	0	0	0	5804903	
490	1	C	8	N	2500	0	40	258	151	45	36	60	0	0	0	0	0	0	0	0	0	0	0	0	5805075	
491	1	C	8	N	2500	0	40	296	129	34	25	43	0	0	0	0	0	0	0	0	0	0	0	0	5805184	
492	1	C	8	N	2500	0	40	208	125	37	28	45	0	0	0	0	0	0	0	0	0	0	0	0	5805340	
493	1	C	8	N	2500	0	40	230	136	33	28	48	0	0	0	0	0	0	0	0	0	0	0	0	5805356	
494	1	C	8	N	2500	0	40	361	135	34	29	48	0	0	0	0	0	0	0	0	0	0	0	0	5805418	
495	1	C	8	N	2500	0	40	368	137	34	26	41	0	0	0	0	0	0	0	0	0	0	0	0	5805730	
496	1	C	8	N	2500	0	40	402	141	40	33	52	0	0	0	0	0	0	0	0	0	0	0	0	5805808	
497	1	C	8	N	2500	0	40	416	173	45	39	62	0	0	0	0	0	0	0	0	0	0	0	0	5806120	
498	1	C	8	N	2500	0	40	316	117	30	23	38	0	0	0	0	0	0	0	0	0	0	0	0	5806245	
499	1	C	8	N	2500	0	40	337	136	34	27	42	0	0	0	0	0	0	0	0	0	0	0	0	5806448	
500	1	C	8	N	2500	0	40	364	142	37	28	53	0	0	0	0	0	0	0	0	0	0	0	0	5806526	
501	1	C	8	N	2500	0	40	334	131	34	27	45	0	0	0	0	0	0	0	0	0	0	0	0	5806541	
502	1	C	8	N	2500	0	40	406	168	46	33	50	0	0	0	0	0	0	0	0	0	0	0	0	5806572	
503	1	C	8	N	2500	0	40	252	130	38	32	54	0	0	0	0	0	0	0	0	0	0	0	0	5806666	
504	1	C	8	N	2500	0	40	324	128	36	27	43	0	0	0	0	0	0	0	0	0	0	0	0	5806947	
505	1	C	8	N	2500	0	40	302	114	30	25	39	0	0	0	0	0	0	0	0	0	0	0	0	5806962	
506	1	C	8	N	2500	0	40	279	93	27	20	34	0	0	0	0	0	0	0	0	0	0	0	0	5806994	
507	1	C	8	N	2500	0	40	343	140	34	27	41	0	0	0	0	0	0	0	0	0	0	0	0	5807087	
508	1	C	8	N	2500	0	40	325	119	27	24	39	0	0	0	0	0	0	0	0	0	0	0	0	5807103	
509	1	C	8	N	2500	0	40	399	151	40	32	48	0	0	0	0	0	0	0	0	0	0	0	0	5807134	
510	1	C	8	N	2500	0	40	309	123	31	26	38	0	0	0	0	0	0	0	0	0	0	0	0	5807196	
511	1	C	8	N	2500	0	40	329	188	51	39	62	0	0	0	0	0	0	0	0	0	0	0	0	5807212	
512	1	C	8	N	2500	0	40	266	121	34	25	43	0	0	0	0	0	0	0	0	0	0	0	0	5807337	
513	1	C	8	N	2500	0	40	319	117	27	24	34	0	0	0	0	0	0	0	0	0	0	0	0	5807399	
514	1	C	8	N	2500	0	40	307	178	43	40	57	0	0	0	0	0	0	0	0	0	0	0	0	5807789	
515	1	C	8	N	2500	0	40	240	125	34	28	46	0	0	0	0	0	0	0	0	0	0	0	0	5807930	
516	1	C	8	N	2500	0	40	383	152	40	31	51	0	0	0	0	0	0	0	0	0	0	0	0	5807992	
517	1	C	8	N	2500	0	40	281	100	28	20	33	0	0	0	0	0	0	0	0	0	0	0	0	5808320	
518	1	C	8	N	2500	0	1	106	22	4	5	11	0	0	0	0	0	0	0	0	0	0	0	0	5808881	
519	1	C	10	N	2500	6	40	299	125	33	27	39	0	0	0	0	0	0	0	0	0	0	0	0	5831283	
520	1	C	10	N	2500	2	1	237	68	10	10	18	0	0	0	0	0	0	0	0	0	0	0	0	5831626	
521	1	C	10	N	2500	2	2	119	140	42	2	4	0	0	0	0	0	0	0	0	0	0	0	0	5832703	
522	1	C	10	N	2500	6	40	355	134	33	26	45	0	0	0	0	0	0	0	0	0	0	0	0	5833405	
523	1	C	10	N	2500	6	40	329	111	27	24	33	0	0	0	0	0	0	0	0	0	0	0	0	5833498	
524	1	C	10	N	2500	0	40	310	110	27	23	40	0	0	0	0	0	0	0	0	0	0	0	0	5833514	
525	1	C	10	N	2500	0	40	324	134	29	22	40	0	0	0	0	0	0	0	0	0	0	0	0	5833576	
526	1	C	10	N	2500	0	1	77	37	11	0	1	0	0	0	0	0	0	0	0	0	0	0	0	5833607	
527	1	C	10	N	2500	0	40	205	118	27	26	38	0	0	0	0	0	0	0	0	0	0	0	0	5833810	
528	1	C	10	N	2500	0	40	283	112	27	26	41	0	0	0	0	0	0	0	0	0	0	0	0	5833826	
529	1	C	10	N	2500	0	1	191	88	19	14	24	0	0	0	0	0	0	0	0	0	0	0	0	5833857	
530	1	C	10	N	2500	0	40	323	122	31	22	36	0	0	0	0	0	0	0	0	0	0	0	0	5834029	
531	1	C	10	N	2500	0	40	205	132	31	24	40	0	0	0	0	0	0	0	0	0	0	0	0	5834107	
532	1	C	10	N	2500	0	40	326	111	23	21	39	0	0	0	0	0	0	0	0	0	0	0	0	5834185	
533	1	C	10	N	2500	0	40	310	123	34	25	44	0	0	0	0	0	0	0	0	0	0	0	0	5834278	
534	1	C	10	N	2500	0	40	185	114	27	24	35	0	0	0	0	0	0	0	0	0	0	0	0	5834325	
535	1	C	10	N	2500	0	1	216	63	11	9	20	0	0	0	0	0	0	0	0	0	0	0	0	5834341	
536	1	C	10	N	2500	0	40	348	147	32	26	42	0	0	0	0	0	0	0	0	0	0	0	0	5834840	
537	1	C	10	N	2500	0	40	322	117	25	22	37	0	0	0	0	0	0	0	0	0	0	0	0	5834965	
538	1	C	10	N	2500	0	40	309	125	29	25	41	0	0	0	0	0	0	0	0	0	0	0	0	5835074	
539	1	C	10	N	2500	0	1	68	20	4	5	13	0	0	0	0	0	0	0	0	0	0	0	0	5835230	
540	1	C	10	N	2500	0	40	288	112	27	24	39	0	0	0	0	0	0	0	0	0	0	0	0	5835292	
541	1	C	10	N	2500	0	40	330	114	24	20	35	0	0	0	0	0	0	0	0	0	0	0	0	5835308	
542	1	C	10	N	2500	0	40	221	121	26	23	37	0	0	0	0	0	0	0	0	0	0	0	0	5835355	
543	1	C	10	N	2500	0	40	243	111	27	22	38	0	0	0	0	0	0	0	0	0	0	0	0	5835417	
544	1	C	10	N	2500	0	1	268	84	18	14	25	0	0	0	0	0	0	0	0	0	0	0	0	5835511	
545	1	C	10	N	2500	0	40	204	133	36	28	45	0	0	0	0	0	0	0	0	0	0	0	0	5835526	
546	1	C	10	N	2500	0	40	402	154	33	26	46	0	0	0	0	0	0	0	0	0	0	0	0	5835589	
547	1	C	10	N	2500	0	40	196	113	29	21	32	0	0	0	0	0	0	0	0	0	0	0	0	5835604	
548	1	C	10	N	2500	0	40	327	120	26	22	35	0	0	0	0	0	0	0	0	0	0	0	0	5835760	
549	1	C	10	N	2500	0	40	398	148	32	26	43	0	0	0	0	0	0	0	0	0	0	0	0	5836306	
550	1	C	10	N	2500	0	1	140	71	12	10	18	0	0	0	0	0	0	0	0	0	0	0	0	5836525	
551	1	C	10	N	2500	0	40	337	118	32	23	42	0	0	0	0	0	0	0	0	0	0	0	0	5836665	
552	1	C	10	N	2500	0	40	249	121	30	25	40	0	0	0	0	0	0	0	0	0	0	0	0	5836681	
553	1	C	10	N	2500	0	40	346	129	28	24	41	0	0	0	0	0	0	0	0	0	0	0	0	5837383	
554	1	C	10	N	2500	0	40	214	118	25	23	33	0	0	0	0	0	0	0	0	0	0	0	0	5837476	
555	1	C	10	N	2500	0	1	188	60	10	10	17	0	0	0	0	0	0	0	0	0	0	0	0	5837866	
556	1	C	10	N	2500	0	40	344	125	33	24	36	0	0	0	0	0	0	0	0	0	0	0	0	5838116	
557	1	C	10	N	2500	0	40	300	158	43	31	54	0	0	0	0	0	0	0	0	0	0	0	0	5838350	
558	1	C	11	N	2500	6	40	187	131	35	29	52	0	0	0	0	0	0	0	0	0	0	0	0	5847335	
559	1	C	12	N	2500	2	1	170	106	26	23	35	0	0	0	0	0	0	0	0	0	0	0	0	5859800	
560	1	C	12	N	2500	6	40	299	108	28	22	35	0	0	0	0	0	0	0	0	0	0	0	0	5861219	
561	1	C	12	N	2500	2	1	198	98	29	23	37	0	0	0	0	0	0	0	0	0	0	0	0	5861641	
562	1	C	12	N	2500	6	40	226	118	33	27	41	0	0	0	0	0	0	0	0	0	0	0	0	5861750	
563	1	C	12	N	2500	6	40	199	112	27	24	38	0	0	0	0	0	0	0	0	0	0	0	0	5862077	
564	1	C	12	N	2500	0	40	213	112	25	22	32	0	0	0	0	0	0	0	0	0	0	0	0	5862592	
565	1	C	12	N	2500	0	40	191	121	30	26	41	0	0	0	0	0	0	0	0	0	0	0	0	5862795	
566	1	C	12	N	2500	0	1	125	64	12	16	30	0	0	0	0	0	0	0	0	0	0	0	0	5863793	
567	1	C	12	N	2500	0	1	215	101	33	24	37	0	0	0	0	0	0	0	0	0	0	0	0	5863840	
568	1	C	12	N	2500	0	40	297	104	29	23	40	0	0	0	0	0	0	0	0	0	0	0	0	5864230	
569	1	C	12	N	2500	0	40	346	121	28	23	39	0	0	0	0	0	0	0	0	0	0	0	0	5864558	
570	1	C	12	N	2500	0	40	282	116	35	27	46	0	0	0	0	0	0	0	0	0	0	0	0	5864620	
571	1	C	12	N	2500	0	40	337	118	32	23	38	0	0	0	0	0	0	0	0	0	0	0	0	5864932	
572	1	C	12	N	2500	0	40	353	123	33	27	49	0	0	0	0	0	0	0	0	0	0	0	0	5864948	
573	1	C	12	N	2500	0	40	418	163	41	34	53	0	0	0	0	0	0	0	0	0	0	0	0	5865041	
574	1	C	12	N	2500	0	40	470	177	42	36	62	0	0	0	0	0	0	0	0	0	0	0	0	5865119	
575	1	C	12	N	2500	0	1	70	24	15	12	15	0	0	0	0	0	0	0	0	0	0	0	0	5865151	
576	1	C	12	N	2500	0	40	264	128	33	26	42	0	0	0	0	0	0	0	0	0	0	0	0	5865400	
577	1	C	12	N	2500	0	1	245	85	17	17	28	0	0	0	0	0	0	0	0	0	0	0	0	5865572	
578	1	C	12	N	2500	0	40	291	138	37	28	46	0	0	0	0	0	0	0	0	0	0	0	0	5865650	
579	1	C	12	N	2500	0	40	236	117	30	24	40	0	0	0	0	0	0	0	0	0	0	0	0	5865775	
580	1	C	12	N	2500	0	40	233	107	30	22	38	0	0	0	0	0	0	0	0	0	0	0	0	5866227	
581	1	C	12	N	2500	0	40	302	118	27	23	39	0	0	0	0	0	0	0	0	0	0	0	0	5866367	
582	1	C	12	N	2500	0	40	396	153	37	31	49	0	0	0	0	0	0	0	0	0	0	0	0	5866586	
583	1	D	1	N	2500	2	1	75	25	10	5	6	0	0	0	0	0	0	0	0	0	0	0	0	5880875	
584	1	D	1	N	2500	2	1	51	18	10	7	10	0	0	0	0	0	0	0	0	0	0	0	0	5882077	
585	1	D	1	N	2500	2	1	61	18	12	8	9	0	0	0	0	0	0	0	0	0	0	0	0	5882685	
586	1	D	2	N	2500	2	1	77	20	10	4	5	0	0	0	0	0	0	0	0	0	0	0	0	5890282	
587	1	D	2	N	2500	6	40	192	124	38	29	45	0	0	0	0	0	0	0	0	0	0	0	0	5890516	
588	1	D	2	N	2500	2	1	203	93	22	20	33	0	0	0	0	0	0	0	0	0	0	0	0	5890937	
589	1	D	2	N	2500	6	40	316	96	20	17	32	0	0	0	0	0	0	0	0	0	0	0	0	5891171	
590	1	D	2	N	2500	6	40	302	120	29	28	43	0	0	0	0	0	0	0	0	0	0	0	0	5891452	
591	1	D	2	N	2500	0	40	199	123	30	25	42	0	0	0	0	0	0	0	0	0	0	0	0	5891561	
592	1	D	2	N	2500	0	40	359	127	30	25	35	0	0	0	0	0	0	0	0	0	0	0	0	5891561	
593	1	D	2	N	2500	0	40	332	89	22	17	27	0	0	0	0	0	0	0	0	0	0	0	0	5891920	
594	1	D	2	N	2500	0	1	197	70	16	13	20	0	0	0	0	0	0	0	0	0	0	0	0	5892061	
595	1	D	2	N	2500	0	40	331	112	27	23	37	0	0	0	0	0	0	0	0	0	0	0	0	5892076	
596	1	D	2	N	2500	0	40	274	102	28	26	44	0	0	0	0	0	0	0	0	0	0	0	0	5892544	
597	1	D	2	N	2500	0	1	186	113	27	24	41	0	0	0	0	0	0	0	0	0	0	0	0	5892856	
598	1	D	2	N	2500	0	1	166	94	22	18	28	0	0	0	0	0	0	0	0	0	0	0	0	5892965	
599	1	D	2	N	2500	0	1	156	95	24	21	33	0	0	0	0	0	0	0	0	0	0	0	0	5892965	
600	1	D	2	N	2500	0	40	318	101	21	17	30	0	0	0	0	0	0	0	0	0	0	0	0	5892997	
601	1	D	2	N	2500	0	40	228	109	36	31	51	0	0	0	0	0	0	0	0	0	0	0	0	5893090	
602	1	D	2	N	2500	0	40	313	98	23	21	35	0	0	0	0	0	0	0	0	0	0	0	0	5893231	
603	1	D	2	N	2500	0	40	314	97	21	18	32	0	0	0	0	0	0	0	0	0	0	0	0	5893324	
604	1	D	2	N	2500	0	40	231	149	38	36	60	0	0	0	0	0	0	0	0	0	0	0	0	5893527	
605	1	D	2	N	2500	0	40	291	112	26	23	32	0	0	0	0	0	0	0	0	0	0	0	0	5893683	
606	1	D	2	N	2500	0	40	247	104	22	22	36	0	0	0	0	0	0	0	0	0	0	0	0	5893683	
607	1	D	2	N	2500	0	40	285	97	23	18	33	0	0	0	0	0	0	0	0	0	0	0	0	5893777	
608	1	D	2	N	2500	0	1	304	72	13	14	25	0	0	0	0	0	0	0	0	0	0	0	0	5894042	
609	1	D	2	N	2500	0	40	269	111	27	26	43	0	0	0	0	0	0	0	0	0	0	0	0	5894338	
610	1	D	2	N	2500	0	1	160	91	21	18	24	0	0	0	0	0	0	0	0	0	0	0	0	5894869	
611	1	D	2	N	2500	0	1	225	80	15	16	26	0	0	0	0	0	0	0	0	0	0	0	0	5894900	
612	1	D	2	N	2500	0	40	246	120	34	28	45	0	0	0	0	0	0	0	0	0	0	0	0	5894947	
613	1	D	2	N	2500	0	1	181	92	17	13	24	0	0	0	0	0	0	0	0	0	0	0	0	5895165	
614	1	D	2	N	2500	0	1	168	106	25	23	36	0	0	0	0	0	0	0	0	0	0	0	0	5895196	
615	1	D	2	N	2500	0	40	320	129	31	26	45	0	0	0	0	0	0	0	0	0	0	0	0	5895446	
616	1	D	2	N	2500	0	40	305	96	25	19	33	0	0	0	0	0	0	0	0	0	0	0	0	5895446	
617	1	D	2	N	2500	0	40	239	102	25	23	34	0	0	0	0	0	0	0	0	0	0	0	0	5895664	
618	1	D	2	N	2500	0	40	351	136	34	30	49	0	0	0	0	0	0	0	0	0	0	0	0	5895711	
619	1	D	2	N	2500	0	40	349	118	27	27	41	0	0	0	0	0	0	0	0	0	0	0	0	5895820	
620	1	D	2	N	2500	0	40	354	137	34	31	51	0	0	0	0	0	0	0	0	0	0	0	0	5895883	
621	1	D	2	N	2500	0	40	274	92	21	21	38	0	0	0	0	0	0	0	0	0	0	0	0	5895976	
622	1	D	2	N	2500	0	40	324	95	22	17	32	0	0	0	0	0	0	0	0	0	0	0	0	5896117	
623	1	D	2	N	2500	0	1	50	8	2	3	8	0	0	0	0	0	0	0	0	0	0	0	0	5896163	
624	1	D	2	N	2500	0	1	147	97	29	24	42	0	0	0	0	0	0	0	0	0	0	0	0	5896210	
625	1	D	2	N	2500	0	40	299	97	23	21	33	0	0	0	0	0	0	0	0	0	0	0	0	5896273	
626	1	D	2	N	2500	0	1	239	85	16	15	21	0	0	0	0	0	0	0	0	0	0	0	0	5897193	
627	1	D	3	N	2500	2	1	168	100	22	21	36	0	0	0	0	0	0	0	0	0	0	0	0	5905336	
628	1	D	4	N	2500	2	1	142	35	4	5	10	0	0	0	0	0	0	0	0	0	0	0	0	5919173	
629	1	D	4	N	2500	2	1	140	59	11	10	17	0	0	0	0	0	0	0	0	0	0	0	0	5921155	
630	1	D	4	N	2500	6	40	280	89	19	15	25	0	0	0	0	0	0	0	0	0	0	0	0	5921170	
631	1	D	4	N	2500	6	40	324	104	22	19	29	0	0	0	0	0	0	0	0	0	0	0	0	5921295	
632	1	D	4	N	2500	2	1	295	82	18	14	22	0	0	0	0	0	0	0	0	0	0	0	0	5921591	
633	1	D	4	N	2500	2	1	285	84	16	14	24	0	0	0	0	0	0	0	0	0	0	0	0	5921732	
634	1	D	4	N	2500	6	40	355	118	32	22	34	0	0	0	0	0	0	0	0	0	0	0	0	5921872	
635	1	D	4	N	2500	0	40	213	125	31	27	44	0	0	0	0	0	0	0	0	0	0	0	0	5922044	
636	1	D	4	N	2500	0	40	361	116	25	21	31	0	0	0	0	0	0	0	0	0	0	0	0	5922403	
637	1	D	4	N	2500	0	1	83	33	47	69	118	0	0	0	0	0	0	0	0	0	0	0	0	5922512	
638	1	D	4	N	2500	0	40	380	143	36	27	43	0	0	0	0	0	0	0	0	0	0	0	0	5922606	
639	1	D	4	N	2500	0	40	295	85	17	15	25	0	0	0	0	0	0	0	0	0	0	0	0	5922606	
640	1	D	4	N	2500	0	1	196	85	20	16	25	0	0	0	0	0	0	0	0	0	0	0	0	5922621	
641	1	D	4	N	2500	0	40	301	89	20	14	24	0	0	0	0	0	0	0	0	0	0	0	0	5922652	
642	1	D	4	N	2500	0	1	252	73	14	10	19	0	0	0	0	0	0	0	0	0	0	0	0	5922762	
643	1	D	4	N	2500	0	1	175	70	17	15	25	0	0	0	0	0	0	0	0	0	0	0	0	5922980	
644	1	D	4	N	2500	0	1	208	92	15	15	23	0	0	0	0	0	0	0	0	0	0	0	0	5923276	
645	1	D	4	N	2500	0	1	272	81	15	13	21	0	0	0	0	0	0	0	0	0	0	0	0	5923292	
646	1	D	4	N	2500	0	40	264	109	26	22	32	0	0	0	0	0	0	0	0	0	0	0	0	5923308	
647	1	D	4	N	2500	0	40	292	130	32	25	39	0	0	0	0	0	0	0	0	0	0	0	0	5923370	
648	1	D	4	N	2500	0	40	327	122	27	22	39	0	0	0	0	0	0	0	0	0	0	0	0	5923417	
649	1	D	4	N	2500	0	40	286	88	18	15	23	0	0	0	0	0	0	0	0	0	0	0	0	5923479	
650	1	D	4	N	2500	0	1	225	81	15	13	21	0	0	0	0	0	0	0	0	0	0	0	0	5923479	
651	1	D	4	N	2500	0	1	135	63	11	9	15	0	0	0	0	0	0	0	0	0	0	0	0	5923713	
652	1	D	4	N	2500	0	1	217	96	18	16	20	0	0	0	0	0	0	0	0	0	0	0	0	5923822	
653	1	D	4	N	2500	0	40	272	107	25	19	31	0	0	0	0	0	0	0	0	0	0	0	0	5923885	
654	1	D	4	N	2500	0	40	267	104	22	18	32	0	0	0	0	0	0	0	0	0	0	0	0	5923963	
655	1	D	4	N	2500	0	40	262	127	31	24	38	0	0	0	0	0	0	0	0	0	0	0	0	5924010	
656	1	D	4	N	2500	0	40	255	122	31	25	41	0	0	0	0	0	0	0	0	0	0	0	0	5924056	
657	1	D	4	N	2500	0	1	146	79	21	16	25	0	0	0	0	0	0	0	0	0	0	0	0	5924056	
658	1	D	4	N	2500	0	40	248	113	25	23	36	0	0	0	0	0	0	0	0	0	0	0	0	5924056	
659	1	D	4	N	2500	0	40	340	127	27	23	39	0	0	0	0	0	0	0	0	0	0	0	0	5924181	
660	1	D	4	N	2500	0	40	288	84	14	13	23	0	0	0	0	0	0	0	0	0	0	0	0	5924228	
661	1	D	4	N	2500	0	1	180	91	25	19	28	0	0	0	0	0	0	0	0	0	0	0	0	5924259	
662	1	D	4	N	2500	0	40	335	126	26	23	40	0	0	0	0	0	0	0	0	0	0	0	0	5924322	
663	1	D	4	N	2500	0	1	171	36	7	8	15	0	0	0	0	0	0	0	0	0	0	0	0	5924415	
664	1	D	4	N	2500	0	40	270	110	22	19	28	0	0	0	0	0	0	0	0	0	0	0	0	5924431	
665	1	D	4	N	2500	0	40	272	101	21	16	27	0	0	0	0	0	0	0	0	0	0	0	0	5924493	
666	1	D	4	N	2500	0	1	168	67	16	13	20	0	0	0	0	0	0	0	0	0	0	0	0	5924556	
667	1	D	4	N	2500	0	1	175	64	12	11	18	0	0	0	0	0	0	0	0	0	0	0	0	5924665	
668	1	D	4	N	2500	0	40	315	109	26	20	33	0	0	0	0	0	0	0	0	0	0	0	0	5924680	
669	1	D	4	N	2500	0	40	232	134	36	28	48	0	0	0	0	0	0	0	0	0	0	0	0	5924790	
670	1	D	4	N	2500	0	1	180	113	30	27	41	0	0	0	0	0	0	0	0	0	0	0	0	5924790	
671	1	D	4	N	2500	0	1	301	75	16	11	19	0	0	0	0	0	0	0	0	0	0	0	0	5925086	
672	1	D	4	N	2500	0	40	233	134	32	24	42	0	0	0	0	0	0	0	0	0	0	0	0	5925195	
673	1	D	4	N	2500	0	1	159	69	13	11	20	0	0	0	0	0	0	0	0	0	0	0	0	5925289	
674	1	D	4	N	2500	0	40	265	94	18	17	27	0	0	0	0	0	0	0	0	0	0	0	0	5925382	
675	1	D	4	N	2500	0	40	192	112	28	25	39	0	0	0	0	0	0	0	0	0	0	0	0	5925585	
676	1	D	4	N	2500	0	1	121	30	5	5	12	0	0	0	0	0	0	0	0	0	0	0	0	5925710	
677	1	D	4	N	2500	0	1	168	71	15	13	24	0	0	0	0	0	0	0	0	0	0	0	0	5925960	
678	1	D	5	N	2500	6	40	299	124	30	22	36	0	0	0	0	0	0	0	0	0	0	0	0	5935507	
679	1	D	5	N	2500	2	1	234	76	14	16	28	0	0	0	0	0	0	0	0	0	0	0	0	5937909	
680	1	D	5	N	2500	2	1	84	15	2	4	7	0	0	0	0	0	0	0	0	0	0	0	0	5938533	
681	1	D	6	N	2500	6	40	244	140	39	34	49	0	0	0	0	0	0	0	0	0	0	0	0	5947737	
682	1	D	6	N	2500	6	40	368	147	36	31	48	0	0	0	0	0	0	0	0	0	0	0	0	5948860	
683	1	D	6	N	2500	6	40	320	128	38	27	42	0	0	0	0	0	0	0	0	0	0	0	0	5949172	
684	1	D	6	N	2500	0	40	359	121	33	24	39	0	0	0	0	0	0	0	0	0	0	0	0	5949687	
685	1	D	6	N	2500	0	40	362	150	34	27	44	0	0	0	0	0	0	0	0	0	0	0	0	5949781	
686	1	D	6	N	2500	0	40	429	164	39	30	48	0	0	0	0	0	0	0	0	0	0	0	0	5950249	
687	1	D	6	N	2500	0	40	318	130	36	31	47	0	0	0	0	0	0	0	0	0	0	0	0	5950342	
688	1	D	6	N	2500	0	40	222	114	35	26	40	0	0	0	0	0	0	0	0	0	0	0	0	5950420	
689	1	D	6	N	2500	0	40	219	135	36	26	44	0	0	0	0	0	0	0	0	0	0	0	0	5950514	
690	1	D	6	N	2500	0	40	225	119	37	27	44	0	0	0	0	0	0	0	0	0	0	0	0	5950545	
691	1	D	6	N	2500	0	40	347	140	33	27	42	0	0	0	0	0	0	0	0	0	0	0	0	5951356	
692	1	D	6	N	2500	0	40	348	144	33	27	43	0	0	0	0	0	0	0	0	0	0	0	0	5951559	
693	1	D	6	N	2500	0	40	302	99	23	19	35	0	0	0	0	0	0	0	0	0	0	0	0	5951622	
694	1	D	6	N	2500	0	40	353	132	30	23	40	0	0	0	0	0	0	0	0	0	0	0	0	5952277	
695	1	D	6	N	2500	0	40	445	184	47	35	57	0	0	0	0	0	0	0	0	0	0	0	0	5952604	
696	1	D	6	N	2500	0	40	272	109	29	24	36	0	0	0	0	0	0	0	0	0	0	0	0	5952698	
697	1	D	6	N	2500	0	40	396	141	39	28	45	0	0	0	0	0	0	0	0	0	0	0	0	5952932	
698	1	D	6	N	2500	0	1	190	65	16	12	19	0	0	0	0	0	0	0	0	0	0	0	0	5953182	
699	1	D	6	N	2500	0	40	203	134	34	31	46	0	0	0	0	0	0	0	0	0	0	0	0	5954133	
700	1	D	6	N	2500	0	40	250	102	29	26	42	0	0	0	0	0	0	0	0	0	0	0	0	5955100	
701	1	D	8	N	2500	2	1	170	47	12	8	13	0	0	0	0	0	0	0	0	0	0	0	0	5976488	
702	1	D	8	N	2500	33	1	127	58	14	10	19	0	0	0	0	0	0	0	0	0	0	0	0	5976488	
703	1	D	8	N	2500	2	1	177	106	25	21	30	0	0	0	0	0	0	0	0	0	0	0	0	5976956	
704	1	D	8	N	2500	2	1	199	83	22	17	27	0	0	0	0	0	0	0	0	0	0	0	0	5977658	
705	1	D	8	N	2500	2	1	202	97	25	21	32	0	0	0	0	0	0	0	0	0	0	0	0	5978079	
706	1	D	8	N	2500	6	40	223	112	36	30	46	0	0	0	0	0	0	0	0	0	0	0	0	5978095	
707	1	D	8	N	2500	6	40	288	98	22	18	25	0	0	0	0	0	0	0	0	0	0	0	0	5978344	
708	1	D	8	N	2500	6	40	271	100	20	18	30	0	0	0	0	0	0	0	0	0	0	0	0	5978376	
709	1	D	8	N	2500	0	40	293	126	28	21	36	0	0	0	0	0	0	0	0	0	0	0	0	5978547	
710	1	D	8	N	2500	0	40	325	115	26	19	32	0	0	0	0	0	0	0	0	0	0	0	0	5979000	
711	1	D	8	N	2500	0	40	311	142	38	29	45	0	0	0	0	0	0	0	0	0	0	0	0	5979109	
712	1	D	8	N	2500	0	40	332	114	26	20	34	0	0	0	0	0	0	0	0	0	0	0	0	5979327	
713	1	D	8	N	2500	0	40	341	147	36	28	50	0	0	0	0	0	0	0	0	0	0	0	0	5979514	
714	1	D	8	N	2500	0	40	206	147	43	30	48	0	0	0	0	0	0	0	0	0	0	0	0	5979608	
715	1	D	8	N	2500	0	40	216	134	40	30	44	0	0	0	0	0	0	0	0	0	0	0	0	5979764	
716	1	D	8	N	2500	0	40	325	126	31	23	36	0	0	0	0	0	0	0	0	0	0	0	0	5979982	
717	1	D	8	N	2500	0	40	282	118	25	21	34	0	0	0	0	0	0	0	0	0	0	0	0	5980575	
718	1	D	8	N	2500	0	1	159	59	20	16	24	0	0	0	0	0	0	0	0	0	0	0	0	5980762	
719	1	D	8	N	2500	0	40	327	125	35	23	34	0	0	0	0	0	0	0	0	0	0	0	0	5981964	
720	1	D	8	N	2500	0	1	84	21	5	5	14	0	0	0	0	0	0	0	0	0	0	0	0	5982026	
721	1	D	8	N	2500	0	40	341	117	26	21	28	0	0	0	0	0	0	0	0	0	0	0	0	5982494	
722	1	D	8	N	2500	0	40	231	115	25	22	36	0	0	0	0	0	0	0	0	0	0	0	0	5982556	
723	1	D	10	N	2500	2	1	76	23	5	6	10	0	0	0	0	0	0	0	0	0	0	0	0	6005379	
724	1	D	10	N	2500	6	40	248	127	37	29	42	0	0	0	0	0	0	0	0	0	0	0	0	6005629	
725	1	D	10	N	2500	6	40	301	116	24	20	39	0	0	0	0	0	0	0	0	0	0	0	0	6007532	
726	1	D	10	N	2500	6	40	367	142	38	29	50	0	0	0	0	0	0	0	0	0	0	0	0	6008125	
727	1	D	10	N	2500	0	40	294	117	28	20	32	0	0	0	0	0	0	0	0	0	0	0	0	6008499	
728	1	D	10	N	2500	0	40	388	158	36	28	48	0	0	0	0	0	0	0	0	0	0	0	0	6008733	
729	1	D	10	N	2500	0	1	114	50	10	10	16	0	0	0	0	0	0	0	0	0	0	0	0	6008764	
730	1	D	10	N	2500	0	1	159	94	22	18	29	0	0	0	0	0	0	0	0	0	0	0	0	6008952	
731	1	D	10	N	2500	0	1	131	84	24	18	31	0	0	0	0	0	0	0	0	0	0	0	0	6009576	
732	1	D	10	N	2500	0	40	296	104	21	19	34	0	0	0	0	0	0	0	0	0	0	0	0	6009732	
733	1	D	10	N	2500	0	1	61	32	6	6	9	0	0	0	0	0	0	0	0	0	0	0	0	6009810	
734	1	D	10	N	2500	0	1	140	49	8	7	11	0	0	0	0	0	0	0	0	0	0	0	0	6009810	
735	1	D	10	N	2500	0	40	181	128	34	29	52	0	0	0	0	0	0	0	0	0	0	0	0	6010215	
736	1	D	11	N	2500	6	40	330	119	32	24	37	0	0	0	0	0	0	0	0	0	0	0	0	6024193	
737	1	D	12	N	2500	6	40	317	133	38	27	45	0	0	0	0	0	0	0	0	0	0	0	0	6034442	
738	1	D	12	N	2500	6	40	315	118	27	24	41	0	0	0	0	0	0	0	0	0	0	0	0	6035222	
739	1	D	12	N	2500	2	1	189	110	31	24	42	0	0	0	0	0	0	0	0	0	0	0	0	6035456	
740	1	D	12	N	2500	6	40	223	127	40	31	48	0	0	0	0	0	0	0	0	0	0	0	0	6035596	
741	1	D	12	N	2500	0	1	206	99	28	22	36	0	0	0	0	0	0	0	0	0	0	0	0	6036252	
742	1	D	12	N	2500	0	40	391	133	32	23	43	0	0	0	0	0	0	0	0	0	0	0	0	6036455	
743	1	D	12	N	2500	0	40	249	129	36	28	50	0	0	0	0	0	0	0	0	0	0	0	0	6036486	
744	1	D	12	N	2500	0	40	325	135	33	29	46	0	0	0	0	0	0	0	0	0	0	0	0	6036813	
745	1	D	12	N	2500	0	1	52	9	3	3	11	0	0	0	0	0	0	0	0	0	0	0	0	6036829	
746	1	D	12	N	2500	0	1	204	107	23	22	37	0	0	0	0	0	0	0	0	0	0	0	0	6036860	
747	1	D	12	N	2500	0	40	422	137	29	23	38	0	0	0	0	0	0	0	0	0	0	0	0	6036938	
748	1	D	12	N	2500	0	40	349	144	40	31	50	0	0	0	0	0	0	0	0	0	0	0	0	6037172	
749	1	D	12	N	2500	0	1	124	80	17	15	25	0	0	0	0	0	0	0	0	0	0	0	0	6037812	
750	1	D	12	N	2500	0	40	399	166	41	33	56	0	0	0	0	0	0	0	0	0	0	0	0	6037859	
751	1	D	12	N	2500	0	40	264	133	34	28	48	0	0	0	0	0	0	0	0	0	0	0	0	6038061	
752	1	D	12	N	2500	0	1	194	98	22	20	36	0	0	0	0	0	0	0	0	0	0	0	0	6038186	
753	1	D	12	N	2500	0	40	338	122	31	24	38	0	0	0	0	0	0	0	0	0	0	0	0	6038451	
754	1	D	12	N	2500	0	40	343	119	28	22	37	0	0	0	0	0	0	0	0	0	0	0	0	6039013	
755	1	D	12	N	2500	0	1	168	83	24	17	35	0	0	0	0	0	0	0	0	0	0	0	0	6039185	
756	1	D	12	N	2500	0	40	344	111	26	20	38	0	0	0	0	0	0	0	0	0	0	0	0	6039185	
757	1	D	12	N	2500	0	40	304	85	17	15	24	0	0	0	0	0	0	0	0	0	0	0	0	6040776	
758	1	E	2	N	2500	6	40	236	100	28	24	42	0	0	0	0	0	0	0	0	0	0	0	0	6064815	
759	1	E	2	N	2500	6	40	276	100	24	22	34	0	0	0	0	0	0	0	0	0	0	0	0	6064925	
760	1	E	2	N	2500	6	40	282	107	25	19	29	0	0	0	0	0	0	0	0	0	0	0	0	6066329	
761	1	E	2	N	2500	0	1	164	45	8	8	14	0	0	0	0	0	0	0	0	0	0	0	0	6066703	
762	1	E	2	N	2500	0	40	357	149	35	27	41	0	0	0	0	0	0	0	0	0	0	0	0	6066797	
763	1	E	2	N	2500	0	40	373	124	26	23	42	0	0	0	0	0	0	0	0	0	0	0	0	6067982	
764	1	E	2	N	2500	0	40	339	120	26	20	30	0	0	0	0	0	0	0	0	0	0	0	0	6067998	
765	1	E	2	N	2500	0	40	326	118	31	23	36	0	0	0	0	0	0	0	0	0	0	0	0	6068544	
766	1	E	2	N	2500	0	40	263	126	31	24	36	0	0	0	0	0	0	0	0	0	0	0	0	6068934	
767	1	E	2	N	2500	0	40	306	101	27	18	27	0	0	0	0	0	0	0	0	0	0	0	0	6069027	
768	1	E	2	N	2500	0	40	387	128	30	25	43	0	0	0	0	0	0	0	0	0	0	0	0	6069027	
769	1	E	2	N	2500	0	40	298	110	23	19	29	0	0	0	0	0	0	0	0	0	0	0	0	6069246	
770	1	E	2	N	2500	0	40	248	157	45	31	51	0	0	0	0	0	0	0	0	0	0	0	0	6069277	
771	1	E	2	N	2500	0	1	176	103	24	21	34	0	0	0	0	0	0	0	0	0	0	0	0	6069589	
772	1	E	2	N	2500	0	1	177	84	25	17	26	0	0	0	0	0	0	0	0	0	0	0	0	6069807	
773	1	E	2	N	2500	0	40	227	125	31	25	43	0	0	0	0	0	0	0	0	0	0	0	0	6069963	
774	1	E	2	N	2500	0	1	203	78	15	15	23	0	0	0	0	0	0	0	0	0	0	0	0	6070088	
775	1	E	2	N	2500	0	40	295	97	24	18	30	0	0	0	0	0	0	0	0	0	0	0	0	6070151	
776	1	E	2	N	2500	0	40	254	119	31	23	34	0	0	0	0	0	0	0	0	0	0	0	0	6070447	
777	1	E	2	N	2500	0	40	267	118	33	25	40	0	0	0	0	0	0	0	0	0	0	0	0	6070509	
778	1	E	2	N	2500	0	1	177	81	19	14	19	0	0	0	0	0	0	0	0	0	0	0	0	6071570	
779	1	E	2	N	2500	0	40	169	122	27	24	33	0	0	0	0	0	0	0	0	0	0	0	0	6071835	
780	1	E	3	N	2500	2	1	178	87	25	20	33	0	0	0	0	0	0	0	0	0	0	0	0	6079869	
781	1	E	4	N	2500	2	1	70	15	3	4	7	0	0	0	0	0	0	0	0	0	0	0	0	6093410	
782	1	E	4	N	2500	2	1	215	57	13	12	28	0	0	0	0	0	0	0	0	0	0	0	0	6093691	
783	1	E	4	N	2500	2	1	84	16	4	5	13	0	0	0	0	0	0	0	0	0	0	0	0	6094783	
784	1	E	4	N	2500	6	40	387	138	29	25	42	0	0	0	0	0	0	0	0	0	0	0	0	6094845	
785	1	E	4	N	2500	2	1	152	65	13	11	23	0	0	0	0	0	0	0	0	0	0	0	0	6094845	
786	1	E	4	N	2500	6	40	323	130	29	23	37	0	0	0	0	0	0	0	0	0	0	0	0	6094986	
787	1	E	4	N	2500	6	40	238	110	32	24	38	0	0	0	0	0	0	0	0	0	0	0	0	6095688	
788	1	E	4	N	2500	0	1	204	62	12	11	22	0	0	0	0	0	0	0	0	0	0	0	0	6095984	
789	1	E	4	N	2500	0	1	138	31	5	6	16	0	0	0	0	0	0	0	0	0	0	0	0	6096249	
790	1	E	4	N	2500	0	40	242	120	33	28	44	0	0	0	0	0	0	0	0	0	0	0	0	6096546	
791	1	E	4	N	2500	0	40	349	131	38	26	45	0	0	0	0	0	0	0	0	0	0	0	0	6096561	
792	1	E	4	N	2500	0	1	201	53	9	9	21	0	0	0	0	0	0	0	0	0	0	0	0	6096983	
793	1	E	4	N	2500	0	1	69	14	2	3	9	0	0	0	0	0	0	0	0	0	0	0	0	6097263	
794	1	E	4	N	2500	0	40	228	121	28	23	34	0	0	0	0	0	0	0	0	0	0	0	0	6097903	
795	1	E	4	N	2500	0	40	218	140	31	25	36	0	0	0	0	0	0	0	0	0	0	0	0	6097965	
796	1	E	4	N	2500	0	40	301	126	35	26	43	0	0	0	0	0	0	0	0	0	0	0	0	6098059	
797	1	E	4	N	2500	0	1	54	16	3	3	9	0	0	0	0	0	0	0	0	0	0	0	0	6098355	
798	1	E	4	N	2500	0	40	186	116	25	22	30	0	0	0	0	0	0	0	0	0	0	0	0	6098511	
799	1	E	4	N	2500	0	40	322	115	26	20	35	0	0	0	0	0	0	0	0	0	0	0	0	6098917	
800	1	E	4	N	2500	0	1	100	22	4	5	15	0	0	0	0	0	0	0	0	0	0	0	0	6099104	
801	1	E	4	N	2500	0	40	229	114	26	21	30	0	0	0	0	0	0	0	0	0	0	0	0	6099135	
802	1	E	4	N	2500	0	1	51	14	3	4	11	0	0	0	0	0	0	0	0	0	0	0	0	6099650	
803	1	E	4	N	2500	0	40	272	126	30	25	43	0	0	0	0	0	0	0	0	0	0	0	0	6099759	
804	1	E	5	N	2500	6	40	363	123	29	22	38	0	0	0	0	0	0	0	0	0	0	0	0	6109977	
805	1	E	6	N	2500	6	40	196	133	36	27	42	0	0	0	0	0	0	0	0	0	0	0	0	6123159	
806	1	E	6	N	2500	6	40	235	121	37	29	45	0	0	0	0	0	0	0	0	0	0	0	0	6123674	
807	1	E	6	N	2500	6	40	185	130	35	28	46	0	0	0	0	0	0	0	0	0	0	0	0	6124080	
808	1	E	6	N	2500	0	40	314	102	23	20	29	0	0	0	0	0	0	0	0	0	0	0	0	6124314	
809	1	E	6	N	2500	0	40	359	143	38	32	50	0	0	0	0	0	0	0	0	0	0	0	0	6124844	
810	1	E	6	N	2500	0	40	286	119	28	26	42	0	0	0	0	0	0	0	0	0	0	0	0	6124860	
811	1	E	6	N	2500	0	40	286	90	19	16	24	0	0	0	0	0	0	0	0	0	0	0	0	6125390	
812	1	E	6	N	2500	0	40	299	103	24	22	34	0	0	0	0	0	0	0	0	0	0	0	0	6125499	
813	1	E	6	N	2500	0	40	442	173	36	33	56	0	0	0	0	0	0	0	0	0	0	0	0	6125546	
814	1	E	6	N	2500	0	40	329	125	27	22	37	0	0	0	0	0	0	0	0	0	0	0	0	6125765	
815	1	E	6	N	2500	0	40	217	130	35	29	48	0	0	0	0	0	0	0	0	0	0	0	0	6126248	
816	1	E	6	N	2500	0	40	337	128	31	25	43	0	0	0	0	0	0	0	0	0	0	0	0	6126467	
817	1	E	6	N	2500	0	40	220	138	38	31	54	0	0	0	0	0	0	0	0	0	0	0	0	6126529	
818	1	E	6	N	2500	0	1	185	57	11	11	20	0	0	0	0	0	0	0	0	0	0	0	0	6126685	
819	1	E	6	N	2500	0	40	216	112	25	23	34	0	0	0	0	0	0	0	0	0	0	0	0	6126732	
820	1	E	6	N	2500	0	40	325	118	25	22	36	0	0	0	0	0	0	0	0	0	0	0	0	6127169	
821	1	E	6	N	2500	0	40	414	152	34	27	43	0	0	0	0	0	0	0	0	0	0	0	0	6127200	
822	1	E	6	N	2500	0	40	249	137	33	31	45	0	0	0	0	0	0	0	0	0	0	0	0	6127387	
823	1	E	7	N	2500	6	40	201	113	23	18	29	0	0	0	0	0	0	0	0	0	0	0	0	6139415	
824	1	E	8	N	2500	6	40	354	110	25	17	27	0	0	0	0	0	0	0	0	0	0	0	0	6151286	
825	1	E	8	N	2500	6	40	346	142	37	28	40	0	0	0	0	0	0	0	0	0	0	0	0	6151988	
826	1	E	8	N	2500	6	40	276	115	30	26	41	0	0	0	0	0	0	0	0	0	0	0	0	6152441	
827	1	E	8	N	2500	0	40	336	138	30	25	38	0	0	0	0	0	0	0	0	0	0	0	0	6153283	
828	1	E	8	N	2500	0	40	247	148	35	29	48	0	0	0	0	0	0	0	0	0	0	0	0	6154157	
829	1	E	8	N	2500	0	40	219	129	33	28	43	0	0	0	0	0	0	0	0	0	0	0	0	6154204	
830	1	E	8	N	2500	0	40	236	123	28	25	38	0	0	0	0	0	0	0	0	0	0	0	0	6154765	
831	1	E	8	N	2500	0	40	365	156	36	29	45	0	0	0	0	0	0	0	0	0	0	0	0	6156497	
832	1	E	9	N	2500	2	1	113	59	17	3	9	0	0	0	0	0	0	0	0	0	0	0	0	6167729	
833	1	E	10	N	2500	2	1	172	74	19	15	24	0	0	0	0	0	0	0	0	0	0	0	0	6180521	
834	1	E	10	N	2500	6	40	340	109	18	17	28	0	0	0	0	0	0	0	0	0	0	0	0	6182580	
835	1	E	10	N	2500	6	40	274	112	22	20	32	0	0	0	0	0	0	0	0	0	0	0	0	6182627	
836	1	E	10	N	2500	6	40	339	114	20	18	34	0	0	0	0	0	0	0	0	0	0	0	0	6182939	
837	1	E	10	N	2500	0	40	234	118	24	20	32	0	0	0	0	0	0	0	0	0	0	0	0	6183188	
838	1	E	10	N	2500	0	1	127	62	9	8	18	0	0	0	0	0	0	0	0	0	0	0	0	6184078	
839	1	E	10	N	2500	0	1	196	51	9	7	15	0	0	0	0	0	0	0	0	0	0	0	0	6185107	
840	1	E	10	N	2500	0	40	236	102	23	18	31	0	0	0	0	0	0	0	0	0	0	0	0	6185138	
841	1	E	10	N	2500	0	1	191	86	14	11	20	0	0	0	0	0	0	0	0	0	0	0	0	6185872	
842	1	E	10	N	2500	0	40	337	108	24	18	33	0	0	0	0	0	0	0	0	0	0	0	0	6185965	
843	1	E	10	N	2500	0	1	247	92	17	14	27	0	0	0	0	0	0	0	0	0	0	0	0	6186496	
844	1	E	11	N	2500	2	1	251	65	11	10	18	0	0	0	0	0	0	0	0	0	0	0	0	6199038	
845	1	E	12	N	2500	6	40	331	132	32	28	48	0	0	0	0	0	0	0	0	0	0	0	0	6208741	
846	1	E	12	N	2500	6	40	317	112	32	24	39	0	0	0	0	0	0	0	0	0	0	0	0	6208757	
847	1	E	12	N	2500	6	40	340	112	25	22	37	0	0	0	0	0	0	0	0	0	0	0	0	6208882	
848	1	E	12	N	2500	0	40	255	138	40	31	49	0	0	0	0	0	0	0	0	0	0	0	0	6209459	
849	1	E	12	N	2500	0	1	143	33	8	7	9	0	0	0	0	0	0	0	0	0	0	0	0	6209568	
850	1	E	12	N	2500	0	1	143	44	10	9	15	0	0	0	0	0	0	0	0	0	0	0	0	6209568	
851	1	E	12	N	2500	0	40	304	118	30	25	44	0	0	0	0	0	0	0	0	0	0	0	0	6209630	
852	1	E	12	N	2500	0	40	205	142	40	30	49	0	0	0	0	0	0	0	0	0	0	0	0	6209896	
853	1	E	12	N	2500	0	40	403	150	39	32	49	0	0	0	0	0	0	0	0	0	0	0	0	6209911	
854	1	E	12	N	2500	0	1	183	107	28	22	36	0	0	0	0	0	0	0	0	0	0	0	0	6209911	
855	1	E	12	N	2500	0	40	202	136	33	29	47	0	0	0	0	0	0	0	0	0	0	0	0	6209942	
856	1	E	12	N	2500	0	40	208	134	37	31	49	0	0	0	0	0	0	0	0	0	0	0	0	6210691	
857	1	E	12	N	2500	0	40	210	126	31	26	41	0	0	0	0	0	0	0	0	0	0	0	0	6210754	
858	1	E	12	N	2500	0	40	237	110	34	26	42	0	0	0	0	0	0	0	0	0	0	0	0	6210769	
859	1	E	12	N	2500	0	40	232	141	42	32	51	0	0	0	0	0	0	0	0	0	0	0	0	6211066	
860	1	E	12	N	2500	0	1	179	104	32	25	40	0	0	0	0	0	0	0	0	0	0	0	0	6211378	
861	1	E	12	N	2500	0	40	434	163	48	39	60	0	0	0	0	0	0	0	0	0	0	0	0	6211393	
862	1	E	12	N	2500	0	1	176	74	26	23	37	0	0	0	0	0	0	0	0	0	0	0	0	6211487	
863	1	E	12	N	2500	0	40	333	114	33	23	37	0	0	0	0	0	0	0	0	0	0	0	0	6211877	
864	1	E	12	N	2500	0	40	283	125	36	29	48	0	0	0	0	0	0	0	0	0	0	0	0	6212002	
865	1	E	12	N	2500	0	1	200	92	20	14	22	0	0	0	0	0	0	0	0	0	0	0	0	6212033	
866	1	E	12	N	2500	0	40	224	106	34	24	39	0	0	0	0	0	0	0	0	0	0	0	0	6212204	
867	1	E	12	N	2500	0	40	249	124	27	24	39	0	0	0	0	0	0	0	0	0	0	0	0	6212220	
868	1	E	12	N	2500	0	40	246	140	40	34	48	0	0	0	0	0	0	0	0	0	0	0	0	6212407	
869	1	E	12	N	2500	0	40	389	190	58	40	64	0	0	0	0	0	0	0	0	0	0	0	0	6212594	
870	1	E	12	N	2500	0	40	375	138	34	28	44	0	0	0	0	0	0	0	0	0	0	0	0	6212594	
871	1	E	12	N	2500	0	40	356	121	31	25	42	0	0	0	0	0	0	0	0	0	0	0	0	6212610	
872	1	E	12	N	2500	0	40	322	126	38	26	43	0	0	0	0	0	0	0	0	0	0	0	0	6212797	
873	1	E	12	N	2500	0	40	323	120	33	27	46	0	0	0	0	0	0	0	0	0	0	0	0	6213047	
874	1	E	12	N	2500	0	40	325	133	33	27	38	0	0	0	0	0	0	0	0	0	0	0	0	6213078	
875	1	E	12	N	2500	0	40	348	155	42	33	49	0	0	0	0	0	0	0	0	0	0	0	0	6213125	
876	1	E	12	N	2500	0	1	167	103	42	31	50	0	0	0	0	0	0	0	0	0	0	0	0	6213125	
877	1	E	12	N	2500	0	40	336	133	33	26	46	0	0	0	0	0	0	0	0	0	0	0	0	6213187	
878	1	E	12	N	2500	0	40	172	130	33	31	53	0	0	0	0	0	0	0	0	0	0	0	0	6213499	
879	1	E	12	N	2500	0	40	243	141	47	36	58	0	0	0	0	0	0	0	0	0	0	0	0	6213530	
880	1	E	12	N	2500	0	40	314	166	51	36	61	0	0	0	0	0	0	0	0	0	0	0	0	6213749	
881	1	E	12	N	2500	0	40	337	118	33	27	40	0	0	0	0	0	0	0	0	0	0	0	0	6214123	
882	1	E	12	N	2500	0	40	307	114	26	23	36	0	0	0	0	0	0	0	0	0	0	0	0	6214170	
883	1	E	12	N	2500	0	40	374	141	38	29	45	0	0	0	0	0	0	0	0	0	0	0	0	6214950	
884	1	F	1	N	2500	2	1	53	21	6	2	5	0	0	0	0	0	0	0	0	0	0	0	0	6226884	
885	1	F	2	N	2500	2	1	191	93	23	19	32	0	0	0	0	0	0	0	0	0	0	0	0	6238912	
886	1	F	2	N	2500	6	40	311	111	30	21	34	0	0	0	0	0	0	0	0	0	0	0	0	6239723	
887	1	F	2	N	2500	6	40	250	123	29	25	40	0	0	0	0	0	0	0	0	0	0	0	0	6239738	
888	1	F	2	N	2500	6	40	348	130	31	27	45	0	0	0	0	0	0	0	0	0	0	0	0	6240035	
889	1	F	2	N	2500	0	40	207	140	35	28	45	0	0	0	0	0	0	0	0	0	0	0	0	6241345	
890	1	F	2	N	2500	0	40	222	132	34	26	44	0	0	0	0	0	0	0	0	0	0	0	0	6241376	
891	1	F	2	N	2500	0	40	376	121	28	22	36	0	0	0	0	0	0	0	0	0	0	0	0	6242000	
892	1	F	2	N	2500	0	40	339	119	29	22	34	0	0	0	0	0	0	0	0	0	0	0	0	6242125	
893	1	F	2	N	2500	0	40	334	119	27	21	33	0	0	0	0	0	0	0	0	0	0	0	0	6242266	
894	1	F	2	N	2500	0	40	377	129	29	22	35	0	0	0	0	0	0	0	0	0	0	0	0	6242531	
895	1	F	2	N	2500	0	40	355	122	30	24	34	0	0	0	0	0	0	0	0	0	0	0	0	6242578	
896	1	F	2	N	2500	0	40	231	150	36	32	50	0	0	0	0	0	0	0	0	0	0	0	0	6243280	
897	1	F	2	N	2500	0	40	326	126	31	24	38	0	0	0	0	0	0	0	0	0	0	0	0	6244512	
898	1	F	2	N	2500	0	40	313	104	22	20	32	0	0	0	0	0	0	0	0	0	0	0	0	6244574	
899	1	F	2	N	2500	0	40	313	105	26	18	32	0	0	0	0	0	0	0	0	0	0	0	0	6245292	
900	1	F	2	N	2500	0	40	240	102	21	17	29	0	0	0	0	0	0	0	0	0	0	0	0	6245666	
901	1	F	4	N	2500	2	1	66	26	39	56	89	0	0	0	0	0	0	0	0	0	0	0	0	6268489	
902	1	F	4	N	2500	6	40	287	115	26	20	29	0	0	0	0	0	0	0	0	0	0	0	0	6268645	
903	1	F	4	N	2500	6	40	342	119	34	25	42	0	0	0	0	0	0	0	0	0	0	0	0	6269441	
904	1	F	4	N	2500	2	1	201	100	22	18	29	0	0	0	0	0	0	0	0	0	0	0	0	6269488	
905	1	F	4	N	2500	6	40	314	132	31	24	41	0	0	0	0	0	0	0	0	0	0	0	0	6270096	
906	1	F	4	N	2500	0	40	238	108	33	26	39	0	0	0	0	0	0	0	0	0	0	0	0	6271126	
907	1	F	4	N	2500	0	40	240	110	25	22	35	0	0	0	0	0	0	0	0	0	0	0	0	6272343	
908	1	F	4	N	2500	0	40	283	96	18	16	26	0	0	0	0	0	0	0	0	0	0	0	0	6272842	
909	1	F	4	N	2500	0	40	201	129	31	25	44	0	0	0	0	0	0	0	0	0	0	0	0	6272982	
910	1	F	6	N	2500	2	1	151	98	24	20	30	0	0	0	0	0	0	0	0	0	0	0	0	6296975	
911	1	F	6	N	2500	6	40	315	111	26	22	31	0	0	0	0	0	0	0	0	0	0	0	0	6297069	
912	1	F	6	N	2500	2	1	165	73	15	16	31	0	0	0	0	0	0	0	0	0	0	0	0	6297630	
913	1	F	6	N	2500	6	40	273	116	30	25	38	0	0	0	0	0	0	0	0	0	0	0	0	6297786	
914	1	F	6	N	2500	6	40	397	154	43	31	47	0	0	0	0	0	0	0	0	0	0	0	0	6297989	
915	1	F	6	N	2500	0	40	365	118	26	23	41	0	0	0	0	0	0	0	0	0	0	0	0	6298254	
916	1	F	6	N	2500	0	40	206	128	33	29	42	0	0	0	0	0	0	0	0	0	0	0	0	6298270	
917	1	F	6	N	2500	0	40	308	118	32	24	42	0	0	0	0	0	0	0	0	0	0	0	0	6298504	
918	1	F	6	N	2500	0	40	272	103	29	20	34	0	0	0	0	0	0	0	0	0	0	0	0	6298613	
919	1	F	6	N	2500	0	40	363	119	29	25	41	0	0	0	0	0	0	0	0	0	0	0	0	6298738	
920	1	F	6	N	2500	0	40	279	120	29	24	38	0	0	0	0	0	0	0	0	0	0	0	0	6299003	
921	1	F	6	N	2500	0	40	294	89	19	16	28	0	0	0	0	0	0	0	0	0	0	0	0	6299268	
922	1	F	6	N	2500	0	40	412	162	40	31	48	0	0	0	0	0	0	0	0	0	0	0	0	6299502	
923	1	F	6	N	2500	0	40	386	138	35	25	38	0	0	0	0	0	0	0	0	0	0	0	0	6299736	
924	1	F	6	N	2500	0	40	285	119	36	29	43	0	0	0	0	0	0	0	0	0	0	0	0	6299767	
925	1	F	6	N	2500	0	40	386	141	34	26	44	0	0	0	0	0	0	0	0	0	0	0	0	6299830	
926	1	F	6	N	2500	0	40	244	153	37	32	51	0	0	0	0	0	0	0	0	0	0	0	0	6299877	
927	1	F	6	N	2500	0	40	234	117	31	25	34	0	0	0	0	0	0	0	0	0	0	0	0	6300532	
928	1	F	6	N	2500	0	40	214	108	36	24	38	0	0	0	0	0	0	0	0	0	0	0	0	6301093	
929	1	F	6	N	2500	0	40	249	118	30	24	40	0	0	0	0	0	0	0	0	0	0	0	0	6301171	
930	1	F	6	N	2500	0	40	338	141	38	27	42	0	0	0	0	0	0	0	0	0	0	0	0	6301374	
931	1	F	6	N	2500	0	40	320	126	29	21	35	0	0	0	0	0	0	0	0	0	0	0	0	6301390	
932	1	F	6	N	2500	0	40	300	135	30	27	43	0	0	0	0	0	0	0	0	0	0	0	0	6301530	
933	1	F	6	N	2500	0	40	352	130	37	26	41	0	0	0	0	0	0	0	0	0	0	0	0	6301624	
934	1	F	6	N	2500	0	40	227	134	40	30	47	0	0	0	0	0	0	0	0	0	0	0	0	6302825	
935	1	F	7	N	2500	6	40	314	118	33	22	37	0	0	0	0	0	0	0	0	0	0	0	0	6310812	
936	1	F	7	N	2500	2	1	159	84	21	14	23	0	0	0	0	0	0	0	0	0	0	0	0	6311499	
937	1	F	7	N	2500	6	40	326	130	35	29	45	0	0	0	0	0	0	0	0	0	0	0	0	6315664	
938	1	F	8	N	2500	6	40	305	97	18	15	26	0	0	0	0	0	0	0	0	0	0	0	0	6325227	
939	1	F	8	N	2500	2	1	214	99	28	22	36	0	0	0	0	0	0	0	0	0	0	0	0	6325695	
940	1	F	8	N	2500	6	40	307	103	28	22	33	0	0	0	0	0	0	0	0	0	0	0	0	6326350	
941	1	F	8	N	2500	2	1	190	79	18	16	27	0	0	0	0	0	0	0	0	0	0	0	0	6326646	
942	1	F	8	N	2500	6	40	299	97	20	17	25	0	0	0	0	0	0	0	0	0	0	0	0	6327473	
943	1	F	8	N	2500	0	40	287	94	23	19	34	0	0	0	0	0	0	0	0	0	0	0	0	6327535	
944	1	F	8	N	2500	0	40	291	136	36	28	46	0	0	0	0	0	0	0	0	0	0	0	0	6327816	
945	1	F	8	N	2500	0	40	406	124	28	25	46	0	0	0	0	0	0	0	0	0	0	0	0	6327832	
946	1	F	8	N	2500	0	40	307	80	14	11	22	0	0	0	0	0	0	0	0	0	0	0	0	6327957	
947	1	F	8	N	2500	0	1	220	58	11	9	18	0	0	0	0	0	0	0	0	0	0	0	0	6328081	
948	1	F	8	N	2500	0	40	234	101	22	21	30	0	0	0	0	0	0	0	0	0	0	0	0	6328175	
949	1	F	8	N	2500	0	1	273	73	18	13	24	0	0	0	0	0	0	0	0	0	0	0	0	6328237	
950	1	F	8	N	2500	0	40	330	101	19	16	27	0	0	0	0	0	0	0	0	0	0	0	0	6328627	
951	1	F	8	N	2500	0	40	287	95	24	18	26	0	0	0	0	0	0	0	0	0	0	0	0	6329017	
952	1	F	8	N	2500	0	40	191	114	29	26	43	0	0	0	0	0	0	0	0	0	0	0	0	6329064	
953	1	F	8	N	2500	0	40	322	114	26	21	36	0	0	0	0	0	0	0	0	0	0	0	0	6329922	
954	1	F	8	N	2500	0	1	170	110	30	24	37	0	0	0	0	0	0	0	0	0	0	0	0	6330421	
955	1	F	8	N	2500	0	40	333	114	26	20	33	0	0	0	0	0	0	0	0	0	0	0	0	6330827	
956	1	F	8	N	2500	0	40	380	134	34	26	45	0	0	0	0	0	0	0	0	0	0	0	0	6330936	
957	1	F	8	N	2500	0	40	444	159	36	31	51	0	0	0	0	0	0	0	0	0	0	0	0	6331482	
958	1	F	8	N	2500	0	40	374	112	22	19	30	0	0	0	0	0	0	0	0	0	0	0	0	6332075	
959	1	F	10	N	2500	2	1	79	21	4	4	7	0	0	0	0	0	0	0	0	0	0	0	0	6356115	
960	1	F	10	N	2500	33	1	159	67	14	15	24	0	0	0	0	0	0	0	0	0	0	0	0	6356115	
961	1	F	10	N	2500	2	1	64	26	12	7	9	0	0	0	0	0	0	0	0	0	0	0	0	6356442	
962	1	F	10	N	2500	2	1	211	82	18	15	25	0	0	0	0	0	0	0	0	0	0	0	0	6356567	
963	1	F	10	N	2500	6	40	318	122	36	30	47	0	0	0	0	0	0	0	0	0	0	0	0	6356723	
964	1	F	10	N	2500	6	40	262	117	35	28	40	0	0	0	0	0	0	0	0	0	0	0	0	6357066	
965	1	F	10	N	2500	6	40	294	103	28	19	31	0	0	0	0	0	0	0	0	0	0	0	0	6357097	
966	1	F	10	N	2500	0	1	183	107	27	26	41	0	0	0	0	0	0	0	0	0	0	0	0	6357222	
967	1	F	10	N	2500	0	40	398	134	29	21	38	0	0	0	0	0	0	0	0	0	0	0	0	6357441	
968	1	F	10	N	2500	0	1	160	64	12	8	15	0	0	0	0	0	0	0	0	0	0	0	0	6358002	
969	1	F	10	N	2500	0	40	215	107	25	21	38	0	0	0	0	0	0	0	0	0	0	0	0	6358533	
970	1	F	10	N	2500	0	40	213	119	32	23	35	0	0	0	0	0	0	0	0	0	0	0	0	6358782	
971	1	F	10	N	2500	0	40	294	93	19	16	26	0	0	0	0	0	0	0	0	0	0	0	0	6358907	
972	1	F	10	N	2500	0	40	272	111	27	22	38	0	0	0	0	0	0	0	0	0	0	0	0	6358985	
973	1	F	10	N	2500	0	40	198	125	39	27	43	0	0	0	0	0	0	0	0	0	0	0	0	6359781	
974	1	F	10	N	2500	0	40	304	124	27	25	48	0	0	0	0	0	0	0	0	0	0	0	0	6359905	
975	1	F	10	N	2500	0	1	185	83	23	21	31	0	0	0	0	0	0	0	0	0	0	0	0	6360155	
976	1	F	10	N	2500	0	1	97	45	6	6	10	0	0	0	0	0	0	0	0	0	0	0	0	6360233	
977	1	F	10	N	2500	0	40	292	116	31	23	39	0	0	0	0	0	0	0	0	0	0	0	0	6360498	
978	1	F	12	N	2500	6	40	372	137	30	23	37	0	0	0	0	0	0	0	0	0	0	0	0	6383196	
979	1	F	12	N	2500	6	40	250	96	26	21	34	0	0	0	0	0	0	0	0	0	0	0	0	6383446	
980	1	F	12	N	2500	6	40	188	128	26	21	33	0	0	0	0	0	0	0	0	0	0	0	0	6383540	
981	1	F	12	N	2500	0	1	276	87	21	18	28	0	0	0	0	0	0	0	0	0	0	0	0	6383774	
982	1	F	12	N	2500	0	40	288	136	30	27	41	0	0	0	0	0	0	0	0	0	0	0	0	6384257	
983	1	F	12	N	2500	0	40	374	140	28	25	40	0	0	0	0	0	0	0	0	0	0	0	0	6384756	
984	1	F	12	N	2500	0	40	352	121	27	21	33	0	0	0	0	0	0	0	0	0	0	0	0	6385053	
985	1	F	12	N	2500	0	40	337	115	26	24	39	0	0	0	0	0	0	0	0	0	0	0	0	6385053	
986	1	F	12	N	2500	0	40	342	130	30	25	41	0	0	0	0	0	0	0	0	0	0	0	0	6385131	
987	1	F	12	N	2500	0	40	350	130	27	23	37	0	0	0	0	0	0	0	0	0	0	0	0	6385131	
988	1	F	12	N	2500	0	40	390	146	30	24	43	0	0	0	0	0	0	0	0	0	0	0	0	6385178	
989	1	F	12	N	2500	0	40	282	88	17	16	30	0	0	0	0	0	0	0	0	0	0	0	0	6385661	
990	1	F	12	N	2500	0	40	215	121	26	24	34	0	0	0	0	0	0	0	0	0	0	0	0	6385770	
991	1	F	12	N	2500	0	40	289	94	22	20	33	0	0	0	0	0	0	0	0	0	0	0	0	6386082	
992	1	F	12	N	2500	0	40	304	117	31	23	37	0	0	0	0	0	0	0	0	0	0	0	0	6386160	
993	1	F	12	N	2500	0	40	281	91	21	17	27	0	0	0	0	0	0	0	0	0	0	0	0	6386254	
994	1	F	12	N	2500	0	40	231	105	22	21	38	0	0	0	0	0	0	0	0	0	0	0	0	6386316	
995	1	F	12	N	2500	0	1	138	52	9	9	13	0	0	0	0	0	0	0	0	0	0	0	0	6386379	
996	1	F	12	N	2500	0	40	389	140	33	30	45	0	0	0	0	0	0	0	0	0	0	0	0	6386394	
997	1	F	12	N	2500	0	40	354	128	32	23	38	0	0	0	0	0	0	0	0	0	0	0	0	6386582	
998	1	F	12	N	2500	0	40	215	140	35	27	43	0	0	0	0	0	0	0	0	0	0	0	0	6386582	
999	1	F	12	N	2500	0	1	220	98	21	18	30	0	0	0	0	0	0	0	0	0	0	0	0	6387440	
1000	1	F	12	N	2500	0	40	259	131	28	26	40	0	0	0	0	0	0	0	0	0	0	0	0	6387580	
1001	1	F	12	N	2500	0	40	299	109	24	20	33	0	0	0	0	0	0	0	0	0	0	0	0	6387611	
1002	1	F	12	N	2500	0	40	257	155	34	29	45	0	0	0	0	0	0	0	0	0	0	0	0	6387767	
1003	1	F	12	N	2500	0	40	339	108	25	18	29	0	0	0	0	0	0	0	0	0	0	0	0	6387830	
1004	1	F	12	N	2500	0	40	339	113	23	21	33	0	0	0	0	0	0	0	0	0	0	0	0	6388251	
1005	1	F	12	N	2500	0	1	175	85	177	228	271	0	0	0	0	0	0	0	0	0	0	0	0	6388360	
1006	1	F	12	N	2500	0	40	175	122	36	27	47	0	0	0	0	0	0	0	0	0	0	0	0	6388672	
1007	1	F	12	N	2500	0	40	311	115	32	23	38	0	0	0	0	0	0	0	0	0	0	0	0	6388719	
1008	1	F	12	N	2500	0	40	232	120	25	23	37	0	0	0	0	0	0	0	0	0	0	0	0	6389046	
1009	1	F	12	N	2500	0	1	278	79	15	13	30	0	0	0	0	0	0	0	0	0	0	0	0	6389280	
1010	1	G	2	N	2500	6	40	331	136	31	22	36	0	0	0	0	0	0	0	0	0	0	0	0	6413382	
1011	1	G	2	N	2500	6	40	317	121	29	27	41	0	0	0	0	0	0	0	0	0	0	0	0	6413819	
1012	1	G	2	N	2500	6	40	311	115	26	22	36	0	0	0	0	0	0	0	0	0	0	0	0	6413835	
1013	1	G	2	N	2500	0	1	230	89	28	20	39	0	0	0	0	0	0	0	0	0	0	0	0	6414303	
1014	1	G	2	N	2500	0	40	276	124	30	25	40	0	0	0	0	0	0	0	0	0	0	0	0	6414318	
1015	1	G	2	N	2500	0	1	112	64	45	22	23	0	0	0	0	0	0	0	0	0	0	0	0	6414350	
1016	1	G	2	N	2500	0	40	249	99	25	17	27	0	0	0	0	0	0	0	0	0	0	0	0	6414802	
1017	1	G	2	N	2500	0	1	94	25	4	5	9	0	0	0	0	0	0	0	0	0	0	0	0	6414911	
1018	1	G	2	N	2500	0	1	87	59	17	14	23	0	0	0	0	0	0	0	0	0	0	0	0	6414911	
1019	1	G	2	N	2500	0	1	57	15	3	3	5	0	0	0	0	0	0	0	0	0	0	0	0	6414911	
1020	1	G	2	N	2500	0	40	212	133	34	29	43	0	0	0	0	0	0	0	0	0	0	0	0	6415052	
1021	1	G	2	N	2500	0	1	179	107	26	23	35	0	0	0	0	0	0	0	0	0	0	0	0	6415254	
1022	1	G	2	N	2500	0	40	327	117	30	25	39	0	0	0	0	0	0	0	0	0	0	0	0	6415644	
1023	1	G	2	N	2500	0	1	215	96	23	17	26	0	0	0	0	0	0	0	0	0	0	0	0	6415800	
1024	1	G	2	N	2500	0	40	308	108	23	19	32	0	0	0	0	0	0	0	0	0	0	0	0	6415972	
1025	1	G	2	N	2500	0	40	207	125	31	28	43	0	0	0	0	0	0	0	0	0	0	0	0	6415972	
1026	1	G	2	N	2500	0	40	301	107	25	20	32	0	0	0	0	0	0	0	0	0	0	0	0	6416034	
1027	1	G	2	N	2500	0	40	311	107	25	19	32	0	0	0	0	0	0	0	0	0	0	0	0	6416066	
1028	1	G	2	N	2500	0	1	191	111	26	21	39	0	0	0	0	0	0	0	0	0	0	0	0	6416206	
1029	1	G	2	N	2500	0	40	296	90	20	16	28	0	0	0	0	0	0	0	0	0	0	0	0	6416409	
1030	1	G	2	N	2500	0	1	107	62	15	15	23	0	0	0	0	0	0	0	0	0	0	0	0	6416409	
1031	1	G	2	N	2500	0	1	56	10	2	1	4	0	0	0	0	0	0	0	0	0	0	0	0	6416409	
1032	1	G	2	N	2500	0	40	340	132	30	26	38	0	0	0	0	0	0	0	0	0	0	0	0	6416424	
1033	1	G	2	N	2500	0	40	313	102	21	17	26	0	0	0	0	0	0	0	0	0	0	0	0	6416471	
1034	1	G	2	N	2500	0	40	311	118	31	22	36	0	0	0	0	0	0	0	0	0	0	0	0	6416627	
1035	1	G	2	N	2500	0	40	182	115	36	25	38	0	0	0	0	0	0	0	0	0	0	0	0	6417002	
1036	1	G	2	N	2500	0	40	202	124	36	26	42	0	0	0	0	0	0	0	0	0	0	0	0	6417064	
1037	1	G	2	N	2500	0	40	320	111	25	22	34	0	0	0	0	0	0	0	0	0	0	0	0	6417392	
1038	1	G	2	N	2500	0	40	310	106	28	20	34	0	0	0	0	0	0	0	0	0	0	0	0	6417438	
1039	1	G	2	N	2500	0	40	350	127	34	24	39	0	0	0	0	0	0	0	0	0	0	0	0	6418062	
1040	1	G	2	N	2500	0	40	308	121	29	23	34	0	0	0	0	0	0	0	0	0	0	0	0	6418094	
1041	1	G	2	N	2500	0	1	151	110	28	24	39	0	0	0	0	0	0	0	0	0	0	0	0	6418140	
1042	1	G	2	N	2500	0	1	177	102	22	18	29	0	0	0	0	0	0	0	0	0	0	0	0	6418281	
1043	1	G	2	N	2500	0	40	335	135	36	27	44	0	0	0	0	0	0	0	0	0	0	0	0	6418530	
1044	1	G	2	N	2500	0	40	292	133	36	27	45	0	0	0	0	0	0	0	0	0	0	0	0	6418655	
1045	1	G	2	N	2500	0	40	273	151	45	33	51	0	0	0	0	0	0	0	0	0	0	0	0	6418702	
1046	1	G	2	N	2500	0	1	167	43	8	6	12	0	0	0	0	0	0	0	0	0	0	0	0	6418983	
1047	1	G	2	N	2500	0	40	212	108	25	22	37	0	0	0	0	0	0	0	0	0	0	0	0	6419108	
1048	1	G	2	N	2500	0	1	176	102	22	20	35	0	0	0	0	0	0	0	0	0	0	0	0	6419123	
1049	1	G	2	N	2500	0	40	342	127	33	25	43	0	0	0	0	0	0	0	0	0	0	0	0	6419139	
1050	1	G	2	N	2500	0	40	287	139	35	30	48	0	0	0	0	0	0	0	0	0	0	0	0	6419264	
1051	1	G	2	N	2500	0	40	361	140	36	28	47	0	0	0	0	0	0	0	0	0	0	0	0	6419560	
1052	1	G	2	N	2500	0	40	333	133	35	25	41	0	0	0	0	0	0	0	0	0	0	0	0	6419576	
1053	1	G	2	N	2500	0	40	315	115	29	23	39	0	0	0	0	0	0	0	0	0	0	0	0	6419903	
1054	1	G	2	N	2500	0	40	306	117	33	23	37	0	0	0	0	0	0	0	0	0	0	0	0	6419981	
1055	1	G	2	N	2500	0	1	273	81	18	13	22	0	0	0	0	0	0	0	0	0	0	0	0	6420340	
1056	1	G	3	N	2500	6	40	313	110	28	20	36	0	0	0	0	0	0	0	0	0	0	0	0	6429981	
1057	1	G	4	N	2500	2	1	55	16	9	4	4	0	0	0	0	0	0	0	0	0	0	0	0	6442274	
1058	1	G	4	N	2500	2	1	85	26	14	9	10	0	0	0	0	0	0	0	0	0	0	0	0	6442274	
1059	1	G	4	N	2500	2	1	109	53	43	17	23	0	0	0	0	0	0	0	0	0	0	0	0	6442274	
1060	1	G	4	N	2500	6	40	367	139	32	30	52	0	0	0	0	0	0	0	0	0	0	0	0	6442632	
1061	1	G	4	N	2500	4	40	181	130	33	30	44	0	0	0	0	0	0	0	0	0	0	0	0	6443054	
1062	1	G	4	N	2500	2	1	319	66	2	1	46	0	0	0	0	0	0	0	0	0	0	0	0	6443054	
1063	1	G	4	N	2500	2	1	215	47	1	1	33	0	0	0	0	0	0	0	0	0	0	0	0	6443054	
1064	1	G	4	N	2500	6	40	417	163	40	34	61	0	0	0	0	0	0	0	0	0	0	0	0	6443412	
1065	1	G	4	N	2500	6	40	358	125	30	26	42	0	0	0	0	0	0	0	0	0	0	0	0	6444582	
1066	1	G	4	N	2500	0	40	313	129	35	31	47	0	0	0	0	0	0	0	0	0	0	0	0	6445097	
1067	1	G	4	N	2500	0	40	300	145	37	29	45	0	0	0	0	0	0	0	0	0	0	0	0	6445472	
1068	1	G	4	N	2500	0	40	313	155	41	38	53	0	0	0	0	0	0	0	0	0	0	0	0	6445643	
1069	1	G	4	N	2500	0	40	323	113	30	24	41	0	0	0	0	0	0	0	0	0	0	0	0	6445846	
1070	1	G	4	N	2500	0	40	197	138	36	26	39	0	0	0	0	0	0	0	0	0	0	0	0	6445955	
1071	1	G	4	N	2500	0	40	332	139	35	28	46	0	0	0	0	0	0	0	0	0	0	0	0	6446018	
1072	1	G	4	N	2500	0	40	329	132	32	24	43	0	0	0	0	0	0	0	0	0	0	0	0	6446205	
1073	1	G	4	N	2500	0	40	318	125	28	26	44	0	0	0	0	0	0	0	0	0	0	0	0	6446267	
1074	1	G	4	N	2500	0	40	293	118	31	23	42	0	0	0	0	0	0	0	0	0	0	0	0	6446688	
1075	1	G	4	N	2500	0	1	68	27	34	48	91	0	0	0	0	0	0	0	0	0	0	0	0	6448233	
1076	1	G	4	N	2500	0	40	343	125	29	25	37	0	0	0	0	0	0	0	0	0	0	0	0	6448233	
1077	1	G	4	N	2500	0	40	366	146	34	26	38	0	0	0	0	0	0	0	0	0	0	0	0	6448576	
1078	1	G	4	N	2500	0	40	346	128	29	23	42	0	0	0	0	0	0	0	0	0	0	0	0	6448826	
1079	1	G	4	N	2500	0	40	285	124	30	23	38	0	0	0	0	0	0	0	0	0	0	0	0	6448872	
1080	1	G	4	N	2500	0	40	332	116	28	24	38	0	0	0	0	0	0	0	0	0	0	0	0	6448982	
1081	1	G	5	N	2500	2	1	72	18	4	0	1	0	0	0	0	0	0	0	0	0	0	0	0	6456314	
1082	1	G	6	N	2500	6	40	342	125	27	21	31	0	0	0	0	0	0	0	0	0	0	0	0	6470915	
1083	1	G	6	N	2500	6	40	188	122	33	24	36	0	0	0	0	0	0	0	0	0	0	0	0	6471196	
1084	1	G	6	N	2500	2	1	170	80	24	18	33	0	0	0	0	0	0	0	0	0	0	0	0	6471851	
1085	1	G	6	N	2500	6	40	304	98	20	15	19	0	0	0	0	0	0	0	0	0	0	0	0	6473489	
1086	1	G	6	N	2500	0	1	63	26	6	1	2	0	0	0	0	0	0	0	0	0	0	0	0	6474191	
1087	1	G	6	N	2500	0	40	372	140	33	24	36	0	0	0	0	0	0	0	0	0	0	0	0	6474269	
1088	1	G	8	N	2500	6	40	189	122	35	26	41	0	0	0	0	0	0	0	0	0	0	0	0	6499869	
1089	1	G	8	N	2500	6	40	312	127	28	26	43	0	0	0	0	0	0	0	0	0	0	0	0	6500306	
1090	1	G	8	N	2500	6	40	255	115	32	29	46	0	0	0	0	0	0	0	0	0	0	0	0	6500509	
1091	1	G	8	N	2500	0	40	439	163	40	33	58	0	0	0	0	0	0	0	0	0	0	0	0	6500945	
1092	1	G	8	N	2500	0	40	298	111	27	22	42	0	0	0	0	0	0	0	0	0	0	0	0	6501070	
1093	1	G	8	N	2500	0	40	349	159	38	35	60	0	0	0	0	0	0	0	0	0	0	0	0	6501086	
1094	1	G	8	N	2500	0	40	209	106	31	27	41	0	0	0	0	0	0	0	0	0	0	0	0	6501179	
1095	1	G	8	N	2500	0	40	300	128	33	26	43	0	0	0	0	0	0	0	0	0	0	0	0	6501413	
1096	1	G	8	N	2500	0	40	325	122	28	25	42	0	0	0	0	0	0	0	0	0	0	0	0	6501913	
1097	1	G	8	N	2500	0	40	234	130	34	27	45	0	0	0	0	0	0	0	0	0	0	0	0	6501975	
1098	1	G	8	N	2500	0	40	269	130	31	29	47	0	0	0	0	0	0	0	0	0	0	0	0	6502225	
1099	1	G	8	N	2500	0	40	383	157	39	33	51	0	0	0	0	0	0	0	0	0	0	0	0	6502271	
1100	1	G	8	N	2500	0	40	346	141	35	28	45	0	0	0	0	0	0	0	0	0	0	0	0	6502303	
1101	1	G	8	N	2500	0	40	354	135	33	27	44	0	0	0	0	0	0	0	0	0	0	0	0	6502474	
1102	1	G	8	N	2500	0	40	336	122	35	27	45	0	0	0	0	0	0	0	0	0	0	0	0	6502693	
1103	1	G	8	N	2500	0	40	303	123	32	26	37	0	0	0	0	0	0	0	0	0	0	0	0	6503114	
1104	1	G	8	N	2500	0	40	343	122	28	24	36	0	0	0	0	0	0	0	0	0	0	0	0	6503441	
1105	1	G	8	N	2500	0	40	195	113	29	21	36	0	0	0	0	0	0	0	0	0	0	0	0	6504003	
1106	1	G	8	N	2500	0	40	390	156	36	32	48	0	0	0	0	0	0	0	0	0	0	0	0	6504487	
1107	1	G	8	N	2500	0	40	236	125	28	24	33	0	0	0	0	0	0	0	0	0	0	0	0	6504549	
1108	1	G	8	N	2500	0	40	339	125	28	27	42	0	0	0	0	0	0	0	0	0	0	0	0	6504549	
1109	1	G	8	N	2500	0	40	276	123	34	27	42	0	0	0	0	0	0	0	0	0	0	0	0	6504580	
1110	1	G	8	N	2500	0	40	201	132	38	30	48	0	0	0	0	0	0	0	0	0	0	0	0	6504674	
1111	1	G	8	N	2500	0	40	330	135	34	27	43	0	0	0	0	0	0	0	0	0	0	0	0	6504892	
1112	1	G	8	N	2500	0	40	365	141	34	26	43	0	0	0	0	0	0	0	0	0	0	0	0	6504970	
1113	1	G	8	N	2500	0	40	365	141	31	28	44	0	0	0	0	0	0	0	0	0	0	0	0	6505001	
1114	1	G	8	N	2500	0	40	363	144	35	28	47	0	0	0	0	0	0	0	0	0	0	0	0	6505235	
1115	1	G	8	N	2500	0	40	314	118	30	26	42	0	0	0	0	0	0	0	0	0	0	0	0	6505438	
1116	1	G	8	N	2500	0	40	354	151	34	30	50	0	0	0	0	0	0	0	0	0	0	0	0	6505594	
1117	1	G	8	N	2500	0	40	349	138	32	27	46	0	0	0	0	0	0	0	0	0	0	0	0	6506171	
1118	1	G	8	N	2500	0	40	235	154	40	31	52	0	0	0	0	0	0	0	0	0	0	0	0	6506421	
1119	1	G	8	N	2500	0	40	267	116	25	24	40	0	0	0	0	0	0	0	0	0	0	0	0	6506499	
1120	1	G	8	N	2500	0	40	335	148	36	30	46	0	0	0	0	0	0	0	0	0	0	0	0	6506593	
1121	1	G	9	N	2500	6	40	314	109	24	20	31	0	0	0	0	0	0	0	0	0	0	0	0	6515750	
1122	1	G	9	N	2500	6	40	262	125	36	31	45	0	0	0	0	0	0	0	0	0	0	0	0	6518667	
1123	1	G	10	N	2500	6	40	368	151	40	32	50	0	0	0	0	0	0	0	0	0	0	0	0	6528901	
1124	1	G	10	N	2500	6	40	214	127	33	29	52	0	0	0	0	0	0	0	0	0	0	0	0	6529275	
1125	1	G	10	N	2500	6	40	341	122	29	25	41	0	0	0	0	0	0	0	0	0	0	0	0	6529353	
1126	1	G	10	N	2500	0	40	275	135	32	29	52	0	0	0	0	0	0	0	0	0	0	0	0	6529415	
1127	1	G	10	N	2500	0	40	303	119	33	27	40	0	0	0	0	0	0	0	0	0	0	0	0	6530055	
1128	1	G	10	N	2500	0	1	162	113	35	25	42	0	0	0	0	0	0	0	0	0	0	0	0	6530429	
1129	1	G	10	N	2500	0	1	167	103	21	20	34	0	0	0	0	0	0	0	0	0	0	0	0	6530913	
1130	1	G	10	N	2500	0	40	191	113	29	23	36	0	0	0	0	0	0	0	0	0	0	0	0	6531022	
1131	1	G	10	N	2500	0	40	278	116	26	23	39	0	0	0	0	0	0	0	0	0	0	0	0	6531272	
1132	1	G	10	N	2500	0	1	494	164	42	33	55	0	0	0	0	0	0	0	0	0	0	0	0	6531303	
1133	1	G	10	N	2500	0	1	103	24	3	2	5	0	0	0	0	0	0	0	0	0	0	0	0	6531381	
1134	1	G	10	N	2500	0	40	203	114	26	23	38	0	0	0	0	0	0	0	0	0	0	0	0	6531631	
1135	1	G	10	N	2500	0	40	231	138	37	32	55	0	0	0	0	0	0	0	0	0	0	0	0	6531724	
1136	1	G	10	N	2500	0	40	181	127	36	32	57	0	0	0	0	0	0	0	0	0	0	0	0	6531787	
1137	1	G	10	N	2500	0	40	450	176	41	32	49	0	0	0	0	0	0	0	0	0	0	0	0	6532114	
1138	1	G	10	N	2500	0	40	193	118	31	23	35	0	0	0	0	0	0	0	0	0	0	0	0	6532286	
1139	1	G	10	N	2500	0	40	278	92	24	17	27	0	0	0	0	0	0	0	0	0	0	0	0	6532473	
1140	1	G	10	N	2500	0	40	329	126	32	25	37	0	0	0	0	0	0	0	0	0	0	0	0	6532769	
1141	1	G	10	N	2500	0	1	437	116	29	23	37	0	0	0	0	0	0	0	0	0	0	0	0	6532863	
1142	1	G	10	N	2500	0	1	199	90	26	20	30	0	0	0	0	0	0	0	0	0	0	0	0	6533128	
1143	1	G	10	N	2500	0	1	94	32	49	71	124	0	0	0	0	0	0	0	0	0	0	0	0	6533222	
1144	1	G	10	N	2500	0	1	156	90	16	13	20	0	0	0	0	0	0	0	0	0	0	0	0	6533300	
1145	1	G	10	N	2500	0	40	307	103	24	19	29	0	0	0	0	0	0	0	0	0	0	0	0	6533315	
1146	1	G	10	N	2500	0	40	305	111	31	24	37	0	0	0	0	0	0	0	0	0	0	0	0	6533659	
1147	1	G	10	N	2500	0	40	335	126	28	23	42	0	0	0	0	0	0	0	0	0	0	0	0	6533861	
1148	1	G	10	N	2500	0	40	347	116	30	22	38	0	0	0	0	0	0	0	0	0	0	0	0	6533971	
1149	1	G	10	N	2500	0	40	229	105	24	17	28	0	0	0	0	0	0	0	0	0	0	0	0	6534095	
1150	1	G	10	N	2500	0	40	280	90	19	16	24	0	0	0	0	0	0	0	0	0	0	0	0	6534407	
1151	1	G	10	N	2500	0	40	301	130	28	24	40	0	0	0	0	0	0	0	0	0	0	0	0	6534719	
1152	1	G	10	N	2500	0	40	323	97	18	17	26	0	0	0	0	0	0	0	0	0	0	0	0	6535156	
1153	1	G	11	N	2500	6	40	431	153	36	26	42	0	0	0	0	0	0	0	0	0	0	0	0	6542597	
1154	1	G	11	N	2500	2	1	89	44	82	113	133	0	0	0	0	0	0	0	0	0	0	0	0	6544937	
1155	1	G	12	N	2500	6	40	325	122	28	23	40	0	0	0	0	0	0	0	0	0	0	0	0	6557839	
1156	1	G	12	N	2500	2	1	171	88	20	15	26	0	0	0	0	0	0	0	0	0	0	0	0	6558260	
1157	1	G	12	N	2500	6	40	181	120	32	27	42	0	0	0	0	0	0	0	0	0	0	0	0	6558307	
1158	1	G	12	N	2500	2	1	269	89	23	18	33	0	0	0	0	0	0	0	0	0	0	0	0	6558338	
1159	1	G	12	N	2500	6	40	327	119	27	23	35	0	0	0	0	0	0	0	0	0	0	0	0	6558619	
1160	1	G	12	N	2500	0	40	237	138	35	26	44	0	0	0	0	0	0	0	0	0	0	0	0	6559555	
1161	1	G	12	N	2500	0	1	56	19	6	1	1	0	0	0	0	0	0	0	0	0	0	0	0	6559789	
1162	1	G	12	N	2500	0	40	295	104	27	19	30	0	0	0	0	0	0	0	0	0	0	0	0	6560194	
1163	1	G	12	N	2500	0	40	318	123	33	24	37	0	0	0	0	0	0	0	0	0	0	0	0	6560522	
1164	1	G	12	N	2500	0	1	149	101	19	16	24	0	0	0	0	0	0	0	0	0	0	0	0	6561021	
1165	1	G	12	N	2500	0	1	161	105	26	22	34	0	0	0	0	0	0	0	0	0	0	0	0	6561099	
1166	1	G	12	N	2500	0	40	315	105	25	22	43	0	0	0	0	0	0	0	0	0	0	0	0	6561161	
1167	1	G	12	N	2500	0	1	188	102	31	23	37	0	0	0	0	0	0	0	0	0	0	0	0	6561224	
1168	1	G	12	N	2500	0	40	319	142	37	28	42	0	0	0	0	0	0	0	0	0	0	0	0	6561520	
1169	1	G	12	N	2500	0	1	74	45	8	8	12	0	0	0	0	0	0	0	0	0	0	0	0	6561567	
1170	1	G	12	N	2500	0	40	236	120	26	21	34	0	0	0	0	0	0	0	0	0	0	0	0	6561832	
1171	1	G	12	N	2500	0	40	310	125	28	24	39	0	0	0	0	0	0	0	0	0	0	0	0	6561879	
1172	1	G	12	N	2500	0	1	195	80	26	21	38	0	0	0	0	0	0	0	0	0	0	0	0	6562222	
1173	1	G	12	N	2500	0	40	268	113	31	22	38	0	0	0	0	0	0	0	0	0	0	0	0	6562519	
1174	1	G	12	N	2500	0	40	266	97	22	19	29	0	0	0	0	0	0	0	0	0	0	0	0	6562909	
1175	1	G	12	N	2500	0	40	293	109	26	21	36	0	0	0	0	0	0	0	0	0	0	0	0	6562971	
1176	1	G	12	N	2500	0	1	270	85	17	14	21	0	0	0	0	0	0	0	0	0	0	0	0	6564313	
1177	1	H	2	N	2500	2	1	212	57	11	8	13	0	0	0	0	0	0	0	0	0	0	0	0	6588461	
1178	1	H	2	N	2500	2	1	65	18	10	6	8	0	0	0	0	0	0	0	0	0	0	0	0	6588961	
1179	1	H	2	N	2500	2	1	163	83	29	25	41	0	0	0	0	0	0	0	0	0	0	0	0	6589444	
1180	1	H	2	N	2500	2	1	100	21	3	3	4	0	0	0	0	0	0	0	0	0	0	0	0	6589475	
1181	1	H	2	N	2500	2	1	78	21	9	6	8	0	0	0	0	0	0	0	0	0	0	0	0	6589975	
1182	1	H	2	N	2500	2	1	56	11	1	1	4	0	0	0	0	0	0	0	0	0	0	0	0	6590521	
1183	1	H	2	N	2500	2	1	147	55	10	9	14	0	0	0	0	0	0	0	0	0	0	0	0	6590521	
1184	1	H	2	N	2500	2	1	210	64	12	11	22	0	0	0	0	0	0	0	0	0	0	0	0	6590739	
1185	1	H	2	N	2500	6	40	400	126	29	20	34	0	0	0	0	0	0	0	0	0	0	0	0	6590911	
1186	1	H	2	N	2500	6	40	323	108	20	18	31	0	0	0	0	0	0	0	0	0	0	0	0	6591363	
1187	1	H	2	N	2500	6	40	351	112	23	18	33	0	0	0	0	0	0	0	0	0	0	0	0	6592174	
1188	1	H	2	N	2500	0	40	294	105	24	21	36	0	0	0	0	0	0	0	0	0	0	0	0	6592627	
1189	1	H	2	N	2500	0	1	86	23	4	3	6	0	0	0	0	0	0	0	0	0	0	0	0	6592876	
1190	1	H	4	N	2500	6	40	247	138	41	33	51	0	0	0	0	0	0	0	0	0	0	0	0	6616448	
1191	1	H	4	N	2500	2	1	166	91	30	29	44	0	0	0	0	0	0	0	0	0	0	0	0	6616791	
1192	1	H	4	N	2500	2	1	225	90	27	19	34	0	0	0	0	0	0	0	0	0	0	0	0	6616994	
1193	1	H	4	N	2500	6	40	272	118	32	26	41	0	0	0	0	0	0	0	0	0	0	0	0	6617478	
1194	1	H	4	N	2500	6	40	299	119	28	25	38	0	0	0	0	0	0	0	0	0	0	0	0	6618180	
1195	1	H	4	N	2500	0	40	294	125	36	30	42	0	0	0	0	0	0	0	0	0	0	0	0	6618258	
1196	1	H	4	N	2500	0	40	195	129	33	31	51	0	0	0	0	0	0	0	0	0	0	0	0	6618258	
1197	1	H	4	N	2500	0	40	234	121	29	28	41	0	0	0	0	0	0	0	0	0	0	0	0	6618445	
1198	1	H	4	N	2500	0	40	270	109	29	25	39	0	0	0	0	0	0	0	0	0	0	0	0	6619318	
1199	1	H	4	N	2500	0	1	166	81	14	12	19	0	0	0	0	0	0	0	0	0	0	0	0	6619490	
1200	1	H	4	N	2500	0	1	178	115	33	25	41	0	0	0	0	0	0	0	0	0	0	0	0	6619864	
1201	1	H	4	N	2500	0	40	331	130	34	28	47	0	0	0	0	0	0	0	0	0	0	0	0	6620098	
1202	1	H	4	N	2500	0	40	294	91	20	16	33	0	0	0	0	0	0	0	0	0	0	0	0	6620130	
1203	1	H	4	N	2500	0	40	321	116	29	24	40	0	0	0	0	0	0	0	0	0	0	0	0	6620348	
1204	1	H	4	N	2500	0	40	222	123	40	31	49	0	0	0	0	0	0	0	0	0	0	0	0	6620426	
1205	1	H	4	N	2500	0	40	312	133	40	35	60	0	0	0	0	0	0	0	0	0	0	0	0	6620426	
1206	1	H	4	N	2500	0	40	378	151	45	37	63	0	0	0	0	0	0	0	0	0	0	0	0	6620613	
1207	1	H	4	N	2500	0	40	382	137	33	26	46	0	0	0	0	0	0	0	0	0	0	0	0	6620925	
1208	1	H	4	N	2500	0	40	189	122	30	26	39	0	0	0	0	0	0	0	0	0	0	0	0	6622485	
1209	1	H	5	N	2500	6	40	247	148	35	32	52	0	0	0	0	0	0	0	0	0	0	0	0	6631237	
1210	1	H	5	N	2500	6	40	363	147	38	30	45	0	0	0	0	0	0	0	0	0	0	0	0	6632750	
1211	1	H	5	N	2500	6	40	386	147	39	30	46	0	0	0	0	0	0	0	0	0	0	0	0	6634310	
1212	1	H	5	N	2500	0	40	413	179	44	33	60	0	0	0	0	0	0	0	0	0	0	0	0	6637804	
1213	1	H	6	N	2500	2	1	53	13	12	17	34	0	0	0	0	0	0	0	0	0	0	0	0	6644700	
1214	1	H	6	N	2500	6	40	271	151	35	31	51	0	0	0	0	0	0	0	0	0	0	0	0	6645105	
1215	1	H	6	N	2500	6	40	274	137	41	30	48	0	0	0	0	0	0	0	0	0	0	0	0	6645526	
1216	1	H	6	N	2500	2	1	214	91	21	19	34	0	0	0	0	0	0	0	0	0	0	0	0	6645885	
1217	1	H	6	N	2500	6	40	284	96	24	17	27	0	0	0	0	0	0	0	0	0	0	0	0	6646010	
1218	1	H	6	N	2500	0	40	245	133	32	30	46	0	0	0	0	0	0	0	0	0	0	0	0	6646743	
1219	1	H	6	N	2500	0	40	292	100	27	22	35	0	0	0	0	0	0	0	0	0	0	0	0	6646821	
1220	1	H	6	N	2500	0	40	286	122	30	24	38	0	0	0	0	0	0	0	0	0	0	0	0	6646868	
1221	1	H	6	N	2500	0	40	237	110	33	23	40	0	0	0	0	0	0	0	0	0	0	0	0	6647102	
1222	1	H	6	N	2500	0	40	290	120	32	27	46	0	0	0	0	0	0	0	0	0	0	0	0	6647289	
1223	1	H	6	N	2500	0	1	240	94	22	19	29	0	0	0	0	0	0	0	0	0	0	0	0	6647586	
1224	1	H	6	N	2500	0	40	285	93	23	17	29	0	0	0	0	0	0	0	0	0	0	0	0	6647601	
1225	1	H	6	N	2500	0	40	278	118	29	27	42	0	0	0	0	0	0	0	0	0	0	0	0	6647617	
1226	1	H	6	N	2500	0	40	374	128	29	22	30	0	0	0	0	0	0	0	0	0	0	0	0	6647991	
1227	1	H	6	N	2500	0	40	296	135	36	27	46	0	0	0	0	0	0	0	0	0	0	0	0	6648225	
1228	1	H	6	N	2500	0	40	217	128	36	28	42	0	0	0	0	0	0	0	0	0	0	0	0	6648615	
1229	1	H	6	N	2500	0	40	240	121	29	26	43	0	0	0	0	0	0	0	0	0	0	0	0	6648724	
1230	1	H	6	N	2500	0	40	237	116	26	23	35	0	0	0	0	0	0	0	0	0	0	0	0	6648756	
1231	1	H	6	N	2500	0	40	352	131	35	24	37	0	0	0	0	0	0	0	0	0	0	0	0	6648974	
1232	1	H	6	N	2500	0	40	325	119	34	26	44	0	0	0	0	0	0	0	0	0	0	0	0	6649208	
1233	1	H	6	N	2500	0	1	52	13	6	7	14	0	0	0	0	0	0	0	0	0	0	0	0	6649957	
1234	1	H	6	N	2500	0	40	343	115	30	22	37	0	0	0	0	0	0	0	0	0	0	0	0	6650284	
1235	1	H	6	N	2500	0	40	176	138	37	35	52	0	0	0	0	0	0	0	0	0	0	0	0	6650440	
1236	1	H	6	N	2500	0	40	242	110	26	19	30	0	0	0	0	0	0	0	0	0	0	0	0	6650971	
1237	1	H	6	N	2500	0	40	236	137	33	31	48	0	0	0	0	0	0	0	0	0	0	0	0	6652047	
1238	1	H	7	N	2500	6	40	327	155	41	30	49	0	0	0	0	0	0	0	0	0	0	0	0	6659379	
1239	1	H	7	N	2500	6	40	239	144	39	29	45	0	0	0	0	0	0	0	0	0	0	0	0	6663295	
1240	1	H	8	N	2500	6	40	296	88	19	16	28	0	0	0	0	0	0	0	0	0	0	0	0	6673996	
1241	1	H	8	N	2500	2	1	284	78	17	13	21	0	0	0	0	0	0	0	0	0	0	0	0	6674137	
1242	1	H	8	N	2500	6	40	318	96	22	16	26	0	0	0	0	0	0	0	0	0	0	0	0	6674184	
1243	1	H	8	N	2500	6	40	228	111	29	23	36	0	0	0	0	0	0	0	0	0	0	0	0	6674246	
1244	1	H	8	N	2500	0	40	214	121	32	26	40	0	0	0	0	0	0	0	0	0	0	0	0	6674574	
1245	1	H	8	N	2500	0	1	175	110	26	22	36	0	0	0	0	0	0	0	0	0	0	0	0	6674605	
1246	1	H	8	N	2500	0	1	264	90	19	14	23	0	0	0	0	0	0	0	0	0	0	0	0	6674761	
1247	1	H	8	N	2500	0	40	205	112	31	22	34	0	0	0	0	0	0	0	0	0	0	0	0	6674917	
1248	1	H	8	N	2500	0	40	209	109	26	22	35	0	0	0	0	0	0	0	0	0	0	0	0	6674932	
1249	1	H	8	N	2500	0	40	327	120	34	25	40	0	0	0	0	0	0	0	0	0	0	0	0	6674964	
1250	1	H	8	N	2500	0	40	413	139	30	27	42	0	0	0	0	0	0	0	0	0	0	0	0	6675229	
1251	1	H	8	N	2500	0	40	370	133	30	27	43	0	0	0	0	0	0	0	0	0	0	0	0	6675463	
1252	1	H	8	N	2500	0	40	332	130	30	26	48	0	0	0	0	0	0	0	0	0	0	0	0	6676024	
1253	1	H	8	N	2500	0	40	223	111	25	23	34	0	0	0	0	0	0	0	0	0	0	0	0	6676118	
1254	1	H	8	N	2500	0	40	313	131	39	29	51	0	0	0	0	0	0	0	0	0	0	0	0	6676134	
1255	1	H	8	N	2500	0	40	422	154	43	31	57	0	0	0	0	0	0	0	0	0	0	0	0	6676446	
1256	1	H	8	N	2500	0	40	327	122	28	25	39	0	0	0	0	0	0	0	0	0	0	0	0	6676508	
1257	1	H	8	N	2500	0	40	313	102	21	19	32	0	0	0	0	0	0	0	0	0	0	0	0	6676524	
1258	1	H	8	N	2500	0	40	316	118	25	20	32	0	0	0	0	0	0	0	0	0	0	0	0	6676555	
1259	1	H	8	N	2500	0	1	66	12	3	5	12	0	0	0	0	0	0	0	0	0	0	0	0	6676602	
1260	1	H	8	N	2500	0	40	234	124	26	24	41	0	0	0	0	0	0	0	0	0	0	0	0	6676804	
1261	1	H	8	N	2500	0	40	327	105	28	19	30	0	0	0	0	0	0	0	0	0	0	0	0	6676836	
1262	1	H	8	N	2500	0	40	251	130	36	25	40	0	0	0	0	0	0	0	0	0	0	0	0	6676914	
1263	1	H	8	N	2500	0	1	196	87	16	12	22	0	0	0	0	0	0	0	0	0	0	0	0	6676976	
1264	1	H	8	N	2500	0	40	318	96	26	19	30	0	0	0	0	0	0	0	0	0	0	0	0	6677054	
1265	1	H	8	N	2500	0	40	320	103	24	20	26	0	0	0	0	0	0	0	0	0	0	0	0	6677070	
1266	1	H	8	N	2500	0	40	345	126	29	25	40	0	0	0	0	0	0	0	0	0	0	0	0	6677148	
1267	1	H	8	N	2500	0	40	250	133	29	26	39	0	0	0	0	0	0	0	0	0	0	0	0	6677257	
1268	1	H	8	N	2500	0	40	303	102	27	19	31	0	0	0	0	0	0	0	0	0	0	0	0	6677506	
1269	1	H	8	N	2500	0	40	360	118	25	22	34	0	0	0	0	0	0	0	0	0	0	0	0	6677538	
1270	1	H	8	N	2500	0	40	228	111	30	22	36	0	0	0	0	0	0	0	0	0	0	0	0	6677678	
1271	1	H	8	N	2500	0	40	306	84	20	13	19	0	0	0	0	0	0	0	0	0	0	0	0	6677881	
1272	1	H	8	N	2500	0	40	324	113	24	20	30	0	0	0	0	0	0	0	0	0	0	0	0	6677943	
1273	1	H	8	N	2500	0	40	239	104	35	26	42	0	0	0	0	0	0	0	0	0	0	0	0	6678068	
1274	1	H	8	N	2500	0	40	324	113	25	21	30	0	0	0	0	0	0	0	0	0	0	0	0	6679035	
1275	1	H	8	N	2500	0	40	349	119	28	24	42	0	0	0	0	0	0	0	0	0	0	0	0	6679160	
1276	1	H	8	N	2500	0	1	119	39	7	6	9	0	0	0	0	0	0	0	0	0	0	0	0	6679269	
1277	1	H	8	N	2500	0	40	180	133	39	33	55	0	0	0	0	0	0	0	0	0	0	0	0	6679659	
1278	1	H	8	N	2500	0	40	209	140	43	34	57	0	0	0	0	0	0	0	0	0	0	0	0	6679706	
1279	1	H	8	N	2500	0	40	342	108	28	22	37	0	0	0	0	0	0	0	0	0	0	0	0	6679831	
1280	1	H	8	N	2500	0	40	340	121	29	22	34	0	0	0	0	0	0	0	0	0	0	0	0	6679909	
1281	1	H	8	N	2500	0	1	163	110	25	24	40	0	0	0	0	0	0	0	0	0	0	0	0	6679924	
1282	1	H	8	N	2500	0	40	337	111	24	20	32	0	0	0	0	0	0	0	0	0	0	0	0	6679956	
1283	1	H	9	N	2500	6	40	228	111	33	24	35	0	0	0	0	0	0	0	0	0	0	0	0	6688146	
1284	1	H	9	N	2500	6	40	375	134	30	24	43	0	0	0	0	0	0	0	0	0	0	0	0	6689877	
1285	1	H	10	N	2500	6	40	330	116	26	22	38	0	0	0	0	0	0	0	0	0	0	0	0	6702622	
1286	1	H	10	N	2500	2	1	163	100	24	20	34	0	0	0	0	0	0	0	0	0	0	0	0	6702810	
1287	1	H	10	N	2500	6	40	308	117	30	22	36	0	0	0	0	0	0	0	0	0	0	0	0	6703668	
1288	1	H	10	N	2500	2	1	70	23	36	52	99	0	0	0	0	0	0	0	0	0	0	0	0	6703886	
1289	1	H	10	N	2500	2	1	281	83	21	15	28	0	0	0	0	0	0	0	0	0	0	0	0	6705493	
1290	1	H	10	N	2500	2	1	270	76	14	12	20	0	0	0	0	0	0	0	0	0	0	0	0	6705836	
1291	1	H	10	N	2500	6	40	312	132	36	27	40	0	0	0	0	0	0	0	0	0	0	0	0	6706476	
1292	1	H	10	N	2500	0	40	307	110	24	19	30	0	0	0	0	0	0	0	0	0	0	0	0	6706600	
1293	1	H	10	N	2500	0	40	269	116	29	24	40	0	0	0	0	0	0	0	0	0	0	0	0	6706647	
1294	1	H	10	N	2500	0	1	168	99	23	20	36	0	0	0	0	0	0	0	0	0	0	0	0	6706834	
1295	1	H	10	N	2500	0	40	354	125	31	21	37	0	0	0	0	0	0	0	0	0	0	0	0	6706944	
1296	1	H	10	N	2500	0	40	303	90	18	15	28	0	0	0	0	0	0	0	0	0	0	0	0	6707193	
1297	1	H	10	N	2500	0	40	249	109	24	22	35	0	0	0	0	0	0	0	0	0	0	0	0	6707287	
1298	1	H	10	N	2500	0	40	299	112	26	22	33	0	0	0	0	0	0	0	0	0	0	0	0	6707692	
1299	1	H	10	N	2500	0	40	236	110	32	24	38	0	0	0	0	0	0	0	0	0	0	0	0	6707817	
1300	1	H	10	N	2500	0	40	361	118	31	23	37	0	0	0	0	0	0	0	0	0	0	0	0	6708192	
1301	1	H	10	N	2500	0	40	384	125	29	26	45	0	0	0	0	0	0	0	0	0	0	0	0	6708270	
1302	1	H	10	N	2500	0	40	298	98	23	19	30	0	0	0	0	0	0	0	0	0	0	0	0	6708550	
1303	1	H	10	N	2500	0	1	268	78	18	13	21	0	0	0	0	0	0	0	0	0	0	0	0	6708987	
1304	1	H	10	N	2500	0	40	301	99	25	19	33	0	0	0	0	0	0	0	0	0	0	0	0	6709143	
1305	1	H	11	N	2500	2	1	182	100	24	20	29	0	0	0	0	0	0	0	0	0	0	0	0	6718581	
1306	1	H	11	N	2500	6	40	275	88	18	14	24	0	0	0	0	0	0	0	0	0	0	0	0	6721935	
1307	1	H	11	N	2500	6	40	229	114	24	21	37	0	0	0	0	0	0	0	0	0	0	0	0	6723215	
1308	1	H	12	N	2500	2	1	217	97	25	19	30	0	0	0	0	0	0	0	0	0	0	0	0	6731280	
1309	1	H	12	N	2500	6	40	419	128	29	20	37	0	0	0	0	0	0	0	0	0	0	0	0	6731841	
1310	1	H	12	N	2500	6	40	293	123	25	22	38	0	0	0	0	0	0	0	0	0	0	0	0	6732091	
1311	1	H	12	N	2500	2	1	162	98	21	19	32	0	0	0	0	0	0	0	0	0	0	0	0	6732512	
1312	1	H	12	N	2500	6	40	309	85	15	13	23	0	0	0	0	0	0	0	0	0	0	0	0	6733355	
1313	1	H	12	N	2500	0	40	309	111	25	22	39	0	0	0	0	0	0	0	0	0	0	0	0	6733557	
1314	1	H	12	N	2500	0	1	180	92	24	20	35	0	0	0	0	0	0	0	0	0	0	0	0	6734025	
1315	1	H	12	N	2500	0	1	116	29	3	2	5	0	0	0	0	0	0	0	0	0	0	0	0	6734072	
1316	1	H	12	N	2500	0	40	384	132	28	21	37	0	0	0	0	0	0	0	0	0	0	0	0	6734135	
1317	1	H	12	N	2500	0	40	287	86	18	13	27	0	0	0	0	0	0	0	0	0	0	0	0	6734259	
1318	1	H	12	N	2500	0	1	182	105	27	20	30	0	0	0	0	0	0	0	0	0	0	0	0	6734291	
1319	1	H	12	N	2500	0	40	309	114	22	18	31	0	0	0	0	0	0	0	0	0	0	0	0	6734525	
1320	1	H	12	N	2500	0	1	143	76	14	13	20	0	0	0	0	0	0	0	0	0	0	0	0	6734556	
1321	1	H	12	N	2500	0	40	214	113	29	25	40	0	0	0	0	0	0	0	0	0	0	0	0	6734774	
1322	1	H	12	N	2500	0	1	196	62	13	10	16	0	0	0	0	0	0	0	0	0	0	0	0	6734821	
1323	1	H	12	N	2500	0	40	289	112	24	21	37	0	0	0	0	0	0	0	0	0	0	0	0	6735008	
1324	1	H	12	N	2500	0	1	214	101	20	18	30	0	0	0	0	0	0	0	0	0	0	0	0	6735102	
1325	1	H	12	N	2500	0	1	215	84	19	13	19	0	0	0	0	0	0	0	0	0	0	0	0	6735164	
1326	1	H	12	N	2500	0	1	211	70	15	12	19	0	0	0	0	0	0	0	0	0	0	0	0	6735398	
1327	1	H	12	N	2500	0	40	274	89	17	14	24	0	0	0	0	0	0	0	0	0	0	0	0	6735414	
1328	1	H	12	N	2500	0	40	302	94	16	14	23	0	0	0	0	0	0	0	0	0	0	0	0	6735819	
1329	1	H	12	N	2500	0	40	240	114	24	21	33	0	0	0	0	0	0	0	0	0	0	0	0	6735835	
1330	1	H	12	N	2500	0	40	307	106	23	17	26	0	0	0	0	0	0	0	0	0	0	0	0	6735882	
1331	1	H	12	N	2500	0	40	392	125	25	20	36	0	0	0	0	0	0	0	0	0	0	0	0	6735991	
1332	1	H	12	N	2500	0	1	159	48	9	9	15	0	0	0	0	0	0	0	0	0	0	0	0	6736100	
1333	1	H	12	N	2500	0	40	266	93	18	14	24	0	0	0	0	0	0	0	0	0	0	0	0	6736256	
1334	1	H	12	N	2500	0	40	323	119	28	20	31	0	0	0	0	0	0	0	0	0	0	0	0	6736350	
1335	1	H	12	N	2500	0	40	300	97	18	16	28	0	0	0	0	0	0	0	0	0	0	0	0	6736693	
1336	1	H	12	N	2500	0	1	214	81	15	13	23	0	0	0	0	0	0	0	0	0	0	0	0	6736709	
1337	1	H	12	N	2500	0	40	194	117	29	25	39	0	0	0	0	0	0	0	0	0	0	0	0	6738050	
1338	1	H	12	N	2500	0	1	222	93	19	15	27	0	0	0	0	0	0	0	0	0	0	0	0	6738487	


Threshold source: EXT,  value 50
Min TOF = 50
EXT signal gain 1.6
Green signal gain 3.0
Yellow signal gain 3.0
Red signal gain 3.0
Green PMT voltage 700
Yellow PMT voltage 700
Red PMT voltage 900
Signal multipliers: 1.0,1.0,1.0,1.0
C:\Users\unionbio\Desktop\COPAS Templates\USE for L4 dispense4.csv