Id	Plate	Row	Column	Clog	Scan rate	Status sort	Status sel	TOF	EXT	Green	Yellow	Red	PH Ext	PW Ext	PC Ext	PH Green	PW Green	PCGreen	PH Yellow	PW Yellow	PCYellow	PH Red	PW Red	PCRed	Time Stamp	
0	1	A	1	N	2500	2	1	251	74	13	9	17	0	0	0	0	0	0	0	0	0	0	0	0	21223646	
1	1	A	1	N	2500	2	1	55	13	2	0	2	0	0	0	0	0	0	0	0	0	0	0	0	21226938	
2	1	A	2	N	2500	6	40	272	89	18	14	20	0	0	0	0	0	0	0	0	0	0	0	0	21234956	
3	1	A	2	N	2500	2	1	64	20	9	6	6	0	0	0	0	0	0	0	0	0	0	0	0	21234956	
4	1	A	2	N	2500	2	1	55	15	6	4	5	0	0	0	0	0	0	0	0	0	0	0	0	21236126	
5	1	A	2	N	2500	6	40	239	125	34	22	34	0	0	0	0	0	0	0	0	0	0	0	0	21236188	
6	1	A	2	N	2500	2	1	103	36	7	6	10	0	0	0	0	0	0	0	0	0	0	0	0	21236625	
7	1	A	2	N	2500	2	1	60	19	9	5	6	0	0	0	0	0	0	0	0	0	0	0	0	21237000	
8	1	A	2	N	2500	6	40	335	145	36	25	36	0	0	0	0	0	0	0	0	0	0	0	0	21239558	
9	1	A	2	N	2500	0	1	147	81	17	13	18	0	0	0	0	0	0	0	0	0	0	0	0	21239761	
10	1	A	2	N	2500	0	40	362	138	31	22	33	0	0	0	0	0	0	0	0	0	0	0	0	21240042	
11	1	A	2	N	2500	0	40	327	103	18	13	22	0	0	0	0	0	0	0	0	0	0	0	0	21240556	
12	1	A	2	N	2500	0	40	277	110	24	19	30	0	0	0	0	0	0	0	0	0	0	0	0	21240884	
13	1	A	2	N	2500	0	1	262	81	16	12	18	0	0	0	0	0	0	0	0	0	0	0	0	21240931	
14	1	A	2	N	2500	0	40	329	135	33	24	40	0	0	0	0	0	0	0	0	0	0	0	0	21241118	
15	1	A	4	N	2500	6	40	321	117	31	21	30	0	0	0	0	0	0	0	0	0	0	0	0	21264643	
16	1	A	4	N	2500	6	40	289	109	27	21	31	0	0	0	0	0	0	0	0	0	0	0	0	21265345	
17	1	A	4	N	2500	6	40	281	124	30	24	34	0	0	0	0	0	0	0	0	0	0	0	0	21265969	
18	1	A	4	N	2500	0	40	199	115	30	21	32	0	0	0	0	0	0	0	0	0	0	0	0	21267014	
19	1	A	4	N	2500	0	1	215	60	11	10	18	0	0	0	0	0	0	0	0	0	0	0	0	21267638	
20	1	A	4	N	2500	0	40	267	127	31	23	36	0	0	0	0	0	0	0	0	0	0	0	0	21267825	
21	1	A	4	N	2500	0	40	241	120	31	23	37	0	0	0	0	0	0	0	0	0	0	0	0	21268636	
22	1	A	4	N	2500	0	40	260	116	27	22	31	0	0	0	0	0	0	0	0	0	0	0	0	21269011	
23	1	A	4	N	2500	0	1	220	95	22	16	23	0	0	0	0	0	0	0	0	0	0	0	0	21269510	
24	1	A	4	N	2500	0	1	126	46	18	25	50	0	0	0	0	0	0	0	0	0	0	0	0	21269588	
25	1	A	4	N	2500	0	40	291	118	31	21	34	0	0	0	0	0	0	0	0	0	0	0	0	21269806	
26	1	A	4	N	2500	0	1	195	100	27	19	26	0	0	0	0	0	0	0	0	0	0	0	0	21270930	
27	1	A	6	N	2500	2	1	205	89	25	19	31	0	0	0	0	0	0	0	0	0	0	0	0	21292411	
28	1	A	6	N	2500	6	40	286	122	26	21	29	0	0	0	0	0	0	0	0	0	0	0	0	21292489	
29	1	A	6	N	2500	2	1	53	17	9	2	3	0	0	0	0	0	0	0	0	0	0	0	0	21292832	
30	1	A	6	N	2500	6	40	281	104	22	20	29	0	0	0	0	0	0	0	0	0	0	0	0	21292848	
31	1	A	6	N	2500	6	40	262	123	31	28	42	0	0	0	0	0	0	0	0	0	0	0	0	21292863	
32	1	A	6	N	2500	0	1	155	61	11	10	15	0	0	0	0	0	0	0	0	0	0	0	0	21292941	
33	1	A	6	N	2500	0	1	175	109	33	23	30	0	0	0	0	0	0	0	0	0	0	0	0	21293238	
34	1	A	6	N	2500	0	40	229	115	34	25	38	0	0	0	0	0	0	0	0	0	0	0	0	21294018	
35	1	A	6	N	2500	0	40	313	119	27	22	37	0	0	0	0	0	0	0	0	0	0	0	0	21294517	
36	1	A	6	N	2500	0	1	257	88	19	19	33	0	0	0	0	0	0	0	0	0	0	0	0	21294845	
37	1	A	6	N	2500	0	40	238	120	37	28	42	0	0	0	0	0	0	0	0	0	0	0	0	21294938	
38	1	A	6	N	2500	0	40	289	111	29	23	38	0	0	0	0	0	0	0	0	0	0	0	0	21295094	
39	1	A	6	N	2500	0	40	289	122	29	23	34	0	0	0	0	0	0	0	0	0	0	0	0	21295281	
40	1	A	6	N	2500	0	1	186	98	32	24	37	0	0	0	0	0	0	0	0	0	0	0	0	21295328	
41	1	A	6	N	2500	0	40	293	93	21	14	25	0	0	0	0	0	0	0	0	0	0	0	0	21295422	
42	1	A	6	N	2500	0	40	267	103	24	19	28	0	0	0	0	0	0	0	0	0	0	0	0	21295593	
43	1	A	6	N	2500	0	40	358	134	31	22	34	0	0	0	0	0	0	0	0	0	0	0	0	21295671	
44	1	A	6	N	2500	0	1	150	100	30	23	32	0	0	0	0	0	0	0	0	0	0	0	0	21295687	
45	1	A	6	N	2500	0	1	221	103	23	18	30	0	0	0	0	0	0	0	0	0	0	0	0	21296233	
46	1	A	6	N	2500	0	1	72	23	4	5	9	0	0	0	0	0	0	0	0	0	0	0	0	21296592	
47	1	A	6	N	2500	0	1	269	85	16	13	22	0	0	0	0	0	0	0	0	0	0	0	0	21297606	
48	1	A	6	N	2500	0	1	217	91	22	18	28	0	0	0	0	0	0	0	0	0	0	0	0	21297621	
49	1	A	6	N	2500	0	40	281	90	19	16	24	0	0	0	0	0	0	0	0	0	0	0	0	21297668	
50	1	A	6	N	2500	0	1	206	49	7	5	10	0	0	0	0	0	0	0	0	0	0	0	0	21297809	
51	1	A	6	N	2500	0	40	244	103	29	25	40	0	0	0	0	0	0	0	0	0	0	0	0	21298121	
52	1	A	6	N	2500	0	1	278	80	17	13	20	0	0	0	0	0	0	0	0	0	0	0	0	21298557	
53	1	A	8	N	2500	2	1	83	18	4	3	6	0	0	0	0	0	0	0	0	0	0	0	0	21321006	
54	1	A	8	N	2500	2	1	178	70	16	12	19	0	0	0	0	0	0	0	0	0	0	0	0	21321006	
55	1	A	8	N	2500	2	1	261	80	15	13	20	0	0	0	0	0	0	0	0	0	0	0	0	21321084	
56	1	A	8	N	2500	2	1	74	24	12	4	5	0	0	0	0	0	0	0	0	0	0	0	0	21321287	
57	1	A	8	N	2500	2	1	239	75	14	12	16	0	0	0	0	0	0	0	0	0	0	0	0	21321443	
58	1	A	8	N	2500	2	1	117	82	24	18	27	0	0	0	0	0	0	0	0	0	0	0	0	21321489	
59	1	A	8	N	2500	2	1	72	14	2	2	5	0	0	0	0	0	0	0	0	0	0	0	0	21321630	
60	1	A	8	N	2500	33	1	111	57	16	12	19	0	0	0	0	0	0	0	0	0	0	0	0	21321630	
61	1	A	8	N	2500	2	1	191	65	10	10	17	0	0	0	0	0	0	0	0	0	0	0	0	21323174	
62	1	A	8	N	2500	2	1	225	62	9	8	14	0	0	0	0	0	0	0	0	0	0	0	0	21323595	
63	1	A	8	N	2500	2	1	250	80	17	14	23	0	0	0	0	0	0	0	0	0	0	0	0	21324032	
64	1	A	8	N	2500	2	1	199	92	22	16	24	0	0	0	0	0	0	0	0	0	0	0	0	21324110	
65	1	A	8	N	2500	2	1	184	63	12	10	18	0	0	0	0	0	0	0	0	0	0	0	0	21324438	
66	1	A	8	N	2500	2	1	152	47	7	6	8	0	0	0	0	0	0	0	0	0	0	0	0	21325031	
67	1	A	8	N	2500	6	40	307	118	27	22	35	0	0	0	0	0	0	0	0	0	0	0	0	21326715	
68	1	A	8	N	2500	2	1	241	66	12	9	17	0	0	0	0	0	0	0	0	0	0	0	0	21327511	
69	1	A	8	N	2500	2	1	57	15	2	3	6	0	0	0	0	0	0	0	0	0	0	0	0	21327683	
70	1	A	8	N	2500	2	1	268	63	11	9	20	0	0	0	0	0	0	0	0	0	0	0	0	21328151	
71	1	A	9	N	2500	2	1	255	73	12	9	13	0	0	0	0	0	0	0	0	0	0	0	0	21341645	
72	1	A	10	N	2500	6	40	314	115	28	22	34	0	0	0	0	0	0	0	0	0	0	0	0	21352643	
73	1	A	10	N	2500	6	40	192	117	37	28	37	0	0	0	0	0	0	0	0	0	0	0	0	21352861	
74	1	A	10	N	2500	6	40	326	117	26	21	33	0	0	0	0	0	0	0	0	0	0	0	0	21352939	
75	1	A	10	N	2500	0	40	270	126	31	27	42	0	0	0	0	0	0	0	0	0	0	0	0	21352955	
76	1	A	10	N	2500	0	40	355	126	31	25	31	0	0	0	0	0	0	0	0	0	0	0	0	21352970	
77	1	A	10	N	2500	0	1	155	120	31	28	39	0	0	0	0	0	0	0	0	0	0	0	0	21353189	
78	1	A	10	N	2500	0	40	318	126	32	27	39	0	0	0	0	0	0	0	0	0	0	0	0	21353235	
79	1	A	10	N	2500	0	1	178	101	23	19	30	0	0	0	0	0	0	0	0	0	0	0	0	21353781	
80	1	A	10	N	2500	0	40	250	139	37	26	41	0	0	0	0	0	0	0	0	0	0	0	0	21353891	
81	1	A	10	N	2500	0	40	296	109	26	21	33	0	0	0	0	0	0	0	0	0	0	0	0	21354000	
82	1	A	10	N	2500	0	40	223	118	33	25	38	0	0	0	0	0	0	0	0	0	0	0	0	21354093	
83	1	A	10	N	2500	0	40	345	146	37	28	36	0	0	0	0	0	0	0	0	0	0	0	0	21354187	
84	1	A	10	N	2500	0	1	182	104	33	24	40	0	0	0	0	0	0	0	0	0	0	0	0	21354249	
85	1	A	10	N	2500	0	40	226	119	27	22	33	0	0	0	0	0	0	0	0	0	0	0	0	21354390	
86	1	A	10	N	2500	0	40	359	134	31	26	37	0	0	0	0	0	0	0	0	0	0	0	0	21354452	
87	1	A	10	N	2500	0	40	316	122	35	26	37	0	0	0	0	0	0	0	0	0	0	0	0	21354686	
88	1	A	10	N	2500	0	40	315	109	29	20	32	0	0	0	0	0	0	0	0	0	0	0	0	21354686	
89	1	A	10	N	2500	0	40	195	113	35	24	36	0	0	0	0	0	0	0	0	0	0	0	0	21354702	
90	1	A	10	N	2500	0	40	305	98	26	19	29	0	0	0	0	0	0	0	0	0	0	0	0	21354749	
91	1	A	10	N	2500	0	40	296	102	23	18	27	0	0	0	0	0	0	0	0	0	0	0	0	21354873	
92	1	A	10	N	2500	0	2	161	133	39	29	45	0	0	0	0	0	0	0	0	0	0	0	0	21354873	
93	1	A	10	N	2500	0	40	234	136	40	31	43	0	0	0	0	0	0	0	0	0	0	0	0	21354967	
94	1	A	10	N	2500	0	40	211	114	32	22	33	0	0	0	0	0	0	0	0	0	0	0	0	21355045	
95	1	A	10	N	2500	0	40	240	112	27	22	32	0	0	0	0	0	0	0	0	0	0	0	0	21355154	
96	1	A	10	N	2500	0	40	270	144	37	28	36	0	0	0	0	0	0	0	0	0	0	0	0	21355279	
97	1	A	10	N	2500	0	40	291	102	22	17	24	0	0	0	0	0	0	0	0	0	0	0	0	21355326	
98	1	A	10	N	2500	0	40	261	99	27	19	27	0	0	0	0	0	0	0	0	0	0	0	0	21355404	
99	1	A	10	N	2500	0	40	228	129	40	28	36	0	0	0	0	0	0	0	0	0	0	0	0	21355419	
100	1	A	10	N	2500	0	40	198	113	34	25	41	0	0	0	0	0	0	0	0	0	0	0	0	21355466	
101	1	A	10	N	2500	0	40	286	98	25	19	32	0	0	0	0	0	0	0	0	0	0	0	0	21355560	
102	1	A	10	N	2500	0	40	265	131	37	26	43	0	0	0	0	0	0	0	0	0	0	0	0	21355653	
103	1	A	10	N	2500	0	40	364	145	34	27	38	0	0	0	0	0	0	0	0	0	0	0	0	21355653	
104	1	A	10	N	2500	0	1	170	82	28	21	30	0	0	0	0	0	0	0	0	0	0	0	0	21355747	
105	1	A	10	N	2500	0	40	348	142	35	27	36	0	0	0	0	0	0	0	0	0	0	0	0	21355763	
106	1	A	10	N	2500	0	40	299	106	28	19	28	0	0	0	0	0	0	0	0	0	0	0	0	21355825	
107	1	A	10	N	2500	0	40	279	118	29	26	37	0	0	0	0	0	0	0	0	0	0	0	0	21355856	
108	1	A	10	N	2500	0	40	211	118	31	24	33	0	0	0	0	0	0	0	0	0	0	0	0	21355856	
109	1	A	10	N	2500	0	40	375	135	32	25	37	0	0	0	0	0	0	0	0	0	0	0	0	21355887	
110	1	A	10	N	2500	0	40	331	117	33	23	38	0	0	0	0	0	0	0	0	0	0	0	0	21355919	
111	1	A	10	N	2500	0	40	290	95	19	15	23	0	0	0	0	0	0	0	0	0	0	0	0	21356153	
112	1	A	10	N	2500	0	40	343	146	36	27	49	0	0	0	0	0	0	0	0	0	0	0	0	21357135	
113	1	A	10	N	2500	0	1	175	97	23	17	30	0	0	0	0	0	0	0	0	0	0	0	0	21357198	
114	1	A	10	N	2500	0	40	207	139	41	29	43	0	0	0	0	0	0	0	0	0	0	0	0	21357541	
115	1	A	11	N	2500	2	1	146	55	12	10	14	0	0	0	0	0	0	0	0	0	0	0	0	21365778	
116	1	A	11	N	2500	2	1	103	43	10	8	15	0	0	0	0	0	0	0	0	0	0	0	0	21365778	
117	1	A	11	N	2500	6	40	368	123	26	19	30	0	0	0	0	0	0	0	0	0	0	0	0	21371924	
118	1	A	12	N	2500	2	1	85	39	7	9	17	0	0	0	0	0	0	0	0	0	0	0	0	21380567	
119	1	A	12	N	2500	6	40	347	116	25	21	30	0	0	0	0	0	0	0	0	0	0	0	0	21380754	
120	1	A	12	N	2500	6	40	334	113	26	22	33	0	0	0	0	0	0	0	0	0	0	0	0	21380847	
121	1	A	12	N	2500	6	40	252	100	22	19	31	0	0	0	0	0	0	0	0	0	0	0	0	21380957	
122	1	A	12	N	2500	0	40	316	120	31	22	37	0	0	0	0	0	0	0	0	0	0	0	0	21381097	
123	1	A	12	N	2500	0	1	127	28	3	3	7	0	0	0	0	0	0	0	0	0	0	0	0	21381362	
124	1	A	12	N	2500	0	40	280	99	20	17	26	0	0	0	0	0	0	0	0	0	0	0	0	21381456	
125	1	A	12	N	2500	0	40	213	107	27	19	32	0	0	0	0	0	0	0	0	0	0	0	0	21382345	
126	1	A	12	N	2500	0	40	314	115	25	22	36	0	0	0	0	0	0	0	0	0	0	0	0	21382610	
127	1	A	12	N	2500	0	40	323	120	30	21	35	0	0	0	0	0	0	0	0	0	0	0	0	21382751	
128	1	A	12	N	2500	0	40	351	157	39	29	44	0	0	0	0	0	0	0	0	0	0	0	0	21383047	
129	1	A	12	N	2500	0	40	274	114	25	20	31	0	0	0	0	0	0	0	0	0	0	0	0	21383187	
130	1	A	12	N	2500	0	40	350	133	30	23	28	0	0	0	0	0	0	0	0	0	0	0	0	21383297	
131	1	A	12	N	2500	0	1	274	84	19	12	21	0	0	0	0	0	0	0	0	0	0	0	0	21383796	
132	1	A	12	N	2500	0	40	256	116	30	25	39	0	0	0	0	0	0	0	0	0	0	0	0	21383889	
133	1	A	12	N	2500	0	40	441	156	39	30	49	0	0	0	0	0	0	0	0	0	0	0	0	21383921	
134	1	A	12	N	2500	0	40	330	117	28	22	35	0	0	0	0	0	0	0	0	0	0	0	0	21383999	
135	1	A	12	N	2500	0	40	360	136	35	26	40	0	0	0	0	0	0	0	0	0	0	0	0	21384045	
136	1	A	12	N	2500	0	40	298	125	32	24	38	0	0	0	0	0	0	0	0	0	0	0	0	21384342	
137	1	A	12	N	2500	0	1	110	51	11	7	12	0	0	0	0	0	0	0	0	0	0	0	0	21384857	
138	1	A	12	N	2500	0	1	196	85	19	15	26	0	0	0	0	0	0	0	0	0	0	0	0	21384872	
139	1	A	12	N	2500	0	40	311	150	37	27	40	0	0	0	0	0	0	0	0	0	0	0	0	21384997	
140	1	A	12	N	2500	0	1	193	72	15	13	20	0	0	0	0	0	0	0	0	0	0	0	0	21385184	
141	1	A	12	N	2500	0	1	195	111	23	21	32	0	0	0	0	0	0	0	0	0	0	0	0	21385325	
142	1	A	12	N	2500	0	1	222	81	17	15	26	0	0	0	0	0	0	0	0	0	0	0	0	21385621	
143	1	A	12	N	2500	0	40	224	115	36	25	37	0	0	0	0	0	0	0	0	0	0	0	0	21386510	
144	1	B	2	N	2500	6	40	241	138	42	31	51	0	0	0	0	0	0	0	0	0	0	0	0	21409817	
145	1	B	2	N	2500	6	40	320	130	34	27	44	0	0	0	0	0	0	0	0	0	0	0	0	21409879	
146	1	B	2	N	2500	2	1	177	103	27	23	34	0	0	0	0	0	0	0	0	0	0	0	0	21410628	
147	1	B	2	N	2500	6	40	211	117	34	29	46	0	0	0	0	0	0	0	0	0	0	0	0	21410831	
148	1	B	2	N	2500	0	1	154	109	26	23	34	0	0	0	0	0	0	0	0	0	0	0	0	21410893	
149	1	B	2	N	2500	0	1	93	55	14	11	17	0	0	0	0	0	0	0	0	0	0	0	0	21411080	
150	1	B	2	N	2500	0	1	114	36	7	8	11	0	0	0	0	0	0	0	0	0	0	0	0	21411080	
151	1	B	2	N	2500	0	1	55	19	4	4	10	0	0	0	0	0	0	0	0	0	0	0	0	21411158	
152	1	B	2	N	2500	0	40	177	127	41	32	49	0	0	0	0	0	0	0	0	0	0	0	0	21411330	
153	1	B	2	N	2500	0	40	297	113	32	28	42	0	0	0	0	0	0	0	0	0	0	0	0	21411486	
154	1	B	2	N	2500	0	40	365	154	38	28	43	0	0	0	0	0	0	0	0	0	0	0	0	21411751	
155	1	B	2	N	2500	0	40	190	120	28	24	35	0	0	0	0	0	0	0	0	0	0	0	0	21412079	
156	1	B	2	N	2500	0	40	292	132	41	29	46	0	0	0	0	0	0	0	0	0	0	0	0	21412110	
157	1	B	2	N	2500	0	40	332	87	19	16	25	0	0	0	0	0	0	0	0	0	0	0	0	21412204	
158	1	B	2	N	2500	0	40	313	130	35	25	36	0	0	0	0	0	0	0	0	0	0	0	0	21412625	
159	1	B	2	N	2500	0	40	332	131	35	28	43	0	0	0	0	0	0	0	0	0	0	0	0	21412765	
160	1	B	2	N	2500	0	40	401	148	39	29	51	0	0	0	0	0	0	0	0	0	0	0	0	21412937	
161	1	B	2	N	2500	0	40	310	116	28	22	37	0	0	0	0	0	0	0	0	0	0	0	0	21413077	
162	1	B	2	N	2500	0	40	299	125	33	30	48	0	0	0	0	0	0	0	0	0	0	0	0	21413249	
163	1	B	2	N	2500	0	40	318	120	32	23	39	0	0	0	0	0	0	0	0	0	0	0	0	21413264	
164	1	B	2	N	2500	0	40	206	110	35	28	43	0	0	0	0	0	0	0	0	0	0	0	0	21413280	
165	1	B	2	N	2500	0	40	395	168	44	33	50	0	0	0	0	0	0	0	0	0	0	0	0	21413342	
166	1	B	2	N	2500	0	40	333	122	29	24	37	0	0	0	0	0	0	0	0	0	0	0	0	21413420	
167	1	B	2	N	2500	0	1	209	92	31	26	40	0	0	0	0	0	0	0	0	0	0	0	0	21413530	
168	1	B	2	N	2500	0	40	219	127	29	26	42	0	0	0	0	0	0	0	0	0	0	0	0	21413561	
169	1	B	2	N	2500	0	40	334	140	35	26	40	0	0	0	0	0	0	0	0	0	0	0	0	21413576	
170	1	B	2	N	2500	0	40	312	105	26	19	26	0	0	0	0	0	0	0	0	0	0	0	0	21413670	
171	1	B	2	N	2500	0	1	187	44	8	6	10	0	0	0	0	0	0	0	0	0	0	0	0	21413748	
172	1	B	2	N	2500	0	1	267	83	21	18	36	0	0	0	0	0	0	0	0	0	0	0	0	21413764	
173	1	B	2	N	2500	0	1	158	59	15	13	21	0	0	0	0	0	0	0	0	0	0	0	0	21413764	
174	1	B	2	N	2500	0	40	455	174	44	32	50	0	0	0	0	0	0	0	0	0	0	0	0	21413795	
175	1	B	2	N	2500	0	1	595	303	84	64	103	0	0	0	0	0	0	0	0	0	0	0	0	21413951	
176	1	B	2	N	2500	0	1	171	99	23	17	24	0	0	0	0	0	0	0	0	0	0	0	0	21414029	
177	1	B	2	N	2500	0	1	207	106	29	25	37	0	0	0	0	0	0	0	0	0	0	0	0	21414060	
178	1	B	2	N	2500	0	40	361	141	37	28	44	0	0	0	0	0	0	0	0	0	0	0	0	21414076	
179	1	B	2	N	2500	0	1	194	78	25	21	31	0	0	0	0	0	0	0	0	0	0	0	0	21414200	
180	1	B	2	N	2500	0	40	319	132	36	29	47	0	0	0	0	0	0	0	0	0	0	0	0	21414216	
181	1	B	2	N	2500	0	40	368	138	33	27	42	0	0	0	0	0	0	0	0	0	0	0	0	21414278	
182	1	B	2	N	2500	0	40	225	127	33	29	45	0	0	0	0	0	0	0	0	0	0	0	0	21414294	
183	1	B	2	N	2500	0	40	340	136	34	25	39	0	0	0	0	0	0	0	0	0	0	0	0	21414372	
184	1	B	2	N	2500	0	40	327	117	32	24	37	0	0	0	0	0	0	0	0	0	0	0	0	21414403	
185	1	B	2	N	2500	0	40	330	129	28	24	39	0	0	0	0	0	0	0	0	0	0	0	0	21414481	
186	1	B	2	N	2500	0	40	274	140	34	31	45	0	0	0	0	0	0	0	0	0	0	0	0	21414528	
187	1	B	2	N	2500	0	40	274	131	37	27	41	0	0	0	0	0	0	0	0	0	0	0	0	21414606	
188	1	B	2	N	2500	0	40	348	138	33	26	43	0	0	0	0	0	0	0	0	0	0	0	0	21414653	
189	1	B	2	N	2500	0	40	264	137	40	29	44	0	0	0	0	0	0	0	0	0	0	0	0	21414700	
190	1	B	2	N	2500	0	40	353	131	33	25	39	0	0	0	0	0	0	0	0	0	0	0	0	21414762	
191	1	B	2	N	2500	0	1	148	76	19	18	28	0	0	0	0	0	0	0	0	0	0	0	0	21414793	
192	1	B	2	N	2500	0	40	258	124	30	27	43	0	0	0	0	0	0	0	0	0	0	0	0	21414996	
193	1	B	2	N	2500	0	40	301	93	21	17	29	0	0	0	0	0	0	0	0	0	0	0	0	21415043	
194	1	B	2	N	2500	0	40	269	132	43	34	50	0	0	0	0	0	0	0	0	0	0	0	0	21415386	
195	1	B	2	N	2500	0	40	204	114	36	26	40	0	0	0	0	0	0	0	0	0	0	0	0	21415448	
196	1	B	2	N	2500	0	1	172	105	27	22	32	0	0	0	0	0	0	0	0	0	0	0	0	21415620	
197	1	B	2	N	2500	0	1	153	82	26	19	32	0	0	0	0	0	0	0	0	0	0	0	0	21415745	
198	1	B	2	N	2500	0	40	225	142	35	31	44	0	0	0	0	0	0	0	0	0	0	0	0	21415792	
199	1	B	2	N	2500	0	40	217	106	27	23	38	0	0	0	0	0	0	0	0	0	0	0	0	21415854	
200	1	B	2	N	2500	0	40	327	121	35	24	38	0	0	0	0	0	0	0	0	0	0	0	0	21415916	
201	1	B	2	N	2500	0	40	210	146	45	34	55	0	0	0	0	0	0	0	0	0	0	0	0	21415916	
202	1	B	2	N	2500	0	40	229	127	38	29	43	0	0	0	0	0	0	0	0	0	0	0	0	21416072	
203	1	B	4	N	2500	2	1	105	37	11	10	17	0	0	0	0	0	0	0	0	0	0	0	0	21439426	
204	1	B	4	N	2500	6	40	260	141	42	32	43	0	0	0	0	0	0	0	0	0	0	0	0	21439472	
205	1	B	4	N	2500	6	40	294	122	30	25	33	0	0	0	0	0	0	0	0	0	0	0	0	21439878	
206	1	B	4	N	2500	6	40	319	121	28	24	34	0	0	0	0	0	0	0	0	0	0	0	0	21440096	
207	1	B	4	N	2500	0	40	294	135	33	26	42	0	0	0	0	0	0	0	0	0	0	0	0	21440299	
208	1	B	4	N	2500	0	40	196	139	36	30	43	0	0	0	0	0	0	0	0	0	0	0	0	21440346	
209	1	B	4	N	2500	0	40	302	141	37	29	45	0	0	0	0	0	0	0	0	0	0	0	0	21440611	
210	1	B	4	N	2500	0	1	276	74	12	9	19	0	0	0	0	0	0	0	0	0	0	0	0	21440658	
211	1	B	4	N	2500	0	40	327	138	36	29	43	0	0	0	0	0	0	0	0	0	0	0	0	21440830	
212	1	B	4	N	2500	0	40	223	128	40	31	47	0	0	0	0	0	0	0	0	0	0	0	0	21441750	
213	1	B	4	N	2500	0	40	305	141	35	30	48	0	0	0	0	0	0	0	0	0	0	0	0	21443092	
214	1	B	4	N	2500	0	40	316	118	31	25	39	0	0	0	0	0	0	0	0	0	0	0	0	21443232	
215	1	B	4	N	2500	0	40	377	165	40	30	45	0	0	0	0	0	0	0	0	0	0	0	0	21443232	
216	1	B	4	N	2500	0	40	309	131	31	27	37	0	0	0	0	0	0	0	0	0	0	0	0	21443450	
217	1	B	4	N	2500	0	40	292	115	29	23	35	0	0	0	0	0	0	0	0	0	0	0	0	21443497	
218	1	B	4	N	2500	0	40	249	136	36	29	47	0	0	0	0	0	0	0	0	0	0	0	0	21443622	
219	1	B	4	N	2500	0	40	310	138	39	32	51	0	0	0	0	0	0	0	0	0	0	0	0	21443762	
220	1	B	4	N	2500	0	40	203	133	36	29	43	0	0	0	0	0	0	0	0	0	0	0	0	21444246	
221	1	B	4	N	2500	0	40	339	129	33	26	36	0	0	0	0	0	0	0	0	0	0	0	0	21444714	
222	1	B	6	N	2500	2	1	195	81	16	12	21	0	0	0	0	0	0	0	0	0	0	0	0	21469393	
223	1	B	6	N	2500	2	1	236	87	20	16	24	0	0	0	0	0	0	0	0	0	0	0	0	21469580	
224	1	B	6	N	2500	6	40	284	98	25	18	29	0	0	0	0	0	0	0	0	0	0	0	0	21469643	
225	1	B	6	N	2500	6	40	346	126	29	23	35	0	0	0	0	0	0	0	0	0	0	0	0	21469721	
226	1	B	6	N	2500	2	1	169	59	9	9	17	0	0	0	0	0	0	0	0	0	0	0	0	21470548	
227	1	B	6	N	2500	6	40	278	94	19	15	23	0	0	0	0	0	0	0	0	0	0	0	0	21471530	
228	1	B	6	N	2500	0	1	191	52	9	7	13	0	0	0	0	0	0	0	0	0	0	0	0	21471624	
229	1	B	6	N	2500	0	40	357	133	30	25	37	0	0	0	0	0	0	0	0	0	0	0	0	21471749	
230	1	B	6	N	2500	0	1	263	85	15	13	19	0	0	0	0	0	0	0	0	0	0	0	0	21471749	
231	1	B	6	N	2500	0	40	404	181	39	33	54	0	0	0	0	0	0	0	0	0	0	0	0	21471920	
232	1	B	6	N	2500	0	1	230	84	22	16	26	0	0	0	0	0	0	0	0	0	0	0	0	21472108	
233	1	B	6	N	2500	0	1	189	64	14	12	19	0	0	0	0	0	0	0	0	0	0	0	0	21472498	
234	1	B	6	N	2500	0	1	262	82	19	13	21	0	0	0	0	0	0	0	0	0	0	0	0	21473184	
235	1	B	6	N	2500	0	1	196	62	14	10	15	0	0	0	0	0	0	0	0	0	0	0	0	21473309	
236	1	B	6	N	2500	0	1	133	88	28	18	26	0	0	0	0	0	0	0	0	0	0	0	0	21473886	
237	1	B	7	N	2500	2	1	169	103	22	20	25	0	0	0	0	0	0	0	0	0	0	0	0	21483246	
238	1	B	8	N	2500	6	40	313	116	26	21	32	0	0	0	0	0	0	0	0	0	0	0	0	21496506	
239	1	B	8	N	2500	2	1	163	108	29	27	45	0	0	0	0	0	0	0	0	0	0	0	0	21497161	
240	1	B	8	N	2500	2	1	204	102	25	21	32	0	0	0	0	0	0	0	0	0	0	0	0	21497536	
241	1	B	8	N	2500	6	40	286	86	18	13	20	0	0	0	0	0	0	0	0	0	0	0	0	21497660	
242	1	B	8	N	2500	6	40	310	102	24	18	31	0	0	0	0	0	0	0	0	0	0	0	0	21497832	
243	1	B	8	N	2500	0	1	186	107	27	20	30	0	0	0	0	0	0	0	0	0	0	0	0	21498238	
244	1	B	8	N	2500	0	40	437	164	39	30	41	0	0	0	0	0	0	0	0	0	0	0	0	21498752	
245	1	B	8	N	2500	0	40	313	132	34	24	38	0	0	0	0	0	0	0	0	0	0	0	0	21498799	
246	1	B	8	N	2500	0	40	310	144	32	26	39	0	0	0	0	0	0	0	0	0	0	0	0	21498815	
247	1	B	8	N	2500	0	40	323	127	32	23	36	0	0	0	0	0	0	0	0	0	0	0	0	21499142	
248	1	B	8	N	2500	0	40	345	116	29	22	36	0	0	0	0	0	0	0	0	0	0	0	0	21499158	
249	1	B	8	N	2500	0	40	341	105	22	15	25	0	0	0	0	0	0	0	0	0	0	0	0	21499392	
250	1	B	8	N	2500	0	40	185	133	36	25	36	0	0	0	0	0	0	0	0	0	0	0	0	21499610	
251	1	B	8	N	2500	0	1	150	93	24	20	29	0	0	0	0	0	0	0	0	0	0	0	0	21499891	
252	1	B	8	N	2500	0	40	309	120	27	22	33	0	0	0	0	0	0	0	0	0	0	0	0	21500172	
253	1	B	8	N	2500	0	40	332	124	28	23	36	0	0	0	0	0	0	0	0	0	0	0	0	21500234	
254	1	B	8	N	2500	0	40	221	112	27	23	34	0	0	0	0	0	0	0	0	0	0	0	0	21500749	
255	1	B	8	N	2500	0	40	222	149	43	29	42	0	0	0	0	0	0	0	0	0	0	0	0	21500780	
256	1	B	8	N	2500	0	40	382	134	31	23	36	0	0	0	0	0	0	0	0	0	0	0	0	21500796	
257	1	B	8	N	2500	0	40	317	122	26	22	34	0	0	0	0	0	0	0	0	0	0	0	0	21500968	
258	1	B	8	N	2500	0	40	352	123	28	26	42	0	0	0	0	0	0	0	0	0	0	0	0	21501420	
259	1	B	8	N	2500	0	40	339	138	32	24	37	0	0	0	0	0	0	0	0	0	0	0	0	21501420	
260	1	B	8	N	2500	0	1	200	80	25	19	32	0	0	0	0	0	0	0	0	0	0	0	0	21501623	
261	1	B	10	N	2500	2	1	175	77	26	20	29	0	0	0	0	0	0	0	0	0	0	0	0	21526333	
262	1	B	10	N	2500	6	40	305	123	27	24	41	0	0	0	0	0	0	0	0	0	0	0	0	21526942	
263	1	B	10	N	2500	2	1	205	105	28	22	32	0	0	0	0	0	0	0	0	0	0	0	0	21526989	
264	1	B	10	N	2500	2	1	265	87	15	12	21	0	0	0	0	0	0	0	0	0	0	0	0	21527285	
265	1	B	10	N	2500	6	40	359	136	32	24	38	0	0	0	0	0	0	0	0	0	0	0	0	21528127	
266	1	B	10	N	2500	6	40	387	159	36	26	41	0	0	0	0	0	0	0	0	0	0	0	0	21529453	
267	1	B	10	N	2500	0	40	279	112	29	22	36	0	0	0	0	0	0	0	0	0	0	0	0	21529531	
268	1	B	10	N	2500	0	40	319	124	27	20	29	0	0	0	0	0	0	0	0	0	0	0	0	21529656	
269	1	B	10	N	2500	0	40	308	106	24	18	26	0	0	0	0	0	0	0	0	0	0	0	0	21529734	
270	1	B	10	N	2500	0	40	243	126	36	30	42	0	0	0	0	0	0	0	0	0	0	0	0	21529765	
271	1	B	10	N	2500	0	40	275	142	35	29	43	0	0	0	0	0	0	0	0	0	0	0	0	21529781	
272	1	B	10	N	2500	0	1	226	93	16	14	21	0	0	0	0	0	0	0	0	0	0	0	0	21530031	
273	1	B	10	N	2500	0	40	360	141	33	26	39	0	0	0	0	0	0	0	0	0	0	0	0	21530093	
274	1	B	10	N	2500	0	40	250	117	29	26	37	0	0	0	0	0	0	0	0	0	0	0	0	21530124	
275	1	B	10	N	2500	0	40	349	135	33	22	35	0	0	0	0	0	0	0	0	0	0	0	0	21530358	
276	1	B	10	N	2500	0	40	253	123	30	24	36	0	0	0	0	0	0	0	0	0	0	0	0	21530421	
277	1	B	10	N	2500	0	40	349	135	32	24	35	0	0	0	0	0	0	0	0	0	0	0	0	21530467	
278	1	B	10	N	2500	0	40	366	146	34	26	36	0	0	0	0	0	0	0	0	0	0	0	0	21530889	
279	1	B	10	N	2500	0	40	311	108	25	19	29	0	0	0	0	0	0	0	0	0	0	0	0	21531029	
280	1	B	12	N	2500	2	1	111	62	16	13	19	0	0	0	0	0	0	0	0	0	0	0	0	21553743	
281	1	B	12	N	2500	6	40	289	88	20	16	29	0	0	0	0	0	0	0	0	0	0	0	0	21553977	
282	1	B	12	N	2500	2	1	168	51	8	9	20	0	0	0	0	0	0	0	0	0	0	0	0	21555427	
283	1	B	12	N	2500	2	1	249	61	14	9	16	0	0	0	0	0	0	0	0	0	0	0	0	21555583	
284	1	B	12	N	2500	2	1	174	85	19	16	24	0	0	0	0	0	0	0	0	0	0	0	0	21555942	
285	1	B	12	N	2500	2	1	116	51	11	7	9	0	0	0	0	0	0	0	0	0	0	0	0	21555942	
286	1	B	12	N	2500	2	1	223	59	12	11	17	0	0	0	0	0	0	0	0	0	0	0	0	21556020	
287	1	B	12	N	2500	2	1	184	94	21	18	33	0	0	0	0	0	0	0	0	0	0	0	0	21556067	
288	1	B	12	N	2500	2	1	208	95	22	17	27	0	0	0	0	0	0	0	0	0	0	0	0	21556613	
289	1	B	12	N	2500	2	1	60	13	5	3	6	0	0	0	0	0	0	0	0	0	0	0	0	21556707	
290	1	B	12	N	2500	2	1	195	88	21	17	29	0	0	0	0	0	0	0	0	0	0	0	0	21556738	
291	1	B	12	N	2500	2	1	257	77	15	12	19	0	0	0	0	0	0	0	0	0	0	0	0	21556941	
292	1	B	12	N	2500	2	1	303	78	15	13	25	0	0	0	0	0	0	0	0	0	0	0	0	21557346	
293	1	B	12	N	2500	2	1	178	112	27	24	38	0	0	0	0	0	0	0	0	0	0	0	0	21557393	
294	1	B	12	N	2500	6	40	277	92	20	16	27	0	0	0	0	0	0	0	0	0	0	0	0	21557689	
295	1	B	12	N	2500	2	1	82	14	3	3	7	0	0	0	0	0	0	0	0	0	0	0	0	21557908	
296	1	B	12	N	2500	2	1	173	107	26	23	36	0	0	0	0	0	0	0	0	0	0	0	0	21558844	
297	1	B	12	N	2500	2	1	186	77	15	13	21	0	0	0	0	0	0	0	0	0	0	0	0	21559156	
298	1	C	1	N	2500	2	1	254	70	11	9	17	0	0	0	0	0	0	0	0	0	0	0	0	21573243	
299	1	C	2	N	2500	2	1	184	90	21	17	29	0	0	0	0	0	0	0	0	0	0	0	0	21585301	
300	1	C	2	N	2500	2	1	235	59	9	9	16	0	0	0	0	0	0	0	0	0	0	0	0	21585379	
301	1	C	2	N	2500	2	1	261	88	18	15	22	0	0	0	0	0	0	0	0	0	0	0	0	21585832	
302	1	C	2	N	2500	2	1	103	49	9	9	14	0	0	0	0	0	0	0	0	0	0	0	0	21586050	
303	1	C	2	N	2500	6	40	298	96	23	17	29	0	0	0	0	0	0	0	0	0	0	0	0	21586315	
304	1	C	2	N	2500	6	40	225	104	24	17	27	0	0	0	0	0	0	0	0	0	0	0	0	21586471	
305	1	C	2	N	2500	6	40	353	132	31	23	32	0	0	0	0	0	0	0	0	0	0	0	0	21586503	
306	1	C	2	N	2500	0	1	88	35	5	4	8	0	0	0	0	0	0	0	0	0	0	0	0	21586737	
307	1	C	2	N	2500	0	1	139	50	9	8	10	0	0	0	0	0	0	0	0	0	0	0	0	21586799	
308	1	C	2	N	2500	0	1	163	56	10	8	15	0	0	0	0	0	0	0	0	0	0	0	0	21586799	
309	1	C	2	N	2500	0	40	248	127	29	22	37	0	0	0	0	0	0	0	0	0	0	0	0	21586815	
310	1	C	2	N	2500	0	1	206	73	12	11	18	0	0	0	0	0	0	0	0	0	0	0	0	21586971	
311	1	C	2	N	2500	0	1	174	58	12	8	13	0	0	0	0	0	0	0	0	0	0	0	0	21587049	
312	1	C	2	N	2500	0	40	334	126	29	24	32	0	0	0	0	0	0	0	0	0	0	0	0	21587267	
313	1	C	2	N	2500	0	40	293	88	21	16	22	0	0	0	0	0	0	0	0	0	0	0	0	21587392	
314	1	C	2	N	2500	0	40	348	135	32	26	41	0	0	0	0	0	0	0	0	0	0	0	0	21588000	
315	1	C	2	N	2500	0	40	421	177	40	31	49	0	0	0	0	0	0	0	0	0	0	0	0	21588219	
316	1	C	2	N	2500	0	40	215	121	27	22	34	0	0	0	0	0	0	0	0	0	0	0	0	21588328	
317	1	C	2	N	2500	0	40	322	113	26	20	32	0	0	0	0	0	0	0	0	0	0	0	0	21588328	
318	1	C	2	N	2500	0	40	215	107	29	26	39	0	0	0	0	0	0	0	0	0	0	0	0	21588390	
319	1	C	2	N	2500	0	1	215	103	24	19	33	0	0	0	0	0	0	0	0	0	0	0	0	21588499	
320	1	C	2	N	2500	0	1	200	95	20	15	21	0	0	0	0	0	0	0	0	0	0	0	0	21588546	
321	1	C	2	N	2500	0	1	157	82	21	15	24	0	0	0	0	0	0	0	0	0	0	0	0	21588936	
322	1	C	2	N	2500	0	40	251	108	22	21	33	0	0	0	0	0	0	0	0	0	0	0	0	21588983	
323	1	C	2	N	2500	0	40	226	126	29	23	35	0	0	0	0	0	0	0	0	0	0	0	0	21589123	
324	1	C	2	N	2500	0	1	100	58	12	10	15	0	0	0	0	0	0	0	0	0	0	0	0	21589155	
325	1	C	2	N	2500	0	1	87	17	2	2	4	0	0	0	0	0	0	0	0	0	0	0	0	21589155	
326	1	C	2	N	2500	0	40	322	108	23	16	27	0	0	0	0	0	0	0	0	0	0	0	0	21589498	
327	1	C	2	N	2500	0	40	276	118	27	24	32	0	0	0	0	0	0	0	0	0	0	0	0	21589716	
328	1	C	2	N	2500	0	1	125	70	13	10	18	0	0	0	0	0	0	0	0	0	0	0	0	21589794	
329	1	C	2	N	2500	0	40	309	108	24	20	29	0	0	0	0	0	0	0	0	0	0	0	0	21589810	
330	1	C	2	N	2500	0	1	155	43	7	5	9	0	0	0	0	0	0	0	0	0	0	0	0	21589872	
331	1	C	2	N	2500	0	40	219	108	23	19	34	0	0	0	0	0	0	0	0	0	0	0	0	21589981	
332	1	C	2	N	2500	0	40	347	111	24	19	31	0	0	0	0	0	0	0	0	0	0	0	0	21590340	
333	1	C	2	N	2500	0	1	154	70	16	13	23	0	0	0	0	0	0	0	0	0	0	0	0	21590683	
334	1	C	3	N	2500	2	1	76	40	3	0	1	0	0	0	0	0	0	0	0	0	0	0	0	21604895	
335	1	C	4	N	2500	2	1	56	10	3	2	2	0	0	0	0	0	0	0	0	0	0	0	0	21613475	
336	1	C	4	N	2500	6	40	303	123	26	23	35	0	0	0	0	0	0	0	0	0	0	0	0	21614739	
337	1	C	4	N	2500	6	40	353	140	32	25	37	0	0	0	0	0	0	0	0	0	0	0	0	21615035	
338	1	C	4	N	2500	6	40	257	119	28	26	41	0	0	0	0	0	0	0	0	0	0	0	0	21616954	
339	1	C	4	N	2500	0	40	320	120	26	23	36	0	0	0	0	0	0	0	0	0	0	0	0	21617110	
340	1	C	4	N	2500	0	40	271	132	34	27	40	0	0	0	0	0	0	0	0	0	0	0	0	21617749	
341	1	C	4	N	2500	0	40	360	115	23	18	29	0	0	0	0	0	0	0	0	0	0	0	0	21618545	
342	1	C	4	N	2500	0	40	330	131	31	28	41	0	0	0	0	0	0	0	0	0	0	0	0	21618888	
343	1	C	4	N	2500	0	40	342	121	29	22	34	0	0	0	0	0	0	0	0	0	0	0	0	21619231	
344	1	C	4	N	2500	0	1	193	60	14	15	29	0	0	0	0	0	0	0	0	0	0	0	0	21619777	
345	1	C	5	N	2500	6	40	248	132	28	24	36	0	0	0	0	0	0	0	0	0	0	0	0	21633256	
346	1	C	6	N	2500	2	1	210	84	23	18	24	0	0	0	0	0	0	0	0	0	0	0	0	21641805	
347	1	C	6	N	2500	2	1	153	70	14	13	22	0	0	0	0	0	0	0	0	0	0	0	0	21643677	
348	1	C	6	N	2500	2	1	197	47	9	9	16	0	0	0	0	0	0	0	0	0	0	0	0	21643786	
349	1	C	6	N	2500	2	1	81	15	1	2	4	0	0	0	0	0	0	0	0	0	0	0	0	21643802	
350	1	C	6	N	2500	2	1	162	84	21	15	23	0	0	0	0	0	0	0	0	0	0	0	0	21644051	
351	1	C	6	N	2500	2	1	155	61	10	10	17	0	0	0	0	0	0	0	0	0	0	0	0	21644082	
352	1	C	6	N	2500	2	1	69	39	8	7	18	0	0	0	0	0	0	0	0	0	0	0	0	21645783	
353	1	C	6	N	2500	6	40	267	109	21	19	26	0	0	0	0	0	0	0	0	0	0	0	0	21646360	
354	1	C	6	N	2500	2	1	165	87	19	15	24	0	0	0	0	0	0	0	0	0	0	0	0	21646688	
355	1	C	6	N	2500	2	1	122	31	6	5	11	0	0	0	0	0	0	0	0	0	0	0	0	21646937	
356	1	C	6	N	2500	6	40	254	116	27	19	27	0	0	0	0	0	0	0	0	0	0	0	0	21646953	
357	1	C	6	N	2500	2	1	244	59	11	9	15	0	0	0	0	0	0	0	0	0	0	0	0	21647249	
358	1	C	6	N	2500	2	1	260	72	14	12	22	0	0	0	0	0	0	0	0	0	0	0	0	21647717	
359	1	C	6	N	2500	2	1	188	106	25	19	31	0	0	0	0	0	0	0	0	0	0	0	0	21647889	
360	1	C	7	N	2500	2	1	123	67	10	9	17	0	0	0	0	0	0	0	0	0	0	0	0	21656765	
361	1	C	7	N	2500	2	1	77	30	10	11	23	0	0	0	0	0	0	0	0	0	0	0	0	21659448	
362	1	C	8	N	2500	6	40	314	136	35	26	39	0	0	0	0	0	0	0	0	0	0	0	0	21670977	
363	1	C	8	N	2500	6	40	188	119	39	28	38	0	0	0	0	0	0	0	0	0	0	0	0	21671164	
364	1	C	8	N	2500	6	40	334	119	28	23	33	0	0	0	0	0	0	0	0	0	0	0	0	21672069	
365	1	C	8	N	2500	0	40	233	141	33	30	41	0	0	0	0	0	0	0	0	0	0	0	0	21672396	
366	1	C	8	N	2500	0	1	215	73	19	17	34	0	0	0	0	0	0	0	0	0	0	0	0	21672693	
367	1	C	8	N	2500	0	40	284	92	15	15	35	0	0	0	0	0	0	0	0	0	0	0	0	21672693	
368	1	C	8	N	2500	0	1	195	105	24	21	36	0	0	0	0	0	0	0	0	0	0	0	0	21672958	
369	1	C	8	N	2500	0	40	296	121	35	24	37	0	0	0	0	0	0	0	0	0	0	0	0	21673613	
370	1	C	8	N	2500	0	40	291	128	31	25	40	0	0	0	0	0	0	0	0	0	0	0	0	21673722	
371	1	C	8	N	2500	0	40	244	139	39	30	47	0	0	0	0	0	0	0	0	0	0	0	0	21674362	
372	1	C	8	N	2500	0	40	239	104	28	23	32	0	0	0	0	0	0	0	0	0	0	0	0	21674565	
373	1	C	8	N	2500	0	40	320	135	39	31	46	0	0	0	0	0	0	0	0	0	0	0	0	21674955	
374	1	C	8	N	2500	0	1	214	84	25	22	36	0	0	0	0	0	0	0	0	0	0	0	0	21675064	
375	1	C	8	N	2500	0	1	207	93	22	18	25	0	0	0	0	0	0	0	0	0	0	0	0	21675438	
376	1	C	8	N	2500	0	40	339	141	35	27	43	0	0	0	0	0	0	0	0	0	0	0	0	21675657	
377	1	C	8	N	2500	0	1	185	102	25	21	33	0	0	0	0	0	0	0	0	0	0	0	0	21675672	
378	1	C	8	N	2500	0	40	347	132	33	27	40	0	0	0	0	0	0	0	0	0	0	0	0	21675719	
379	1	C	8	N	2500	0	40	218	134	39	28	43	0	0	0	0	0	0	0	0	0	0	0	0	21676452	
380	1	C	8	N	2500	0	40	277	100	29	21	30	0	0	0	0	0	0	0	0	0	0	0	0	21678012	
381	1	C	9	N	2500	2	1	211	66	16	12	20	0	0	0	0	0	0	0	0	0	0	0	0	21690836	
382	1	C	10	N	2500	2	1	239	70	12	10	17	0	0	0	0	0	0	0	0	0	0	0	0	21700289	
383	1	C	10	N	2500	6	40	239	103	23	16	27	0	0	0	0	0	0	0	0	0	0	0	0	21701303	
384	1	C	10	N	2500	2	1	108	100	28	23	36	0	0	0	0	0	0	0	0	0	0	0	0	21701537	
385	1	C	10	N	2500	6	40	279	99	23	16	25	0	0	0	0	0	0	0	0	0	0	0	0	21702473	
386	1	C	10	N	2500	6	40	333	106	23	20	33	0	0	0	0	0	0	0	0	0	0	0	0	21702754	
387	1	C	10	N	2500	0	1	193	95	25	17	25	0	0	0	0	0	0	0	0	0	0	0	0	21702941	
388	1	C	10	N	2500	0	40	319	140	37	26	40	0	0	0	0	0	0	0	0	0	0	0	0	21703409	
389	1	C	10	N	2500	0	40	295	112	27	23	37	0	0	0	0	0	0	0	0	0	0	0	0	21703643	
390	1	C	10	N	2500	0	40	322	107	23	18	35	0	0	0	0	0	0	0	0	0	0	0	0	21703893	
391	1	C	10	N	2500	0	40	321	125	28	23	38	0	0	0	0	0	0	0	0	0	0	0	0	21703908	
392	1	C	10	N	2500	0	40	303	109	23	19	29	0	0	0	0	0	0	0	0	0	0	0	0	21705827	
393	1	C	10	N	2500	0	40	331	108	26	18	31	0	0	0	0	0	0	0	0	0	0	0	0	21706061	
394	1	C	10	N	2500	0	1	239	95	20	16	24	0	0	0	0	0	0	0	0	0	0	0	0	21707013	
395	1	C	12	N	2500	6	40	322	112	25	21	31	0	0	0	0	0	0	0	0	0	0	0	0	21728978	
396	1	C	12	N	2500	2	1	59	18	3	3	6	0	0	0	0	0	0	0	0	0	0	0	0	21729773	
397	1	C	12	N	2500	6	40	327	121	28	21	29	0	0	0	0	0	0	0	0	0	0	0	0	21729851	
398	1	C	12	N	2500	6	40	341	129	33	24	42	0	0	0	0	0	0	0	0	0	0	0	0	21730148	
399	1	C	12	N	2500	0	40	293	141	46	30	45	0	0	0	0	0	0	0	0	0	0	0	0	21730725	
400	1	C	12	N	2500	0	40	358	125	25	22	36	0	0	0	0	0	0	0	0	0	0	0	0	21730928	
401	1	C	12	N	2500	0	1	223	93	24	19	31	0	0	0	0	0	0	0	0	0	0	0	0	21731442	
402	1	C	12	N	2500	0	1	216	93	19	16	27	0	0	0	0	0	0	0	0	0	0	0	0	21731723	
403	1	C	12	N	2500	0	1	250	73	12	12	24	0	0	0	0	0	0	0	0	0	0	0	0	21731770	
404	1	C	12	N	2500	0	1	208	97	22	19	27	0	0	0	0	0	0	0	0	0	0	0	0	21731895	
405	1	C	12	N	2500	0	40	287	93	27	20	29	0	0	0	0	0	0	0	0	0	0	0	0	21733377	
406	1	C	12	N	2500	0	40	288	100	22	18	29	0	0	0	0	0	0	0	0	0	0	0	0	21733424	
407	1	D	2	N	2500	2	1	273	84	22	16	26	0	0	0	0	0	0	0	0	0	0	0	0	21759569	
408	1	D	2	N	2500	2	1	242	71	14	11	21	0	0	0	0	0	0	0	0	0	0	0	0	21759632	
409	1	D	2	N	2500	2	1	114	66	17	14	21	0	0	0	0	0	0	0	0	0	0	0	0	21760209	
410	1	D	2	N	2500	2	1	52	10	2	4	8	0	0	0	0	0	0	0	0	0	0	0	0	21760396	
411	1	D	2	N	2500	2	1	208	87	26	21	30	0	0	0	0	0	0	0	0	0	0	0	0	21760568	
412	1	D	2	N	2500	6	40	288	104	28	19	27	0	0	0	0	0	0	0	0	0	0	0	0	21760802	
413	1	D	2	N	2500	2	1	225	86	20	19	30	0	0	0	0	0	0	0	0	0	0	0	0	21761051	
414	1	D	2	N	2500	2	1	131	72	14	12	21	0	0	0	0	0	0	0	0	0	0	0	0	21761317	
415	1	D	2	N	2500	6	40	279	89	20	16	33	0	0	0	0	0	0	0	0	0	0	0	0	21761519	
416	1	D	2	N	2500	2	1	123	92	21	21	31	0	0	0	0	0	0	0	0	0	0	0	0	21761597	
417	1	D	2	N	2500	2	1	171	92	24	19	34	0	0	0	0	0	0	0	0	0	0	0	0	21761769	
418	1	D	2	N	2500	2	1	206	105	35	26	42	0	0	0	0	0	0	0	0	0	0	0	0	21762003	
419	1	D	2	N	2500	6	40	312	125	36	29	42	0	0	0	0	0	0	0	0	0	0	0	0	21762471	
420	1	D	2	N	2500	0	40	294	89	21	15	25	0	0	0	0	0	0	0	0	0	0	0	0	21762752	
421	1	D	2	N	2500	0	40	319	84	20	15	26	0	0	0	0	0	0	0	0	0	0	0	0	21762877	
422	1	D	2	N	2500	0	1	215	81	17	15	23	0	0	0	0	0	0	0	0	0	0	0	0	21763204	
423	1	D	2	N	2500	0	40	286	106	30	25	41	0	0	0	0	0	0	0	0	0	0	0	0	21763267	
424	1	D	2	N	2500	0	40	317	114	28	22	33	0	0	0	0	0	0	0	0	0	0	0	0	21763345	
425	1	D	2	N	2500	0	40	331	104	26	19	32	0	0	0	0	0	0	0	0	0	0	0	0	21763391	
426	1	D	2	N	2500	0	40	320	112	33	24	35	0	0	0	0	0	0	0	0	0	0	0	0	21763454	
427	1	D	2	N	2500	0	1	111	55	11	10	15	0	0	0	0	0	0	0	0	0	0	0	0	21763657	
428	1	D	2	N	2500	0	40	281	114	29	25	40	0	0	0	0	0	0	0	0	0	0	0	0	21763703	
429	1	D	2	N	2500	0	40	213	112	24	20	31	0	0	0	0	0	0	0	0	0	0	0	0	21764093	
430	1	D	2	N	2500	0	1	141	63	11	10	15	0	0	0	0	0	0	0	0	0	0	0	0	21764281	
431	1	D	2	N	2500	0	1	203	101	25	19	32	0	0	0	0	0	0	0	0	0	0	0	0	21764343	
432	1	D	2	N	2500	0	40	294	103	24	19	31	0	0	0	0	0	0	0	0	0	0	0	0	21765185	
433	1	D	4	N	2500	2	1	196	91	18	14	21	0	0	0	0	0	0	0	0	0	0	0	0	21787556	
434	1	D	4	N	2500	2	1	175	50	9	8	13	0	0	0	0	0	0	0	0	0	0	0	0	21788024	
435	1	D	4	N	2500	2	1	166	45	6	6	12	0	0	0	0	0	0	0	0	0	0	0	0	21788133	
436	1	D	4	N	2500	8	40	327	92	21	19	32	0	0	0	0	0	0	0	0	0	0	0	0	21788351	
437	1	D	4	N	2500	6	40	338	105	22	20	28	0	0	0	0	0	0	0	0	0	0	0	0	21788554	
438	1	D	4	N	2500	6	40	270	122	32	25	36	0	0	0	0	0	0	0	0	0	0	0	0	21788570	
439	1	D	4	N	2500	6	40	325	107	22	17	26	0	0	0	0	0	0	0	0	0	0	0	0	21788570	
440	1	D	4	N	2500	0	1	183	93	19	16	24	0	0	0	0	0	0	0	0	0	0	0	0	21788741	
441	1	D	4	N	2500	0	1	151	36	6	5	9	0	0	0	0	0	0	0	0	0	0	0	0	21788773	
442	1	D	4	N	2500	0	1	153	95	20	15	22	0	0	0	0	0	0	0	0	0	0	0	0	21789100	
443	1	D	4	N	2500	0	1	256	67	9	9	18	0	0	0	0	0	0	0	0	0	0	0	0	21789178	
444	1	D	4	N	2500	0	1	54	10	1	1	3	0	0	0	0	0	0	0	0	0	0	0	0	21789287	
445	1	D	4	N	2500	0	1	145	53	11	10	16	0	0	0	0	0	0	0	0	0	0	0	0	21789287	
446	1	D	4	N	2500	0	1	187	97	27	20	28	0	0	0	0	0	0	0	0	0	0	0	0	21789490	
447	1	D	4	N	2500	0	1	268	88	19	16	25	0	0	0	0	0	0	0	0	0	0	0	0	21789553	
448	1	D	4	N	2500	0	1	226	56	12	10	18	0	0	0	0	0	0	0	0	0	0	0	0	21789584	
449	1	D	4	N	2500	0	1	65	20	4	4	8	0	0	0	0	0	0	0	0	0	0	0	0	21789584	
450	1	D	4	N	2500	0	1	179	93	20	16	21	0	0	0	0	0	0	0	0	0	0	0	0	21789771	
451	1	D	4	N	2500	0	40	306	95	19	15	23	0	0	0	0	0	0	0	0	0	0	0	0	21789802	
452	1	D	4	N	2500	0	1	166	87	23	18	28	0	0	0	0	0	0	0	0	0	0	0	0	21790192	
453	1	D	4	N	2500	0	1	265	70	11	9	17	0	0	0	0	0	0	0	0	0	0	0	0	21790208	
454	1	D	4	N	2500	0	1	228	75	11	13	22	0	0	0	0	0	0	0	0	0	0	0	0	21790379	
455	1	D	4	N	2500	0	40	330	108	24	20	31	0	0	0	0	0	0	0	0	0	0	0	0	21790738	
456	1	D	4	N	2500	0	1	169	94	24	18	26	0	0	0	0	0	0	0	0	0	0	0	0	21790941	
457	1	D	4	N	2500	0	1	297	76	14	13	23	0	0	0	0	0	0	0	0	0	0	0	0	21790941	
458	1	D	4	N	2500	0	40	340	90	20	18	28	0	0	0	0	0	0	0	0	0	0	0	0	21790988	
459	1	D	4	N	2500	0	1	223	85	19	14	22	0	0	0	0	0	0	0	0	0	0	0	0	21791159	
460	1	D	4	N	2500	0	40	266	108	24	19	30	0	0	0	0	0	0	0	0	0	0	0	0	21791191	
461	1	D	4	N	2500	0	1	129	58	11	8	14	0	0	0	0	0	0	0	0	0	0	0	0	21791222	
462	1	D	4	N	2500	0	1	216	100	23	18	25	0	0	0	0	0	0	0	0	0	0	0	0	21791300	
463	1	D	4	N	2500	0	40	394	135	30	23	36	0	0	0	0	0	0	0	0	0	0	0	0	21791378	
464	1	D	4	N	2500	0	40	357	122	26	22	33	0	0	0	0	0	0	0	0	0	0	0	0	21791534	
465	1	D	4	N	2500	0	1	215	91	22	16	25	0	0	0	0	0	0	0	0	0	0	0	0	21791721	
466	1	D	4	N	2500	0	1	234	71	14	13	20	0	0	0	0	0	0	0	0	0	0	0	0	21791799	
467	1	D	4	N	2500	0	40	291	91	18	14	27	0	0	0	0	0	0	0	0	0	0	0	0	21792002	
468	1	D	4	N	2500	0	40	304	100	22	17	30	0	0	0	0	0	0	0	0	0	0	0	0	21792236	
469	1	D	4	N	2500	0	1	202	100	26	22	31	0	0	0	0	0	0	0	0	0	0	0	0	21792329	
470	1	D	4	N	2500	0	1	234	62	11	9	17	0	0	0	0	0	0	0	0	0	0	0	0	21792376	
471	1	D	4	N	2500	0	1	300	75	16	14	24	0	0	0	0	0	0	0	0	0	0	0	0	21792501	
472	1	D	4	N	2500	0	1	269	76	11	10	18	0	0	0	0	0	0	0	0	0	0	0	0	21792517	
473	1	D	4	N	2500	0	40	368	120	29	20	30	0	0	0	0	0	0	0	0	0	0	0	0	21792626	
474	1	D	4	N	2500	0	1	490	161	34	26	45	0	0	0	0	0	0	0	0	0	0	0	0	21792641	
475	1	D	4	N	2500	0	1	169	63	12	12	21	0	0	0	0	0	0	0	0	0	0	0	0	21792688	
476	1	D	4	N	2500	0	1	177	61	16	14	20	0	0	0	0	0	0	0	0	0	0	0	0	21792891	
477	1	D	4	N	2500	0	1	178	58	9	9	16	0	0	0	0	0	0	0	0	0	0	0	0	21793219	
478	1	D	4	N	2500	0	1	79	30	21	0	1	0	0	0	0	0	0	0	0	0	0	0	0	21793328	
479	1	D	4	N	2500	0	40	245	111	22	18	28	0	0	0	0	0	0	0	0	0	0	0	0	21794045	
480	1	D	4	N	2500	0	40	311	98	19	15	26	0	0	0	0	0	0	0	0	0	0	0	0	21794092	
481	1	D	5	N	2500	2	1	99	81	33	42	90	0	0	0	0	0	0	0	0	0	0	0	0	21802033	
482	1	D	6	N	2500	6	40	291	129	31	25	35	0	0	0	0	0	0	0	0	0	0	0	0	21816821	
483	1	D	6	N	2500	6	40	222	117	31	21	35	0	0	0	0	0	0	0	0	0	0	0	0	21818101	
484	1	D	6	N	2500	6	40	342	117	24	20	33	0	0	0	0	0	0	0	0	0	0	0	0	21819380	
485	1	D	6	N	2500	0	40	372	145	31	25	42	0	0	0	0	0	0	0	0	0	0	0	0	21819879	
486	1	D	6	N	2500	0	40	330	142	34	26	41	0	0	0	0	0	0	0	0	0	0	0	0	21820940	
487	1	D	6	N	2500	0	40	323	117	28	21	36	0	0	0	0	0	0	0	0	0	0	0	0	21821127	
488	1	D	6	N	2500	0	40	353	127	32	21	30	0	0	0	0	0	0	0	0	0	0	0	0	21821907	
489	1	D	6	N	2500	0	40	353	133	31	24	43	0	0	0	0	0	0	0	0	0	0	0	0	21822141	
490	1	D	6	N	2500	0	40	208	136	32	25	38	0	0	0	0	0	0	0	0	0	0	0	0	21822531	
491	1	D	8	N	2500	6	40	386	154	33	26	44	0	0	0	0	0	0	0	0	0	0	0	0	21845260	
492	1	D	8	N	2500	6	40	373	133	30	22	35	0	0	0	0	0	0	0	0	0	0	0	0	21847132	
493	1	D	8	N	2500	2	1	181	110	21	18	28	0	0	0	0	0	0	0	0	0	0	0	0	21847507	
494	1	D	8	N	2500	2	1	149	74	179	205	226	0	0	0	0	0	0	0	0	0	0	0	0	21848271	
495	1	D	8	N	2500	2	1	51	10	1	2	3	0	0	0	0	0	0	0	0	0	0	0	0	21848833	
496	1	D	8	N	2500	2	1	133	36	7	6	8	0	0	0	0	0	0	0	0	0	0	0	0	21849254	
497	1	D	8	N	2500	2	1	147	71	11	10	13	0	0	0	0	0	0	0	0	0	0	0	0	21849347	
498	1	D	8	N	2500	2	1	211	102	24	20	31	0	0	0	0	0	0	0	0	0	0	0	0	21849410	
499	1	D	8	N	2500	2	1	94	18	4	5	8	0	0	0	0	0	0	0	0	0	0	0	0	21850954	
500	1	D	8	N	2500	6	40	302	116	26	19	31	0	0	0	0	0	0	0	0	0	0	0	0	21851282	
501	1	D	8	N	2500	0	40	291	112	24	20	27	0	0	0	0	0	0	0	0	0	0	0	0	21851360	
502	1	D	8	N	2500	0	1	143	45	10	9	16	0	0	0	0	0	0	0	0	0	0	0	0	21852124	
503	1	D	8	N	2500	0	40	238	144	39	28	43	0	0	0	0	0	0	0	0	0	0	0	0	21852389	
504	1	D	9	N	2500	6	40	338	128	28	19	28	0	0	0	0	0	0	0	0	0	0	0	0	21861937	
505	1	D	10	N	2500	6	40	322	125	30	24	41	0	0	0	0	0	0	0	0	0	0	0	0	21875509	
506	1	D	10	N	2500	6	40	404	168	43	33	54	0	0	0	0	0	0	0	0	0	0	0	0	21875774	
507	1	D	10	N	2500	6	40	340	130	33	26	38	0	0	0	0	0	0	0	0	0	0	0	0	21876117	
508	1	D	10	N	2500	0	40	319	126	36	24	34	0	0	0	0	0	0	0	0	0	0	0	0	21876492	
509	1	D	10	N	2500	0	40	316	114	26	20	31	0	0	0	0	0	0	0	0	0	0	0	0	21876538	
510	1	D	10	N	2500	0	1	91	17	4	5	12	0	0	0	0	0	0	0	0	0	0	0	0	21878130	
511	1	D	10	N	2500	0	40	319	133	36	27	39	0	0	0	0	0	0	0	0	0	0	0	0	21878691	
512	1	D	10	N	2500	0	1	180	97	26	18	28	0	0	0	0	0	0	0	0	0	0	0	0	21878941	
513	1	D	10	N	2500	0	40	227	108	32	24	38	0	0	0	0	0	0	0	0	0	0	0	0	21879565	
514	1	D	12	N	2500	6	40	315	122	30	24	35	0	0	0	0	0	0	0	0	0	0	0	0	21903292	
515	1	D	12	N	2500	6	40	230	133	32	24	40	0	0	0	0	0	0	0	0	0	0	0	0	21904759	
516	1	D	12	N	2500	6	40	375	145	42	42	83	0	0	0	0	0	0	0	0	0	0	0	0	21906132	
517	1	D	12	N	2500	0	1	222	93	20	18	27	0	0	0	0	0	0	0	0	0	0	0	0	21906880	
518	1	D	12	N	2500	0	1	54	10	4	4	11	0	0	0	0	0	0	0	0	0	0	0	0	21907239	
519	1	D	12	N	2500	0	1	161	69	22	17	25	0	0	0	0	0	0	0	0	0	0	0	0	21907520	
520	1	D	12	N	2500	0	1	209	51	10	7	12	0	0	0	0	0	0	0	0	0	0	0	0	21907629	
521	1	D	12	N	2500	0	40	366	156	40	30	46	0	0	0	0	0	0	0	0	0	0	0	0	21907629	
522	1	D	12	N	2500	0	1	248	67	15	13	18	0	0	0	0	0	0	0	0	0	0	0	0	21908940	
523	1	D	12	N	2500	0	1	312	75	14	13	20	0	0	0	0	0	0	0	0	0	0	0	0	21909033	
524	1	E	2	N	2500	6	40	282	104	24	19	29	0	0	0	0	0	0	0	0	0	0	0	0	21934056	
525	1	E	2	N	2500	6	40	298	97	19	16	25	0	0	0	0	0	0	0	0	0	0	0	0	21934087	
526	1	E	2	N	2500	6	40	283	99	24	19	29	0	0	0	0	0	0	0	0	0	0	0	0	21934165	
527	1	E	2	N	2500	0	40	319	122	28	21	33	0	0	0	0	0	0	0	0	0	0	0	0	21935694	
528	1	E	2	N	2500	0	40	319	127	30	24	33	0	0	0	0	0	0	0	0	0	0	0	0	21935725	
529	1	E	2	N	2500	0	40	231	116	26	23	34	0	0	0	0	0	0	0	0	0	0	0	0	21936099	
530	1	E	2	N	2500	0	40	333	123	26	21	31	0	0	0	0	0	0	0	0	0	0	0	0	21936333	
531	1	E	2	N	2500	0	40	283	100	26	19	31	0	0	0	0	0	0	0	0	0	0	0	0	21936645	
532	1	E	2	N	2500	0	40	332	139	40	27	38	0	0	0	0	0	0	0	0	0	0	0	0	21936817	
533	1	E	2	N	2500	0	1	190	50	12	10	15	0	0	0	0	0	0	0	0	0	0	0	0	21937191	
534	1	E	2	N	2500	0	1	122	39	8	7	9	0	0	0	0	0	0	0	0	0	0	0	0	21937191	
535	1	E	2	N	2500	0	1	133	62	16	12	19	0	0	0	0	0	0	0	0	0	0	0	0	21937207	
536	1	E	2	N	2500	0	1	224	67	12	10	17	0	0	0	0	0	0	0	0	0	0	0	0	21937269	
537	1	E	2	N	2500	0	1	53	13	5	6	15	0	0	0	0	0	0	0	0	0	0	0	0	21937488	
538	1	E	2	N	2500	0	40	301	128	34	24	33	0	0	0	0	0	0	0	0	0	0	0	0	21937862	
539	1	E	2	N	2500	0	40	304	88	15	13	23	0	0	0	0	0	0	0	0	0	0	0	0	21937971	
540	1	E	2	N	2500	0	40	202	113	28	21	30	0	0	0	0	0	0	0	0	0	0	0	0	21938829	
541	1	E	2	N	2500	0	1	257	87	21	15	24	0	0	0	0	0	0	0	0	0	0	0	0	21939547	
542	1	E	4	N	2500	6	40	347	113	24	17	29	0	0	0	0	0	0	0	0	0	0	0	0	21961730	
543	1	E	4	N	2500	2	1	97	40	7	7	7	0	0	0	0	0	0	0	0	0	0	0	0	21962307	
544	1	E	4	N	2500	2	1	67	14	3	4	11	0	0	0	0	0	0	0	0	0	0	0	0	21962947	
545	1	E	4	N	2500	2	1	267	85	17	14	20	0	0	0	0	0	0	0	0	0	0	0	0	21964210	
546	1	E	4	N	2500	6	40	320	76	14	11	19	0	0	0	0	0	0	0	0	0	0	0	0	21966613	
547	1	E	4	N	2500	6	40	269	131	36	27	44	0	0	0	0	0	0	0	0	0	0	0	0	21966816	
548	1	E	4	N	2500	0	40	327	120	25	20	32	0	0	0	0	0	0	0	0	0	0	0	0	21966972	
549	1	E	4	N	2500	0	1	263	84	18	13	23	0	0	0	0	0	0	0	0	0	0	0	0	21967580	
550	1	E	6	N	2500	2	1	99	25	14	7	6	0	0	0	0	0	0	0	0	0	0	0	0	21990543	
551	1	E	6	N	2500	6	40	358	135	30	25	41	0	0	0	0	0	0	0	0	0	0	0	0	21990809	
552	1	E	6	N	2500	6	40	339	122	28	23	33	0	0	0	0	0	0	0	0	0	0	0	0	21992634	
553	1	E	6	N	2500	6	40	254	113	24	20	30	0	0	0	0	0	0	0	0	0	0	0	0	21992649	
554	1	E	6	N	2500	0	40	253	128	36	26	44	0	0	0	0	0	0	0	0	0	0	0	0	21992665	
555	1	E	6	N	2500	0	1	156	44	9	7	11	0	0	0	0	0	0	0	0	0	0	0	0	21993258	
556	1	E	6	N	2500	0	1	116	44	8	7	12	0	0	0	0	0	0	0	0	0	0	0	0	21993258	
557	1	E	6	N	2500	0	40	308	135	33	29	43	0	0	0	0	0	0	0	0	0	0	0	0	21993351	
558	1	E	6	N	2500	0	40	190	114	25	22	33	0	0	0	0	0	0	0	0	0	0	0	0	21993632	
559	1	E	6	N	2500	0	40	352	110	23	19	30	0	0	0	0	0	0	0	0	0	0	0	0	21993866	
560	1	E	6	N	2500	0	1	160	114	30	23	35	0	0	0	0	0	0	0	0	0	0	0	0	21994490	
561	1	E	6	N	2500	0	1	106	26	6	4	8	0	0	0	0	0	0	0	0	0	0	0	0	21994537	
562	1	E	6	N	2500	0	1	142	51	11	11	19	0	0	0	0	0	0	0	0	0	0	0	0	21994537	
563	1	E	6	N	2500	0	40	218	114	31	23	30	0	0	0	0	0	0	0	0	0	0	0	0	21995114	
564	1	E	6	N	2500	0	40	269	108	30	23	35	0	0	0	0	0	0	0	0	0	0	0	0	21995442	
565	1	E	6	N	2500	0	40	328	126	26	21	27	0	0	0	0	0	0	0	0	0	0	0	0	21995769	
566	1	E	6	N	2500	0	40	257	143	34	25	39	0	0	0	0	0	0	0	0	0	0	0	0	21996128	
567	1	E	6	N	2500	0	40	342	127	32	24	39	0	0	0	0	0	0	0	0	0	0	0	0	21997189	
568	1	E	6	N	2500	0	40	341	130	27	24	34	0	0	0	0	0	0	0	0	0	0	0	0	21997579	
569	1	E	8	N	2500	6	40	343	121	27	21	32	0	0	0	0	0	0	0	0	0	0	0	0	22021260	
570	1	E	10	N	2500	2	1	175	70	14	12	17	0	0	0	0	0	0	0	0	0	0	0	0	22050588	
571	1	E	10	N	2500	2	1	205	71	13	10	16	0	0	0	0	0	0	0	0	0	0	0	0	22052460	
572	1	E	10	N	2500	2	1	177	51	9	8	10	0	0	0	0	0	0	0	0	0	0	0	0	22054441	
573	1	E	10	N	2500	6	40	300	100	20	17	25	0	0	0	0	0	0	0	0	0	0	0	0	22054597	
574	1	E	10	N	2500	2	1	228	85	21	18	26	0	0	0	0	0	0	0	0	0	0	0	0	22054722	
575	1	E	10	N	2500	2	1	51	15	10	0	1	0	0	0	0	0	0	0	0	0	0	0	0	22055486	
576	1	E	11	N	2500	2	1	52	12	1	1	5	0	0	0	0	0	0	0	0	0	0	0	0	22065813	
577	1	E	12	N	2500	6	40	445	177	48	33	52	0	0	0	0	0	0	0	0	0	0	0	0	22078293	
578	1	E	12	N	2500	6	40	294	112	31	22	32	0	0	0	0	0	0	0	0	0	0	0	0	22078418	
579	1	E	12	N	2500	2	1	176	110	30	22	38	0	0	0	0	0	0	0	0	0	0	0	0	22078481	
580	1	E	12	N	2500	6	40	395	155	41	30	41	0	0	0	0	0	0	0	0	0	0	0	0	22078777	
581	1	E	12	N	2500	0	40	390	146	40	29	50	0	0	0	0	0	0	0	0	0	0	0	0	22079151	
582	1	E	12	N	2500	0	40	326	117	29	24	38	0	0	0	0	0	0	0	0	0	0	0	0	22079339	
583	1	E	12	N	2500	0	1	189	91	30	22	34	0	0	0	0	0	0	0	0	0	0	0	0	22079370	
584	1	E	12	N	2500	0	1	145	68	13	12	19	0	0	0	0	0	0	0	0	0	0	0	0	22079463	
585	1	E	12	N	2500	0	40	337	124	31	23	40	0	0	0	0	0	0	0	0	0	0	0	0	22079916	
586	1	E	12	N	2500	0	1	168	64	16	12	16	0	0	0	0	0	0	0	0	0	0	0	0	22080290	
587	1	E	12	N	2500	0	1	161	52	13	13	19	0	0	0	0	0	0	0	0	0	0	0	0	22080290	
588	1	E	12	N	2500	0	40	246	96	26	21	33	0	0	0	0	0	0	0	0	0	0	0	0	22080462	
589	1	E	12	N	2500	0	1	61	19	2	2	3	0	0	0	0	0	0	0	0	0	0	0	0	22080493	
590	1	E	12	N	2500	0	1	235	89	24	16	23	0	0	0	0	0	0	0	0	0	0	0	0	22080571	
591	1	E	12	N	2500	0	40	219	114	29	27	41	0	0	0	0	0	0	0	0	0	0	0	0	22080633	
592	1	E	12	N	2500	0	40	324	115	29	23	37	0	0	0	0	0	0	0	0	0	0	0	0	22080649	
593	1	E	12	N	2500	0	40	202	119	31	26	35	0	0	0	0	0	0	0	0	0	0	0	0	22080821	
594	1	E	12	N	2500	0	40	363	147	37	30	44	0	0	0	0	0	0	0	0	0	0	0	0	22080961	
595	1	E	12	N	2500	0	40	310	109	29	22	33	0	0	0	0	0	0	0	0	0	0	0	0	22080992	
596	1	E	12	N	2500	0	40	353	131	37	26	42	0	0	0	0	0	0	0	0	0	0	0	0	22081023	
597	1	E	12	N	2500	0	1	169	99	33	24	38	0	0	0	0	0	0	0	0	0	0	0	0	22081226	
598	1	E	12	N	2500	0	40	287	94	25	17	27	0	0	0	0	0	0	0	0	0	0	0	0	22081273	
599	1	E	12	N	2500	0	1	259	89	22	19	28	0	0	0	0	0	0	0	0	0	0	0	0	22081413	
600	1	E	12	N	2500	0	40	344	137	39	27	44	0	0	0	0	0	0	0	0	0	0	0	0	22081507	
601	1	E	12	N	2500	0	40	297	102	25	20	35	0	0	0	0	0	0	0	0	0	0	0	0	22081710	
602	1	E	12	N	2500	0	40	285	148	38	28	48	0	0	0	0	0	0	0	0	0	0	0	0	22081835	
603	1	E	12	N	2500	0	40	391	153	40	29	43	0	0	0	0	0	0	0	0	0	0	0	0	22081897	
604	1	E	12	N	2500	0	1	211	101	28	19	31	0	0	0	0	0	0	0	0	0	0	0	0	22082084	
605	1	E	12	N	2500	0	40	339	119	28	24	38	0	0	0	0	0	0	0	0	0	0	0	0	22082303	
606	1	E	12	N	2500	0	40	329	120	30	24	33	0	0	0	0	0	0	0	0	0	0	0	0	22082334	
607	1	E	12	N	2500	0	1	149	93	21	19	32	0	0	0	0	0	0	0	0	0	0	0	0	22082396	
608	1	E	12	N	2500	0	40	329	121	27	22	31	0	0	0	0	0	0	0	0	0	0	0	0	22082786	
609	1	E	12	N	2500	0	40	174	125	33	27	37	0	0	0	0	0	0	0	0	0	0	0	0	22082849	
610	1	E	12	N	2500	0	40	267	154	41	32	53	0	0	0	0	0	0	0	0	0	0	0	0	22083098	
611	1	E	12	N	2500	0	40	317	115	26	21	36	0	0	0	0	0	0	0	0	0	0	0	0	22083114	
612	1	E	12	N	2500	0	40	272	125	35	29	42	0	0	0	0	0	0	0	0	0	0	0	0	22083114	
613	1	E	12	N	2500	0	40	215	128	32	26	40	0	0	0	0	0	0	0	0	0	0	0	0	22083161	
614	1	E	12	N	2500	0	40	258	133	36	28	38	0	0	0	0	0	0	0	0	0	0	0	0	22083223	
615	1	E	12	N	2500	0	40	251	142	38	28	46	0	0	0	0	0	0	0	0	0	0	0	0	22083285	
616	1	E	12	N	2500	0	40	234	103	33	24	35	0	0	0	0	0	0	0	0	0	0	0	0	22083395	
617	1	E	12	N	2500	0	1	181	90	23	15	25	0	0	0	0	0	0	0	0	0	0	0	0	22083519	
618	1	E	12	N	2500	0	40	322	125	34	27	34	0	0	0	0	0	0	0	0	0	0	0	0	22083722	
619	1	E	12	N	2500	0	40	309	143	34	28	43	0	0	0	0	0	0	0	0	0	0	0	0	22084081	
620	1	E	12	N	2500	0	1	132	34	5	5	12	0	0	0	0	0	0	0	0	0	0	0	0	22084221	
621	1	E	12	N	2500	0	1	105	21	3	4	7	0	0	0	0	0	0	0	0	0	0	0	0	22084752	
622	1	E	12	N	2500	0	1	243	92	23	17	27	0	0	0	0	0	0	0	0	0	0	0	0	22084752	
623	1	F	1	N	2500	6	40	318	127	32	25	39	0	0	0	0	0	0	0	0	0	0	0	0	22099822	
624	1	F	2	N	2500	6	40	282	122	28	24	39	0	0	0	0	0	0	0	0	0	0	0	0	22110445	
625	1	F	2	N	2500	6	40	311	134	33	26	42	0	0	0	0	0	0	0	0	0	0	0	0	22110898	
626	1	F	2	N	2500	6	40	315	126	32	21	29	0	0	0	0	0	0	0	0	0	0	0	0	22111350	
627	1	F	2	N	2500	0	40	336	126	29	24	34	0	0	0	0	0	0	0	0	0	0	0	0	22111506	
628	1	F	2	N	2500	0	40	326	124	28	22	38	0	0	0	0	0	0	0	0	0	0	0	0	22112021	
629	1	F	2	N	2500	0	40	235	121	28	26	39	0	0	0	0	0	0	0	0	0	0	0	0	22112941	
630	1	F	2	N	2500	0	40	212	129	30	25	38	0	0	0	0	0	0	0	0	0	0	0	0	22113222	
631	1	F	2	N	2500	0	40	378	157	35	26	43	0	0	0	0	0	0	0	0	0	0	0	0	22114376	
632	1	F	2	N	2500	0	1	152	34	4	3	6	0	0	0	0	0	0	0	0	0	0	0	0	22114423	
633	1	F	2	N	2500	0	40	225	133	32	25	39	0	0	0	0	0	0	0	0	0	0	0	0	22114626	
634	1	F	2	N	2500	0	40	364	142	33	26	40	0	0	0	0	0	0	0	0	0	0	0	0	22115063	
635	1	F	4	N	2500	6	40	282	101	23	17	24	0	0	0	0	0	0	0	0	0	0	0	0	22138135	
636	1	F	4	N	2500	2	1	173	70	12	10	20	0	0	0	0	0	0	0	0	0	0	0	0	22138744	
637	1	F	4	N	2500	6	40	314	122	29	22	38	0	0	0	0	0	0	0	0	0	0	0	0	22139180	
638	1	F	4	N	2500	6	40	277	106	27	17	30	0	0	0	0	0	0	0	0	0	0	0	0	22140350	
639	1	F	4	N	2500	0	1	160	42	7	6	11	0	0	0	0	0	0	0	0	0	0	0	0	22141364	
640	1	F	4	N	2500	0	40	325	101	20	16	24	0	0	0	0	0	0	0	0	0	0	0	0	22141786	
641	1	F	4	N	2500	0	40	357	127	32	22	33	0	0	0	0	0	0	0	0	0	0	0	0	22142051	
642	1	F	4	N	2500	0	40	236	114	26	20	31	0	0	0	0	0	0	0	0	0	0	0	0	22142690	
643	1	F	4	N	2500	0	40	346	129	32	23	42	0	0	0	0	0	0	0	0	0	0	0	0	22142971	
644	1	F	6	N	2500	6	40	248	113	32	24	33	0	0	0	0	0	0	0	0	0	0	0	0	22166605	
645	1	F	6	N	2500	6	40	324	111	25	20	30	0	0	0	0	0	0	0	0	0	0	0	0	22167791	
646	1	F	6	N	2500	6	40	323	109	25	19	31	0	0	0	0	0	0	0	0	0	0	0	0	22167962	
647	1	F	6	N	2500	0	40	358	96	21	15	22	0	0	0	0	0	0	0	0	0	0	0	0	22168633	
648	1	F	6	N	2500	0	1	145	35	9	10	26	0	0	0	0	0	0	0	0	0	0	0	0	22169444	
649	1	F	6	N	2500	0	40	315	126	30	23	35	0	0	0	0	0	0	0	0	0	0	0	0	22169507	
650	1	F	6	N	2500	0	40	238	128	32	27	39	0	0	0	0	0	0	0	0	0	0	0	0	22170396	
651	1	F	6	N	2500	0	40	303	100	25	17	27	0	0	0	0	0	0	0	0	0	0	0	0	22170895	
652	1	F	6	N	2500	0	40	291	92	22	16	25	0	0	0	0	0	0	0	0	0	0	0	0	22171504	
653	1	F	7	N	2500	2	1	140	75	33	33	55	0	0	0	0	0	0	0	0	0	0	0	0	22180006	
654	1	F	8	N	2500	2	1	179	113	27	21	31	0	0	0	0	0	0	0	0	0	0	0	0	22196011	
655	1	F	8	N	2500	6	40	340	127	34	26	41	0	0	0	0	0	0	0	0	0	0	0	0	22196869	
656	1	F	8	N	2500	2	1	200	66	11	11	19	0	0	0	0	0	0	0	0	0	0	0	0	22196932	
657	1	F	8	N	2500	2	1	229	67	15	11	23	0	0	0	0	0	0	0	0	0	0	0	0	22197056	
658	1	F	8	N	2500	6	40	326	103	26	20	28	0	0	0	0	0	0	0	0	0	0	0	0	22197306	
659	1	F	8	N	2500	6	40	373	121	28	21	30	0	0	0	0	0	0	0	0	0	0	0	0	22197665	
660	1	F	8	N	2500	0	40	367	125	26	22	31	0	0	0	0	0	0	0	0	0	0	0	0	22197821	
661	1	F	8	N	2500	0	1	198	103	31	21	37	0	0	0	0	0	0	0	0	0	0	0	0	22197992	
662	1	F	8	N	2500	0	40	316	108	24	18	26	0	0	0	0	0	0	0	0	0	0	0	0	22198304	
663	1	F	8	N	2500	0	40	278	156	41	30	38	0	0	0	0	0	0	0	0	0	0	0	0	22198460	
664	1	F	8	N	2500	0	1	278	80	17	13	22	0	0	0	0	0	0	0	0	0	0	0	0	22198710	
665	1	F	8	N	2500	0	40	283	96	22	18	28	0	0	0	0	0	0	0	0	0	0	0	0	22198710	
666	1	F	8	N	2500	0	40	234	100	23	18	28	0	0	0	0	0	0	0	0	0	0	0	0	22198741	
667	1	F	8	N	2500	0	1	171	104	25	21	34	0	0	0	0	0	0	0	0	0	0	0	0	22199272	
668	1	F	8	N	2500	0	40	197	112	27	21	30	0	0	0	0	0	0	0	0	0	0	0	0	22199459	
669	1	F	8	N	2500	0	40	317	110	31	22	32	0	0	0	0	0	0	0	0	0	0	0	0	22199584	
670	1	F	8	N	2500	0	40	301	106	25	20	29	0	0	0	0	0	0	0	0	0	0	0	0	22199755	
671	1	F	8	N	2500	0	1	161	74	16	11	12	0	0	0	0	0	0	0	0	0	0	0	0	22199802	
672	1	F	8	N	2500	0	40	284	99	24	20	31	0	0	0	0	0	0	0	0	0	0	0	0	22200520	
673	1	F	8	N	2500	0	1	208	65	13	10	19	0	0	0	0	0	0	0	0	0	0	0	0	22200754	
674	1	F	10	N	2500	6	40	266	97	28	20	30	0	0	0	0	0	0	0	0	0	0	0	0	22223592	
675	1	F	10	N	2500	6	40	275	88	19	14	25	0	0	0	0	0	0	0	0	0	0	0	0	22223842	
676	1	F	10	N	2500	2	1	69	53	26	35	66	0	0	0	0	0	0	0	0	0	0	0	0	22223998	
677	1	F	10	N	2500	6	40	294	90	20	14	23	0	0	0	0	0	0	0	0	0	0	0	0	22224232	
678	1	F	10	N	2500	0	40	412	174	40	30	41	0	0	0	0	0	0	0	0	0	0	0	0	22224591	
679	1	F	10	N	2500	0	1	167	72	25	20	27	0	0	0	0	0	0	0	0	0	0	0	0	22224669	
680	1	F	10	N	2500	0	40	181	120	29	22	33	0	0	0	0	0	0	0	0	0	0	0	0	22224747	
681	1	F	10	N	2500	0	40	223	110	25	19	27	0	0	0	0	0	0	0	0	0	0	0	0	22226026	
682	1	F	10	N	2500	0	1	60	12	5	4	12	0	0	0	0	0	0	0	0	0	0	0	0	22226322	
683	1	F	10	N	2500	0	1	103	38	7	6	8	0	0	0	0	0	0	0	0	0	0	0	0	22226478	
684	1	F	10	N	2500	0	1	90	21	3	4	4	0	0	0	0	0	0	0	0	0	0	0	0	22226478	
685	1	F	10	N	2500	0	40	297	101	25	20	30	0	0	0	0	0	0	0	0	0	0	0	0	22227024	
686	1	F	10	N	2500	0	1	100	39	79	111	142	0	0	0	0	0	0	0	0	0	0	0	0	22227445	
687	1	F	10	N	2500	0	40	273	93	23	17	25	0	0	0	0	0	0	0	0	0	0	0	0	22227508	
688	1	F	10	N	2500	0	1	101	18	3	3	8	0	0	0	0	0	0	0	0	0	0	0	0	22228069	
689	1	F	10	N	2500	0	40	304	104	25	21	35	0	0	0	0	0	0	0	0	0	0	0	0	22228272	
690	1	F	10	N	2500	0	40	274	125	31	24	38	0	0	0	0	0	0	0	0	0	0	0	0	22228335	
691	1	F	10	N	2500	0	40	200	114	31	24	32	0	0	0	0	0	0	0	0	0	0	0	0	22228506	
692	1	F	10	N	2500	0	40	288	114	26	21	31	0	0	0	0	0	0	0	0	0	0	0	0	22229520	
693	1	F	11	N	2500	2	1	186	109	26	18	24	0	0	0	0	0	0	0	0	0	0	0	0	22243326	
694	1	F	12	N	2500	2	1	184	106	25	19	27	0	0	0	0	0	0	0	0	0	0	0	0	22254215	
695	1	F	12	N	2500	8	40	349	128	26	21	29	0	0	0	0	0	0	0	0	0	0	0	0	22254215	
696	1	F	12	N	2500	6	40	326	104	22	17	29	0	0	0	0	0	0	0	0	0	0	0	0	22254636	
697	1	F	12	N	2500	6	40	330	115	24	20	29	0	0	0	0	0	0	0	0	0	0	0	0	22255900	
698	1	F	12	N	2500	2	1	186	108	22	19	24	0	0	0	0	0	0	0	0	0	0	0	0	22256945	
699	1	F	12	N	2500	6	40	323	123	29	20	31	0	0	0	0	0	0	0	0	0	0	0	0	22256961	
700	1	F	12	N	2500	0	40	350	127	26	20	28	0	0	0	0	0	0	0	0	0	0	0	0	22257101	
701	1	F	12	N	2500	0	1	70	14	1	1	4	0	0	0	0	0	0	0	0	0	0	0	0	22257460	
702	1	F	12	N	2500	0	1	166	86	19	15	24	0	0	0	0	0	0	0	0	0	0	0	0	22257460	
703	1	F	12	N	2500	0	40	325	117	27	22	37	0	0	0	0	0	0	0	0	0	0	0	0	22258021	
704	1	F	12	N	2500	0	40	364	138	32	26	41	0	0	0	0	0	0	0	0	0	0	0	0	22258661	
705	1	G	1	N	2500	6	40	191	115	24	21	33	0	0	0	0	0	0	0	0	0	0	0	0	22272358	
706	1	G	2	N	2500	6	40	240	108	27	22	42	0	0	0	0	0	0	0	0	0	0	0	0	22282389	
707	1	G	2	N	2500	6	40	345	132	31	23	33	0	0	0	0	0	0	0	0	0	0	0	0	22282763	
708	1	G	2	N	2500	6	40	288	90	20	14	21	0	0	0	0	0	0	0	0	0	0	0	0	22282857	
709	1	G	2	N	2500	0	40	351	142	36	27	38	0	0	0	0	0	0	0	0	0	0	0	0	22282997	
710	1	G	2	N	2500	0	40	299	123	36	25	37	0	0	0	0	0	0	0	0	0	0	0	0	22283215	
711	1	G	2	N	2500	0	1	56	12	4	5	15	0	0	0	0	0	0	0	0	0	0	0	0	22283371	
712	1	G	2	N	2500	0	40	310	122	28	26	38	0	0	0	0	0	0	0	0	0	0	0	0	22283371	
713	1	G	2	N	2500	0	1	184	92	19	16	24	0	0	0	0	0	0	0	0	0	0	0	0	22283496	
714	1	G	2	N	2500	0	40	275	96	19	16	26	0	0	0	0	0	0	0	0	0	0	0	0	22283621	
715	1	G	2	N	2500	0	1	204	107	27	22	29	0	0	0	0	0	0	0	0	0	0	0	0	22283668	
716	1	G	2	N	2500	0	40	218	108	28	23	35	0	0	0	0	0	0	0	0	0	0	0	0	22283715	
717	1	G	2	N	2500	0	1	277	87	22	15	25	0	0	0	0	0	0	0	0	0	0	0	0	22284604	
718	1	G	2	N	2500	0	40	329	113	26	22	37	0	0	0	0	0	0	0	0	0	0	0	0	22284682	
719	1	G	2	N	2500	0	40	351	155	40	27	41	0	0	0	0	0	0	0	0	0	0	0	0	22285524	
720	1	G	2	N	2500	0	1	232	96	27	23	33	0	0	0	0	0	0	0	0	0	0	0	0	22285743	
721	1	G	2	N	2500	0	40	310	103	27	17	28	0	0	0	0	0	0	0	0	0	0	0	0	22285805	
722	1	G	2	N	2500	0	40	293	105	26	20	30	0	0	0	0	0	0	0	0	0	0	0	0	22285867	
723	1	G	2	N	2500	0	40	380	127	32	21	33	0	0	0	0	0	0	0	0	0	0	0	0	22286101	
724	1	G	2	N	2500	0	40	271	114	29	22	30	0	0	0	0	0	0	0	0	0	0	0	0	22286413	
725	1	G	2	N	2500	0	40	205	124	31	27	39	0	0	0	0	0	0	0	0	0	0	0	0	22286585	
726	1	G	2	N	2500	0	1	160	69	20	14	20	0	0	0	0	0	0	0	0	0	0	0	0	22286959	
727	1	G	2	N	2500	0	1	77	21	3	4	7	0	0	0	0	0	0	0	0	0	0	0	0	22286959	
728	1	G	2	N	2500	0	1	272	81	20	14	21	0	0	0	0	0	0	0	0	0	0	0	0	22286991	
729	1	G	2	N	2500	0	40	258	118	30	22	32	0	0	0	0	0	0	0	0	0	0	0	0	22287115	
730	1	G	2	N	2500	0	40	314	133	34	26	38	0	0	0	0	0	0	0	0	0	0	0	0	22287131	
731	1	G	2	N	2500	0	40	225	119	31	23	36	0	0	0	0	0	0	0	0	0	0	0	0	22287131	
732	1	G	2	N	2500	0	40	323	106	22	17	31	0	0	0	0	0	0	0	0	0	0	0	0	22287303	
733	1	G	2	N	2500	0	1	158	86	22	17	28	0	0	0	0	0	0	0	0	0	0	0	0	22287474	
734	1	G	2	N	2500	0	40	251	109	31	22	32	0	0	0	0	0	0	0	0	0	0	0	0	22287677	
735	1	G	2	N	2500	0	40	408	148	34	26	44	0	0	0	0	0	0	0	0	0	0	0	0	22287724	
736	1	G	2	N	2500	0	1	150	83	16	16	28	0	0	0	0	0	0	0	0	0	0	0	0	22287771	
737	1	G	2	N	2500	0	40	337	122	25	20	36	0	0	0	0	0	0	0	0	0	0	0	0	22287942	
738	1	G	2	N	2500	0	40	193	114	26	21	31	0	0	0	0	0	0	0	0	0	0	0	0	22288051	
739	1	G	2	N	2500	0	40	235	104	28	20	34	0	0	0	0	0	0	0	0	0	0	0	0	22288285	
740	1	G	2	N	2500	0	40	282	93	20	17	25	0	0	0	0	0	0	0	0	0	0	0	0	22288660	
741	1	G	3	N	2500	6	40	252	118	28	21	34	0	0	0	0	0	0	0	0	0	0	0	0	22301795	
742	1	G	4	N	2500	6	40	218	118	29	23	35	0	0	0	0	0	0	0	0	0	0	0	0	22311623	
743	1	G	4	N	2500	6	40	274	145	37	28	40	0	0	0	0	0	0	0	0	0	0	0	0	22311873	
744	1	G	4	N	2500	2	1	496	167	37	32	53	0	0	0	0	0	0	0	0	0	0	0	0	22312107	
745	1	G	4	N	2500	2	1	70	12	3	5	11	0	0	0	0	0	0	0	0	0	0	0	0	22312668	
746	1	G	4	N	2500	6	40	239	131	29	22	33	0	0	0	0	0	0	0	0	0	0	0	0	22314291	
747	1	G	4	N	2500	0	40	242	157	41	30	48	0	0	0	0	0	0	0	0	0	0	0	0	22314400	
748	1	G	4	N	2500	0	40	279	113	25	22	34	0	0	0	0	0	0	0	0	0	0	0	0	22314587	
749	1	G	4	N	2500	0	40	316	115	26	23	33	0	0	0	0	0	0	0	0	0	0	0	0	22314618	
750	1	G	4	N	2500	0	40	315	127	36	28	38	0	0	0	0	0	0	0	0	0	0	0	0	22315476	
751	1	G	4	N	2500	0	40	256	135	36	26	37	0	0	0	0	0	0	0	0	0	0	0	0	22315539	
752	1	G	4	N	2500	0	40	317	115	25	19	29	0	0	0	0	0	0	0	0	0	0	0	0	22315897	
753	1	G	4	N	2500	0	40	201	122	29	22	34	0	0	0	0	0	0	0	0	0	0	0	0	22316194	
754	1	G	4	N	2500	0	40	376	140	32	25	35	0	0	0	0	0	0	0	0	0	0	0	0	22316490	
755	1	G	4	N	2500	0	40	369	136	30	27	40	0	0	0	0	0	0	0	0	0	0	0	0	22316849	
756	1	G	4	N	2500	0	40	327	118	29	24	34	0	0	0	0	0	0	0	0	0	0	0	0	22316849	
757	1	G	4	N	2500	0	40	321	131	31	26	42	0	0	0	0	0	0	0	0	0	0	0	0	22316911	
758	1	G	4	N	2500	0	40	323	114	26	21	29	0	0	0	0	0	0	0	0	0	0	0	0	22316989	
759	1	G	4	N	2500	0	40	246	123	31	26	41	0	0	0	0	0	0	0	0	0	0	0	0	22317286	
760	1	G	4	N	2500	0	40	359	148	41	30	46	0	0	0	0	0	0	0	0	0	0	0	0	22317535	
761	1	G	5	N	2500	6	40	228	124	35	28	42	0	0	0	0	0	0	0	0	0	0	0	0	22326147	
762	1	G	5	N	2500	6	40	205	131	36	27	37	0	0	0	0	0	0	0	0	0	0	0	0	22330281	
763	1	G	6	N	2500	6	40	345	102	18	12	21	0	0	0	0	0	0	0	0	0	0	0	0	22340343	
764	1	G	6	N	2500	6	40	311	118	28	20	30	0	0	0	0	0	0	0	0	0	0	0	0	22341170	
765	1	G	6	N	2500	2	1	116	52	10	8	12	0	0	0	0	0	0	0	0	0	0	0	0	22342979	
766	1	G	6	N	2500	6	40	267	93	18	14	19	0	0	0	0	0	0	0	0	0	0	0	0	22343744	
767	1	G	6	N	2500	0	40	371	125	26	20	32	0	0	0	0	0	0	0	0	0	0	0	0	22344570	
768	1	G	6	N	2500	0	40	293	111	23	17	26	0	0	0	0	0	0	0	0	0	0	0	0	22344695	
769	1	G	6	N	2500	0	40	319	116	27	18	27	0	0	0	0	0	0	0	0	0	0	0	0	22345132	
770	1	G	6	N	2500	0	40	243	142	31	23	34	0	0	0	0	0	0	0	0	0	0	0	0	22345335	
771	1	G	6	N	2500	0	1	181	70	12	9	15	0	0	0	0	0	0	0	0	0	0	0	0	22345616	
772	1	G	6	N	2500	0	40	280	103	22	17	24	0	0	0	0	0	0	0	0	0	0	0	0	22345709	
773	1	G	8	N	2500	6	40	302	135	32	28	44	0	0	0	0	0	0	0	0	0	0	0	0	22369952	
774	1	G	8	N	2500	6	40	326	118	26	20	33	0	0	0	0	0	0	0	0	0	0	0	0	22370076	
775	1	G	8	N	2500	6	40	203	116	31	24	36	0	0	0	0	0	0	0	0	0	0	0	0	22370420	
776	1	G	8	N	2500	0	40	310	130	28	26	37	0	0	0	0	0	0	0	0	0	0	0	0	22370451	
777	1	G	8	N	2500	0	40	225	125	33	30	48	0	0	0	0	0	0	0	0	0	0	0	0	22371714	
778	1	G	8	N	2500	0	1	205	96	27	20	32	0	0	0	0	0	0	0	0	0	0	0	0	22373087	
779	1	G	8	N	2500	0	40	307	120	30	24	38	0	0	0	0	0	0	0	0	0	0	0	0	22373602	
780	1	G	8	N	2500	0	1	172	57	11	12	20	0	0	0	0	0	0	0	0	0	0	0	0	22373774	
781	1	G	8	N	2500	0	40	384	126	29	22	39	0	0	0	0	0	0	0	0	0	0	0	0	22373883	
782	1	G	8	N	2500	0	40	315	107	28	20	33	0	0	0	0	0	0	0	0	0	0	0	0	22373945	
783	1	G	8	N	2500	0	40	329	114	29	20	34	0	0	0	0	0	0	0	0	0	0	0	0	22373976	
784	1	G	8	N	2500	0	40	190	124	32	28	43	0	0	0	0	0	0	0	0	0	0	0	0	22374179	
785	1	G	8	N	2500	0	40	328	129	28	22	40	0	0	0	0	0	0	0	0	0	0	0	0	22374725	
786	1	G	8	N	2500	0	40	384	129	28	23	31	0	0	0	0	0	0	0	0	0	0	0	0	22375006	
787	1	G	8	N	2500	0	40	252	151	39	29	46	0	0	0	0	0	0	0	0	0	0	0	0	22375131	
788	1	G	8	N	2500	0	40	340	125	29	22	36	0	0	0	0	0	0	0	0	0	0	0	0	22375536	
789	1	G	10	N	2500	6	40	306	132	34	26	41	0	0	0	0	0	0	0	0	0	0	0	0	22397657	
790	1	G	10	N	2500	6	40	308	121	31	25	42	0	0	0	0	0	0	0	0	0	0	0	0	22397751	
791	1	G	10	N	2500	6	40	256	95	26	18	30	0	0	0	0	0	0	0	0	0	0	0	0	22398375	
792	1	G	10	N	2500	0	40	361	134	31	25	37	0	0	0	0	0	0	0	0	0	0	0	0	22398546	
793	1	G	10	N	2500	0	40	358	125	27	21	30	0	0	0	0	0	0	0	0	0	0	0	0	22398609	
794	1	G	10	N	2500	0	40	267	111	34	27	38	0	0	0	0	0	0	0	0	0	0	0	0	22398999	
795	1	G	10	N	2500	0	1	198	104	34	23	32	0	0	0	0	0	0	0	0	0	0	0	0	22400028	
796	1	G	10	N	2500	0	40	202	112	24	21	33	0	0	0	0	0	0	0	0	0	0	0	0	22400855	
797	1	G	10	N	2500	0	40	324	115	26	21	31	0	0	0	0	0	0	0	0	0	0	0	0	22401666	
798	1	G	10	N	2500	0	40	315	107	26	22	31	0	0	0	0	0	0	0	0	0	0	0	0	22401698	
799	1	G	10	N	2500	0	1	149	110	31	22	36	0	0	0	0	0	0	0	0	0	0	0	0	22401932	
800	1	G	10	N	2500	0	40	319	129	31	23	38	0	0	0	0	0	0	0	0	0	0	0	0	22402462	
801	1	G	10	N	2500	0	40	255	97	29	22	29	0	0	0	0	0	0	0	0	0	0	0	0	22402540	
802	1	G	10	N	2500	0	40	315	117	27	21	37	0	0	0	0	0	0	0	0	0	0	0	0	22402556	
803	1	G	10	N	2500	0	40	355	129	31	25	38	0	0	0	0	0	0	0	0	0	0	0	0	22402618	
804	1	G	10	N	2500	0	1	156	120	31	26	39	0	0	0	0	0	0	0	0	0	0	0	0	22403694	
805	1	G	10	N	2500	0	1	185	107	26	21	33	0	0	0	0	0	0	0	0	0	0	0	0	22404225	
806	1	G	12	N	2500	2	1	79	15	2	2	3	0	0	0	0	0	0	0	0	0	0	0	0	22427297	
807	1	G	12	N	2500	33	1	160	56	12	10	16	0	0	0	0	0	0	0	0	0	0	0	0	22427297	
808	1	G	12	N	2500	6	40	319	102	23	18	25	0	0	0	0	0	0	0	0	0	0	0	0	22427578	
809	1	G	12	N	2500	2	1	174	101	26	18	28	0	0	0	0	0	0	0	0	0	0	0	0	22427656	
810	1	G	12	N	2500	6	40	269	93	22	17	28	0	0	0	0	0	0	0	0	0	0	0	0	22428358	
811	1	G	12	N	2500	2	1	78	19	3	4	8	0	0	0	0	0	0	0	0	0	0	0	0	22428888	
812	1	G	12	N	2500	2	1	70	21	3	4	14	0	0	0	0	0	0	0	0	0	0	0	0	22428982	
813	1	G	12	N	2500	2	1	205	103	27	18	24	0	0	0	0	0	0	0	0	0	0	0	0	22428998	
814	1	G	12	N	2500	6	40	218	107	26	22	30	0	0	0	0	0	0	0	0	0	0	0	0	22429122	
815	1	G	12	N	2500	0	40	318	107	23	17	26	0	0	0	0	0	0	0	0	0	0	0	0	22430277	
816	1	G	12	N	2500	0	40	285	102	26	20	30	0	0	0	0	0	0	0	0	0	0	0	0	22431213	
817	1	G	12	N	2500	0	40	297	96	19	14	23	0	0	0	0	0	0	0	0	0	0	0	0	22431275	
818	1	G	12	N	2500	0	40	277	92	21	14	21	0	0	0	0	0	0	0	0	0	0	0	0	22431431	
819	1	G	12	N	2500	0	1	176	106	29	19	30	0	0	0	0	0	0	0	0	0	0	0	0	22431572	
820	1	G	12	N	2500	0	1	145	91	24	17	25	0	0	0	0	0	0	0	0	0	0	0	0	22431806	
821	1	G	12	N	2500	0	1	166	87	22	14	24	0	0	0	0	0	0	0	0	0	0	0	0	22433225	
822	1	H	2	N	2500	2	1	181	54	10	10	16	0	0	0	0	0	0	0	0	0	0	0	0	22458529	
823	1	H	2	N	2500	2	1	255	86	20	13	20	0	0	0	0	0	0	0	0	0	0	0	0	22458607	
824	1	H	2	N	2500	2	1	162	54	12	9	12	0	0	0	0	0	0	0	0	0	0	0	0	22463224	
825	1	H	3	N	2500	2	1	155	84	18	14	23	0	0	0	0	0	0	0	0	0	0	0	0	22471570	
826	1	H	3	N	2500	2	1	61	18	11	0	1	0	0	0	0	0	0	0	0	0	0	0	0	22473255	
827	1	H	4	N	2500	6	40	253	128	33	26	41	0	0	0	0	0	0	0	0	0	0	0	0	22486640	
828	1	H	4	N	2500	6	40	360	143	32	28	42	0	0	0	0	0	0	0	0	0	0	0	0	22487061	
829	1	H	4	N	2500	6	40	218	113	27	23	37	0	0	0	0	0	0	0	0	0	0	0	0	22487607	
830	1	H	4	N	2500	0	40	382	151	38	29	44	0	0	0	0	0	0	0	0	0	0	0	0	22488137	
831	1	H	4	N	2500	0	40	253	112	38	31	43	0	0	0	0	0	0	0	0	0	0	0	0	22488434	
832	1	H	4	N	2500	0	40	305	116	28	24	37	0	0	0	0	0	0	0	0	0	0	0	0	22488637	
833	1	H	4	N	2500	0	40	364	146	38	31	46	0	0	0	0	0	0	0	0	0	0	0	0	22488761	
834	1	H	4	N	2500	0	40	238	117	35	31	42	0	0	0	0	0	0	0	0	0	0	0	0	22489869	
835	1	H	4	N	2500	0	1	173	92	24	19	31	0	0	0	0	0	0	0	0	0	0	0	0	22490275	
836	1	H	4	N	2500	0	40	318	139	39	28	42	0	0	0	0	0	0	0	0	0	0	0	0	22490524	
837	1	H	4	N	2500	0	1	193	89	26	19	33	0	0	0	0	0	0	0	0	0	0	0	0	22490711	
838	1	H	4	N	2500	0	1	270	87	22	16	25	0	0	0	0	0	0	0	0	0	0	0	0	22490727	
839	1	H	4	N	2500	0	40	319	102	23	18	25	0	0	0	0	0	0	0	0	0	0	0	0	22491086	
840	1	H	4	N	2500	0	40	247	110	37	29	41	0	0	0	0	0	0	0	0	0	0	0	0	22491211	
841	1	H	4	N	2500	0	1	179	101	36	25	41	0	0	0	0	0	0	0	0	0	0	0	0	22491242	
842	1	H	4	N	2500	0	40	306	118	30	23	33	0	0	0	0	0	0	0	0	0	0	0	0	22491710	
843	1	H	4	N	2500	0	40	288	109	27	24	33	0	0	0	0	0	0	0	0	0	0	0	0	22492271	
844	1	H	4	N	2500	0	40	217	113	30	26	42	0	0	0	0	0	0	0	0	0	0	0	0	22493005	
845	1	H	5	N	2500	6	40	182	123	31	26	41	0	0	0	0	0	0	0	0	0	0	0	0	22501678	
846	1	H	6	N	2500	2	1	87	36	10	13	26	0	0	0	0	0	0	0	0	0	0	0	0	22514813	
847	1	H	6	N	2500	33	1	70	34	7	10	24	0	0	0	0	0	0	0	0	0	0	0	0	22514813	
848	1	H	6	N	2500	6	40	278	129	32	25	40	0	0	0	0	0	0	0	0	0	0	0	0	22516654	
849	1	H	6	N	2500	6	40	278	121	36	22	34	0	0	0	0	0	0	0	0	0	0	0	0	22516748	
850	1	H	6	N	2500	6	40	248	119	36	29	45	0	0	0	0	0	0	0	0	0	0	0	0	22516919	
851	1	H	6	N	2500	0	1	153	90	20	16	26	0	0	0	0	0	0	0	0	0	0	0	0	22517543	
852	1	H	6	N	2500	0	40	395	163	40	29	41	0	0	0	0	0	0	0	0	0	0	0	0	22517699	
853	1	H	6	N	2500	0	1	210	94	29	24	40	0	0	0	0	0	0	0	0	0	0	0	0	22519493	
854	1	H	6	N	2500	0	40	292	133	33	25	34	0	0	0	0	0	0	0	0	0	0	0	0	22519681	
855	1	H	6	N	2500	0	40	329	126	32	23	39	0	0	0	0	0	0	0	0	0	0	0	0	22519930	
856	1	H	6	N	2500	0	40	320	113	30	20	31	0	0	0	0	0	0	0	0	0	0	0	0	22520351	
857	1	H	6	N	2500	0	40	341	129	29	22	33	0	0	0	0	0	0	0	0	0	0	0	0	22520414	
858	1	H	6	N	2500	0	40	313	101	30	19	30	0	0	0	0	0	0	0	0	0	0	0	0	22520851	
859	1	H	6	N	2500	0	40	344	130	30	23	40	0	0	0	0	0	0	0	0	0	0	0	0	22520944	
860	1	H	7	N	2500	2	1	130	53	30	13	21	0	0	0	0	0	0	0	0	0	0	0	0	22535499	
861	1	H	8	N	2500	2	1	179	110	28	23	32	0	0	0	0	0	0	0	0	0	0	0	0	22544188	
862	1	H	8	N	2500	2	1	157	100	29	21	31	0	0	0	0	0	0	0	0	0	0	0	0	22544266	
863	1	H	8	N	2500	2	1	142	92	20	19	25	0	0	0	0	0	0	0	0	0	0	0	0	22544329	
864	1	H	8	N	2500	8	40	255	100	25	20	27	0	0	0	0	0	0	0	0	0	0	0	0	22544329	
865	1	H	8	N	2500	6	40	226	115	33	24	39	0	0	0	0	0	0	0	0	0	0	0	0	22544921	
866	1	H	8	N	2500	6	40	220	118	31	24	36	0	0	0	0	0	0	0	0	0	0	0	0	22545140	
867	1	H	8	N	2500	2	1	112	56	13	10	15	0	0	0	0	0	0	0	0	0	0	0	0	22545218	
868	1	H	8	N	2500	2	1	55	17	3	3	6	0	0	0	0	0	0	0	0	0	0	0	0	22545218	
869	1	H	8	N	2500	2	1	62	12	3	4	9	0	0	0	0	0	0	0	0	0	0	0	0	22545733	
870	1	H	8	N	2500	2	1	124	66	21	16	22	0	0	0	0	0	0	0	0	0	0	0	0	22545811	
871	1	H	8	N	2500	6	40	245	128	29	25	37	0	0	0	0	0	0	0	0	0	0	0	0	22545857	
872	1	H	8	N	2500	0	1	174	112	27	25	38	0	0	0	0	0	0	0	0	0	0	0	0	22546107	
873	1	H	8	N	2500	0	40	178	119	28	24	32	0	0	0	0	0	0	0	0	0	0	0	0	22546154	
874	1	H	8	N	2500	0	1	175	92	24	18	27	0	0	0	0	0	0	0	0	0	0	0	0	22546247	
875	1	H	8	N	2500	0	40	290	112	25	21	33	0	0	0	0	0	0	0	0	0	0	0	0	22546279	
876	1	H	8	N	2500	0	1	209	91	22	18	29	0	0	0	0	0	0	0	0	0	0	0	0	22546513	
877	1	H	8	N	2500	0	40	308	99	20	15	27	0	0	0	0	0	0	0	0	0	0	0	0	22546747	
878	1	H	8	N	2500	0	1	176	91	26	22	35	0	0	0	0	0	0	0	0	0	0	0	0	22547199	
879	1	H	8	N	2500	0	1	241	71	13	12	21	0	0	0	0	0	0	0	0	0	0	0	0	22547308	
880	1	H	8	N	2500	0	40	272	99	22	19	23	0	0	0	0	0	0	0	0	0	0	0	0	22547496	
881	1	H	8	N	2500	0	40	332	115	27	20	36	0	0	0	0	0	0	0	0	0	0	0	0	22547574	
882	1	H	8	N	2500	0	40	302	113	31	21	31	0	0	0	0	0	0	0	0	0	0	0	0	22547636	
883	1	H	8	N	2500	0	1	155	110	36	27	35	0	0	0	0	0	0	0	0	0	0	0	0	22548042	
884	1	H	8	N	2500	0	1	171	100	22	17	24	0	0	0	0	0	0	0	0	0	0	0	0	22548135	
885	1	H	8	N	2500	0	40	224	102	24	18	24	0	0	0	0	0	0	0	0	0	0	0	0	22548151	
886	1	H	8	N	2500	0	40	357	115	24	20	32	0	0	0	0	0	0	0	0	0	0	0	0	22548182	
887	1	H	8	N	2500	0	40	290	113	26	20	30	0	0	0	0	0	0	0	0	0	0	0	0	22548385	
888	1	H	8	N	2500	0	1	91	43	88	109	131	0	0	0	0	0	0	0	0	0	0	0	0	22548525	
889	1	H	8	N	2500	0	40	245	124	29	23	33	0	0	0	0	0	0	0	0	0	0	0	0	22548946	
890	1	H	8	N	2500	0	40	311	98	21	17	31	0	0	0	0	0	0	0	0	0	0	0	0	22549009	
891	1	H	8	N	2500	0	40	353	122	33	24	38	0	0	0	0	0	0	0	0	0	0	0	0	22549399	
892	1	H	8	N	2500	0	1	51	8	3	3	8	0	0	0	0	0	0	0	0	0	0	0	0	22549508	
893	1	H	8	N	2500	0	40	289	97	23	18	30	0	0	0	0	0	0	0	0	0	0	0	0	22549711	
894	1	H	8	N	2500	0	40	294	112	29	21	29	0	0	0	0	0	0	0	0	0	0	0	0	22549711	
895	1	H	8	N	2500	0	40	301	108	25	22	36	0	0	0	0	0	0	0	0	0	0	0	0	22550460	
896	1	H	9	N	2500	6	40	363	109	21	16	26	0	0	0	0	0	0	0	0	0	0	0	0	22559180	
897	1	H	9	N	2500	2	1	170	104	24	21	32	0	0	0	0	0	0	0	0	0	0	0	0	22561536	
898	1	H	10	N	2500	2	1	57	19	8	11	41	0	0	0	0	0	0	0	0	0	0	0	0	22573236	
899	1	H	10	N	2500	2	1	57	22	3	5	12	0	0	0	0	0	0	0	0	0	0	0	0	22573579	
900	1	H	10	N	2500	2	1	136	73	24	18	29	0	0	0	0	0	0	0	0	0	0	0	0	22574234	
901	1	H	10	N	2500	6	40	342	104	21	18	32	0	0	0	0	0	0	0	0	0	0	0	0	22574265	
902	1	H	10	N	2500	6	40	309	119	30	23	35	0	0	0	0	0	0	0	0	0	0	0	0	22575030	
903	1	H	10	N	2500	6	40	275	99	25	19	29	0	0	0	0	0	0	0	0	0	0	0	0	22575716	
904	1	H	10	N	2500	0	40	196	112	30	27	42	0	0	0	0	0	0	0	0	0	0	0	0	22575903	
905	1	H	10	N	2500	0	1	189	110	32	22	32	0	0	0	0	0	0	0	0	0	0	0	0	22576106	
906	1	H	10	N	2500	0	40	301	120	28	23	32	0	0	0	0	0	0	0	0	0	0	0	0	22576153	
907	1	H	10	N	2500	0	1	269	82	17	14	24	0	0	0	0	0	0	0	0	0	0	0	0	22576215	
908	1	H	10	N	2500	0	40	231	112	24	19	33	0	0	0	0	0	0	0	0	0	0	0	0	22576839	
909	1	H	10	N	2500	0	40	199	117	33	24	34	0	0	0	0	0	0	0	0	0	0	0	0	22576933	
910	1	H	10	N	2500	0	1	253	71	16	11	21	0	0	0	0	0	0	0	0	0	0	0	0	22577276	
911	1	H	10	N	2500	0	40	296	100	26	21	34	0	0	0	0	0	0	0	0	0	0	0	0	22577292	
912	1	H	10	N	2500	0	1	198	97	25	18	29	0	0	0	0	0	0	0	0	0	0	0	0	22577572	
913	1	H	10	N	2500	0	40	207	122	32	23	32	0	0	0	0	0	0	0	0	0	0	0	0	22577760	
914	1	H	10	N	2500	0	1	191	109	30	22	32	0	0	0	0	0	0	0	0	0	0	0	0	22578368	
915	1	H	10	N	2500	0	40	272	93	21	16	28	0	0	0	0	0	0	0	0	0	0	0	0	22578602	
916	1	H	10	N	2500	0	40	366	125	28	21	38	0	0	0	0	0	0	0	0	0	0	0	0	22578758	
917	1	H	10	N	2500	0	1	169	97	21	17	25	0	0	0	0	0	0	0	0	0	0	0	0	22579179	
918	1	H	11	N	2500	2	1	82	20	3	3	4	0	0	0	0	0	0	0	0	0	0	0	0	22588586	
919	1	H	11	N	2500	2	1	201	81	17	16	26	0	0	0	0	0	0	0	0	0	0	0	0	22588586	
920	1	H	12	N	2500	2	1	173	92	22	20	30	0	0	0	0	0	0	0	0	0	0	0	0	22601128	
921	1	H	12	N	2500	6	40	292	116	25	20	31	0	0	0	0	0	0	0	0	0	0	0	0	22601846	
922	1	H	12	N	2500	2	1	106	21	2	2	5	0	0	0	0	0	0	0	0	0	0	0	0	22602267	
923	1	H	12	N	2500	6	40	231	104	20	18	32	0	0	0	0	0	0	0	0	0	0	0	0	22603562	
924	1	H	12	N	2500	2	1	266	83	16	12	20	0	0	0	0	0	0	0	0	0	0	0	0	22603640	
925	1	H	12	N	2500	2	1	135	39	6	7	15	0	0	0	0	0	0	0	0	0	0	0	0	22604014	
926	1	H	12	N	2500	2	1	179	42	6	5	8	0	0	0	0	0	0	0	0	0	0	0	0	22604202	
927	1	H	12	N	2500	6	40	250	126	29	22	38	0	0	0	0	0	0	0	0	0	0	0	0	22604389	
928	1	H	12	N	2500	0	1	163	69	15	14	19	0	0	0	0	0	0	0	0	0	0	0	0	22605356	
929	1	H	12	N	2500	0	40	315	113	23	20	29	0	0	0	0	0	0	0	0	0	0	0	0	22605434	
930	1	H	12	N	2500	0	1	252	73	14	11	16	0	0	0	0	0	0	0	0	0	0	0	0	22605808	
931	1	H	12	N	2500	0	1	156	95	20	17	27	0	0	0	0	0	0	0	0	0	0	0	0	22606245	
932	1	H	12	N	2500	0	40	296	93	20	15	28	0	0	0	0	0	0	0	0	0	0	0	0	22606292	
933	1	H	12	N	2500	0	40	351	141	28	22	30	0	0	0	0	0	0	0	0	0	0	0	0	22606557	
934	1	H	12	N	2500	0	1	207	99	22	17	22	0	0	0	0	0	0	0	0	0	0	0	0	22606635	
935	1	H	12	N	2500	0	40	290	88	17	14	19	0	0	0	0	0	0	0	0	0	0	0	0	22606698	
936	1	H	12	N	2500	0	1	248	91	23	18	26	0	0	0	0	0	0	0	0	0	0	0	0	22606869	
937	1	H	12	N	2500	0	40	393	114	28	21	33	0	0	0	0	0	0	0	0	0	0	0	0	22607462	
938	1	H	12	N	2500	0	1	151	68	15	12	18	0	0	0	0	0	0	0	0	0	0	0	0	22607696	


Threshold source: EXT,  value 50
Min TOF = 50
EXT signal gain 1.6
Green signal gain 3.0
Yellow signal gain 3.0
Red signal gain 3.0
Green PMT voltage 700
Yellow PMT voltage 700
Red PMT voltage 900
Signal multipliers: 1.0,1.0,1.0,1.0
C:\Users\unionbio\Desktop\COPAS Templates\USE for L4 dispense4.csv