Id	Plate	Row	Column	Clog	Scan rate	Status sort	Status sel	TOF	EXT	Green	Yellow	Red	PH Ext	PW Ext	PC Ext	PH Green	PW Green	PCGreen	PH Yellow	PW Yellow	PCYellow	PH Red	PW Red	PCRed	Time Stamp	
0	1	D	6	N	2500	2	1	172	66	11	10	15	0	0	0	0	0	0	0	0	0	0	0	0	55451692	
1	1	D	6	N	2500	6	40	304	136	33	27	44	0	0	0	0	0	0	0	0	0	0	0	0	55451973	
2	1	D	6	N	2500	6	40	375	149	33	28	32	0	0	0	0	0	0	0	0	0	0	0	0	55452971	
3	1	D	6	N	2500	6	40	318	144	33	29	35	0	0	0	0	0	0	0	0	0	0	0	0	55453424	
4	1	D	6	N	2500	0	1	74	36	8	7	9	0	0	0	0	0	0	0	0	0	0	0	0	55453424	
5	1	D	6	N	2500	0	40	202	114	35	28	39	0	0	0	0	0	0	0	0	0	0	0	0	55453517	
6	1	D	6	N	2500	0	1	60	14	2	2	3	0	0	0	0	0	0	0	0	0	0	0	0	55453673	
7	1	D	6	N	2500	0	1	220	102	28	20	37	0	0	0	0	0	0	0	0	0	0	0	0	55453673	
8	1	D	6	N	2500	0	40	255	165	38	31	42	0	0	0	0	0	0	0	0	0	0	0	0	55453736	
9	1	D	6	N	2500	0	40	291	145	37	28	40	0	0	0	0	0	0	0	0	0	0	0	0	55453985	
10	1	D	6	N	2500	0	40	342	142	33	23	33	0	0	0	0	0	0	0	0	0	0	0	0	55454375	
11	1	D	6	N	2500	0	40	237	130	32	24	39	0	0	0	0	0	0	0	0	0	0	0	0	55454469	
12	1	D	6	N	2500	0	40	291	97	20	17	27	0	0	0	0	0	0	0	0	0	0	0	0	55454484	
13	1	D	6	N	2500	0	40	379	158	38	29	45	0	0	0	0	0	0	0	0	0	0	0	0	55454609	
14	1	D	6	N	2500	0	1	217	85	23	16	26	0	0	0	0	0	0	0	0	0	0	0	0	55454625	
15	1	D	6	N	2500	0	40	353	158	33	26	40	0	0	0	0	0	0	0	0	0	0	0	0	55454718	
16	1	D	6	N	2500	0	40	249	160	35	28	42	0	0	0	0	0	0	0	0	0	0	0	0	55454796	
17	1	D	6	N	2500	0	1	210	69	14	13	21	0	0	0	0	0	0	0	0	0	0	0	0	55454859	
18	1	D	6	N	2500	0	1	249	93	18	18	27	0	0	0	0	0	0	0	0	0	0	0	0	55454859	
19	1	D	6	N	2500	0	1	265	91	16	14	20	0	0	0	0	0	0	0	0	0	0	0	0	55454874	
20	1	D	6	N	2500	0	40	397	165	36	29	42	0	0	0	0	0	0	0	0	0	0	0	0	55454921	
21	1	D	6	N	2500	0	40	407	177	37	28	47	0	0	0	0	0	0	0	0	0	0	0	0	55455046	
22	1	D	6	N	2500	0	40	209	111	29	22	33	0	0	0	0	0	0	0	0	0	0	0	0	55455202	
23	1	D	6	N	2500	0	40	345	147	30	23	34	0	0	0	0	0	0	0	0	0	0	0	0	55455296	
24	1	D	6	N	2500	0	1	148	115	28	23	30	0	0	0	0	0	0	0	0	0	0	0	0	55455296	
25	1	D	6	N	2500	0	40	301	100	23	17	27	0	0	0	0	0	0	0	0	0	0	0	0	55455561	
26	1	D	6	N	2500	0	40	397	171	36	29	39	0	0	0	0	0	0	0	0	0	0	0	0	55455779	
27	1	D	6	N	2500	0	40	351	147	31	25	35	0	0	0	0	0	0	0	0	0	0	0	0	55455857	
28	1	D	6	N	2500	0	40	252	119	30	22	33	0	0	0	0	0	0	0	0	0	0	0	0	55455998	
29	1	D	6	N	2500	0	1	158	81	13	11	16	0	0	0	0	0	0	0	0	0	0	0	0	55456216	
30	1	D	6	N	2500	0	40	446	144	28	21	29	0	0	0	0	0	0	0	0	0	0	0	0	55456419	
31	1	D	6	N	2500	0	40	347	111	21	16	27	0	0	0	0	0	0	0	0	0	0	0	0	55456481	
32	1	D	6	N	2500	0	40	284	118	27	24	38	0	0	0	0	0	0	0	0	0	0	0	0	55456528	
33	1	D	6	N	2500	0	40	247	103	25	22	30	0	0	0	0	0	0	0	0	0	0	0	0	55456559	
34	1	D	6	N	2500	0	40	335	135	34	25	34	0	0	0	0	0	0	0	0	0	0	0	0	55456762	
35	1	D	6	N	2500	0	1	132	79	19	14	23	0	0	0	0	0	0	0	0	0	0	0	0	55456856	
36	1	D	6	N	2500	0	40	369	153	34	26	38	0	0	0	0	0	0	0	0	0	0	0	0	55456856	
37	1	D	6	N	2500	0	1	95	59	13	12	14	0	0	0	0	0	0	0	0	0	0	0	0	55456902	
38	1	D	6	N	2500	0	40	220	149	36	27	36	0	0	0	0	0	0	0	0	0	0	0	0	55456902	
39	1	D	6	N	2500	0	1	172	102	22	18	26	0	0	0	0	0	0	0	0	0	0	0	0	55456918	
40	1	D	6	N	2500	0	40	316	139	31	25	37	0	0	0	0	0	0	0	0	0	0	0	0	55456965	
41	1	D	6	N	2500	0	40	381	164	37	28	42	0	0	0	0	0	0	0	0	0	0	0	0	55456996	
42	1	D	6	N	2500	0	1	223	101	21	17	27	0	0	0	0	0	0	0	0	0	0	0	0	55457308	
43	1	D	6	N	2500	0	1	147	36	6	6	9	0	0	0	0	0	0	0	0	0	0	0	0	55457480	
44	1	D	6	N	2500	0	1	93	41	7	5	12	0	0	0	0	0	0	0	0	0	0	0	0	55457558	
45	1	D	6	N	2500	0	40	498	203	47	44	62	0	0	0	0	0	0	0	0	0	0	0	0	55457745	
46	1	D	6	N	2500	0	1	110	60	14	12	18	0	0	0	0	0	0	0	0	0	0	0	0	55457932	
47	1	D	6	N	2500	0	40	246	121	36	27	43	0	0	0	0	0	0	0	0	0	0	0	0	55458150	
48	1	D	6	N	2500	0	1	50	12	1	1	1	0	0	0	0	0	0	0	0	0	0	0	0	55459024	
49	1	D	7	N	2500	2	1	66	43	25	4	8	0	0	0	0	0	0	0	0	0	0	0	0	55465982	
50	1	D	7	N	2500	2	1	55	17	1	0	0	0	0	0	0	0	0	0	0	0	0	0	0	55469086	
51	1	D	7	N	2500	6	40	332	144	32	23	40	0	0	0	0	0	0	0	0	0	0	0	0	55470599	
52	1	D	7	N	2500	6	40	348	137	30	23	33	0	0	0	0	0	0	0	0	0	0	0	0	55470880	
53	1	D	7	N	2500	6	40	392	158	36	25	36	0	0	0	0	0	0	0	0	0	0	0	0	55472050	
54	1	D	8	N	2500	6	40	205	125	28	23	33	0	0	0	0	0	0	0	0	0	0	0	0	55480084	
55	1	D	8	N	2500	6	40	226	115	23	20	30	0	0	0	0	0	0	0	0	0	0	0	0	55480646	
56	1	D	8	N	2500	6	40	275	145	33	25	42	0	0	0	0	0	0	0	0	0	0	0	0	55481145	
57	1	D	8	N	2500	0	40	342	142	29	23	32	0	0	0	0	0	0	0	0	0	0	0	0	55481379	
58	1	D	8	N	2500	0	40	386	168	35	27	42	0	0	0	0	0	0	0	0	0	0	0	0	55481441	
59	1	D	8	N	2500	0	40	279	140	34	30	43	0	0	0	0	0	0	0	0	0	0	0	0	55481457	
60	1	D	8	N	2500	0	40	219	142	31	25	35	0	0	0	0	0	0	0	0	0	0	0	0	55481784	
61	1	D	8	N	2500	0	40	306	160	34	28	43	0	0	0	0	0	0	0	0	0	0	0	0	55481816	
62	1	D	8	N	2500	0	40	255	127	28	23	32	0	0	0	0	0	0	0	0	0	0	0	0	55481831	
63	1	D	8	N	2500	0	40	329	134	31	23	36	0	0	0	0	0	0	0	0	0	0	0	0	55481878	
64	1	D	8	N	2500	0	1	74	20	6	1	1	0	0	0	0	0	0	0	0	0	0	0	0	55482143	
65	1	D	8	N	2500	0	40	331	144	29	24	38	0	0	0	0	0	0	0	0	0	0	0	0	55482346	
66	1	D	8	N	2500	0	40	313	120	23	20	27	0	0	0	0	0	0	0	0	0	0	0	0	55482502	
67	1	D	8	N	2500	0	40	191	143	27	22	34	0	0	0	0	0	0	0	0	0	0	0	0	55482533	
68	1	D	8	N	2500	0	40	198	118	26	18	28	0	0	0	0	0	0	0	0	0	0	0	0	55482627	
69	1	D	8	N	2500	0	40	328	151	35	27	42	0	0	0	0	0	0	0	0	0	0	0	0	55482736	
70	1	D	8	N	2500	0	40	278	171	37	29	36	0	0	0	0	0	0	0	0	0	0	0	0	55482830	
71	1	D	8	N	2500	0	40	348	139	33	24	37	0	0	0	0	0	0	0	0	0	0	0	0	55483001	
72	1	D	8	N	2500	0	40	223	139	29	24	36	0	0	0	0	0	0	0	0	0	0	0	0	55483032	
73	1	D	8	N	2500	0	40	428	149	31	23	37	0	0	0	0	0	0	0	0	0	0	0	0	55483095	
74	1	D	8	N	2500	0	40	365	145	30	23	35	0	0	0	0	0	0	0	0	0	0	0	0	55483110	
75	1	D	8	N	2500	0	40	339	117	24	18	27	0	0	0	0	0	0	0	0	0	0	0	0	55483235	
76	1	D	8	N	2500	0	40	279	141	30	25	37	0	0	0	0	0	0	0	0	0	0	0	0	55483329	
77	1	D	8	N	2500	0	40	294	158	36	27	41	0	0	0	0	0	0	0	0	0	0	0	0	55483376	
78	1	D	8	N	2500	0	40	265	102	21	15	24	0	0	0	0	0	0	0	0	0	0	0	0	55483454	
79	1	D	8	N	2500	0	40	428	180	34	26	42	0	0	0	0	0	0	0	0	0	0	0	0	55483594	
80	1	D	8	N	2500	0	1	172	81	13	11	14	0	0	0	0	0	0	0	0	0	0	0	0	55483641	
81	1	D	8	N	2500	0	40	266	141	29	23	36	0	0	0	0	0	0	0	0	0	0	0	0	55483672	
82	1	D	8	N	2500	0	40	352	134	28	21	29	0	0	0	0	0	0	0	0	0	0	0	0	55483875	
83	1	D	8	N	2500	0	40	232	152	33	25	34	0	0	0	0	0	0	0	0	0	0	0	0	55484093	
84	1	D	8	N	2500	0	40	273	157	34	26	35	0	0	0	0	0	0	0	0	0	0	0	0	55484546	
85	1	D	8	N	2500	0	40	382	144	31	23	36	0	0	0	0	0	0	0	0	0	0	0	0	55484686	
86	1	D	8	N	2500	0	40	190	114	23	19	29	0	0	0	0	0	0	0	0	0	0	0	0	55484920	
87	1	D	8	N	2500	0	40	292	131	27	22	34	0	0	0	0	0	0	0	0	0	0	0	0	55484936	
88	1	D	8	N	2500	0	40	374	147	32	26	42	0	0	0	0	0	0	0	0	0	0	0	0	55484936	
89	1	D	8	N	2500	0	1	171	93	19	14	24	0	0	0	0	0	0	0	0	0	0	0	0	55484951	
90	1	D	8	N	2500	0	40	362	157	32	25	33	0	0	0	0	0	0	0	0	0	0	0	0	55485029	
91	1	D	8	N	2500	0	40	326	155	33	25	35	0	0	0	0	0	0	0	0	0	0	0	0	55485060	
92	1	D	8	N	2500	0	40	354	151	31	29	37	0	0	0	0	0	0	0	0	0	0	0	0	55485201	
93	1	D	8	N	2500	0	40	333	153	33	26	39	0	0	0	0	0	0	0	0	0	0	0	0	55485279	
94	1	D	8	N	2500	0	40	222	128	32	25	38	0	0	0	0	0	0	0	0	0	0	0	0	55485294	
95	1	D	8	N	2500	0	1	147	118	32	22	33	0	0	0	0	0	0	0	0	0	0	0	0	55485872	
96	1	D	8	N	2500	0	40	392	161	36	26	40	0	0	0	0	0	0	0	0	0	0	0	0	55486074	
97	1	D	8	N	2500	0	40	434	159	33	24	41	0	0	0	0	0	0	0	0	0	0	0	0	55486215	
98	1	D	8	N	2500	0	1	109	54	9	9	15	0	0	0	0	0	0	0	0	0	0	0	0	55486620	
99	1	D	9	N	2500	6	40	307	141	31	22	38	0	0	0	0	0	0	0	0	0	0	0	0	55499303	
100	1	D	9	N	2500	6	40	402	153	30	25	41	0	0	0	0	0	0	0	0	0	0	0	0	55499350	
101	1	D	9	N	2500	6	40	387	153	30	23	35	0	0	0	0	0	0	0	0	0	0	0	0	55499787	
102	1	D	9	N	2500	0	40	261	146	31	25	33	0	0	0	0	0	0	0	0	0	0	0	0	55501877	
103	1	D	10	N	2500	6	40	352	136	34	24	38	0	0	0	0	0	0	0	0	0	0	0	0	55508897	
104	1	D	10	N	2500	2	1	156	57	14	11	15	0	0	0	0	0	0	0	0	0	0	0	0	55509084	
105	1	D	10	N	2500	6	40	320	120	25	20	28	0	0	0	0	0	0	0	0	0	0	0	0	55509256	
106	1	D	10	N	2500	2	1	219	85	21	18	27	0	0	0	0	0	0	0	0	0	0	0	0	55509646	
107	1	D	10	N	2500	6	40	237	148	33	27	40	0	0	0	0	0	0	0	0	0	0	0	0	55510161	
108	1	D	10	N	2500	0	1	114	33	4	5	9	0	0	0	0	0	0	0	0	0	0	0	0	55510348	
109	1	D	10	N	2500	0	1	268	81	15	11	18	0	0	0	0	0	0	0	0	0	0	0	0	55510769	
110	1	D	10	N	2500	0	40	208	128	30	23	37	0	0	0	0	0	0	0	0	0	0	0	0	55510988	
111	1	D	10	N	2500	0	40	311	127	28	24	35	0	0	0	0	0	0	0	0	0	0	0	0	55511144	
112	1	D	10	N	2500	0	40	233	141	34	23	35	0	0	0	0	0	0	0	0	0	0	0	0	55511159	
113	1	D	10	N	2500	0	40	346	136	28	21	36	0	0	0	0	0	0	0	0	0	0	0	0	55511222	
114	1	D	10	N	2500	0	40	237	140	35	24	33	0	0	0	0	0	0	0	0	0	0	0	0	55511362	
115	1	D	10	N	2500	0	40	236	136	29	23	32	0	0	0	0	0	0	0	0	0	0	0	0	55511471	
116	1	D	10	N	2500	0	40	334	124	25	20	34	0	0	0	0	0	0	0	0	0	0	0	0	55512080	
117	1	D	10	N	2500	0	1	200	101	22	17	25	0	0	0	0	0	0	0	0	0	0	0	0	55512485	
118	1	D	10	N	2500	0	40	321	121	28	20	29	0	0	0	0	0	0	0	0	0	0	0	0	55512532	
119	1	D	10	N	2500	0	1	58	16	7	11	21	0	0	0	0	0	0	0	0	0	0	0	0	55512657	
120	1	D	10	N	2500	0	40	409	151	32	24	32	0	0	0	0	0	0	0	0	0	0	0	0	55512797	
121	1	D	10	N	2500	0	1	56	14	1	1	3	0	0	0	0	0	0	0	0	0	0	0	0	55512938	
122	1	D	10	N	2500	0	1	173	71	15	13	29	0	0	0	0	0	0	0	0	0	0	0	0	55512938	
123	1	D	10	N	2500	0	40	308	119	28	18	28	0	0	0	0	0	0	0	0	0	0	0	0	55513094	
124	1	D	10	N	2500	0	40	224	151	32	23	31	0	0	0	0	0	0	0	0	0	0	0	0	55513094	
125	1	D	10	N	2500	0	40	302	125	25	20	31	0	0	0	0	0	0	0	0	0	0	0	0	55513296	
126	1	D	10	N	2500	0	40	287	123	26	21	30	0	0	0	0	0	0	0	0	0	0	0	0	55513312	
127	1	D	10	N	2500	0	40	309	121	27	21	30	0	0	0	0	0	0	0	0	0	0	0	0	55513437	
128	1	D	10	N	2500	0	40	307	108	20	15	26	0	0	0	0	0	0	0	0	0	0	0	0	55513702	
129	1	D	10	N	2500	0	40	315	108	22	18	26	0	0	0	0	0	0	0	0	0	0	0	0	55513749	
130	1	D	10	N	2500	0	40	242	134	27	21	31	0	0	0	0	0	0	0	0	0	0	0	0	55513764	
131	1	D	10	N	2500	0	40	240	151	36	25	32	0	0	0	0	0	0	0	0	0	0	0	0	55513764	
132	1	D	10	N	2500	0	40	212	113	20	16	26	0	0	0	0	0	0	0	0	0	0	0	0	55514123	
133	1	D	10	N	2500	0	40	340	139	28	21	30	0	0	0	0	0	0	0	0	0	0	0	0	55514201	
134	1	D	10	N	2500	0	40	445	177	34	24	39	0	0	0	0	0	0	0	0	0	0	0	0	55514903	
135	1	D	10	N	2500	0	1	101	19	24	75	119	0	0	0	0	0	0	0	0	0	0	0	0	55515605	
136	1	D	11	N	2500	6	40	320	150	29	24	36	0	0	0	0	0	0	0	0	0	0	0	0	55527430	
137	1	D	11	N	2500	6	40	221	112	19	14	22	0	0	0	0	0	0	0	0	0	0	0	0	55528319	
138	1	D	12	N	2500	6	40	217	133	32	24	35	0	0	0	0	0	0	0	0	0	0	0	0	55537679	
139	1	D	12	N	2500	6	40	316	95	21	16	26	0	0	0	0	0	0	0	0	0	0	0	0	55537742	
140	1	D	12	N	2500	8	40	241	126	28	22	35	0	0	0	0	0	0	0	0	0	0	0	0	55537804	
141	1	D	12	N	2500	8	40	343	150	36	29	39	0	0	0	0	0	0	0	0	0	0	0	0	55537804	
142	1	D	12	N	2500	2	1	58	20	9	3	5	0	0	0	0	0	0	0	0	0	0	0	0	55538116	
143	1	D	12	N	2500	6	40	324	133	30	24	34	0	0	0	0	0	0	0	0	0	0	0	0	55538319	
144	1	D	12	N	2500	0	40	359	150	37	27	41	0	0	0	0	0	0	0	0	0	0	0	0	55538709	
145	1	D	12	N	2500	0	40	215	134	27	20	32	0	0	0	0	0	0	0	0	0	0	0	0	55539411	
146	1	D	12	N	2500	0	1	77	54	13	11	25	0	0	0	0	0	0	0	0	0	0	0	0	55539473	
147	1	D	12	N	2500	0	40	301	137	31	25	34	0	0	0	0	0	0	0	0	0	0	0	0	55540066	
148	1	D	12	N	2500	0	1	211	90	17	16	28	0	0	0	0	0	0	0	0	0	0	0	0	55540394	
149	1	D	12	N	2500	0	1	52	27	7	6	9	0	0	0	0	0	0	0	0	0	0	0	0	55540737	
150	1	D	12	N	2500	0	40	192	137	29	23	31	0	0	0	0	0	0	0	0	0	0	0	0	55540955	
151	1	D	12	N	2500	0	40	338	138	32	25	38	0	0	0	0	0	0	0	0	0	0	0	0	55541064	
152	1	D	12	N	2500	0	40	329	122	26	20	29	0	0	0	0	0	0	0	0	0	0	0	0	55541158	
153	1	D	12	N	2500	0	40	353	138	28	21	31	0	0	0	0	0	0	0	0	0	0	0	0	55541688	
154	1	D	12	N	2500	0	1	105	54	10	11	17	0	0	0	0	0	0	0	0	0	0	0	0	55541798	
155	1	D	12	N	2500	0	40	229	123	30	26	39	0	0	0	0	0	0	0	0	0	0	0	0	55541985	
156	1	D	12	N	2500	0	40	406	150	33	27	39	0	0	0	0	0	0	0	0	0	0	0	0	55542063	
157	1	D	12	N	2500	0	1	68	28	5	6	11	0	0	0	0	0	0	0	0	0	0	0	0	55542125	
158	1	D	12	N	2500	0	40	380	126	26	21	33	0	0	0	0	0	0	0	0	0	0	0	0	55542640	
159	1	D	12	N	2500	0	1	110	23	4	3	6	0	0	0	0	0	0	0	0	0	0	0	0	55544091	
160	1	D	12	N	2500	0	1	57	37	8	7	10	0	0	0	0	0	0	0	0	0	0	0	0	55544091	
161	1	E	1	N	2500	6	40	388	155	30	26	37	0	0	0	0	0	0	0	0	0	0	0	0	55553420	
162	1	E	1	N	2500	6	40	239	139	29	24	32	0	0	0	0	0	0	0	0	0	0	0	0	55554480	
163	1	E	1	N	2500	6	40	302	125	30	24	34	0	0	0	0	0	0	0	0	0	0	0	0	55555697	
164	1	E	1	N	2500	0	40	228	158	34	26	37	0	0	0	0	0	0	0	0	0	0	0	0	55557086	
165	1	E	2	N	2500	6	40	264	139	38	30	41	0	0	0	0	0	0	0	0	0	0	0	0	55567507	
166	1	E	2	N	2500	6	40	210	145	31	27	35	0	0	0	0	0	0	0	0	0	0	0	0	55567756	
167	1	E	2	N	2500	6	40	374	129	29	23	34	0	0	0	0	0	0	0	0	0	0	0	0	55567772	
168	1	E	2	N	2500	0	40	323	129	30	25	35	0	0	0	0	0	0	0	0	0	0	0	0	55567881	
169	1	E	2	N	2500	0	40	374	147	33	26	41	0	0	0	0	0	0	0	0	0	0	0	0	55567912	
170	1	E	2	N	2500	0	40	258	101	19	16	23	0	0	0	0	0	0	0	0	0	0	0	0	55568115	
171	1	E	2	N	2500	0	40	404	169	38	28	42	0	0	0	0	0	0	0	0	0	0	0	0	55568489	
172	1	E	2	N	2500	0	40	307	129	31	25	36	0	0	0	0	0	0	0	0	0	0	0	0	55568645	
173	1	E	2	N	2500	0	40	340	153	32	25	30	0	0	0	0	0	0	0	0	0	0	0	0	55568645	
174	1	E	2	N	2500	0	1	177	49	11	8	12	0	0	0	0	0	0	0	0	0	0	0	0	55568692	
175	1	E	2	N	2500	0	40	364	110	21	17	21	0	0	0	0	0	0	0	0	0	0	0	0	55569207	
176	1	E	2	N	2500	0	40	346	134	28	21	33	0	0	0	0	0	0	0	0	0	0	0	0	55569238	
177	1	E	2	N	2500	0	40	330	132	32	23	38	0	0	0	0	0	0	0	0	0	0	0	0	55569254	
178	1	E	2	N	2500	0	40	200	135	44	31	37	0	0	0	0	0	0	0	0	0	0	0	0	55569410	
179	1	E	2	N	2500	0	1	220	72	16	13	18	0	0	0	0	0	0	0	0	0	0	0	0	55569457	
180	1	E	2	N	2500	0	40	326	129	27	23	35	0	0	0	0	0	0	0	0	0	0	0	0	55569644	
181	1	E	2	N	2500	0	40	335	151	33	24	33	0	0	0	0	0	0	0	0	0	0	0	0	55569722	
182	1	E	2	N	2500	0	40	200	137	33	25	40	0	0	0	0	0	0	0	0	0	0	0	0	55569737	
183	1	E	2	N	2500	0	40	334	131	28	24	32	0	0	0	0	0	0	0	0	0	0	0	0	55570018	
184	1	E	2	N	2500	0	40	336	141	34	27	42	0	0	0	0	0	0	0	0	0	0	0	0	55570096	
185	1	E	2	N	2500	0	40	398	166	39	30	44	0	0	0	0	0	0	0	0	0	0	0	0	55570315	
186	1	E	2	N	2500	0	1	150	100	23	21	27	0	0	0	0	0	0	0	0	0	0	0	0	55570502	
187	1	E	2	N	2500	0	40	243	138	38	27	40	0	0	0	0	0	0	0	0	0	0	0	0	55570595	
188	1	E	2	N	2500	0	40	203	138	31	24	34	0	0	0	0	0	0	0	0	0	0	0	0	55570611	
189	1	E	2	N	2500	0	40	336	139	32	25	38	0	0	0	0	0	0	0	0	0	0	0	0	55570845	
190	1	E	2	N	2500	0	1	266	91	20	15	21	0	0	0	0	0	0	0	0	0	0	0	0	55570845	
191	1	E	2	N	2500	0	40	352	146	34	26	41	0	0	0	0	0	0	0	0	0	0	0	0	55571095	
192	1	E	2	N	2500	0	40	299	117	26	21	32	0	0	0	0	0	0	0	0	0	0	0	0	55571235	
193	1	E	2	N	2500	0	40	231	124	28	22	33	0	0	0	0	0	0	0	0	0	0	0	0	55571531	
194	1	E	2	N	2500	0	40	238	154	37	28	40	0	0	0	0	0	0	0	0	0	0	0	0	55571563	
195	1	E	2	N	2500	0	40	334	132	32	22	34	0	0	0	0	0	0	0	0	0	0	0	0	55571687	
196	1	E	2	N	2500	0	40	201	115	25	20	30	0	0	0	0	0	0	0	0	0	0	0	0	55571765	
197	1	E	2	N	2500	0	40	216	136	30	25	34	0	0	0	0	0	0	0	0	0	0	0	0	55571797	
198	1	E	2	N	2500	0	40	224	135	30	25	33	0	0	0	0	0	0	0	0	0	0	0	0	55571906	
199	1	E	2	N	2500	0	40	355	136	29	23	35	0	0	0	0	0	0	0	0	0	0	0	0	55571999	
200	1	E	2	N	2500	0	40	357	147	36	25	38	0	0	0	0	0	0	0	0	0	0	0	0	55572062	
201	1	E	2	N	2500	0	40	376	160	33	26	39	0	0	0	0	0	0	0	0	0	0	0	0	55572187	
202	1	E	2	N	2500	0	40	356	136	30	24	39	0	0	0	0	0	0	0	0	0	0	0	0	55572233	
203	1	E	2	N	2500	0	40	361	158	37	29	40	0	0	0	0	0	0	0	0	0	0	0	0	55572249	
204	1	E	2	N	2500	0	40	201	124	25	21	31	0	0	0	0	0	0	0	0	0	0	0	0	55572265	
205	1	E	2	N	2500	0	1	81	52	14	11	15	0	0	0	0	0	0	0	0	0	0	0	0	55572265	
206	1	E	2	N	2500	0	1	212	74	15	13	22	0	0	0	0	0	0	0	0	0	0	0	0	55572265	
207	1	E	2	N	2500	0	40	203	139	36	26	33	0	0	0	0	0	0	0	0	0	0	0	0	55572421	
208	1	E	2	N	2500	0	40	209	107	24	19	28	0	0	0	0	0	0	0	0	0	0	0	0	55572514	
209	1	E	2	N	2500	0	1	51	28	7	6	13	0	0	0	0	0	0	0	0	0	0	0	0	55572951	
210	1	E	2	N	2500	0	40	297	143	32	27	36	0	0	0	0	0	0	0	0	0	0	0	0	55573606	
211	1	E	2	N	2500	0	40	360	164	41	26	39	0	0	0	0	0	0	0	0	0	0	0	0	55573653	
212	1	E	2	N	2500	0	40	248	143	39	28	39	0	0	0	0	0	0	0	0	0	0	0	0	55573981	
213	1	E	2	N	2500	0	40	326	118	26	20	27	0	0	0	0	0	0	0	0	0	0	0	0	55573981	
214	1	E	2	N	2500	0	40	354	155	39	27	34	0	0	0	0	0	0	0	0	0	0	0	0	55574152	
215	1	E	2	N	2500	0	40	320	127	27	20	29	0	0	0	0	0	0	0	0	0	0	0	0	55574371	
216	1	E	2	N	2500	0	1	157	114	28	25	33	0	0	0	0	0	0	0	0	0	0	0	0	55574495	
217	1	E	3	N	2500	6	40	209	145	40	27	39	0	0	0	0	0	0	0	0	0	0	0	0	55583029	
218	1	E	3	N	2500	2	1	81	40	12	13	23	0	0	0	0	0	0	0	0	0	0	0	0	55583341	
219	1	E	3	N	2500	2	1	245	86	13	11	19	0	0	0	0	0	0	0	0	0	0	0	0	55585556	
220	1	E	3	N	2500	6	40	228	104	22	16	22	0	0	0	0	0	0	0	0	0	0	0	0	55586008	
221	1	E	4	N	2500	2	1	128	31	1	1	5	0	0	0	0	0	0	0	0	0	0	0	0	55596959	
222	1	E	4	N	2500	2	1	140	47	20	2	5	0	0	0	0	0	0	0	0	0	0	0	0	55597225	
223	1	E	4	N	2500	8	40	276	92	19	16	26	0	0	0	0	0	0	0	0	0	0	0	0	55597427	
224	1	E	4	N	2500	2	1	123	49	16	1	4	0	0	0	0	0	0	0	0	0	0	0	0	55597443	
225	1	E	4	N	2500	2	1	160	114	28	25	35	0	0	0	0	0	0	0	0	0	0	0	0	55597755	
226	1	E	4	N	2500	2	1	116	29	5	5	8	0	0	0	0	0	0	0	0	0	0	0	0	55598114	
227	1	E	4	N	2500	2	1	201	88	22	20	27	0	0	0	0	0	0	0	0	0	0	0	0	55598114	
228	1	E	4	N	2500	6	40	241	118	28	21	30	0	0	0	0	0	0	0	0	0	0	0	0	55598207	
229	1	E	4	N	2500	2	1	152	98	28	24	29	0	0	0	0	0	0	0	0	0	0	0	0	55598613	
230	1	E	4	N	2500	6	40	232	140	32	26	36	0	0	0	0	0	0	0	0	0	0	0	0	55598831	
231	1	E	4	N	2500	2	1	198	59	12	10	15	0	0	0	0	0	0	0	0	0	0	0	0	55599502	
232	1	E	4	N	2500	2	1	83	45	9	9	16	0	0	0	0	0	0	0	0	0	0	0	0	55599549	
233	1	E	4	N	2500	6	40	246	142	34	30	38	0	0	0	0	0	0	0	0	0	0	0	0	55599596	
234	1	E	4	N	2500	0	1	68	14	2	2	6	0	0	0	0	0	0	0	0	0	0	0	0	55599955	
235	1	E	4	N	2500	0	40	214	106	29	23	32	0	0	0	0	0	0	0	0	0	0	0	0	55600111	
236	1	E	4	N	2500	0	40	218	158	35	28	39	0	0	0	0	0	0	0	0	0	0	0	0	55600251	
237	1	E	4	N	2500	0	1	224	94	27	19	27	0	0	0	0	0	0	0	0	0	0	0	0	55600345	
238	1	E	4	N	2500	0	1	180	77	12	11	15	0	0	0	0	0	0	0	0	0	0	0	0	55600423	
239	1	E	4	N	2500	0	40	333	116	24	18	28	0	0	0	0	0	0	0	0	0	0	0	0	55600516	
240	1	E	4	N	2500	0	40	464	179	41	32	45	0	0	0	0	0	0	0	0	0	0	0	0	55600657	
241	1	E	4	N	2500	0	40	322	111	23	19	27	0	0	0	0	0	0	0	0	0	0	0	0	55600703	
242	1	E	4	N	2500	0	40	293	84	16	15	24	0	0	0	0	0	0	0	0	0	0	0	0	55600797	
243	1	E	4	N	2500	0	40	305	91	18	16	25	0	0	0	0	0	0	0	0	0	0	0	0	55601015	
244	1	E	4	N	2500	0	1	212	98	24	17	26	0	0	0	0	0	0	0	0	0	0	0	0	55601125	
245	1	E	4	N	2500	0	40	373	142	31	24	34	0	0	0	0	0	0	0	0	0	0	0	0	55601530	
246	1	E	4	N	2500	0	40	401	144	35	27	34	0	0	0	0	0	0	0	0	0	0	0	0	55601717	
247	1	E	4	N	2500	0	40	216	139	36	29	44	0	0	0	0	0	0	0	0	0	0	0	0	55602466	
248	1	E	4	N	2500	0	1	76	28	2	2	4	0	0	0	0	0	0	0	0	0	0	0	0	55602466	
249	1	E	4	N	2500	0	1	208	59	11	9	14	0	0	0	0	0	0	0	0	0	0	0	0	55603043	
250	1	E	5	N	2500	2	1	53	24	6	6	11	0	0	0	0	0	0	0	0	0	0	0	0	55610391	
251	1	E	5	N	2500	2	1	135	50	9	9	20	0	0	0	0	0	0	0	0	0	0	0	0	55611483	
252	1	E	5	N	2500	6	40	359	179	40	31	46	0	0	0	0	0	0	0	0	0	0	0	0	55613558	
253	1	E	5	N	2500	6	40	243	145	31	26	37	0	0	0	0	0	0	0	0	0	0	0	0	55616038	
254	1	E	6	N	2500	6	40	334	127	27	21	30	0	0	0	0	0	0	0	0	0	0	0	0	55625461	
255	1	E	6	N	2500	6	40	301	114	25	22	27	0	0	0	0	0	0	0	0	0	0	0	0	55625788	
256	1	E	6	N	2500	6	40	344	125	33	23	33	0	0	0	0	0	0	0	0	0	0	0	0	55625882	
257	1	E	6	N	2500	0	40	307	127	30	22	31	0	0	0	0	0	0	0	0	0	0	0	0	55626116	
258	1	E	6	N	2500	0	40	188	122	26	21	30	0	0	0	0	0	0	0	0	0	0	0	0	55626147	
259	1	E	6	N	2500	0	1	202	105	29	24	32	0	0	0	0	0	0	0	0	0	0	0	0	55626599	
260	1	E	6	N	2500	0	1	204	104	23	18	26	0	0	0	0	0	0	0	0	0	0	0	0	55626880	
261	1	E	6	N	2500	0	40	399	142	34	25	34	0	0	0	0	0	0	0	0	0	0	0	0	55626911	
262	1	E	6	N	2500	0	40	311	128	26	21	24	0	0	0	0	0	0	0	0	0	0	0	0	55626958	
263	1	E	6	N	2500	0	40	279	151	34	24	35	0	0	0	0	0	0	0	0	0	0	0	0	55627099	
264	1	E	6	N	2500	0	40	251	160	37	27	37	0	0	0	0	0	0	0	0	0	0	0	0	55627255	
265	1	E	6	N	2500	0	40	327	128	33	26	34	0	0	0	0	0	0	0	0	0	0	0	0	55627442	
266	1	E	6	N	2500	0	40	292	147	35	30	37	0	0	0	0	0	0	0	0	0	0	0	0	55627457	
267	1	E	6	N	2500	0	1	52	14	6	4	8	0	0	0	0	0	0	0	0	0	0	0	0	55627520	
268	1	E	6	N	2500	0	40	395	137	32	27	41	0	0	0	0	0	0	0	0	0	0	0	0	55627645	
269	1	E	6	N	2500	0	40	394	159	35	26	33	0	0	0	0	0	0	0	0	0	0	0	0	55627645	
270	1	E	6	N	2500	0	40	313	164	42	33	45	0	0	0	0	0	0	0	0	0	0	0	0	55627754	
271	1	E	6	N	2500	0	40	301	110	24	18	30	0	0	0	0	0	0	0	0	0	0	0	0	55627863	
272	1	E	6	N	2500	0	1	199	92	22	16	22	0	0	0	0	0	0	0	0	0	0	0	0	55628035	
273	1	E	6	N	2500	0	40	191	121	24	19	28	0	0	0	0	0	0	0	0	0	0	0	0	55628097	
274	1	E	6	N	2500	0	40	481	179	38	29	41	0	0	0	0	0	0	0	0	0	0	0	0	55628222	
275	1	E	6	N	2500	0	40	226	139	32	26	36	0	0	0	0	0	0	0	0	0	0	0	0	55628237	
276	1	E	6	N	2500	0	40	320	115	25	18	27	0	0	0	0	0	0	0	0	0	0	0	0	55628565	
277	1	E	6	N	2500	0	1	365	87	15	11	20	0	0	0	0	0	0	0	0	0	0	0	0	55628737	
278	1	E	6	N	2500	0	40	374	142	30	22	31	0	0	0	0	0	0	0	0	0	0	0	0	55628799	
279	1	E	6	N	2500	0	1	196	97	22	17	23	0	0	0	0	0	0	0	0	0	0	0	0	55629127	
280	1	E	6	N	2500	0	40	235	143	35	25	38	0	0	0	0	0	0	0	0	0	0	0	0	55629205	
281	1	E	6	N	2500	0	40	294	119	26	19	26	0	0	0	0	0	0	0	0	0	0	0	0	55629298	
282	1	E	6	N	2500	0	40	425	164	40	27	33	0	0	0	0	0	0	0	0	0	0	0	0	55629407	
283	1	E	6	N	2500	0	40	326	153	34	26	40	0	0	0	0	0	0	0	0	0	0	0	0	55629563	
284	1	E	6	N	2500	0	40	355	128	32	24	32	0	0	0	0	0	0	0	0	0	0	0	0	55629704	
285	1	E	6	N	2500	0	40	243	156	33	27	41	0	0	0	0	0	0	0	0	0	0	0	0	55629735	
286	1	E	6	N	2500	0	40	387	152	34	26	31	0	0	0	0	0	0	0	0	0	0	0	0	55629751	
287	1	E	6	N	2500	0	1	192	106	19	17	20	0	0	0	0	0	0	0	0	0	0	0	0	55629938	
288	1	E	6	N	2500	0	40	228	148	32	25	32	0	0	0	0	0	0	0	0	0	0	0	0	55630000	
289	1	E	6	N	2500	0	40	390	187	39	29	39	0	0	0	0	0	0	0	0	0	0	0	0	55630219	
290	1	E	6	N	2500	0	1	117	49	11	9	13	0	0	0	0	0	0	0	0	0	0	0	0	55630234	
291	1	E	6	N	2500	0	1	185	55	10	9	15	0	0	0	0	0	0	0	0	0	0	0	0	55630234	
292	1	E	6	N	2500	0	1	142	53	8	6	12	0	0	0	0	0	0	0	0	0	0	0	0	55630281	
293	1	E	6	N	2500	0	40	465	176	36	30	46	0	0	0	0	0	0	0	0	0	0	0	0	55630359	
294	1	E	6	N	2500	0	1	90	34	7	6	9	0	0	0	0	0	0	0	0	0	0	0	0	55630609	
295	1	E	6	N	2500	0	1	175	80	15	13	19	0	0	0	0	0	0	0	0	0	0	0	0	55631170	
296	1	E	6	N	2500	0	40	310	93	19	13	23	0	0	0	0	0	0	0	0	0	0	0	0	55631311	
297	1	E	6	N	2500	0	40	453	172	43	30	47	0	0	0	0	0	0	0	0	0	0	0	0	55631716	
298	1	E	6	N	2500	0	40	234	126	30	25	37	0	0	0	0	0	0	0	0	0	0	0	0	55632153	
299	1	E	7	N	2500	2	1	171	61	58	3	5	0	0	0	0	0	0	0	0	0	0	0	0	55638861	
300	1	E	7	N	2500	2	1	67	26	3	4	11	0	0	0	0	0	0	0	0	0	0	0	0	55640234	
301	1	E	7	N	2500	6	40	380	143	34	23	31	0	0	0	0	0	0	0	0	0	0	0	0	55640655	
302	1	E	8	N	2500	2	1	139	83	29	22	33	0	0	0	0	0	0	0	0	0	0	0	0	55653634	
303	1	E	8	N	2500	2	1	270	86	14	13	19	0	0	0	0	0	0	0	0	0	0	0	0	55654305	
304	1	E	8	N	2500	6	40	367	160	40	29	40	0	0	0	0	0	0	0	0	0	0	0	0	55654851	
305	1	E	8	N	2500	6	40	300	168	40	31	46	0	0	0	0	0	0	0	0	0	0	0	0	55654929	
306	1	E	8	N	2500	6	40	394	222	50	42	62	0	0	0	0	0	0	0	0	0	0	0	0	55655023	
307	1	E	8	N	2500	0	40	196	161	39	33	42	0	0	0	0	0	0	0	0	0	0	0	0	55655475	
308	1	E	8	N	2500	0	1	438	126	29	24	38	0	0	0	0	0	0	0	0	0	0	0	0	55656005	
309	1	E	8	N	2500	0	40	251	158	35	29	38	0	0	0	0	0	0	0	0	0	0	0	0	55656177	
310	1	E	8	N	2500	0	40	453	185	47	33	47	0	0	0	0	0	0	0	0	0	0	0	0	55656271	
311	1	E	8	N	2500	0	40	396	185	37	29	44	0	0	0	0	0	0	0	0	0	0	0	0	55656910	
312	1	E	8	N	2500	0	40	246	136	29	25	38	0	0	0	0	0	0	0	0	0	0	0	0	55656973	
313	1	E	8	N	2500	0	40	361	150	39	31	39	0	0	0	0	0	0	0	0	0	0	0	0	55657113	
314	1	E	8	N	2500	0	40	417	156	31	27	39	0	0	0	0	0	0	0	0	0	0	0	0	55657175	
315	1	E	8	N	2500	0	40	410	159	33	26	39	0	0	0	0	0	0	0	0	0	0	0	0	55657363	
316	1	E	8	N	2500	0	40	376	206	56	42	61	0	0	0	0	0	0	0	0	0	0	0	0	55658314	
317	1	E	8	N	2500	0	40	351	200	49	35	49	0	0	0	0	0	0	0	0	0	0	0	0	55658891	
318	1	E	8	N	2500	0	1	63	26	4	5	11	0	0	0	0	0	0	0	0	0	0	0	0	55658985	
319	1	E	8	N	2500	0	40	273	140	29	24	32	0	0	0	0	0	0	0	0	0	0	0	0	55659110	
320	1	E	8	N	2500	0	40	277	194	48	36	54	0	0	0	0	0	0	0	0	0	0	0	0	55659250	
321	1	E	8	N	2500	0	1	157	52	10	9	15	0	0	0	0	0	0	0	0	0	0	0	0	55659266	
322	1	E	8	N	2500	0	40	426	169	39	28	42	0	0	0	0	0	0	0	0	0	0	0	0	55659500	
323	1	E	8	N	2500	0	40	436	171	35	28	42	0	0	0	0	0	0	0	0	0	0	0	0	55659515	
324	1	E	8	N	2500	0	40	458	187	42	35	50	0	0	0	0	0	0	0	0	0	0	0	0	55659531	
325	1	E	8	N	2500	0	40	421	176	41	34	50	0	0	0	0	0	0	0	0	0	0	0	0	55659874	
326	1	E	8	N	2500	0	40	475	210	45	34	59	0	0	0	0	0	0	0	0	0	0	0	0	55659874	
327	1	E	8	N	2500	0	40	413	168	41	31	45	0	0	0	0	0	0	0	0	0	0	0	0	55660046	
328	1	E	8	N	2500	0	40	231	121	21	19	31	0	0	0	0	0	0	0	0	0	0	0	0	55660576	
329	1	E	9	N	2500	6	40	241	145	34	29	42	0	0	0	0	0	0	0	0	0	0	0	0	55673649	
330	1	E	10	N	2500	6	40	326	133	34	28	43	0	0	0	0	0	0	0	0	0	0	0	0	55682260	
331	1	E	10	N	2500	6	40	354	178	38	29	47	0	0	0	0	0	0	0	0	0	0	0	0	55682479	
332	1	E	10	N	2500	6	40	525	210	44	32	47	0	0	0	0	0	0	0	0	0	0	0	0	55682494	
333	1	E	10	N	2500	0	40	425	164	43	30	48	0	0	0	0	0	0	0	0	0	0	0	0	55682838	
334	1	E	10	N	2500	0	40	253	150	33	29	43	0	0	0	0	0	0	0	0	0	0	0	0	55683368	
335	1	E	10	N	2500	0	40	269	174	38	31	44	0	0	0	0	0	0	0	0	0	0	0	0	55683696	
336	1	E	10	N	2500	0	40	445	178	40	30	48	0	0	0	0	0	0	0	0	0	0	0	0	55683883	
337	1	E	10	N	2500	0	40	366	172	37	29	48	0	0	0	0	0	0	0	0	0	0	0	0	55684132	
338	1	E	10	N	2500	0	1	174	45	8	5	9	0	0	0	0	0	0	0	0	0	0	0	0	55684257	
339	1	E	10	N	2500	0	40	402	136	28	24	36	0	0	0	0	0	0	0	0	0	0	0	0	55684257	
340	1	E	10	N	2500	0	40	408	170	36	30	44	0	0	0	0	0	0	0	0	0	0	0	0	55684320	
341	1	E	10	N	2500	0	40	396	160	36	28	45	0	0	0	0	0	0	0	0	0	0	0	0	55684366	
342	1	E	10	N	2500	0	40	378	137	28	23	34	0	0	0	0	0	0	0	0	0	0	0	0	55684366	
343	1	E	10	N	2500	0	40	394	139	30	25	38	0	0	0	0	0	0	0	0	0	0	0	0	55684663	
344	1	E	10	N	2500	0	40	198	132	27	22	38	0	0	0	0	0	0	0	0	0	0	0	0	55685006	
345	1	E	10	N	2500	0	40	473	155	30	27	35	0	0	0	0	0	0	0	0	0	0	0	0	55685068	
346	1	E	10	N	2500	0	40	298	109	26	21	37	0	0	0	0	0	0	0	0	0	0	0	0	55685349	
347	1	E	10	N	2500	0	40	331	178	52	40	55	0	0	0	0	0	0	0	0	0	0	0	0	55685396	
348	1	E	10	N	2500	0	40	414	155	32	26	47	0	0	0	0	0	0	0	0	0	0	0	0	55685599	
349	1	E	10	N	2500	0	40	422	164	37	31	50	0	0	0	0	0	0	0	0	0	0	0	0	55685724	
350	1	E	10	N	2500	0	40	382	131	28	24	37	0	0	0	0	0	0	0	0	0	0	0	0	55685724	
351	1	E	10	N	2500	0	40	252	152	36	27	38	0	0	0	0	0	0	0	0	0	0	0	0	55685786	
352	1	E	10	N	2500	0	40	305	135	33	26	41	0	0	0	0	0	0	0	0	0	0	0	0	55686004	
353	1	E	10	N	2500	0	40	341	168	38	30	44	0	0	0	0	0	0	0	0	0	0	0	0	55686238	
354	1	E	10	N	2500	0	40	406	155	32	25	38	0	0	0	0	0	0	0	0	0	0	0	0	55686316	
355	1	E	10	N	2500	0	40	346	118	24	17	26	0	0	0	0	0	0	0	0	0	0	0	0	55686597	
356	1	E	10	N	2500	0	40	233	158	36	26	39	0	0	0	0	0	0	0	0	0	0	0	0	55686644	
357	1	E	10	N	2500	0	40	339	152	34	30	44	0	0	0	0	0	0	0	0	0	0	0	0	55686675	
358	1	E	10	N	2500	0	40	355	168	31	27	41	0	0	0	0	0	0	0	0	0	0	0	0	55686706	
359	1	E	10	N	2500	0	40	353	144	28	23	40	0	0	0	0	0	0	0	0	0	0	0	0	55686753	
360	1	E	10	N	2500	0	40	418	136	25	22	32	0	0	0	0	0	0	0	0	0	0	0	0	55686862	
361	1	E	10	N	2500	0	1	552	217	49	40	58	0	0	0	0	0	0	0	0	0	0	0	0	55687050	
362	1	E	10	N	2500	0	40	392	128	25	21	37	0	0	0	0	0	0	0	0	0	0	0	0	55687128	
363	1	E	10	N	2500	0	1	133	29	6	8	16	0	0	0	0	0	0	0	0	0	0	0	0	55687143	
364	1	E	10	N	2500	0	1	163	60	11	10	16	0	0	0	0	0	0	0	0	0	0	0	0	55687159	
365	1	E	10	N	2500	0	40	348	176	36	33	47	0	0	0	0	0	0	0	0	0	0	0	0	55687159	
366	1	E	10	N	2500	0	40	252	156	33	25	37	0	0	0	0	0	0	0	0	0	0	0	0	55687190	
367	1	E	10	N	2500	0	40	486	173	38	28	46	0	0	0	0	0	0	0	0	0	0	0	0	55687268	
368	1	E	10	N	2500	0	40	421	162	33	27	42	0	0	0	0	0	0	0	0	0	0	0	0	55687284	
369	1	E	10	N	2500	0	40	359	175	37	33	50	0	0	0	0	0	0	0	0	0	0	0	0	55687346	
370	1	E	10	N	2500	0	40	246	123	32	26	39	0	0	0	0	0	0	0	0	0	0	0	0	55687377	
371	1	E	10	N	2500	0	1	53	24	5	5	11	0	0	0	0	0	0	0	0	0	0	0	0	55687408	
372	1	E	10	N	2500	0	40	402	151	31	27	45	0	0	0	0	0	0	0	0	0	0	0	0	55687564	
373	1	E	10	N	2500	0	40	268	173	36	29	46	0	0	0	0	0	0	0	0	0	0	0	0	55688032	
374	1	E	10	N	2500	0	40	467	193	40	33	51	0	0	0	0	0	0	0	0	0	0	0	0	55688266	
375	1	E	10	N	2500	0	40	496	208	46	36	49	0	0	0	0	0	0	0	0	0	0	0	0	55688282	
376	1	E	10	N	2500	0	40	388	126	27	21	37	0	0	0	0	0	0	0	0	0	0	0	0	55688500	
377	1	E	10	N	2500	0	40	378	214	49	37	60	0	0	0	0	0	0	0	0	0	0	0	0	55689000	
378	1	E	11	N	2500	6	40	424	145	28	22	35	0	0	0	0	0	0	0	0	0	0	0	0	55698235	
379	1	E	11	N	2500	6	40	296	170	37	31	46	0	0	0	0	0	0	0	0	0	0	0	0	55700232	
380	1	E	12	N	2500	6	40	196	115	21	18	25	0	0	0	0	0	0	0	0	0	0	0	0	55711120	
381	1	E	12	N	2500	2	1	203	89	17	15	21	0	0	0	0	0	0	0	0	0	0	0	0	55711152	
382	1	E	12	N	2500	6	40	324	114	24	19	25	0	0	0	0	0	0	0	0	0	0	0	0	55711276	
383	1	E	12	N	2500	6	40	255	135	31	23	35	0	0	0	0	0	0	0	0	0	0	0	0	55711495	
384	1	E	12	N	2500	0	40	222	136	34	25	35	0	0	0	0	0	0	0	0	0	0	0	0	55711620	
385	1	E	12	N	2500	0	1	155	63	11	11	20	0	0	0	0	0	0	0	0	0	0	0	0	55711651	
386	1	E	12	N	2500	0	40	308	153	38	27	41	0	0	0	0	0	0	0	0	0	0	0	0	55712571	
387	1	E	12	N	2500	0	40	261	123	24	21	34	0	0	0	0	0	0	0	0	0	0	0	0	55712790	
388	1	E	12	N	2500	0	1	242	95	18	16	23	0	0	0	0	0	0	0	0	0	0	0	0	55713242	
389	1	E	12	N	2500	0	40	293	164	40	28	38	0	0	0	0	0	0	0	0	0	0	0	0	55713367	
390	1	E	12	N	2500	0	1	242	71	11	10	14	0	0	0	0	0	0	0	0	0	0	0	0	55713445	
391	1	E	12	N	2500	0	1	77	29	17	22	40	0	0	0	0	0	0	0	0	0	0	0	0	55713476	
392	1	E	12	N	2500	0	40	338	147	30	24	38	0	0	0	0	0	0	0	0	0	0	0	0	55713570	
393	1	E	12	N	2500	0	40	347	135	27	24	35	0	0	0	0	0	0	0	0	0	0	0	0	55713804	
394	1	E	12	N	2500	0	1	204	97	28	22	33	0	0	0	0	0	0	0	0	0	0	0	0	55713944	
395	1	E	12	N	2500	0	40	393	137	31	23	36	0	0	0	0	0	0	0	0	0	0	0	0	55714038	
396	1	E	12	N	2500	0	1	57	30	8	7	13	0	0	0	0	0	0	0	0	0	0	0	0	55714100	
397	1	E	12	N	2500	0	1	66	39	9	8	15	0	0	0	0	0	0	0	0	0	0	0	0	55714100	
398	1	E	12	N	2500	0	1	159	104	30	20	29	0	0	0	0	0	0	0	0	0	0	0	0	55714162	
399	1	E	12	N	2500	0	40	366	141	33	24	36	0	0	0	0	0	0	0	0	0	0	0	0	55714194	
400	1	E	12	N	2500	0	1	272	79	13	10	16	0	0	0	0	0	0	0	0	0	0	0	0	55714209	
401	1	E	12	N	2500	0	40	346	171	38	29	42	0	0	0	0	0	0	0	0	0	0	0	0	55714225	
402	1	E	12	N	2500	0	40	249	149	35	27	38	0	0	0	0	0	0	0	0	0	0	0	0	55714240	
403	1	E	12	N	2500	0	40	350	103	22	14	23	0	0	0	0	0	0	0	0	0	0	0	0	55714318	
404	1	E	12	N	2500	0	1	209	99	18	14	23	0	0	0	0	0	0	0	0	0	0	0	0	55714381	
405	1	E	12	N	2500	0	40	354	141	34	27	38	0	0	0	0	0	0	0	0	0	0	0	0	55714412	
406	1	E	12	N	2500	0	40	340	109	20	16	26	0	0	0	0	0	0	0	0	0	0	0	0	55714521	
407	1	E	12	N	2500	0	40	427	152	37	27	41	0	0	0	0	0	0	0	0	0	0	0	0	55714786	
408	1	E	12	N	2500	0	40	419	145	33	23	30	0	0	0	0	0	0	0	0	0	0	0	0	55714802	
409	1	E	12	N	2500	0	40	171	119	24	21	28	0	0	0	0	0	0	0	0	0	0	0	0	55715130	
410	1	E	12	N	2500	0	1	63	27	4	3	7	0	0	0	0	0	0	0	0	0	0	0	0	55715676	
411	1	E	12	N	2500	0	1	140	56	10	7	10	0	0	0	0	0	0	0	0	0	0	0	0	55715691	
412	1	E	12	N	2500	0	1	149	69	12	11	16	0	0	0	0	0	0	0	0	0	0	0	0	55716799	
413	1	E	12	N	2500	0	40	406	159	35	26	41	0	0	0	0	0	0	0	0	0	0	0	0	55717126	
414	1	E	12	N	2500	0	40	208	125	32	28	37	0	0	0	0	0	0	0	0	0	0	0	0	55717360	
415	1	E	12	N	2500	0	40	393	143	27	20	30	0	0	0	0	0	0	0	0	0	0	0	0	55718062	
416	1	F	1	N	2500	2	1	59	21	5	7	18	0	0	0	0	0	0	0	0	0	0	0	0	55727625	
417	1	F	1	N	2500	6	40	293	162	37	29	46	0	0	0	0	0	0	0	0	0	0	0	0	55731369	
418	1	F	2	N	2500	2	1	87	45	8	9	13	0	0	0	0	0	0	0	0	0	0	0	0	55741182	
419	1	F	2	N	2500	33	1	91	18	2	2	4	0	0	0	0	0	0	0	0	0	0	0	0	55741182	
420	1	F	2	N	2500	6	40	352	124	28	21	34	0	0	0	0	0	0	0	0	0	0	0	0	55741400	
421	1	F	2	N	2500	6	40	288	119	26	22	30	0	0	0	0	0	0	0	0	0	0	0	0	55742554	
422	1	F	2	N	2500	6	40	334	108	20	17	27	0	0	0	0	0	0	0	0	0	0	0	0	55742710	
423	1	F	2	N	2500	0	40	235	149	35	29	40	0	0	0	0	0	0	0	0	0	0	0	0	55742726	
424	1	F	2	N	2500	0	1	180	96	19	17	30	0	0	0	0	0	0	0	0	0	0	0	0	55742913	
425	1	F	2	N	2500	0	40	298	157	37	28	46	0	0	0	0	0	0	0	0	0	0	0	0	55743912	
426	1	F	2	N	2500	0	40	280	165	43	36	50	0	0	0	0	0	0	0	0	0	0	0	0	55743927	
427	1	F	2	N	2500	0	40	447	183	41	31	46	0	0	0	0	0	0	0	0	0	0	0	0	55744036	
428	1	F	2	N	2500	0	40	439	187	44	38	55	0	0	0	0	0	0	0	0	0	0	0	0	55744208	
429	1	F	2	N	2500	0	40	419	182	45	36	54	0	0	0	0	0	0	0	0	0	0	0	0	55744520	
430	1	F	2	N	2500	0	40	268	138	43	38	52	0	0	0	0	0	0	0	0	0	0	0	0	55745144	
431	1	F	2	N	2500	0	40	262	172	40	34	49	0	0	0	0	0	0	0	0	0	0	0	0	55745394	
432	1	F	2	N	2500	0	1	105	40	5	5	8	0	0	0	0	0	0	0	0	0	0	0	0	55745690	
433	1	F	2	N	2500	0	40	424	175	42	32	44	0	0	0	0	0	0	0	0	0	0	0	0	55745862	
434	1	F	2	N	2500	0	40	251	163	53	37	48	0	0	0	0	0	0	0	0	0	0	0	0	55745971	
435	1	F	2	N	2500	0	1	90	18	5	6	12	0	0	0	0	0	0	0	0	0	0	0	0	55746174	
436	1	F	2	N	2500	0	40	315	162	38	30	45	0	0	0	0	0	0	0	0	0	0	0	0	55746252	
437	1	F	2	N	2500	0	40	435	192	40	31	43	0	0	0	0	0	0	0	0	0	0	0	0	55746252	
438	1	F	2	N	2500	0	40	362	107	24	22	36	0	0	0	0	0	0	0	0	0	0	0	0	55746345	
439	1	F	2	N	2500	0	40	409	177	43	32	51	0	0	0	0	0	0	0	0	0	0	0	0	55746361	
440	1	F	2	N	2500	0	40	412	187	47	37	58	0	0	0	0	0	0	0	0	0	0	0	0	55746595	
441	1	F	2	N	2500	0	40	406	150	38	28	41	0	0	0	0	0	0	0	0	0	0	0	0	55746688	
442	1	F	2	N	2500	0	40	299	111	26	21	34	0	0	0	0	0	0	0	0	0	0	0	0	55747016	
443	1	F	2	N	2500	0	1	76	26	7	2	6	0	0	0	0	0	0	0	0	0	0	0	0	55747983	
444	1	F	3	N	2500	2	1	120	46	8	6	8	0	0	0	0	0	0	0	0	0	0	0	0	55755674	
445	1	F	3	N	2500	6	40	486	188	42	29	41	0	0	0	0	0	0	0	0	0	0	0	0	55755861	
446	1	F	4	N	2500	6	40	416	166	34	30	49	0	0	0	0	0	0	0	0	0	0	0	0	55769995	
447	1	F	4	N	2500	6	40	275	161	39	34	51	0	0	0	0	0	0	0	0	0	0	0	0	55770307	
448	1	F	4	N	2500	6	40	374	105	22	16	30	0	0	0	0	0	0	0	0	0	0	0	0	55770369	
449	1	F	4	N	2500	0	1	541	175	32	27	46	0	0	0	0	0	0	0	0	0	0	0	0	55770400	
450	1	F	4	N	2500	0	40	463	177	38	33	51	0	0	0	0	0	0	0	0	0	0	0	0	55770868	
451	1	F	4	N	2500	0	40	436	173	39	32	50	0	0	0	0	0	0	0	0	0	0	0	0	55771368	
452	1	F	4	N	2500	0	1	56	11	1	2	3	0	0	0	0	0	0	0	0	0	0	0	0	55771383	
453	1	F	4	N	2500	0	40	444	185	44	40	59	0	0	0	0	0	0	0	0	0	0	0	0	55771383	
454	1	F	4	N	2500	0	40	379	134	29	22	39	0	0	0	0	0	0	0	0	0	0	0	0	55771446	
455	1	F	4	N	2500	0	40	381	136	33	24	42	0	0	0	0	0	0	0	0	0	0	0	0	55771617	
456	1	F	4	N	2500	0	40	335	103	20	17	26	0	0	0	0	0	0	0	0	0	0	0	0	55771789	
457	1	F	4	N	2500	0	40	323	175	39	36	52	0	0	0	0	0	0	0	0	0	0	0	0	55771789	
458	1	F	4	N	2500	0	40	294	106	17	16	27	0	0	0	0	0	0	0	0	0	0	0	0	55771851	
459	1	F	4	N	2500	0	40	400	167	36	29	47	0	0	0	0	0	0	0	0	0	0	0	0	55772038	
460	1	F	4	N	2500	0	40	471	180	42	30	49	0	0	0	0	0	0	0	0	0	0	0	0	55772272	
461	1	F	4	N	2500	0	40	293	171	44	34	57	0	0	0	0	0	0	0	0	0	0	0	0	55772272	
462	1	F	4	N	2500	0	1	482	157	36	28	41	0	0	0	0	0	0	0	0	0	0	0	0	55772382	
463	1	F	4	N	2500	0	40	286	180	43	38	60	0	0	0	0	0	0	0	0	0	0	0	0	55772740	
464	1	F	4	N	2500	0	40	395	189	45	34	47	0	0	0	0	0	0	0	0	0	0	0	0	55772974	
465	1	F	4	N	2500	0	40	201	174	42	37	53	0	0	0	0	0	0	0	0	0	0	0	0	55773208	
466	1	F	4	N	2500	0	40	520	203	51	39	60	0	0	0	0	0	0	0	0	0	0	0	0	55773318	
467	1	F	4	N	2500	0	1	73	13	1	1	4	0	0	0	0	0	0	0	0	0	0	0	0	55773396	
468	1	F	4	N	2500	0	40	272	156	36	28	42	0	0	0	0	0	0	0	0	0	0	0	0	55773474	
469	1	F	4	N	2500	0	40	282	120	24	18	29	0	0	0	0	0	0	0	0	0	0	0	0	55773536	
470	1	F	4	N	2500	0	40	247	169	45	36	51	0	0	0	0	0	0	0	0	0	0	0	0	55773630	
471	1	F	4	N	2500	0	40	268	142	33	27	42	0	0	0	0	0	0	0	0	0	0	0	0	55773692	
472	1	F	4	N	2500	0	40	457	185	44	35	50	0	0	0	0	0	0	0	0	0	0	0	0	55773832	
473	1	F	4	N	2500	0	40	322	167	33	30	49	0	0	0	0	0	0	0	0	0	0	0	0	55774004	
474	1	F	4	N	2500	0	1	143	91	18	19	33	0	0	0	0	0	0	0	0	0	0	0	0	55774035	
475	1	F	4	N	2500	0	40	379	189	44	39	52	0	0	0	0	0	0	0	0	0	0	0	0	55774176	
476	1	F	4	N	2500	0	40	540	214	45	36	56	0	0	0	0	0	0	0	0	0	0	0	0	55774207	
477	1	F	4	N	2500	0	40	413	176	36	27	40	0	0	0	0	0	0	0	0	0	0	0	0	55774238	
478	1	F	4	N	2500	0	40	401	129	31	23	33	0	0	0	0	0	0	0	0	0	0	0	0	55774425	
479	1	F	4	N	2500	0	40	483	198	49	36	52	0	0	0	0	0	0	0	0	0	0	0	0	55774566	
480	1	F	4	N	2500	0	40	444	175	40	35	60	0	0	0	0	0	0	0	0	0	0	0	0	55774581	
481	1	F	4	N	2500	0	40	274	169	42	32	48	0	0	0	0	0	0	0	0	0	0	0	0	55774612	
482	1	F	4	N	2500	0	40	556	203	45	34	51	0	0	0	0	0	0	0	0	0	0	0	0	55774737	
483	1	F	4	N	2500	0	40	462	189	40	32	51	0	0	0	0	0	0	0	0	0	0	0	0	55774768	
484	1	F	4	N	2500	0	40	377	157	45	37	58	0	0	0	0	0	0	0	0	0	0	0	0	55774768	
485	1	F	4	N	2500	0	40	449	175	41	29	55	0	0	0	0	0	0	0	0	0	0	0	0	55775158	
486	1	F	4	N	2500	0	40	411	182	47	35	53	0	0	0	0	0	0	0	0	0	0	0	0	55775252	
487	1	F	4	N	2500	0	40	449	201	52	41	58	0	0	0	0	0	0	0	0	0	0	0	0	55775330	
488	1	F	4	N	2500	0	40	336	136	35	25	43	0	0	0	0	0	0	0	0	0	0	0	0	55775377	
489	1	F	4	N	2500	0	1	226	90	19	17	26	0	0	0	0	0	0	0	0	0	0	0	0	55775392	
490	1	F	4	N	2500	0	40	364	160	35	30	44	0	0	0	0	0	0	0	0	0	0	0	0	55775470	
491	1	F	4	N	2500	0	1	583	266	57	43	60	0	0	0	0	0	0	0	0	0	0	0	0	55776157	
492	1	F	4	N	2500	0	40	291	145	41	32	43	0	0	0	0	0	0	0	0	0	0	0	0	55776422	
493	1	F	4	N	2500	0	40	256	160	41	33	47	0	0	0	0	0	0	0	0	0	0	0	0	55776765	
494	1	F	4	N	2500	0	40	307	188	55	41	60	0	0	0	0	0	0	0	0	0	0	0	0	55776952	
495	1	F	5	N	2500	2	1	74	15	1	1	3	0	0	0	0	0	0	0	0	0	0	0	0	55787779	
496	1	F	5	N	2500	2	1	70	29	4	4	10	0	0	0	0	0	0	0	0	0	0	0	0	55789510	
497	1	F	5	N	2500	2	1	181	48	7	6	11	0	0	0	0	0	0	0	0	0	0	0	0	55789682	
498	1	F	5	N	2500	2	1	66	14	2	3	7	0	0	0	0	0	0	0	0	0	0	0	0	55789932	
499	1	F	5	N	2500	6	40	466	181	35	27	44	0	0	0	0	0	0	0	0	0	0	0	0	55791226	
500	1	F	6	N	2500	6	40	264	172	40	33	46	0	0	0	0	0	0	0	0	0	0	0	0	55799073	
501	1	F	6	N	2500	6	40	441	159	36	25	34	0	0	0	0	0	0	0	0	0	0	0	0	55799105	
502	1	F	6	N	2500	6	40	257	147	45	27	37	0	0	0	0	0	0	0	0	0	0	0	0	55799151	
503	1	F	6	N	2500	0	40	433	215	47	35	56	0	0	0	0	0	0	0	0	0	0	0	0	55799214	
504	1	F	6	N	2500	0	40	434	173	34	27	38	0	0	0	0	0	0	0	0	0	0	0	0	55799526	
505	1	F	6	N	2500	0	40	464	182	40	29	42	0	0	0	0	0	0	0	0	0	0	0	0	55799885	
506	1	F	6	N	2500	0	40	501	211	45	31	46	0	0	0	0	0	0	0	0	0	0	0	0	55799947	
507	1	F	6	N	2500	0	40	289	132	33	24	33	0	0	0	0	0	0	0	0	0	0	0	0	55800181	
508	1	F	6	N	2500	0	40	276	181	39	29	41	0	0	0	0	0	0	0	0	0	0	0	0	55800181	
509	1	F	6	N	2500	0	40	498	212	47	40	62	0	0	0	0	0	0	0	0	0	0	0	0	55800197	
510	1	F	6	N	2500	0	40	434	172	43	30	43	0	0	0	0	0	0	0	0	0	0	0	0	55800197	
511	1	F	6	N	2500	0	40	409	154	34	28	40	0	0	0	0	0	0	0	0	0	0	0	0	55800228	
512	1	F	6	N	2500	0	40	397	176	47	38	49	0	0	0	0	0	0	0	0	0	0	0	0	55800228	
513	1	F	6	N	2500	0	40	400	135	25	21	28	0	0	0	0	0	0	0	0	0	0	0	0	55800321	
514	1	F	6	N	2500	0	40	467	167	37	26	40	0	0	0	0	0	0	0	0	0	0	0	0	55800337	
515	1	F	6	N	2500	0	1	101	21	5	5	8	0	0	0	0	0	0	0	0	0	0	0	0	55800540	
516	1	F	6	N	2500	0	40	400	135	29	19	29	0	0	0	0	0	0	0	0	0	0	0	0	55800805	
517	1	F	6	N	2500	0	40	432	187	48	40	54	0	0	0	0	0	0	0	0	0	0	0	0	55800867	
518	1	F	6	N	2500	0	40	232	122	22	18	24	0	0	0	0	0	0	0	0	0	0	0	0	55800899	
519	1	F	6	N	2500	0	40	485	179	35	26	36	0	0	0	0	0	0	0	0	0	0	0	0	55801070	
520	1	F	6	N	2500	0	1	143	35	7	5	12	0	0	0	0	0	0	0	0	0	0	0	0	55801070	
521	1	F	6	N	2500	0	40	298	114	26	19	29	0	0	0	0	0	0	0	0	0	0	0	0	55801070	
522	1	F	6	N	2500	0	1	56	9	1	0	2	0	0	0	0	0	0	0	0	0	0	0	0	55801133	
523	1	F	6	N	2500	0	40	502	208	45	35	48	0	0	0	0	0	0	0	0	0	0	0	0	55801335	
524	1	F	6	N	2500	0	40	295	165	36	28	40	0	0	0	0	0	0	0	0	0	0	0	0	55801413	
525	1	F	6	N	2500	0	40	263	172	40	33	43	0	0	0	0	0	0	0	0	0	0	0	0	55801881	
526	1	F	6	N	2500	0	40	295	153	32	25	34	0	0	0	0	0	0	0	0	0	0	0	0	55801897	
527	1	F	6	N	2500	0	40	268	139	31	22	30	0	0	0	0	0	0	0	0	0	0	0	0	55801928	
528	1	F	6	N	2500	0	40	320	156	37	25	36	0	0	0	0	0	0	0	0	0	0	0	0	55801975	
529	1	F	6	N	2500	0	40	262	154	33	26	37	0	0	0	0	0	0	0	0	0	0	0	0	55802022	
530	1	F	6	N	2500	0	40	438	188	42	31	47	0	0	0	0	0	0	0	0	0	0	0	0	55802069	
531	1	F	6	N	2500	0	40	413	163	33	25	39	0	0	0	0	0	0	0	0	0	0	0	0	55802100	
532	1	F	6	N	2500	0	40	499	183	39	31	43	0	0	0	0	0	0	0	0	0	0	0	0	55802162	
533	1	F	6	N	2500	0	40	319	159	39	32	46	0	0	0	0	0	0	0	0	0	0	0	0	55802256	
534	1	F	6	N	2500	0	1	217	92	17	13	16	0	0	0	0	0	0	0	0	0	0	0	0	55802396	
535	1	F	6	N	2500	0	40	267	173	47	32	46	0	0	0	0	0	0	0	0	0	0	0	0	55802521	
536	1	F	6	N	2500	0	40	436	155	32	25	34	0	0	0	0	0	0	0	0	0	0	0	0	55802552	
537	1	F	6	N	2500	0	40	424	181	37	29	39	0	0	0	0	0	0	0	0	0	0	0	0	55802583	
538	1	F	6	N	2500	0	40	292	184	43	32	43	0	0	0	0	0	0	0	0	0	0	0	0	55802739	
539	1	F	6	N	2500	0	40	299	172	37	28	36	0	0	0	0	0	0	0	0	0	0	0	0	55803067	
540	1	F	6	N	2500	0	40	400	150	28	23	32	0	0	0	0	0	0	0	0	0	0	0	0	55803114	
541	1	F	6	N	2500	0	1	108	24	3	2	3	0	0	0	0	0	0	0	0	0	0	0	0	55803192	
542	1	F	6	N	2500	0	40	388	158	38	32	48	0	0	0	0	0	0	0	0	0	0	0	0	55803192	
543	1	F	6	N	2500	0	40	241	136	26	21	28	0	0	0	0	0	0	0	0	0	0	0	0	55803535	
544	1	F	6	N	2500	0	40	276	189	46	32	43	0	0	0	0	0	0	0	0	0	0	0	0	55803551	
545	1	F	6	N	2500	0	40	331	158	31	25	35	0	0	0	0	0	0	0	0	0	0	0	0	55803675	
546	1	F	6	N	2500	0	40	478	174	37	28	48	0	0	0	0	0	0	0	0	0	0	0	0	55803707	
547	1	F	6	N	2500	0	40	307	154	37	28	39	0	0	0	0	0	0	0	0	0	0	0	0	55803738	
548	1	F	6	N	2500	0	40	404	165	42	29	43	0	0	0	0	0	0	0	0	0	0	0	0	55803738	
549	1	F	6	N	2500	0	40	358	233	52	38	54	0	0	0	0	0	0	0	0	0	0	0	0	55803925	
550	1	F	6	N	2500	0	40	418	177	41	30	40	0	0	0	0	0	0	0	0	0	0	0	0	55803956	
551	1	F	6	N	2500	0	40	356	199	43	31	42	0	0	0	0	0	0	0	0	0	0	0	0	55804190	
552	1	F	6	N	2500	0	40	432	154	34	24	34	0	0	0	0	0	0	0	0	0	0	0	0	55804237	
553	1	F	6	N	2500	0	40	318	191	39	32	43	0	0	0	0	0	0	0	0	0	0	0	0	55804237	
554	1	F	6	N	2500	0	40	422	190	43	32	43	0	0	0	0	0	0	0	0	0	0	0	0	55804596	
555	1	F	6	N	2500	0	40	283	165	50	40	53	0	0	0	0	0	0	0	0	0	0	0	0	55804643	
556	1	F	6	N	2500	0	40	364	182	47	38	56	0	0	0	0	0	0	0	0	0	0	0	0	55804705	
557	1	F	6	N	2500	0	40	476	191	50	38	49	0	0	0	0	0	0	0	0	0	0	0	0	55804736	
558	1	F	6	N	2500	0	40	526	218	44	34	55	0	0	0	0	0	0	0	0	0	0	0	0	55805048	
559	1	F	6	N	2500	0	1	62	11	3	5	10	0	0	0	0	0	0	0	0	0	0	0	0	55805235	
560	1	F	7	N	2500	6	40	419	160	34	25	33	0	0	0	0	0	0	0	0	0	0	0	0	55817825	
561	1	F	8	N	2500	6	40	434	160	28	22	33	0	0	0	0	0	0	0	0	0	0	0	0	55827684	
562	1	F	8	N	2500	2	1	57	16	3	4	7	0	0	0	0	0	0	0	0	0	0	0	0	55827840	
563	1	F	8	N	2500	6	40	415	166	41	30	45	0	0	0	0	0	0	0	0	0	0	0	0	55827855	
564	1	F	8	N	2500	6	40	351	106	16	15	26	0	0	0	0	0	0	0	0	0	0	0	0	55828074	
565	1	F	8	N	2500	0	1	484	142	27	21	29	0	0	0	0	0	0	0	0	0	0	0	0	55828370	
566	1	F	8	N	2500	0	40	450	201	47	37	54	0	0	0	0	0	0	0	0	0	0	0	0	55828698	
567	1	F	8	N	2500	0	1	51	17	3	3	6	0	0	0	0	0	0	0	0	0	0	0	0	55828947	
568	1	F	8	N	2500	0	40	278	143	31	24	35	0	0	0	0	0	0	0	0	0	0	0	0	55829478	
569	1	F	8	N	2500	0	40	435	148	29	24	34	0	0	0	0	0	0	0	0	0	0	0	0	55829556	
570	1	F	8	N	2500	0	1	253	70	12	10	17	0	0	0	0	0	0	0	0	0	0	0	0	55829727	
571	1	F	8	N	2500	0	1	84	17	3	5	9	0	0	0	0	0	0	0	0	0	0	0	0	55829899	
572	1	F	8	N	2500	0	1	113	22	4	5	11	0	0	0	0	0	0	0	0	0	0	0	0	55829915	
573	1	F	8	N	2500	0	1	93	19	4	5	9	0	0	0	0	0	0	0	0	0	0	0	0	55830429	
574	1	F	8	N	2500	0	40	361	118	24	19	30	0	0	0	0	0	0	0	0	0	0	0	0	55830523	
575	1	F	8	N	2500	0	40	307	86	16	14	23	0	0	0	0	0	0	0	0	0	0	0	0	55830585	
576	1	F	8	N	2500	0	1	112	28	6	7	14	0	0	0	0	0	0	0	0	0	0	0	0	55830741	
577	1	F	8	N	2500	0	1	54	10	3	3	6	0	0	0	0	0	0	0	0	0	0	0	0	55830913	
578	1	F	8	N	2500	0	1	100	25	6	7	15	0	0	0	0	0	0	0	0	0	0	0	0	55831007	
579	1	F	8	N	2500	0	40	281	148	39	35	50	0	0	0	0	0	0	0	0	0	0	0	0	55831022	
580	1	F	8	N	2500	0	1	89	19	6	7	14	0	0	0	0	0	0	0	0	0	0	0	0	55831069	
581	1	F	8	N	2500	0	40	440	148	34	26	37	0	0	0	0	0	0	0	0	0	0	0	0	55831256	
582	1	F	8	N	2500	0	1	67	35	6	7	14	0	0	0	0	0	0	0	0	0	0	0	0	55831256	
583	1	F	8	N	2500	0	1	59	15	2	4	7	0	0	0	0	0	0	0	0	0	0	0	0	55831350	
584	1	F	8	N	2500	0	40	298	84	19	18	26	0	0	0	0	0	0	0	0	0	0	0	0	55831365	
585	1	F	8	N	2500	0	1	75	17	5	7	14	0	0	0	0	0	0	0	0	0	0	0	0	55831521	
586	1	F	8	N	2500	0	1	69	15	3	4	10	0	0	0	0	0	0	0	0	0	0	0	0	55831584	
587	1	F	8	N	2500	0	1	64	15	3	4	6	0	0	0	0	0	0	0	0	0	0	0	0	55831693	
588	1	F	8	N	2500	0	1	76	20	5	6	10	0	0	0	0	0	0	0	0	0	0	0	0	55831802	
589	1	F	8	N	2500	0	40	268	164	38	28	36	0	0	0	0	0	0	0	0	0	0	0	0	55832364	
590	1	F	8	N	2500	0	1	150	29	9	8	12	0	0	0	0	0	0	0	0	0	0	0	0	55832395	
591	1	F	8	N	2500	0	1	59	19	3	3	5	0	0	0	0	0	0	0	0	0	0	0	0	55832473	
592	1	F	8	N	2500	0	1	52	20	4	6	10	0	0	0	0	0	0	0	0	0	0	0	0	55832551	
593	1	F	8	N	2500	0	1	300	76	13	13	23	0	0	0	0	0	0	0	0	0	0	0	0	55833269	
594	1	F	8	N	2500	0	1	115	130	45	38	72	0	0	0	0	0	0	0	0	0	0	0	0	55833315	
595	1	F	8	N	2500	0	1	479	142	26	22	33	0	0	0	0	0	0	0	0	0	0	0	0	55833425	
596	1	F	8	N	2500	0	1	91	19	3	4	8	0	0	0	0	0	0	0	0	0	0	0	0	55833503	
597	1	F	8	N	2500	0	1	95	18	3	4	9	0	0	0	0	0	0	0	0	0	0	0	0	55834158	
598	1	F	8	N	2500	0	1	96	17	4	5	8	0	0	0	0	0	0	0	0	0	0	0	0	55834189	
599	1	F	8	N	2500	0	40	319	148	34	24	35	0	0	0	0	0	0	0	0	0	0	0	0	55834766	
600	1	F	8	N	2500	0	1	90	17	4	5	11	0	0	0	0	0	0	0	0	0	0	0	0	55834813	
601	1	F	9	N	2500	2	1	60	15	3	3	8	0	0	0	0	0	0	0	0	0	0	0	0	55843611	
602	1	F	10	N	2500	6	40	335	164	46	40	64	0	0	0	0	0	0	0	0	0	0	0	0	55856606	
603	1	F	10	N	2500	6	40	313	165	47	36	46	0	0	0	0	0	0	0	0	0	0	0	0	55856653	
604	1	F	10	N	2500	6	40	291	133	30	22	34	0	0	0	0	0	0	0	0	0	0	0	0	55856700	
605	1	F	10	N	2500	0	40	290	182	40	32	45	0	0	0	0	0	0	0	0	0	0	0	0	55856793	
606	1	F	10	N	2500	0	40	294	153	43	30	45	0	0	0	0	0	0	0	0	0	0	0	0	55857277	
607	1	F	10	N	2500	0	40	240	173	35	29	41	0	0	0	0	0	0	0	0	0	0	0	0	55857807	
608	1	F	10	N	2500	0	1	132	126	46	37	71	0	0	0	0	0	0	0	0	0	0	0	0	55857963	
609	1	F	10	N	2500	0	40	183	148	57	49	94	0	0	0	0	0	0	0	0	0	0	0	0	55857963	
610	1	F	10	N	2500	0	1	70	25	5	4	9	0	0	0	0	0	0	0	0	0	0	0	0	55857963	
611	1	F	10	N	2500	0	40	250	130	29	24	36	0	0	0	0	0	0	0	0	0	0	0	0	55857995	
612	1	F	10	N	2500	0	40	308	181	42	34	54	0	0	0	0	0	0	0	0	0	0	0	0	55858416	
613	1	F	10	N	2500	0	40	349	176	41	33	47	0	0	0	0	0	0	0	0	0	0	0	0	55858962	
614	1	F	10	N	2500	0	40	431	166	37	30	44	0	0	0	0	0	0	0	0	0	0	0	0	55859149	
615	1	F	10	N	2500	0	40	291	171	39	32	48	0	0	0	0	0	0	0	0	0	0	0	0	55859211	
616	1	F	10	N	2500	0	40	433	176	44	31	48	0	0	0	0	0	0	0	0	0	0	0	0	55859695	
617	1	F	10	N	2500	0	40	509	216	52	41	57	0	0	0	0	0	0	0	0	0	0	0	0	55859789	
618	1	F	10	N	2500	0	1	54	15	3	5	10	0	0	0	0	0	0	0	0	0	0	0	0	55859867	
619	1	F	10	N	2500	0	40	441	181	36	32	43	0	0	0	0	0	0	0	0	0	0	0	0	55860085	
620	1	F	10	N	2500	0	40	456	183	42	33	47	0	0	0	0	0	0	0	0	0	0	0	0	55860147	
621	1	F	10	N	2500	0	40	448	179	42	35	48	0	0	0	0	0	0	0	0	0	0	0	0	55860366	
622	1	F	10	N	2500	0	40	445	184	40	34	49	0	0	0	0	0	0	0	0	0	0	0	0	55860491	
623	1	F	10	N	2500	0	40	317	170	39	35	52	0	0	0	0	0	0	0	0	0	0	0	0	55860818	
624	1	F	10	N	2500	0	40	411	150	31	25	43	0	0	0	0	0	0	0	0	0	0	0	0	55860865	
625	1	F	10	N	2500	0	40	244	165	33	29	41	0	0	0	0	0	0	0	0	0	0	0	0	55861177	
626	1	F	10	N	2500	0	40	486	194	41	35	57	0	0	0	0	0	0	0	0	0	0	0	0	55861302	
627	1	F	10	N	2500	0	40	302	192	57	48	65	0	0	0	0	0	0	0	0	0	0	0	0	55861567	
628	1	F	10	N	2500	0	1	565	218	47	41	65	0	0	0	0	0	0	0	0	0	0	0	0	55861661	
629	1	F	10	N	2500	0	40	416	161	32	26	40	0	0	0	0	0	0	0	0	0	0	0	0	55861785	
630	1	F	10	N	2500	0	40	412	194	50	39	55	0	0	0	0	0	0	0	0	0	0	0	0	55861848	
631	1	F	10	N	2500	0	1	232	74	15	13	22	0	0	0	0	0	0	0	0	0	0	0	0	55861941	
632	1	F	10	N	2500	0	40	352	158	33	26	38	0	0	0	0	0	0	0	0	0	0	0	0	55862035	
633	1	F	11	N	2500	2	1	565	196	38	30	51	0	0	0	0	0	0	0	0	0	0	0	0	55870537	
634	1	F	12	N	2500	2	1	69	24	5	5	12	0	0	0	0	0	0	0	0	0	0	0	0	55885170	
635	1	F	12	N	2500	2	1	103	26	4	3	5	0	0	0	0	0	0	0	0	0	0	0	0	55885622	
636	1	F	12	N	2500	8	40	252	127	26	24	33	0	0	0	0	0	0	0	0	0	0	0	0	55885622	
637	1	F	12	N	2500	6	40	434	151	29	26	39	0	0	0	0	0	0	0	0	0	0	0	0	55885856	
638	1	F	12	N	2500	6	40	278	139	28	22	33	0	0	0	0	0	0	0	0	0	0	0	0	55885856	
639	1	F	12	N	2500	2	1	55	16	3	3	8	0	0	0	0	0	0	0	0	0	0	0	0	55886293	
640	1	F	12	N	2500	6	40	373	120	24	21	34	0	0	0	0	0	0	0	0	0	0	0	0	55886465	
641	1	F	12	N	2500	0	40	295	124	26	21	31	0	0	0	0	0	0	0	0	0	0	0	0	55886496	
642	1	F	12	N	2500	0	40	245	120	26	21	35	0	0	0	0	0	0	0	0	0	0	0	0	55886543	
643	1	F	12	N	2500	0	40	425	158	39	29	44	0	0	0	0	0	0	0	0	0	0	0	0	55886808	
644	1	F	12	N	2500	0	1	91	66	17	14	28	0	0	0	0	0	0	0	0	0	0	0	0	55886948	
645	1	F	12	N	2500	0	40	240	175	42	36	53	0	0	0	0	0	0	0	0	0	0	0	0	55887463	
646	1	F	12	N	2500	0	40	452	159	35	27	44	0	0	0	0	0	0	0	0	0	0	0	0	55887541	
647	1	F	12	N	2500	0	40	434	196	45	35	55	0	0	0	0	0	0	0	0	0	0	0	0	55887947	
648	1	F	12	N	2500	0	40	380	114	23	19	29	0	0	0	0	0	0	0	0	0	0	0	0	55887962	
649	1	F	12	N	2500	0	1	59	35	10	7	15	0	0	0	0	0	0	0	0	0	0	0	0	55887978	
650	1	F	12	N	2500	0	40	453	153	28	25	37	0	0	0	0	0	0	0	0	0	0	0	0	55888040	
651	1	F	12	N	2500	0	40	344	214	47	39	55	0	0	0	0	0	0	0	0	0	0	0	0	55888118	
652	1	F	12	N	2500	0	40	496	192	44	32	48	0	0	0	0	0	0	0	0	0	0	0	0	55888305	
653	1	F	12	N	2500	0	1	107	75	22	18	35	0	0	0	0	0	0	0	0	0	0	0	0	55888524	
654	1	F	12	N	2500	0	1	75	40	9	7	16	0	0	0	0	0	0	0	0	0	0	0	0	55888602	
655	1	F	12	N	2500	0	40	235	140	29	26	38	0	0	0	0	0	0	0	0	0	0	0	0	55888695	
656	1	F	12	N	2500	0	40	326	180	38	33	51	0	0	0	0	0	0	0	0	0	0	0	0	55888727	
657	1	F	12	N	2500	0	1	518	166	35	28	43	0	0	0	0	0	0	0	0	0	0	0	0	55888929	
658	1	F	12	N	2500	0	40	310	87	15	12	19	0	0	0	0	0	0	0	0	0	0	0	0	55889117	
659	1	F	12	N	2500	0	40	503	172	38	30	44	0	0	0	0	0	0	0	0	0	0	0	0	55889273	
660	1	F	12	N	2500	0	1	74	41	10	7	14	0	0	0	0	0	0	0	0	0	0	0	0	55889600	
661	1	F	12	N	2500	0	40	278	170	38	29	41	0	0	0	0	0	0	0	0	0	0	0	0	55889803	
662	1	F	12	N	2500	0	40	384	134	26	21	34	0	0	0	0	0	0	0	0	0	0	0	0	55889881	
663	1	F	12	N	2500	0	1	412	111	17	13	27	0	0	0	0	0	0	0	0	0	0	0	0	55890209	
664	1	F	12	N	2500	0	40	457	169	38	29	46	0	0	0	0	0	0	0	0	0	0	0	0	55890287	
665	1	F	12	N	2500	0	40	415	142	29	24	39	0	0	0	0	0	0	0	0	0	0	0	0	55890302	
666	1	F	12	N	2500	0	40	417	125	26	18	29	0	0	0	0	0	0	0	0	0	0	0	0	55890365	
667	1	F	12	N	2500	0	40	407	150	34	26	40	0	0	0	0	0	0	0	0	0	0	0	0	55890552	
668	1	F	12	N	2500	0	40	466	195	40	32	50	0	0	0	0	0	0	0	0	0	0	0	0	55890801	
669	1	F	12	N	2500	0	40	255	158	30	27	39	0	0	0	0	0	0	0	0	0	0	0	0	55890833	
670	1	F	12	N	2500	0	40	467	194	44	32	50	0	0	0	0	0	0	0	0	0	0	0	0	55890864	
671	1	F	12	N	2500	0	40	415	154	29	24	41	0	0	0	0	0	0	0	0	0	0	0	0	55891113	
672	1	F	12	N	2500	0	40	400	184	40	36	50	0	0	0	0	0	0	0	0	0	0	0	0	55891410	
673	1	F	12	N	2500	0	1	210	218	174	157	245	0	0	0	0	0	0	0	0	0	0	0	0	55891425	
674	1	F	12	N	2500	0	1	106	57	14	13	24	0	0	0	0	0	0	0	0	0	0	0	0	55891425	
675	1	F	12	N	2500	0	1	64	17	2	2	5	0	0	0	0	0	0	0	0	0	0	0	0	55891425	
676	1	F	12	N	2500	0	1	63	13	2	1	5	0	0	0	0	0	0	0	0	0	0	0	0	55891425	
677	1	F	12	N	2500	0	40	183	136	39	35	59	0	0	0	0	0	0	0	0	0	0	0	0	55891425	
678	1	F	12	N	2500	0	1	147	54	13	12	21	0	0	0	0	0	0	0	0	0	0	0	0	55891425	
679	1	F	12	N	2500	0	40	305	184	38	30	42	0	0	0	0	0	0	0	0	0	0	0	0	55891581	
680	1	F	12	N	2500	0	1	224	292	259	251	290	0	0	0	0	0	0	0	0	0	0	0	0	55892096	
681	1	F	12	N	2500	0	40	506	180	37	30	50	0	0	0	0	0	0	0	0	0	0	0	0	55892424	
682	1	G	1	N	2500	6	40	302	94	21	15	21	0	0	0	0	0	0	0	0	0	0	0	0	55904701	
683	1	G	1	N	2500	6	40	370	141	29	23	37	0	0	0	0	0	0	0	0	0	0	0	0	55906823	
684	1	G	2	N	2500	6	40	333	145	36	28	42	0	0	0	0	0	0	0	0	0	0	0	0	55915372	
685	1	G	2	N	2500	6	40	308	123	27	20	32	0	0	0	0	0	0	0	0	0	0	0	0	55916245	
686	1	G	2	N	2500	6	40	377	152	34	26	39	0	0	0	0	0	0	0	0	0	0	0	0	55917010	
687	1	G	2	N	2500	0	1	147	76	14	13	20	0	0	0	0	0	0	0	0	0	0	0	0	55917166	
688	1	G	2	N	2500	0	1	163	118	26	21	33	0	0	0	0	0	0	0	0	0	0	0	0	55917197	
689	1	G	2	N	2500	0	40	405	169	34	27	42	0	0	0	0	0	0	0	0	0	0	0	0	55917540	
690	1	G	2	N	2500	0	40	202	142	31	26	38	0	0	0	0	0	0	0	0	0	0	0	0	55917649	
691	1	G	2	N	2500	0	40	192	116	26	18	26	0	0	0	0	0	0	0	0	0	0	0	0	55918304	
692	1	G	2	N	2500	0	40	173	137	41	30	43	0	0	0	0	0	0	0	0	0	0	0	0	55918492	
693	1	G	2	N	2500	0	40	410	168	39	28	43	0	0	0	0	0	0	0	0	0	0	0	0	55918866	
694	1	G	2	N	2500	0	40	369	154	34	28	44	0	0	0	0	0	0	0	0	0	0	0	0	55918944	
695	1	G	2	N	2500	0	40	381	155	33	27	43	0	0	0	0	0	0	0	0	0	0	0	0	55920145	
696	1	G	2	N	2500	0	1	231	71	13	11	18	0	0	0	0	0	0	0	0	0	0	0	0	55920504	
697	1	G	2	N	2500	0	40	300	126	27	21	34	0	0	0	0	0	0	0	0	0	0	0	0	55920738	
698	1	G	2	N	2500	0	1	463	129	22	18	28	0	0	0	0	0	0	0	0	0	0	0	0	55921206	
699	1	G	2	N	2500	0	40	409	164	38	27	37	0	0	0	0	0	0	0	0	0	0	0	0	55922735	
700	1	G	3	N	2500	6	40	304	153	31	24	33	0	0	0	0	0	0	0	0	0	0	0	0	55933312	
701	1	G	3	N	2500	2	1	68	14	1	1	2	0	0	0	0	0	0	0	0	0	0	0	0	55936822	
702	1	G	4	N	2500	6	40	213	153	33	26	0	0	0	0	0	0	0	0	0	0	0	0	0	55944154	
703	1	G	4	N	2500	6	40	206	135	32	22	27	0	0	0	0	0	0	0	0	0	0	0	0	55944512	
704	1	G	4	N	2500	6	40	371	180	40	32	50	0	0	0	0	0	0	0	0	0	0	0	0	55944856	
705	1	G	4	N	2500	0	1	66	14	1	1	2	0	0	0	0	0	0	0	0	0	0	0	0	55945292	
706	1	G	4	N	2500	0	40	272	164	39	28	41	0	0	0	0	0	0	0	0	0	0	0	0	55945448	
707	1	G	4	N	2500	0	40	356	142	28	22	36	0	0	0	0	0	0	0	0	0	0	0	0	55945480	
708	1	G	4	N	2500	0	1	167	105	22	19	25	0	0	0	0	0	0	0	0	0	0	0	0	55945792	
709	1	G	4	N	2500	0	40	327	139	34	26	38	0	0	0	0	0	0	0	0	0	0	0	0	55946384	
710	1	G	4	N	2500	0	1	156	90	19	15	23	0	0	0	0	0	0	0	0	0	0	0	0	55946447	
711	1	G	4	N	2500	0	40	231	134	28	23	33	0	0	0	0	0	0	0	0	0	0	0	0	55946462	
712	1	G	4	N	2500	0	40	298	112	22	17	26	0	0	0	0	0	0	0	0	0	0	0	0	55946540	
713	1	G	4	N	2500	0	40	347	138	28	22	32	0	0	0	0	0	0	0	0	0	0	0	0	55946696	
714	1	G	4	N	2500	0	1	147	33	4	3	6	0	0	0	0	0	0	0	0	0	0	0	0	55946728	
715	1	G	4	N	2500	0	40	393	149	32	26	37	0	0	0	0	0	0	0	0	0	0	0	0	55946790	
716	1	G	4	N	2500	0	40	445	177	36	28	48	0	0	0	0	0	0	0	0	0	0	0	0	55946993	
717	1	G	4	N	2500	0	40	415	173	33	26	42	0	0	0	0	0	0	0	0	0	0	0	0	55947133	
718	1	G	4	N	2500	0	40	395	147	29	22	38	0	0	0	0	0	0	0	0	0	0	0	0	55947164	
719	1	G	4	N	2500	0	40	348	133	26	19	33	0	0	0	0	0	0	0	0	0	0	0	0	55947242	
720	1	G	4	N	2500	0	40	424	174	36	32	47	0	0	0	0	0	0	0	0	0	0	0	0	55947804	
721	1	G	4	N	2500	0	40	373	139	28	19	30	0	0	0	0	0	0	0	0	0	0	0	0	55948178	
722	1	G	4	N	2500	0	40	231	155	32	25	35	0	0	0	0	0	0	0	0	0	0	0	0	55948459	
723	1	G	4	N	2500	0	40	425	151	40	28	38	0	0	0	0	0	0	0	0	0	0	0	0	55948490	
724	1	G	4	N	2500	0	40	240	121	36	28	40	0	0	0	0	0	0	0	0	0	0	0	0	55948615	
725	1	G	4	N	2500	0	40	380	143	29	22	32	0	0	0	0	0	0	0	0	0	0	0	0	55948834	
726	1	G	4	N	2500	0	40	272	137	31	24	36	0	0	0	0	0	0	0	0	0	0	0	0	55949021	
727	1	G	4	N	2500	0	40	307	88	16	14	22	0	0	0	0	0	0	0	0	0	0	0	0	55949036	
728	1	G	4	N	2500	0	40	289	151	30	24	35	0	0	0	0	0	0	0	0	0	0	0	0	55949208	
729	1	G	4	N	2500	0	40	397	161	33	27	40	0	0	0	0	0	0	0	0	0	0	0	0	55949239	
730	1	G	4	N	2500	0	40	429	161	36	33	51	0	0	0	0	0	0	0	0	0	0	0	0	55949442	
731	1	G	4	N	2500	0	40	440	150	33	27	39	0	0	0	0	0	0	0	0	0	0	0	0	55950175	
732	1	G	4	N	2500	0	40	367	149	31	25	37	0	0	0	0	0	0	0	0	0	0	0	0	55950752	
733	1	G	5	N	2500	6	40	392	164	35	25	36	0	0	0	0	0	0	0	0	0	0	0	0	55963217	
734	1	G	5	N	2500	6	40	366	151	35	22	34	0	0	0	0	0	0	0	0	0	0	0	0	55963716	
735	1	G	5	N	2500	6	40	237	135	27	21	30	0	0	0	0	0	0	0	0	0	0	0	0	55964948	
736	1	G	5	N	2500	0	40	358	154	31	27	38	0	0	0	0	0	0	0	0	0	0	0	0	55965167	
737	1	G	6	N	2500	6	40	325	131	28	23	33	0	0	0	0	0	0	0	0	0	0	0	0	55972936	
738	1	G	6	N	2500	6	40	335	126	29	23	34	0	0	0	0	0	0	0	0	0	0	0	0	55973513	
739	1	G	6	N	2500	6	40	318	124	29	24	33	0	0	0	0	0	0	0	0	0	0	0	0	55974137	
740	1	G	6	N	2500	0	2	284	86	13	11	20	0	0	0	0	0	0	0	0	0	0	0	0	55974574	
741	1	G	6	N	2500	0	40	212	153	35	28	41	0	0	0	0	0	0	0	0	0	0	0	0	55975868	
742	1	G	6	N	2500	0	40	309	105	21	17	28	0	0	0	0	0	0	0	0	0	0	0	0	55976586	
743	1	G	7	N	2500	2	1	72	28	5	5	11	0	0	0	0	0	0	0	0	0	0	0	0	55990470	
744	1	G	8	N	2500	6	40	341	136	27	22	35	0	0	0	0	0	0	0	0	0	0	0	0	56001515	
745	1	G	8	N	2500	6	40	373	145	31	26	33	0	0	0	0	0	0	0	0	0	0	0	0	56001920	
746	1	G	8	N	2500	6	40	338	158	35	29	44	0	0	0	0	0	0	0	0	0	0	0	0	56002076	
747	1	G	8	N	2500	0	40	334	121	23	19	30	0	0	0	0	0	0	0	0	0	0	0	0	56002342	
748	1	G	8	N	2500	0	40	302	175	40	31	40	0	0	0	0	0	0	0	0	0	0	0	0	56002404	
749	1	G	8	N	2500	0	40	369	155	32	29	43	0	0	0	0	0	0	0	0	0	0	0	0	56002763	
750	1	G	8	N	2500	0	40	343	150	37	28	39	0	0	0	0	0	0	0	0	0	0	0	0	56003278	
751	1	G	8	N	2500	0	40	363	147	33	29	43	0	0	0	0	0	0	0	0	0	0	0	0	56003527	
752	1	G	8	N	2500	0	1	70	13	5	2	7	0	0	0	0	0	0	0	0	0	0	0	0	56003621	
753	1	G	8	N	2500	0	1	151	34	9	8	20	0	0	0	0	0	0	0	0	0	0	0	0	56003621	
754	1	G	8	N	2500	0	1	53	10	3	3	10	0	0	0	0	0	0	0	0	0	0	0	0	56003777	
755	1	G	8	N	2500	0	40	388	153	32	28	35	0	0	0	0	0	0	0	0	0	0	0	0	56003839	
756	1	G	8	N	2500	0	40	298	123	28	19	29	0	0	0	0	0	0	0	0	0	0	0	0	56004058	
757	1	G	8	N	2500	0	40	401	166	36	26	38	0	0	0	0	0	0	0	0	0	0	0	0	56004276	
758	1	G	8	N	2500	0	40	372	150	30	24	38	0	0	0	0	0	0	0	0	0	0	0	0	56004416	
759	1	G	8	N	2500	0	40	295	150	31	27	39	0	0	0	0	0	0	0	0	0	0	0	0	56004432	
760	1	G	8	N	2500	0	40	182	121	30	27	39	0	0	0	0	0	0	0	0	0	0	0	0	56004962	
761	1	G	8	N	2500	0	40	398	161	36	29	43	0	0	0	0	0	0	0	0	0	0	0	0	56005087	
762	1	G	8	N	2500	0	40	285	153	35	24	33	0	0	0	0	0	0	0	0	0	0	0	0	56005181	
763	1	G	8	N	2500	0	40	384	148	30	20	35	0	0	0	0	0	0	0	0	0	0	0	0	56006304	
764	1	G	8	N	2500	0	40	303	99	21	14	21	0	0	0	0	0	0	0	0	0	0	0	0	56006460	
765	1	G	8	N	2500	0	40	338	123	22	17	27	0	0	0	0	0	0	0	0	0	0	0	0	56006647	
766	1	G	8	N	2500	0	40	422	180	41	33	49	0	0	0	0	0	0	0	0	0	0	0	0	56006710	
767	1	G	8	N	2500	0	40	372	134	30	21	30	0	0	0	0	0	0	0	0	0	0	0	0	56006834	
768	1	G	8	N	2500	0	40	246	121	27	21	28	0	0	0	0	0	0	0	0	0	0	0	0	56006928	
769	1	G	8	N	2500	0	40	246	140	29	23	36	0	0	0	0	0	0	0	0	0	0	0	0	56007396	
770	1	G	8	N	2500	0	1	189	83	16	14	24	0	0	0	0	0	0	0	0	0	0	0	0	56007490	
771	1	G	8	N	2500	0	40	205	163	45	40	51	0	0	0	0	0	0	0	0	0	0	0	0	56007552	
772	1	G	8	N	2500	0	40	321	145	32	30	37	0	0	0	0	0	0	0	0	0	0	0	0	56007552	
773	1	G	8	N	2500	0	40	386	147	32	23	37	0	0	0	0	0	0	0	0	0	0	0	0	56008176	
774	1	G	8	N	2500	0	40	409	174	32	24	37	0	0	0	0	0	0	0	0	0	0	0	0	56008207	
775	1	G	10	N	2500	6	40	385	160	40	35	45	0	0	0	0	0	0	0	0	0	0	0	0	56030281	
776	1	G	10	N	2500	6	40	313	179	51	43	59	0	0	0	0	0	0	0	0	0	0	0	0	56030328	
777	1	G	10	N	2500	6	40	351	139	29	24	35	0	0	0	0	0	0	0	0	0	0	0	0	56030422	
778	1	G	10	N	2500	0	1	170	67	16	13	19	0	0	0	0	0	0	0	0	0	0	0	0	56030453	
779	1	G	10	N	2500	0	1	160	65	16	14	22	0	0	0	0	0	0	0	0	0	0	0	0	56030453	
780	1	G	10	N	2500	0	40	493	173	35	28	40	0	0	0	0	0	0	0	0	0	0	0	0	56030547	
781	1	G	10	N	2500	0	40	248	134	29	25	38	0	0	0	0	0	0	0	0	0	0	0	0	56030640	
782	1	G	10	N	2500	0	40	349	138	32	22	40	0	0	0	0	0	0	0	0	0	0	0	0	56030640	
783	1	G	10	N	2500	0	40	386	163	39	36	49	0	0	0	0	0	0	0	0	0	0	0	0	56030812	
784	1	G	10	N	2500	0	40	362	155	36	33	44	0	0	0	0	0	0	0	0	0	0	0	0	56030999	
785	1	G	10	N	2500	0	40	354	160	43	38	49	0	0	0	0	0	0	0	0	0	0	0	0	56031046	
786	1	G	10	N	2500	0	40	346	156	39	35	51	0	0	0	0	0	0	0	0	0	0	0	0	56031077	
787	1	G	10	N	2500	0	40	206	147	35	26	38	0	0	0	0	0	0	0	0	0	0	0	0	56031108	
788	1	G	10	N	2500	0	40	228	142	38	34	46	0	0	0	0	0	0	0	0	0	0	0	0	56031186	
789	1	G	10	N	2500	0	40	334	160	41	36	58	0	0	0	0	0	0	0	0	0	0	0	0	56031202	
790	1	G	10	N	2500	0	1	125	96	21	17	24	0	0	0	0	0	0	0	0	0	0	0	0	56031639	
791	1	G	10	N	2500	0	40	354	149	37	33	43	0	0	0	0	0	0	0	0	0	0	0	0	56031748	
792	1	G	10	N	2500	0	40	230	156	36	32	42	0	0	0	0	0	0	0	0	0	0	0	0	56031873	
793	1	G	10	N	2500	0	40	522	197	44	40	61	0	0	0	0	0	0	0	0	0	0	0	0	56032029	
794	1	G	10	N	2500	0	40	269	155	35	28	41	0	0	0	0	0	0	0	0	0	0	0	0	56032325	
795	1	G	10	N	2500	0	40	197	129	33	25	35	0	0	0	0	0	0	0	0	0	0	0	0	56032356	
796	1	G	10	N	2500	0	1	98	20	8	11	29	0	0	0	0	0	0	0	0	0	0	0	0	56032434	
797	1	G	10	N	2500	0	40	329	154	36	33	43	0	0	0	0	0	0	0	0	0	0	0	0	56032621	
798	1	G	10	N	2500	0	40	525	194	44	37	54	0	0	0	0	0	0	0	0	0	0	0	0	56032684	
799	1	G	10	N	2500	0	1	80	16	5	8	20	0	0	0	0	0	0	0	0	0	0	0	0	56032715	
800	1	G	10	N	2500	0	40	488	208	55	44	60	0	0	0	0	0	0	0	0	0	0	0	0	56032871	
801	1	G	10	N	2500	0	40	316	138	32	26	34	0	0	0	0	0	0	0	0	0	0	0	0	56032871	
802	1	G	10	N	2500	0	40	457	169	45	41	71	0	0	0	0	0	0	0	0	0	0	0	0	56032887	
803	1	G	10	N	2500	0	40	375	158	36	29	42	0	0	0	0	0	0	0	0	0	0	0	0	56032980	
804	1	G	10	N	2500	0	40	318	116	28	27	37	0	0	0	0	0	0	0	0	0	0	0	0	56033011	
805	1	G	10	N	2500	0	1	68	34	8	8	10	0	0	0	0	0	0	0	0	0	0	0	0	56033011	
806	1	G	10	N	2500	0	40	367	165	40	33	43	0	0	0	0	0	0	0	0	0	0	0	0	56033074	
807	1	G	10	N	2500	0	40	354	150	38	34	49	0	0	0	0	0	0	0	0	0	0	0	0	56033074	
808	1	G	10	N	2500	0	40	383	152	32	26	41	0	0	0	0	0	0	0	0	0	0	0	0	56033089	
809	1	G	10	N	2500	0	40	202	130	31	26	35	0	0	0	0	0	0	0	0	0	0	0	0	56033105	
810	1	G	10	N	2500	0	40	397	163	43	36	48	0	0	0	0	0	0	0	0	0	0	0	0	56033121	
811	1	G	10	N	2500	0	40	290	143	29	23	33	0	0	0	0	0	0	0	0	0	0	0	0	56033167	
812	1	G	10	N	2500	0	40	302	144	48	42	57	0	0	0	0	0	0	0	0	0	0	0	0	56033167	
813	1	G	10	N	2500	0	40	300	174	36	27	39	0	0	0	0	0	0	0	0	0	0	0	0	56033261	
814	1	G	10	N	2500	0	40	215	145	40	32	40	0	0	0	0	0	0	0	0	0	0	0	0	56033355	
815	1	G	10	N	2500	0	1	88	20	10	12	32	0	0	0	0	0	0	0	0	0	0	0	0	56033433	
816	1	G	10	N	2500	0	40	394	155	35	29	41	0	0	0	0	0	0	0	0	0	0	0	0	56033495	
817	1	G	10	N	2500	0	40	297	149	41	32	47	0	0	0	0	0	0	0	0	0	0	0	0	56033495	
818	1	G	10	N	2500	0	1	187	85	16	11	17	0	0	0	0	0	0	0	0	0	0	0	0	56033542	
819	1	G	10	N	2500	0	40	413	161	37	33	49	0	0	0	0	0	0	0	0	0	0	0	0	56033557	
820	1	G	10	N	2500	0	40	426	173	43	33	46	0	0	0	0	0	0	0	0	0	0	0	0	56033557	
821	1	G	10	N	2500	0	40	436	174	49	41	55	0	0	0	0	0	0	0	0	0	0	0	0	56033573	
822	1	G	10	N	2500	0	40	367	173	45	34	49	0	0	0	0	0	0	0	0	0	0	0	0	56033620	
823	1	G	10	N	2500	0	40	436	168	42	32	46	0	0	0	0	0	0	0	0	0	0	0	0	56033776	
824	1	G	10	N	2500	0	40	371	190	57	45	63	0	0	0	0	0	0	0	0	0	0	0	0	56033885	
825	1	G	10	N	2500	0	40	379	155	36	29	37	0	0	0	0	0	0	0	0	0	0	0	0	56033963	
826	1	G	10	N	2500	0	40	245	145	39	36	47	0	0	0	0	0	0	0	0	0	0	0	0	56033963	
827	1	G	10	N	2500	0	40	373	147	47	49	72	0	0	0	0	0	0	0	0	0	0	0	0	56033994	
828	1	G	10	N	2500	0	40	310	158	38	33	45	0	0	0	0	0	0	0	0	0	0	0	0	56034010	
829	1	G	10	N	2500	0	40	313	178	48	41	51	0	0	0	0	0	0	0	0	0	0	0	0	56034057	
830	1	G	10	N	2500	0	40	221	151	43	39	49	0	0	0	0	0	0	0	0	0	0	0	0	56034057	
831	1	G	10	N	2500	0	1	226	92	17	14	23	0	0	0	0	0	0	0	0	0	0	0	0	56034213	
832	1	G	10	N	2500	0	40	414	158	32	27	39	0	0	0	0	0	0	0	0	0	0	0	0	56034244	
833	1	G	10	N	2500	0	40	266	154	34	28	41	0	0	0	0	0	0	0	0	0	0	0	0	56034259	
834	1	G	10	N	2500	0	40	402	159	35	29	42	0	0	0	0	0	0	0	0	0	0	0	0	56034634	
835	1	G	10	N	2500	0	40	489	204	53	41	58	0	0	0	0	0	0	0	0	0	0	0	0	56034665	
836	1	G	10	N	2500	0	40	408	158	37	32	48	0	0	0	0	0	0	0	0	0	0	0	0	56034696	
837	1	G	10	N	2500	0	40	446	185	36	29	39	0	0	0	0	0	0	0	0	0	0	0	0	56034712	
838	1	G	10	N	2500	0	40	337	155	39	33	47	0	0	0	0	0	0	0	0	0	0	0	0	56034727	
839	1	G	10	N	2500	0	40	294	143	38	33	44	0	0	0	0	0	0	0	0	0	0	0	0	56034821	
840	1	G	10	N	2500	0	40	465	174	35	28	43	0	0	0	0	0	0	0	0	0	0	0	0	56034868	
841	1	G	10	N	2500	0	40	505	173	47	37	48	0	0	0	0	0	0	0	0	0	0	0	0	56034899	
842	1	G	10	N	2500	0	40	378	181	42	38	52	0	0	0	0	0	0	0	0	0	0	0	0	56034977	
843	1	G	10	N	2500	0	40	448	183	35	29	43	0	0	0	0	0	0	0	0	0	0	0	0	56035008	
844	1	G	10	N	2500	0	40	348	191	49	42	54	0	0	0	0	0	0	0	0	0	0	0	0	56035008	
845	1	G	10	N	2500	0	40	432	168	45	36	52	0	0	0	0	0	0	0	0	0	0	0	0	56035024	
846	1	G	10	N	2500	0	40	361	213	60	50	68	0	0	0	0	0	0	0	0	0	0	0	0	56035039	
847	1	G	10	N	2500	0	40	404	138	35	29	43	0	0	0	0	0	0	0	0	0	0	0	0	56035102	
848	1	G	10	N	2500	0	40	483	185	49	39	56	0	0	0	0	0	0	0	0	0	0	0	0	56035195	
849	1	G	10	N	2500	0	40	433	158	42	35	51	0	0	0	0	0	0	0	0	0	0	0	0	56035258	
850	1	G	10	N	2500	0	40	442	179	40	37	52	0	0	0	0	0	0	0	0	0	0	0	0	56035289	
851	1	G	10	N	2500	0	1	95	58	13	15	28	0	0	0	0	0	0	0	0	0	0	0	0	56035320	
852	1	G	10	N	2500	0	40	281	156	36	32	43	0	0	0	0	0	0	0	0	0	0	0	0	56035367	
853	1	G	10	N	2500	0	1	596	226	68	60	102	0	0	0	0	0	0	0	0	0	0	0	0	56035429	
854	1	G	10	N	2500	0	1	148	68	19	16	25	0	0	0	0	0	0	0	0	0	0	0	0	56035461	
855	1	G	10	N	2500	0	40	298	139	30	25	38	0	0	0	0	0	0	0	0	0	0	0	0	56035461	
856	1	G	10	N	2500	0	40	492	218	47	36	46	0	0	0	0	0	0	0	0	0	0	0	0	56035461	
857	1	G	10	N	2500	0	40	493	200	58	47	61	0	0	0	0	0	0	0	0	0	0	0	0	56035476	
858	1	G	10	N	2500	0	1	58	12	4	6	17	0	0	0	0	0	0	0	0	0	0	0	0	56035492	
859	1	G	10	N	2500	0	40	456	180	46	36	49	0	0	0	0	0	0	0	0	0	0	0	0	56035492	
860	1	G	10	N	2500	0	40	329	159	49	45	61	0	0	0	0	0	0	0	0	0	0	0	0	56035523	
861	1	G	10	N	2500	0	40	381	152	33	26	39	0	0	0	0	0	0	0	0	0	0	0	0	56035523	
862	1	G	10	N	2500	0	1	58	12	2	1	4	0	0	0	0	0	0	0	0	0	0	0	0	56035539	
863	1	G	10	N	2500	0	40	295	132	34	32	45	0	0	0	0	0	0	0	0	0	0	0	0	56035539	
864	1	G	10	N	2500	0	40	427	152	31	25	42	0	0	0	0	0	0	0	0	0	0	0	0	56035570	
865	1	G	10	N	2500	0	40	429	167	43	36	49	0	0	0	0	0	0	0	0	0	0	0	0	56035632	
866	1	G	10	N	2500	0	40	426	153	33	28	38	0	0	0	0	0	0	0	0	0	0	0	0	56035726	
867	1	G	10	N	2500	0	40	292	200	56	50	80	0	0	0	0	0	0	0	0	0	0	0	0	56035757	
868	1	G	10	N	2500	0	40	455	178	42	37	57	0	0	0	0	0	0	0	0	0	0	0	0	56035819	
869	1	G	10	N	2500	0	40	402	158	36	30	40	0	0	0	0	0	0	0	0	0	0	0	0	56035835	
870	1	G	10	N	2500	0	1	229	99	20	16	25	0	0	0	0	0	0	0	0	0	0	0	0	56035944	
871	1	G	10	N	2500	0	40	461	191	45	36	51	0	0	0	0	0	0	0	0	0	0	0	0	56035960	
872	1	G	10	N	2500	0	40	417	199	56	46	59	0	0	0	0	0	0	0	0	0	0	0	0	56036116	
873	1	G	10	N	2500	0	40	216	160	50	38	45	0	0	0	0	0	0	0	0	0	0	0	0	56036178	
874	1	G	10	N	2500	0	40	396	131	28	23	31	0	0	0	0	0	0	0	0	0	0	0	0	56036209	
875	1	G	10	N	2500	0	40	418	157	31	25	44	0	0	0	0	0	0	0	0	0	0	0	0	56036241	
876	1	G	10	N	2500	0	40	286	180	48	39	50	0	0	0	0	0	0	0	0	0	0	0	0	56036365	
877	1	G	10	N	2500	0	40	342	170	47	36	50	0	0	0	0	0	0	0	0	0	0	0	0	56036397	
878	1	G	10	N	2500	0	40	215	182	53	42	60	0	0	0	0	0	0	0	0	0	0	0	0	56036412	
879	1	G	10	N	2500	0	40	299	172	51	40	52	0	0	0	0	0	0	0	0	0	0	0	0	56036412	
880	1	G	10	N	2500	0	40	317	144	42	34	48	0	0	0	0	0	0	0	0	0	0	0	0	56036459	
881	1	G	10	N	2500	0	40	511	182	39	28	38	0	0	0	0	0	0	0	0	0	0	0	0	56036490	
882	1	G	10	N	2500	0	40	309	167	33	26	40	0	0	0	0	0	0	0	0	0	0	0	0	56036553	
883	1	G	10	N	2500	0	1	54	17	3	3	5	0	0	0	0	0	0	0	0	0	0	0	0	56036631	
884	1	G	10	N	2500	0	40	375	147	32	24	38	0	0	0	0	0	0	0	0	0	0	0	0	56036802	
885	1	G	10	N	2500	0	40	372	147	31	25	36	0	0	0	0	0	0	0	0	0	0	0	0	56036865	
886	1	G	10	N	2500	0	40	307	155	43	39	48	0	0	0	0	0	0	0	0	0	0	0	0	56036880	
887	1	G	10	N	2500	0	40	395	159	41	34	50	0	0	0	0	0	0	0	0	0	0	0	0	56037192	
888	1	G	10	N	2500	0	1	559	227	55	38	57	0	0	0	0	0	0	0	0	0	0	0	0	56037270	
889	1	G	10	N	2500	0	40	445	176	41	36	52	0	0	0	0	0	0	0	0	0	0	0	0	56037738	
890	1	G	12	N	2500	6	40	367	152	32	25	37	0	0	0	0	0	0	0	0	0	0	0	0	56059251	
891	1	G	12	N	2500	2	1	76	35	8	8	14	0	0	0	0	0	0	0	0	0	0	0	0	56059563	
892	1	G	12	N	2500	6	40	304	103	19	16	26	0	0	0	0	0	0	0	0	0	0	0	0	56059609	
893	1	G	12	N	2500	6	40	197	131	29	22	39	0	0	0	0	0	0	0	0	0	0	0	0	56060233	
894	1	G	12	N	2500	0	40	386	157	37	29	44	0	0	0	0	0	0	0	0	0	0	0	0	56060889	
895	1	G	12	N	2500	0	1	130	117	71	64	112	0	0	0	0	0	0	0	0	0	0	0	0	56061450	
896	1	G	12	N	2500	0	1	126	73	27	23	38	0	0	0	0	0	0	0	0	0	0	0	0	56061497	
897	1	G	12	N	2500	0	1	64	41	11	10	17	0	0	0	0	0	0	0	0	0	0	0	0	56061497	
898	1	G	12	N	2500	0	1	58	34	7	6	10	0	0	0	0	0	0	0	0	0	0	0	0	56061684	
899	1	G	12	N	2500	0	40	295	148	32	25	39	0	0	0	0	0	0	0	0	0	0	0	0	56061700	
900	1	G	12	N	2500	0	40	263	107	23	17	26	0	0	0	0	0	0	0	0	0	0	0	0	56061700	
901	1	G	12	N	2500	0	1	141	187	96	88	159	0	0	0	0	0	0	0	0	0	0	0	0	56061700	
902	1	G	12	N	2500	0	1	53	20	3	3	7	0	0	0	0	0	0	0	0	0	0	0	0	56061700	
903	1	G	12	N	2500	0	40	309	154	32	27	41	0	0	0	0	0	0	0	0	0	0	0	0	56061715	
904	1	G	12	N	2500	0	1	51	18	3	3	6	0	0	0	0	0	0	0	0	0	0	0	0	56061778	
905	1	G	12	N	2500	0	40	220	141	33	28	42	0	0	0	0	0	0	0	0	0	0	0	0	56062230	
906	1	G	12	N	2500	0	40	273	139	32	21	32	0	0	0	0	0	0	0	0	0	0	0	0	56062386	
907	1	G	12	N	2500	0	40	406	170	38	30	47	0	0	0	0	0	0	0	0	0	0	0	0	56062527	
908	1	G	12	N	2500	0	1	115	83	35	30	49	0	0	0	0	0	0	0	0	0	0	0	0	56062667	
909	1	G	12	N	2500	0	1	54	13	2	1	3	0	0	0	0	0	0	0	0	0	0	0	0	56062667	
910	1	G	12	N	2500	0	1	113	78	37	32	59	0	0	0	0	0	0	0	0	0	0	0	0	56062698	
911	1	G	12	N	2500	0	40	412	166	35	25	39	0	0	0	0	0	0	0	0	0	0	0	0	56062776	
912	1	G	12	N	2500	0	1	89	76	23	20	35	0	0	0	0	0	0	0	0	0	0	0	0	56062807	
913	1	G	12	N	2500	0	1	90	35	9	7	17	0	0	0	0	0	0	0	0	0	0	0	0	56062839	
914	1	G	12	N	2500	0	40	428	170	36	27	38	0	0	0	0	0	0	0	0	0	0	0	0	56062885	
915	1	G	12	N	2500	0	40	215	122	33	27	39	0	0	0	0	0	0	0	0	0	0	0	0	56063353	
916	1	G	12	N	2500	0	40	398	149	29	22	33	0	0	0	0	0	0	0	0	0	0	0	0	56063587	
917	1	G	12	N	2500	0	1	99	62	30	26	43	0	0	0	0	0	0	0	0	0	0	0	0	56063837	
918	1	G	12	N	2500	0	1	90	39	7	8	14	0	0	0	0	0	0	0	0	0	0	0	0	56063899	
919	1	G	12	N	2500	0	40	447	169	36	25	37	0	0	0	0	0	0	0	0	0	0	0	0	56064305	
920	1	G	12	N	2500	0	40	314	193	41	31	50	0	0	0	0	0	0	0	0	0	0	0	0	56064367	
921	1	G	12	N	2500	0	40	393	184	35	27	43	0	0	0	0	0	0	0	0	0	0	0	0	56064367	
922	1	G	12	N	2500	0	1	72	30	7	6	12	0	0	0	0	0	0	0	0	0	0	0	0	56064867	
923	1	G	12	N	2500	0	1	96	57	20	17	33	0	0	0	0	0	0	0	0	0	0	0	0	56064867	
924	1	G	12	N	2500	0	40	307	188	45	32	43	0	0	0	0	0	0	0	0	0	0	0	0	56064882	
925	1	G	12	N	2500	0	1	209	84	22	18	25	0	0	0	0	0	0	0	0	0	0	0	0	56065023	
926	1	G	12	N	2500	0	40	310	180	40	30	43	0	0	0	0	0	0	0	0	0	0	0	0	56065974	
927	1	H	1	N	2500	6	40	294	153	34	26	35	0	0	0	0	0	0	0	0	0	0	0	0	56075771	
928	1	H	1	N	2500	6	40	368	125	20	17	24	0	0	0	0	0	0	0	0	0	0	0	0	56081839	
929	1	H	2	N	2500	6	40	388	146	32	27	36	0	0	0	0	0	0	0	0	0	0	0	0	56089296	
930	1	H	2	N	2500	6	40	340	117	24	18	28	0	0	0	0	0	0	0	0	0	0	0	0	56089359	
931	1	H	2	N	2500	6	40	193	124	32	27	40	0	0	0	0	0	0	0	0	0	0	0	0	56089483	
932	1	H	2	N	2500	0	40	212	118	24	20	28	0	0	0	0	0	0	0	0	0	0	0	0	56089577	
933	1	H	2	N	2500	0	1	50	10	1	1	2	0	0	0	0	0	0	0	0	0	0	0	0	56089733	
934	1	H	2	N	2500	0	1	56	37	10	9	17	0	0	0	0	0	0	0	0	0	0	0	0	56089936	
935	1	H	2	N	2500	0	40	349	148	31	24	36	0	0	0	0	0	0	0	0	0	0	0	0	56089936	
936	1	H	2	N	2500	0	40	383	150	32	25	39	0	0	0	0	0	0	0	0	0	0	0	0	56090014	
937	1	H	2	N	2500	0	40	372	153	37	28	38	0	0	0	0	0	0	0	0	0	0	0	0	56090232	
938	1	H	2	N	2500	0	40	277	175	42	34	44	0	0	0	0	0	0	0	0	0	0	0	0	56090248	
939	1	H	2	N	2500	0	40	381	144	29	23	37	0	0	0	0	0	0	0	0	0	0	0	0	56090279	
940	1	H	2	N	2500	0	40	404	161	39	29	44	0	0	0	0	0	0	0	0	0	0	0	0	56090435	
941	1	H	2	N	2500	0	40	196	160	37	33	48	0	0	0	0	0	0	0	0	0	0	0	0	56090544	
942	1	H	2	N	2500	0	40	212	156	35	29	42	0	0	0	0	0	0	0	0	0	0	0	0	56090591	
943	1	H	2	N	2500	0	1	117	53	27	11	14	0	0	0	0	0	0	0	0	0	0	0	0	56090653	
944	1	H	2	N	2500	0	1	73	25	14	4	6	0	0	0	0	0	0	0	0	0	0	0	0	56090653	
945	1	H	2	N	2500	0	1	116	65	30	11	14	0	0	0	0	0	0	0	0	0	0	0	0	56090653	
946	1	H	2	N	2500	0	40	279	122	37	31	42	0	0	0	0	0	0	0	0	0	0	0	0	56090809	
947	1	H	2	N	2500	0	40	373	157	36	29	38	0	0	0	0	0	0	0	0	0	0	0	0	56091168	
948	1	H	2	N	2500	0	40	330	99	20	15	24	0	0	0	0	0	0	0	0	0	0	0	0	56091433	
949	1	H	2	N	2500	0	40	400	168	40	31	48	0	0	0	0	0	0	0	0	0	0	0	0	56091465	
950	1	H	2	N	2500	0	40	347	120	24	18	28	0	0	0	0	0	0	0	0	0	0	0	0	56091480	
951	1	H	2	N	2500	0	1	110	67	16	15	22	0	0	0	0	0	0	0	0	0	0	0	0	56091480	
952	1	H	2	N	2500	0	1	162	62	14	10	13	0	0	0	0	0	0	0	0	0	0	0	0	56091480	
953	1	H	2	N	2500	0	40	414	158	36	27	41	0	0	0	0	0	0	0	0	0	0	0	0	56091480	
954	1	H	2	N	2500	0	40	319	160	36	29	40	0	0	0	0	0	0	0	0	0	0	0	0	56091714	
955	1	H	2	N	2500	0	40	402	151	32	28	39	0	0	0	0	0	0	0	0	0	0	0	0	56091823	
956	1	H	2	N	2500	0	40	264	173	46	37	53	0	0	0	0	0	0	0	0	0	0	0	0	56091901	
957	1	H	2	N	2500	0	40	392	160	35	26	39	0	0	0	0	0	0	0	0	0	0	0	0	56092011	
958	1	H	2	N	2500	0	40	372	148	31	25	40	0	0	0	0	0	0	0	0	0	0	0	0	56092042	
959	1	H	2	N	2500	0	40	245	158	36	25	40	0	0	0	0	0	0	0	0	0	0	0	0	56092073	
960	1	H	2	N	2500	0	40	270	151	35	27	40	0	0	0	0	0	0	0	0	0	0	0	0	56092089	
961	1	H	2	N	2500	0	40	395	158	34	26	41	0	0	0	0	0	0	0	0	0	0	0	0	56092120	
962	1	H	2	N	2500	0	40	373	228	52	40	54	0	0	0	0	0	0	0	0	0	0	0	0	56092213	
963	1	H	2	N	2500	0	40	354	143	29	26	37	0	0	0	0	0	0	0	0	0	0	0	0	56092229	
964	1	H	2	N	2500	0	40	412	149	32	25	40	0	0	0	0	0	0	0	0	0	0	0	0	56092229	
965	1	H	2	N	2500	0	40	348	151	37	30	46	0	0	0	0	0	0	0	0	0	0	0	0	56092338	
966	1	H	2	N	2500	0	40	241	160	40	30	47	0	0	0	0	0	0	0	0	0	0	0	0	56092510	
967	1	H	2	N	2500	0	40	451	160	34	27	39	0	0	0	0	0	0	0	0	0	0	0	0	56092510	
968	1	H	2	N	2500	0	1	149	71	16	13	21	0	0	0	0	0	0	0	0	0	0	0	0	56092525	
969	1	H	2	N	2500	0	1	88	61	13	10	15	0	0	0	0	0	0	0	0	0	0	0	0	56092525	
970	1	H	2	N	2500	0	40	224	153	42	30	44	0	0	0	0	0	0	0	0	0	0	0	0	56092635	
971	1	H	2	N	2500	0	40	263	141	34	24	35	0	0	0	0	0	0	0	0	0	0	0	0	56092806	
972	1	H	2	N	2500	0	40	383	134	25	20	28	0	0	0	0	0	0	0	0	0	0	0	0	56092915	
973	1	H	2	N	2500	0	40	323	144	28	22	31	0	0	0	0	0	0	0	0	0	0	0	0	56092915	
974	1	H	2	N	2500	0	40	386	160	36	27	41	0	0	0	0	0	0	0	0	0	0	0	0	56092962	
975	1	H	2	N	2500	0	40	283	142	32	25	39	0	0	0	0	0	0	0	0	0	0	0	0	56092993	
976	1	H	2	N	2500	0	40	269	172	40	30	40	0	0	0	0	0	0	0	0	0	0	0	0	56093103	
977	1	H	2	N	2500	0	40	279	161	39	33	52	0	0	0	0	0	0	0	0	0	0	0	0	56093134	
978	1	H	2	N	2500	0	40	346	131	28	23	30	0	0	0	0	0	0	0	0	0	0	0	0	56093181	
979	1	H	2	N	2500	0	40	230	139	32	25	38	0	0	0	0	0	0	0	0	0	0	0	0	56093274	
980	1	H	2	N	2500	0	40	383	189	42	33	52	0	0	0	0	0	0	0	0	0	0	0	0	56093368	
981	1	H	2	N	2500	0	40	429	198	45	35	51	0	0	0	0	0	0	0	0	0	0	0	0	56093446	
982	1	H	2	N	2500	0	40	325	163	38	32	46	0	0	0	0	0	0	0	0	0	0	0	0	56093571	
983	1	H	2	N	2500	0	1	281	83	13	13	24	0	0	0	0	0	0	0	0	0	0	0	0	56093586	
984	1	H	2	N	2500	0	40	408	160	34	27	40	0	0	0	0	0	0	0	0	0	0	0	0	56093633	
985	1	H	2	N	2500	0	40	353	138	32	24	36	0	0	0	0	0	0	0	0	0	0	0	0	56093851	
986	1	H	2	N	2500	0	40	390	159	35	25	36	0	0	0	0	0	0	0	0	0	0	0	0	56093945	
987	1	H	2	N	2500	0	40	384	171	42	31	44	0	0	0	0	0	0	0	0	0	0	0	0	56094054	
988	1	H	2	N	2500	0	40	465	170	38	30	46	0	0	0	0	0	0	0	0	0	0	0	0	56094101	
989	1	H	2	N	2500	0	40	423	158	34	26	39	0	0	0	0	0	0	0	0	0	0	0	0	56094117	
990	1	H	2	N	2500	0	40	435	173	32	24	40	0	0	0	0	0	0	0	0	0	0	0	0	56094195	
991	1	H	2	N	2500	0	1	166	39	7	6	11	0	0	0	0	0	0	0	0	0	0	0	0	56094241	
992	1	H	2	N	2500	0	1	197	89	26	18	28	0	0	0	0	0	0	0	0	0	0	0	0	56094241	
993	1	H	2	N	2500	0	40	266	165	38	31	48	0	0	0	0	0	0	0	0	0	0	0	0	56094241	
994	1	H	2	N	2500	0	40	484	200	41	34	53	0	0	0	0	0	0	0	0	0	0	0	0	56094257	
995	1	H	2	N	2500	0	40	352	134	29	23	33	0	0	0	0	0	0	0	0	0	0	0	0	56094257	
996	1	H	2	N	2500	0	40	241	148	30	21	30	0	0	0	0	0	0	0	0	0	0	0	0	56094273	
997	1	H	2	N	2500	0	40	248	152	40	29	45	0	0	0	0	0	0	0	0	0	0	0	0	56094304	
998	1	H	2	N	2500	0	40	386	147	32	25	40	0	0	0	0	0	0	0	0	0	0	0	0	56094382	
999	1	H	2	N	2500	0	40	279	175	44	30	41	0	0	0	0	0	0	0	0	0	0	0	0	56094429	
1000	1	H	2	N	2500	0	40	252	163	36	29	41	0	0	0	0	0	0	0	0	0	0	0	0	56094444	
1001	1	H	2	N	2500	0	40	378	148	32	24	34	0	0	0	0	0	0	0	0	0	0	0	0	56094616	
1002	1	H	2	N	2500	0	40	398	148	32	23	35	0	0	0	0	0	0	0	0	0	0	0	0	56094694	
1003	1	H	2	N	2500	0	40	235	134	29	24	37	0	0	0	0	0	0	0	0	0	0	0	0	56094959	
1004	1	H	2	N	2500	0	40	381	189	48	33	44	0	0	0	0	0	0	0	0	0	0	0	0	56094959	
1005	1	H	2	N	2500	0	40	395	177	36	29	41	0	0	0	0	0	0	0	0	0	0	0	0	56095177	
1006	1	H	2	N	2500	0	40	420	161	34	27	39	0	0	0	0	0	0	0	0	0	0	0	0	56095224	
1007	1	H	2	N	2500	0	40	454	165	44	33	46	0	0	0	0	0	0	0	0	0	0	0	0	56095240	
1008	1	H	2	N	2500	0	40	381	160	35	26	44	0	0	0	0	0	0	0	0	0	0	0	0	56095583	
1009	1	H	2	N	2500	0	40	312	184	43	37	52	0	0	0	0	0	0	0	0	0	0	0	0	56095708	
1010	1	H	2	N	2500	0	40	416	184	39	32	49	0	0	0	0	0	0	0	0	0	0	0	0	56095723	
1011	1	H	2	N	2500	0	40	398	177	45	33	48	0	0	0	0	0	0	0	0	0	0	0	0	56095926	
1012	1	H	2	N	2500	0	40	462	157	31	27	36	0	0	0	0	0	0	0	0	0	0	0	0	56096425	
1013	1	H	3	N	2500	6	40	355	144	28	23	34	0	0	0	0	0	0	0	0	0	0	0	0	56106160	
1014	1	H	3	N	2500	2	1	74	22	3	4	9	0	0	0	0	0	0	0	0	0	0	0	0	56107065	
1015	1	H	3	N	2500	6	40	370	144	33	23	33	0	0	0	0	0	0	0	0	0	0	0	0	56108609	
1016	1	H	3	N	2500	2	1	109	37	7	5	9	0	0	0	0	0	0	0	0	0	0	0	0	56108859	
1017	1	H	3	N	2500	2	1	80	17	2	2	3	0	0	0	0	0	0	0	0	0	0	0	0	56108999	
1018	1	H	3	N	2500	2	1	191	80	20	15	23	0	0	0	0	0	0	0	0	0	0	0	0	56108999	
1019	1	H	3	N	2500	2	1	54	9	1	1	2	0	0	0	0	0	0	0	0	0	0	0	0	56108999	
1020	1	H	4	N	2500	6	40	338	133	27	20	26	0	0	0	0	0	0	0	0	0	0	0	0	56118172	
1021	1	H	4	N	2500	6	40	331	129	25	19	28	0	0	0	0	0	0	0	0	0	0	0	0	56118375	
1022	1	H	4	N	2500	2	1	243	69	14	10	16	0	0	0	0	0	0	0	0	0	0	0	0	56118655	
1023	1	H	4	N	2500	6	40	323	108	26	19	27	0	0	0	0	0	0	0	0	0	0	0	0	56119201	
1024	1	H	4	N	2500	0	1	81	32	12	5	8	0	0	0	0	0	0	0	0	0	0	0	0	56119545	
1025	1	H	4	N	2500	0	40	284	108	22	19	27	0	0	0	0	0	0	0	0	0	0	0	0	56119857	
1026	1	H	4	N	2500	0	1	154	84	19	16	23	0	0	0	0	0	0	0	0	0	0	0	0	56119857	
1027	1	H	4	N	2500	0	40	420	148	29	22	30	0	0	0	0	0	0	0	0	0	0	0	0	56120044	
1028	1	H	4	N	2500	0	1	55	11	2	1	3	0	0	0	0	0	0	0	0	0	0	0	0	56120122	
1029	1	H	4	N	2500	0	40	226	139	29	21	28	0	0	0	0	0	0	0	0	0	0	0	0	56120356	
1030	1	H	4	N	2500	0	40	307	121	24	19	27	0	0	0	0	0	0	0	0	0	0	0	0	56120418	
1031	1	H	4	N	2500	0	40	264	158	34	26	41	0	0	0	0	0	0	0	0	0	0	0	0	56121245	
1032	1	H	4	N	2500	0	40	346	119	27	20	26	0	0	0	0	0	0	0	0	0	0	0	0	56121354	
1033	1	H	4	N	2500	0	40	253	133	29	23	35	0	0	0	0	0	0	0	0	0	0	0	0	56121401	
1034	1	H	4	N	2500	0	40	445	153	31	19	26	0	0	0	0	0	0	0	0	0	0	0	0	56121604	
1035	1	H	4	N	2500	0	1	116	27	3	3	6	0	0	0	0	0	0	0	0	0	0	0	0	56121775	
1036	1	H	4	N	2500	0	1	178	38	6	5	12	0	0	0	0	0	0	0	0	0	0	0	0	56121807	
1037	1	H	4	N	2500	0	2	298	84	13	10	19	0	0	0	0	0	0	0	0	0	0	0	0	56121807	
1038	1	H	4	N	2500	0	1	174	68	10	8	10	0	0	0	0	0	0	0	0	0	0	0	0	56122150	
1039	1	H	4	N	2500	0	1	131	91	16	14	20	0	0	0	0	0	0	0	0	0	0	0	0	56122821	
1040	1	H	4	N	2500	0	1	159	71	12	11	15	0	0	0	0	0	0	0	0	0	0	0	0	56123242	
1041	1	H	4	N	2500	0	40	389	166	36	26	39	0	0	0	0	0	0	0	0	0	0	0	0	56123803	
1042	1	H	4	N	2500	0	40	246	134	31	21	29	0	0	0	0	0	0	0	0	0	0	0	0	56124006	
1043	1	H	4	N	2500	0	1	207	45	6	5	10	0	0	0	0	0	0	0	0	0	0	0	0	56124022	
1044	1	H	4	N	2500	0	40	268	147	33	25	33	0	0	0	0	0	0	0	0	0	0	0	0	56124069	
1045	1	H	4	N	2500	0	40	368	140	32	21	31	0	0	0	0	0	0	0	0	0	0	0	0	56124568	
1046	1	H	4	N	2500	0	1	68	16	2	3	6	0	0	0	0	0	0	0	0	0	0	0	0	56124708	
1047	1	H	4	N	2500	0	40	335	102	18	14	20	0	0	0	0	0	0	0	0	0	0	0	0	56124833	
1048	1	H	4	N	2500	0	40	405	133	23	18	26	0	0	0	0	0	0	0	0	0	0	0	0	56124864	
1049	1	H	4	N	2500	0	40	207	138	28	22	33	0	0	0	0	0	0	0	0	0	0	0	0	56124895	
1050	1	H	5	N	2500	6	40	391	162	30	23	32	0	0	0	0	0	0	0	0	0	0	0	0	56137407	
1051	1	H	6	N	2500	6	40	331	123	21	16	27	0	0	0	0	0	0	0	0	0	0	0	0	56147344	
1052	1	H	6	N	2500	6	40	286	99	15	14	20	0	0	0	0	0	0	0	0	0	0	0	0	56147422	
1053	1	H	6	N	2500	6	40	262	161	34	28	39	0	0	0	0	0	0	0	0	0	0	0	0	56147578	
1054	1	H	6	N	2500	0	40	196	114	25	22	35	0	0	0	0	0	0	0	0	0	0	0	0	56147859	
1055	1	H	6	N	2500	0	40	218	121	25	20	30	0	0	0	0	0	0	0	0	0	0	0	0	56148218	
1056	1	H	6	N	2500	0	40	376	154	33	24	36	0	0	0	0	0	0	0	0	0	0	0	0	56148498	
1057	1	H	6	N	2500	0	40	393	151	34	27	44	0	0	0	0	0	0	0	0	0	0	0	0	56148717	
1058	1	H	6	N	2500	0	40	329	109	20	16	25	0	0	0	0	0	0	0	0	0	0	0	0	56148748	
1059	1	H	6	N	2500	0	40	342	128	25	21	29	0	0	0	0	0	0	0	0	0	0	0	0	56149528	
1060	1	H	6	N	2500	0	1	237	87	16	14	20	0	0	0	0	0	0	0	0	0	0	0	0	56149559	
1061	1	H	6	N	2500	0	40	290	99	23	18	29	0	0	0	0	0	0	0	0	0	0	0	0	56149746	
1062	1	H	6	N	2500	0	40	318	104	19	14	27	0	0	0	0	0	0	0	0	0	0	0	0	56149809	
1063	1	H	6	N	2500	0	1	72	24	2	2	4	0	0	0	0	0	0	0	0	0	0	0	0	56149918	
1064	1	H	6	N	2500	0	40	246	146	30	24	33	0	0	0	0	0	0	0	0	0	0	0	0	56150105	
1065	1	H	6	N	2500	0	1	58	12	0	0	1	0	0	0	0	0	0	0	0	0	0	0	0	56150152	
1066	1	H	6	N	2500	0	1	203	59	12	10	18	0	0	0	0	0	0	0	0	0	0	0	0	56150199	
1067	1	H	6	N	2500	0	40	272	141	31	23	35	0	0	0	0	0	0	0	0	0	0	0	0	56150277	
1068	1	H	6	N	2500	0	40	372	154	36	26	40	0	0	0	0	0	0	0	0	0	0	0	0	56150292	
1069	1	H	6	N	2500	0	1	65	23	3	3	5	0	0	0	0	0	0	0	0	0	0	0	0	56150324	
1070	1	H	6	N	2500	0	1	110	61	14	11	14	0	0	0	0	0	0	0	0	0	0	0	0	56150448	
1071	1	H	6	N	2500	0	1	108	42	8	8	14	0	0	0	0	0	0	0	0	0	0	0	0	56150448	
1072	1	H	6	N	2500	0	40	389	156	33	27	38	0	0	0	0	0	0	0	0	0	0	0	0	56150542	
1073	1	H	6	N	2500	0	40	235	129	25	20	29	0	0	0	0	0	0	0	0	0	0	0	0	56150901	
1074	1	H	6	N	2500	0	1	80	19	2	1	4	0	0	0	0	0	0	0	0	0	0	0	0	56151338	
1075	1	H	6	N	2500	0	1	109	29	4	3	6	0	0	0	0	0	0	0	0	0	0	0	0	56151603	
1076	1	H	6	N	2500	0	1	198	106	22	17	27	0	0	0	0	0	0	0	0	0	0	0	0	56151821	
1077	1	H	6	N	2500	0	40	413	160	31	24	37	0	0	0	0	0	0	0	0	0	0	0	0	56151852	
1078	1	H	6	N	2500	0	1	223	82	16	13	21	0	0	0	0	0	0	0	0	0	0	0	0	56151868	
1079	1	H	6	N	2500	0	40	212	148	28	22	33	0	0	0	0	0	0	0	0	0	0	0	0	56151946	
1080	1	H	6	N	2500	0	1	150	38	6	4	6	0	0	0	0	0	0	0	0	0	0	0	0	56152055	
1081	1	H	6	N	2500	0	40	285	104	21	16	27	0	0	0	0	0	0	0	0	0	0	0	0	56152086	
1082	1	H	6	N	2500	0	40	399	154	30	23	36	0	0	0	0	0	0	0	0	0	0	0	0	56152289	
1083	1	H	6	N	2500	0	40	368	137	26	22	36	0	0	0	0	0	0	0	0	0	0	0	0	56152617	
1084	1	H	6	N	2500	0	40	380	127	26	18	26	0	0	0	0	0	0	0	0	0	0	0	0	56152632	
1085	1	H	6	N	2500	0	40	330	129	27	22	28	0	0	0	0	0	0	0	0	0	0	0	0	56152882	
1086	1	H	6	N	2500	0	1	117	41	6	5	7	0	0	0	0	0	0	0	0	0	0	0	0	56153178	
1087	1	H	6	N	2500	0	1	153	60	9	8	11	0	0	0	0	0	0	0	0	0	0	0	0	56153958	
1088	1	H	6	N	2500	0	40	325	137	25	20	28	0	0	0	0	0	0	0	0	0	0	0	0	56154255	
1089	1	H	7	N	2500	2	1	66	15	3	2	7	0	0	0	0	0	0	0	0	0	0	0	0	56161119	
1090	1	H	7	N	2500	6	40	287	175	44	29	46	0	0	0	0	0	0	0	0	0	0	0	0	56168482	
1091	1	H	8	N	2500	6	40	308	84	14	12	15	0	0	0	0	0	0	0	0	0	0	0	0	56176469	
1092	1	H	8	N	2500	2	1	147	60	11	9	12	0	0	0	0	0	0	0	0	0	0	0	0	56177327	
1093	1	H	8	N	2500	2	1	107	58	12	10	16	0	0	0	0	0	0	0	0	0	0	0	0	56177530	
1094	1	H	8	N	2500	2	1	191	51	8	6	10	0	0	0	0	0	0	0	0	0	0	0	0	56177608	
1095	1	H	8	N	2500	2	1	158	37	5	4	7	0	0	0	0	0	0	0	0	0	0	0	0	56178216	
1096	1	H	8	N	2500	2	1	225	65	12	9	13	0	0	0	0	0	0	0	0	0	0	0	0	56178279	
1097	1	H	8	N	2500	2	1	223	62	12	10	14	0	0	0	0	0	0	0	0	0	0	0	0	56178840	
1098	1	H	8	N	2500	2	1	257	64	11	7	14	0	0	0	0	0	0	0	0	0	0	0	0	56178903	
1099	1	H	8	N	2500	2	1	171	61	12	9	13	0	0	0	0	0	0	0	0	0	0	0	0	56179308	
1100	1	H	8	N	2500	2	1	238	67	10	8	10	0	0	0	0	0	0	0	0	0	0	0	0	56179355	
1101	1	H	8	N	2500	2	1	199	60	11	7	12	0	0	0	0	0	0	0	0	0	0	0	0	56179496	
1102	1	H	8	N	2500	2	2	302	84	11	10	15	0	0	0	0	0	0	0	0	0	0	0	0	56179714	
1103	1	H	9	N	2500	2	1	64	22	5	4	7	0	0	0	0	0	0	0	0	0	0	0	0	56196671	
1104	1	H	10	N	2500	6	40	334	125	26	20	30	0	0	0	0	0	0	0	0	0	0	0	0	56205345	
1105	1	H	10	N	2500	6	40	387	144	31	22	33	0	0	0	0	0	0	0	0	0	0	0	0	56205392	
1106	1	H	10	N	2500	6	40	203	138	32	24	36	0	0	0	0	0	0	0	0	0	0	0	0	56205485	
1107	1	H	10	N	2500	0	40	321	159	36	25	36	0	0	0	0	0	0	0	0	0	0	0	0	56206000	
1108	1	H	10	N	2500	0	40	339	150	36	27	39	0	0	0	0	0	0	0	0	0	0	0	0	56207482	
1109	1	H	10	N	2500	0	40	340	128	26	20	33	0	0	0	0	0	0	0	0	0	0	0	0	56207638	
1110	1	H	10	N	2500	0	40	319	154	41	30	47	0	0	0	0	0	0	0	0	0	0	0	0	56207763	
1111	1	H	10	N	2500	0	1	56	11	1	1	2	0	0	0	0	0	0	0	0	0	0	0	0	56208044	
1112	1	H	10	N	2500	0	40	335	125	25	19	29	0	0	0	0	0	0	0	0	0	0	0	0	56210118	
1113	1	H	10	N	2500	0	40	387	133	29	19	31	0	0	0	0	0	0	0	0	0	0	0	0	56210181	
1114	1	H	10	N	2500	0	40	366	137	32	24	31	0	0	0	0	0	0	0	0	0	0	0	0	56210493	
1115	1	H	10	N	2500	0	40	371	157	36	26	38	0	0	0	0	0	0	0	0	0	0	0	0	56211741	
1116	1	H	12	N	2500	6	40	185	120	30	24	33	0	0	0	0	0	0	0	0	0	0	0	0	56234018	
1117	1	H	12	N	2500	6	40	299	117	26	23	34	0	0	0	0	0	0	0	0	0	0	0	0	56234158	
1118	1	H	12	N	2500	6	40	351	147	35	30	44	0	0	0	0	0	0	0	0	0	0	0	0	56234267	
1119	1	H	12	N	2500	0	1	247	89	19	15	24	0	0	0	0	0	0	0	0	0	0	0	0	56234314	
1120	1	H	12	N	2500	0	40	335	152	35	27	41	0	0	0	0	0	0	0	0	0	0	0	0	56234314	
1121	1	H	12	N	2500	0	40	279	132	31	27	42	0	0	0	0	0	0	0	0	0	0	0	0	56235063	
1122	1	H	12	N	2500	0	1	200	96	21	17	26	0	0	0	0	0	0	0	0	0	0	0	0	56235094	
1123	1	H	12	N	2500	0	1	50	27	6	5	10	0	0	0	0	0	0	0	0	0	0	0	0	56235234	
1124	1	H	12	N	2500	0	40	335	119	24	21	34	0	0	0	0	0	0	0	0	0	0	0	0	56235702	
1125	1	H	12	N	2500	0	40	228	131	32	28	44	0	0	0	0	0	0	0	0	0	0	0	0	56235702	
1126	1	H	12	N	2500	0	40	354	125	24	19	28	0	0	0	0	0	0	0	0	0	0	0	0	56236139	
1127	1	H	12	N	2500	0	40	277	145	32	29	40	0	0	0	0	0	0	0	0	0	0	0	0	56236233	
1128	1	H	12	N	2500	0	40	315	133	30	24	40	0	0	0	0	0	0	0	0	0	0	0	0	56236326	
1129	1	H	12	N	2500	0	1	76	62	21	18	36	0	0	0	0	0	0	0	0	0	0	0	0	56236342	
1130	1	H	12	N	2500	0	40	314	111	18	16	21	0	0	0	0	0	0	0	0	0	0	0	0	56236404	
1131	1	H	12	N	2500	0	1	50	28	6	5	12	0	0	0	0	0	0	0	0	0	0	0	0	56236482	
1132	1	H	12	N	2500	0	40	288	102	20	18	32	0	0	0	0	0	0	0	0	0	0	0	0	56236498	
1133	1	H	12	N	2500	0	40	304	88	15	14	21	0	0	0	0	0	0	0	0	0	0	0	0	56236514	
1134	1	H	12	N	2500	0	40	294	101	25	19	28	0	0	0	0	0	0	0	0	0	0	0	0	56236638	
1135	1	H	12	N	2500	0	40	335	145	35	28	42	0	0	0	0	0	0	0	0	0	0	0	0	56236670	
1136	1	H	12	N	2500	0	40	189	123	26	23	34	0	0	0	0	0	0	0	0	0	0	0	0	56236670	
1137	1	H	12	N	2500	0	40	297	154	33	29	43	0	0	0	0	0	0	0	0	0	0	0	0	56236716	
1138	1	H	12	N	2500	0	40	195	135	30	25	38	0	0	0	0	0	0	0	0	0	0	0	0	56236904	
1139	1	H	12	N	2500	0	40	365	138	32	27	40	0	0	0	0	0	0	0	0	0	0	0	0	56236935	
1140	1	H	12	N	2500	0	40	302	98	20	17	26	0	0	0	0	0	0	0	0	0	0	0	0	56237184	
1141	1	H	12	N	2500	0	40	319	130	26	21	29	0	0	0	0	0	0	0	0	0	0	0	0	56237231	
1142	1	H	12	N	2500	0	40	278	117	26	19	29	0	0	0	0	0	0	0	0	0	0	0	0	56237340	
1143	1	H	12	N	2500	0	1	219	100	26	22	32	0	0	0	0	0	0	0	0	0	0	0	0	56237387	
1144	1	H	12	N	2500	0	1	169	97	18	15	22	0	0	0	0	0	0	0	0	0	0	0	0	56237418	
1145	1	H	12	N	2500	0	1	52	40	8	7	15	0	0	0	0	0	0	0	0	0	0	0	0	56237418	
1146	1	H	12	N	2500	0	1	590	238	46	39	61	0	0	0	0	0	0	0	0	0	0	0	0	56237543	
1147	1	H	12	N	2500	0	40	457	159	32	23	39	0	0	0	0	0	0	0	0	0	0	0	0	56237543	
1148	1	H	12	N	2500	0	40	221	134	27	23	34	0	0	0	0	0	0	0	0	0	0	0	0	56237637	
1149	1	H	12	N	2500	0	40	240	140	30	25	37	0	0	0	0	0	0	0	0	0	0	0	0	56237684	
1150	1	H	12	N	2500	0	40	308	108	22	17	30	0	0	0	0	0	0	0	0	0	0	0	0	56237855	
1151	1	H	12	N	2500	0	1	251	88	15	13	21	0	0	0	0	0	0	0	0	0	0	0	0	56237871	
1152	1	H	12	N	2500	0	40	337	123	27	21	31	0	0	0	0	0	0	0	0	0	0	0	0	56237886	
1153	1	H	12	N	2500	0	40	171	126	26	23	31	0	0	0	0	0	0	0	0	0	0	0	0	56237918	
1154	1	H	12	N	2500	0	40	308	100	17	17	21	0	0	0	0	0	0	0	0	0	0	0	0	56237996	
1155	1	H	12	N	2500	0	40	246	177	41	33	46	0	0	0	0	0	0	0	0	0	0	0	0	56238058	
1156	1	H	12	N	2500	0	2	141	152	78	71	131	0	0	0	0	0	0	0	0	0	0	0	0	56238089	
1157	1	H	12	N	2500	0	1	56	21	5	4	8	0	0	0	0	0	0	0	0	0	0	0	0	56238105	
1158	1	H	12	N	2500	0	40	374	142	30	25	42	0	0	0	0	0	0	0	0	0	0	0	0	56238401	
1159	1	H	12	N	2500	0	40	300	98	18	15	27	0	0	0	0	0	0	0	0	0	0	0	0	56238510	
1160	1	H	12	N	2500	0	40	223	159	38	29	41	0	0	0	0	0	0	0	0	0	0	0	0	56238682	
1161	1	H	12	N	2500	0	40	377	129	25	23	34	0	0	0	0	0	0	0	0	0	0	0	0	56238713	
1162	1	H	12	N	2500	0	2	142	145	83	74	133	0	0	0	0	0	0	0	0	0	0	0	0	56238791	
1163	1	H	12	N	2500	0	1	52	13	2	1	4	0	0	0	0	0	0	0	0	0	0	0	0	56238791	
1164	1	H	12	N	2500	0	40	323	98	19	14	23	0	0	0	0	0	0	0	0	0	0	0	0	56238822	
1165	1	H	12	N	2500	0	40	308	113	24	21	30	0	0	0	0	0	0	0	0	0	0	0	0	56238838	
1166	1	H	12	N	2500	0	1	87	75	22	18	37	0	0	0	0	0	0	0	0	0	0	0	0	56239150	
1167	1	H	12	N	2500	0	1	53	20	4	3	7	0	0	0	0	0	0	0	0	0	0	0	0	56239150	
1168	1	H	12	N	2500	0	40	345	149	30	26	38	0	0	0	0	0	0	0	0	0	0	0	0	56239197	
1169	1	H	12	N	2500	0	40	221	108	19	17	24	0	0	0	0	0	0	0	0	0	0	0	0	56239212	
1170	1	H	12	N	2500	0	40	279	145	30	26	35	0	0	0	0	0	0	0	0	0	0	0	0	56239290	
1171	1	H	12	N	2500	0	40	378	145	30	23	34	0	0	0	0	0	0	0	0	0	0	0	0	56239493	
1172	1	H	12	N	2500	0	40	485	161	33	29	47	0	0	0	0	0	0	0	0	0	0	0	0	56239540	
1173	1	H	12	N	2500	0	40	356	123	23	20	30	0	0	0	0	0	0	0	0	0	0	0	0	56239556	
1174	1	H	12	N	2500	0	40	332	124	26	20	30	0	0	0	0	0	0	0	0	0	0	0	0	56239587	
1175	1	H	12	N	2500	0	40	335	102	20	17	28	0	0	0	0	0	0	0	0	0	0	0	0	56240024	
1176	1	H	12	N	2500	0	40	276	160	37	34	49	0	0	0	0	0	0	0	0	0	0	0	0	56240351	
1177	1	H	12	N	2500	0	40	236	101	20	18	30	0	0	0	0	0	0	0	0	0	0	0	0	56240351	
1178	1	H	12	N	2500	0	1	73	47	16	13	29	0	0	0	0	0	0	0	0	0	0	0	0	56240710	
1179	1	H	12	N	2500	0	40	196	137	29	25	33	0	0	0	0	0	0	0	0	0	0	0	0	56240772	
1180	1	H	12	N	2500	0	40	320	122	29	20	33	0	0	0	0	0	0	0	0	0	0	0	0	56240913	
1181	1	H	12	N	2500	0	40	317	114	26	23	39	0	0	0	0	0	0	0	0	0	0	0	0	56241100	
1182	1	H	12	N	2500	0	1	262	82	16	14	21	0	0	0	0	0	0	0	0	0	0	0	0	56241147	


Threshold source: EXT,  value 50
Min TOF = 50
EXT signal gain 1.6
Green signal gain 3.0
Yellow signal gain 3.0
Red signal gain 3.0
Green PMT voltage 700
Yellow PMT voltage 700
Red PMT voltage 900
Signal multipliers: 1.0,1.0,1.0,1.0
C:\Users\unionbio\Desktop\COPAS Templates\USE for L4 dispense4.csv