Id	Plate	Row	Column	Clog	Scan rate	Status sort	Status sel	TOF	EXT	Green	Yellow	Red	PH Ext	PW Ext	PC Ext	PH Green	PW Green	PCGreen	PH Yellow	PW Yellow	PCYellow	PH Red	PW Red	PCRed	Time Stamp	
0	1	A	1	N	2500	2	1	104	51	13	11	24	0	0	0	0	0	0	0	0	0	0	0	0	52433780	
1	1	A	1	N	2500	2	1	90	60	22	20	39	0	0	0	0	0	0	0	0	0	0	0	0	52433780	
2	1	A	1	N	2500	2	1	59	46	18	17	32	0	0	0	0	0	0	0	0	0	0	0	0	52433858	
3	1	A	1	N	2500	6	40	295	122	37	31	45	0	0	0	0	0	0	0	0	0	0	0	0	52434139	
4	1	A	1	N	2500	6	40	232	125	37	33	50	0	0	0	0	0	0	0	0	0	0	0	0	52435231	
5	1	A	1	N	2500	2	1	258	88	19	18	25	0	0	0	0	0	0	0	0	0	0	0	0	52437290	
6	1	A	1	N	2500	2	1	120	120	79	72	116	0	0	0	0	0	0	0	0	0	0	0	0	52438226	
7	1	A	1	N	2500	33	1	51	22	4	4	7	0	0	0	0	0	0	0	0	0	0	0	0	52438226	
8	1	A	2	N	2500	2	1	143	81	18	16	25	0	0	0	0	0	0	0	0	0	0	0	0	52446073	
9	1	A	2	N	2500	2	1	174	105	39	30	43	0	0	0	0	0	0	0	0	0	0	0	0	52446073	
10	1	A	2	N	2500	6	40	341	137	43	32	53	0	0	0	0	0	0	0	0	0	0	0	0	52446556	
11	1	A	2	N	2500	6	40	327	134	42	32	52	0	0	0	0	0	0	0	0	0	0	0	0	52446884	
12	1	A	2	N	2500	2	1	103	116	90	84	118	0	0	0	0	0	0	0	0	0	0	0	0	52448194	
13	1	A	2	N	2500	6	40	179	127	41	30	46	0	0	0	0	0	0	0	0	0	0	0	0	52448584	
14	1	A	2	N	2500	0	1	215	74	22	20	35	0	0	0	0	0	0	0	0	0	0	0	0	52448787	
15	1	A	2	N	2500	0	1	166	105	41	36	53	0	0	0	0	0	0	0	0	0	0	0	0	52448974	
16	1	A	2	N	2500	0	1	177	63	15	14	22	0	0	0	0	0	0	0	0	0	0	0	0	52449458	
17	1	A	2	N	2500	0	40	328	129	36	31	51	0	0	0	0	0	0	0	0	0	0	0	0	52450534	
18	1	A	2	N	2500	0	40	262	95	23	19	29	0	0	0	0	0	0	0	0	0	0	0	0	52450581	
19	1	A	2	N	2500	0	40	218	115	40	29	41	0	0	0	0	0	0	0	0	0	0	0	0	52451111	
20	1	A	2	N	2500	0	40	296	109	28	25	38	0	0	0	0	0	0	0	0	0	0	0	0	52452032	
21	1	A	2	N	2500	0	40	295	100	34	24	38	0	0	0	0	0	0	0	0	0	0	0	0	52452032	
22	1	A	2	N	2500	0	40	244	99	25	23	37	0	0	0	0	0	0	0	0	0	0	0	0	52452172	
23	1	A	2	N	2500	0	1	88	48	15	14	19	0	0	0	0	0	0	0	0	0	0	0	0	52452203	
24	1	A	3	N	2500	6	40	197	113	35	29	45	0	0	0	0	0	0	0	0	0	0	0	0	52461439	
25	1	A	3	N	2500	2	1	72	26	12	1	2	0	0	0	0	0	0	0	0	0	0	0	0	52463186	
26	1	A	3	N	2500	2	1	101	52	17	15	21	0	0	0	0	0	0	0	0	0	0	0	0	52463248	
27	1	A	3	N	2500	2	1	92	16	3	4	10	0	0	0	0	0	0	0	0	0	0	0	0	52463669	
28	1	A	3	N	2500	6	40	300	146	43	38	49	0	0	0	0	0	0	0	0	0	0	0	0	52464075	
29	1	A	3	N	2500	2	1	89	84	45	44	75	0	0	0	0	0	0	0	0	0	0	0	0	52465573	
30	1	A	3	N	2500	2	1	152	163	179	181	214	0	0	0	0	0	0	0	0	0	0	0	0	52466384	
31	1	A	3	N	2500	2	1	56	24	9	9	17	0	0	0	0	0	0	0	0	0	0	0	0	52466384	
32	1	A	3	N	2500	2	1	60	60	39	38	64	0	0	0	0	0	0	0	0	0	0	0	0	52467101	
33	1	A	4	N	2500	6	40	214	139	44	35	45	0	0	0	0	0	0	0	0	0	0	0	0	52475557	
34	1	A	4	N	2500	6	40	306	123	37	32	49	0	0	0	0	0	0	0	0	0	0	0	0	52475775	
35	1	A	4	N	2500	6	40	215	141	39	33	47	0	0	0	0	0	0	0	0	0	0	0	0	52476103	
36	1	A	4	N	2500	0	40	316	134	43	33	49	0	0	0	0	0	0	0	0	0	0	0	0	52476493	
37	1	A	4	N	2500	0	40	236	129	45	37	53	0	0	0	0	0	0	0	0	0	0	0	0	52476727	
38	1	A	4	N	2500	0	40	315	147	39	35	46	0	0	0	0	0	0	0	0	0	0	0	0	52477007	
39	1	A	4	N	2500	0	40	302	160	52	40	55	0	0	0	0	0	0	0	0	0	0	0	0	52477491	
40	1	A	4	N	2500	0	1	140	59	14	12	21	0	0	0	0	0	0	0	0	0	0	0	0	52477741	
41	1	A	4	N	2500	0	40	322	136	47	37	49	0	0	0	0	0	0	0	0	0	0	0	0	52477819	
42	1	A	4	N	2500	0	40	256	139	45	36	49	0	0	0	0	0	0	0	0	0	0	0	0	52478302	
43	1	A	4	N	2500	0	40	203	125	39	30	45	0	0	0	0	0	0	0	0	0	0	0	0	52478505	
44	1	A	4	N	2500	0	40	304	135	39	34	48	0	0	0	0	0	0	0	0	0	0	0	0	52478583	
45	1	A	4	N	2500	0	40	252	113	40	31	47	0	0	0	0	0	0	0	0	0	0	0	0	52478723	
46	1	A	4	N	2500	0	40	355	145	40	33	48	0	0	0	0	0	0	0	0	0	0	0	0	52479176	
47	1	A	4	N	2500	0	40	372	156	46	38	53	0	0	0	0	0	0	0	0	0	0	0	0	52479581	
48	1	A	4	N	2500	0	40	217	120	37	34	52	0	0	0	0	0	0	0	0	0	0	0	0	52479628	
49	1	A	4	N	2500	0	40	225	124	35	32	47	0	0	0	0	0	0	0	0	0	0	0	0	52479722	
50	1	A	4	N	2500	0	40	198	119	40	31	45	0	0	0	0	0	0	0	0	0	0	0	0	52479753	
51	1	A	4	N	2500	0	1	210	90	22	19	30	0	0	0	0	0	0	0	0	0	0	0	0	52479940	
52	1	A	4	N	2500	0	40	369	143	42	32	50	0	0	0	0	0	0	0	0	0	0	0	0	52480361	
53	1	A	4	N	2500	0	1	141	92	23	22	31	0	0	0	0	0	0	0	0	0	0	0	0	52480377	
54	1	A	4	N	2500	0	1	234	97	37	30	45	0	0	0	0	0	0	0	0	0	0	0	0	52480658	
55	1	A	4	N	2500	0	1	218	61	12	11	17	0	0	0	0	0	0	0	0	0	0	0	0	52481734	
56	1	A	4	N	2500	0	1	66	13	3	4	8	0	0	0	0	0	0	0	0	0	0	0	0	52482187	
57	1	A	6	N	2500	2	1	202	98	24	20	33	0	0	0	0	0	0	0	0	0	0	0	0	52504042	
58	1	A	6	N	2500	8	40	326	117	36	27	36	0	0	0	0	0	0	0	0	0	0	0	0	52504042	
59	1	A	6	N	2500	6	40	167	134	42	36	53	0	0	0	0	0	0	0	0	0	0	0	0	52504152	
60	1	A	6	N	2500	6	40	332	137	37	30	46	0	0	0	0	0	0	0	0	0	0	0	0	52504167	
61	1	A	6	N	2500	2	1	186	72	27	24	33	0	0	0	0	0	0	0	0	0	0	0	0	52504183	
62	1	A	6	N	2500	2	1	267	91	24	19	27	0	0	0	0	0	0	0	0	0	0	0	0	52504807	
63	1	A	6	N	2500	2	1	188	107	40	35	50	0	0	0	0	0	0	0	0	0	0	0	0	52504900	
64	1	A	6	N	2500	6	40	313	117	34	26	38	0	0	0	0	0	0	0	0	0	0	0	0	52504963	
65	1	A	6	N	2500	0	40	312	106	28	23	35	0	0	0	0	0	0	0	0	0	0	0	0	52505150	
66	1	A	6	N	2500	0	40	241	141	43	34	49	0	0	0	0	0	0	0	0	0	0	0	0	52505228	
67	1	A	6	N	2500	0	40	327	126	37	29	40	0	0	0	0	0	0	0	0	0	0	0	0	52505244	
68	1	A	6	N	2500	0	40	272	138	41	33	50	0	0	0	0	0	0	0	0	0	0	0	0	52505259	
69	1	A	6	N	2500	0	40	349	145	37	30	45	0	0	0	0	0	0	0	0	0	0	0	0	52505649	
70	1	A	6	N	2500	0	1	155	38	9	9	14	0	0	0	0	0	0	0	0	0	0	0	0	52505680	
71	1	A	6	N	2500	0	1	199	78	22	17	26	0	0	0	0	0	0	0	0	0	0	0	0	52505680	
72	1	A	6	N	2500	0	40	343	129	31	29	43	0	0	0	0	0	0	0	0	0	0	0	0	52505836	
73	1	A	6	N	2500	0	40	363	140	39	30	44	0	0	0	0	0	0	0	0	0	0	0	0	52505961	
74	1	A	6	N	2500	0	40	332	161	44	38	57	0	0	0	0	0	0	0	0	0	0	0	0	52506211	
75	1	A	6	N	2500	0	40	201	117	38	30	45	0	0	0	0	0	0	0	0	0	0	0	0	52506601	
76	1	A	6	N	2500	0	40	358	112	32	26	40	0	0	0	0	0	0	0	0	0	0	0	0	52506632	
77	1	A	6	N	2500	0	40	334	140	49	33	47	0	0	0	0	0	0	0	0	0	0	0	0	52506648	
78	1	A	6	N	2500	0	40	277	148	38	33	44	0	0	0	0	0	0	0	0	0	0	0	0	52506663	
79	1	A	6	N	2500	0	40	303	143	47	36	58	0	0	0	0	0	0	0	0	0	0	0	0	52506726	
80	1	A	6	N	2500	0	40	305	118	34	27	38	0	0	0	0	0	0	0	0	0	0	0	0	52506741	
81	1	A	6	N	2500	0	40	293	131	34	30	51	0	0	0	0	0	0	0	0	0	0	0	0	52506757	
82	1	A	6	N	2500	0	40	369	141	39	28	39	0	0	0	0	0	0	0	0	0	0	0	0	52506835	
83	1	A	6	N	2500	0	40	299	112	35	27	37	0	0	0	0	0	0	0	0	0	0	0	0	52506850	
84	1	A	6	N	2500	0	40	307	148	41	35	49	0	0	0	0	0	0	0	0	0	0	0	0	52506975	
85	1	A	6	N	2500	0	40	212	131	36	29	42	0	0	0	0	0	0	0	0	0	0	0	0	52506975	
86	1	A	6	N	2500	0	40	364	158	42	35	45	0	0	0	0	0	0	0	0	0	0	0	0	52507147	
87	1	A	6	N	2500	0	40	230	117	36	28	41	0	0	0	0	0	0	0	0	0	0	0	0	52507178	
88	1	A	6	N	2500	0	40	325	124	36	29	42	0	0	0	0	0	0	0	0	0	0	0	0	52507256	
89	1	A	6	N	2500	0	1	92	40	7	6	11	0	0	0	0	0	0	0	0	0	0	0	0	52507318	
90	1	A	6	N	2500	0	40	285	122	38	30	44	0	0	0	0	0	0	0	0	0	0	0	0	52507443	
91	1	A	6	N	2500	0	40	312	114	29	25	37	0	0	0	0	0	0	0	0	0	0	0	0	52507552	
92	1	A	6	N	2500	0	1	145	97	30	26	34	0	0	0	0	0	0	0	0	0	0	0	0	52507880	
93	1	A	6	N	2500	0	40	314	143	41	37	51	0	0	0	0	0	0	0	0	0	0	0	0	52508005	
94	1	A	6	N	2500	0	1	126	110	38	32	40	0	0	0	0	0	0	0	0	0	0	0	0	52508208	
95	1	A	6	N	2500	0	40	324	141	43	35	49	0	0	0	0	0	0	0	0	0	0	0	0	52508301	
96	1	A	6	N	2500	0	40	271	119	36	29	38	0	0	0	0	0	0	0	0	0	0	0	0	52508582	
97	1	A	6	N	2500	0	1	164	95	26	22	32	0	0	0	0	0	0	0	0	0	0	0	0	52508629	
98	1	A	6	N	2500	0	40	286	108	29	24	36	0	0	0	0	0	0	0	0	0	0	0	0	52508707	
99	1	A	6	N	2500	0	40	355	155	45	34	50	0	0	0	0	0	0	0	0	0	0	0	0	52508707	
100	1	A	6	N	2500	0	1	72	13	1	2	3	0	0	0	0	0	0	0	0	0	0	0	0	52508894	
101	1	A	6	N	2500	0	40	256	135	39	34	49	0	0	0	0	0	0	0	0	0	0	0	0	52508972	
102	1	A	6	N	2500	0	40	197	113	36	28	38	0	0	0	0	0	0	0	0	0	0	0	0	52509190	
103	1	A	6	N	2500	0	40	331	165	47	41	62	0	0	0	0	0	0	0	0	0	0	0	0	52509222	
104	1	A	6	N	2500	0	40	222	132	36	29	42	0	0	0	0	0	0	0	0	0	0	0	0	52509736	
105	1	A	6	N	2500	0	40	268	137	37	34	49	0	0	0	0	0	0	0	0	0	0	0	0	52509986	
106	1	A	6	N	2500	0	1	58	37	13	11	22	0	0	0	0	0	0	0	0	0	0	0	0	52510064	
107	1	A	6	N	2500	0	1	168	90	29	23	33	0	0	0	0	0	0	0	0	0	0	0	0	52510173	
108	1	A	6	N	2500	0	40	324	127	36	29	42	0	0	0	0	0	0	0	0	0	0	0	0	52510204	
109	1	A	6	N	2500	0	40	278	153	48	39	62	0	0	0	0	0	0	0	0	0	0	0	0	52510251	
110	1	A	6	N	2500	0	1	53	30	10	9	15	0	0	0	0	0	0	0	0	0	0	0	0	52510392	
111	1	A	6	N	2500	0	1	77	34	9	8	17	0	0	0	0	0	0	0	0	0	0	0	0	52510392	
112	1	A	6	N	2500	0	1	51	22	5	5	11	0	0	0	0	0	0	0	0	0	0	0	0	52510579	
113	1	A	6	N	2500	0	1	202	62	14	12	21	0	0	0	0	0	0	0	0	0	0	0	0	52510735	
114	1	A	7	N	2500	6	40	369	147	37	31	44	0	0	0	0	0	0	0	0	0	0	0	0	52518660	
115	1	A	8	N	2500	2	1	159	88	37	27	0	0	0	0	0	0	0	0	0	0	0	0	0	52532278	
116	1	A	8	N	2500	2	1	208	80	24	23	35	0	0	0	0	0	0	0	0	0	0	0	0	52533168	
117	1	A	8	N	2500	6	40	329	122	37	31	44	0	0	0	0	0	0	0	0	0	0	0	0	52533448	
118	1	A	8	N	2500	2	1	85	51	30	37	57	0	0	0	0	0	0	0	0	0	0	0	0	52534509	
119	1	A	8	N	2500	6	40	319	117	31	27	43	0	0	0	0	0	0	0	0	0	0	0	0	52534868	
120	1	A	8	N	2500	6	40	348	135	41	33	43	0	0	0	0	0	0	0	0	0	0	0	0	52535149	
121	1	A	8	N	2500	0	40	211	128	36	31	47	0	0	0	0	0	0	0	0	0	0	0	0	52535336	
122	1	A	8	N	2500	0	40	315	111	35	27	39	0	0	0	0	0	0	0	0	0	0	0	0	52535352	
123	1	A	8	N	2500	0	1	189	92	30	28	37	0	0	0	0	0	0	0	0	0	0	0	0	52535601	
124	1	A	8	N	2500	0	40	269	128	43	32	48	0	0	0	0	0	0	0	0	0	0	0	0	52535866	
125	1	A	8	N	2500	0	40	337	140	41	36	60	0	0	0	0	0	0	0	0	0	0	0	0	52535866	
126	1	A	8	N	2500	0	40	310	108	34	26	40	0	0	0	0	0	0	0	0	0	0	0	0	52536132	
127	1	A	8	N	2500	0	1	57	22	7	6	10	0	0	0	0	0	0	0	0	0	0	0	0	52536397	
128	1	A	8	N	2500	0	1	269	86	25	20	32	0	0	0	0	0	0	0	0	0	0	0	0	52536537	
129	1	A	8	N	2500	0	40	305	113	31	27	40	0	0	0	0	0	0	0	0	0	0	0	0	52536849	
130	1	A	8	N	2500	0	40	237	100	28	24	33	0	0	0	0	0	0	0	0	0	0	0	0	52536927	
131	1	A	8	N	2500	0	40	235	158	47	40	57	0	0	0	0	0	0	0	0	0	0	0	0	52536943	
132	1	A	8	N	2500	0	40	365	170	49	44	59	0	0	0	0	0	0	0	0	0	0	0	0	52536990	
133	1	A	8	N	2500	0	40	215	135	44	33	50	0	0	0	0	0	0	0	0	0	0	0	0	52537021	
134	1	A	8	N	2500	0	40	275	111	42	31	49	0	0	0	0	0	0	0	0	0	0	0	0	52537255	
135	1	A	8	N	2500	0	40	215	119	38	34	53	0	0	0	0	0	0	0	0	0	0	0	0	52537458	
136	1	A	8	N	2500	0	40	290	129	46	32	47	0	0	0	0	0	0	0	0	0	0	0	0	52537504	
137	1	A	9	N	2500	2	1	164	91	25	23	35	0	0	0	0	0	0	0	0	0	0	0	0	52546724	
138	1	A	9	N	2500	6	40	277	112	30	26	36	0	0	0	0	0	0	0	0	0	0	0	0	52546818	
139	1	A	9	N	2500	2	1	112	88	32	43	91	0	0	0	0	0	0	0	0	0	0	0	0	52551669	
140	1	A	9	N	2500	2	1	216	97	36	32	46	0	0	0	0	0	0	0	0	0	0	0	0	52552886	
141	1	A	10	N	2500	6	40	214	158	43	35	51	0	0	0	0	0	0	0	0	0	0	0	0	52563244	
142	1	A	10	N	2500	2	1	63	30	9	4	7	0	0	0	0	0	0	0	0	0	0	0	0	52563494	
143	1	A	10	N	2500	6	40	310	126	40	30	42	0	0	0	0	0	0	0	0	0	0	0	0	52563556	
144	1	A	10	N	2500	6	40	313	138	38	35	51	0	0	0	0	0	0	0	0	0	0	0	0	52564836	
145	1	A	10	N	2500	0	40	227	148	44	36	48	0	0	0	0	0	0	0	0	0	0	0	0	52565756	
146	1	A	10	N	2500	0	1	189	98	27	21	31	0	0	0	0	0	0	0	0	0	0	0	0	52565803	
147	1	A	10	N	2500	0	40	223	125	35	29	39	0	0	0	0	0	0	0	0	0	0	0	0	52565865	
148	1	A	10	N	2500	0	40	328	134	40	28	44	0	0	0	0	0	0	0	0	0	0	0	0	52566021	
149	1	A	10	N	2500	0	1	90	80	25	22	43	0	0	0	0	0	0	0	0	0	0	0	0	52566037	
150	1	A	10	N	2500	0	40	217	127	37	31	45	0	0	0	0	0	0	0	0	0	0	0	0	52566052	
151	1	A	10	N	2500	0	40	194	130	49	35	48	0	0	0	0	0	0	0	0	0	0	0	0	52566224	
152	1	A	10	N	2500	0	1	181	71	19	18	28	0	0	0	0	0	0	0	0	0	0	0	0	52567285	
153	1	A	10	N	2500	0	40	208	124	38	31	44	0	0	0	0	0	0	0	0	0	0	0	0	52567706	
154	1	A	10	N	2500	0	40	200	132	41	36	56	0	0	0	0	0	0	0	0	0	0	0	0	52567768	
155	1	A	10	N	2500	0	40	321	134	38	32	43	0	0	0	0	0	0	0	0	0	0	0	0	52567909	
156	1	A	12	N	2500	6	40	312	111	35	27	39	0	0	0	0	0	0	0	0	0	0	0	0	52589920	
157	1	A	12	N	2500	2	1	84	40	13	3	4	0	0	0	0	0	0	0	0	0	0	0	0	52590201	
158	1	A	12	N	2500	6	40	204	113	40	32	42	0	0	0	0	0	0	0	0	0	0	0	0	52590264	
159	1	A	12	N	2500	2	1	244	84	24	18	27	0	0	0	0	0	0	0	0	0	0	0	0	52590326	
160	1	A	12	N	2500	2	1	81	23	12	7	9	0	0	0	0	0	0	0	0	0	0	0	0	52590342	
161	1	A	12	N	2500	2	1	193	95	33	27	42	0	0	0	0	0	0	0	0	0	0	0	0	52590420	
162	1	A	12	N	2500	6	40	264	127	39	32	46	0	0	0	0	0	0	0	0	0	0	0	0	52590560	
163	1	A	12	N	2500	0	40	340	154	46	36	50	0	0	0	0	0	0	0	0	0	0	0	0	52591324	
164	1	A	12	N	2500	0	40	300	107	32	26	35	0	0	0	0	0	0	0	0	0	0	0	0	52591402	
165	1	A	12	N	2500	0	1	136	87	25	22	30	0	0	0	0	0	0	0	0	0	0	0	0	52591434	
166	1	A	12	N	2500	0	40	379	147	45	35	50	0	0	0	0	0	0	0	0	0	0	0	0	52591636	
167	1	A	12	N	2500	0	1	212	94	36	27	38	0	0	0	0	0	0	0	0	0	0	0	0	52591777	
168	1	A	12	N	2500	0	40	282	101	29	22	35	0	0	0	0	0	0	0	0	0	0	0	0	52591824	
169	1	A	12	N	2500	0	40	206	131	48	35	50	0	0	0	0	0	0	0	0	0	0	0	0	52591902	
170	1	A	12	N	2500	0	40	288	102	28	24	35	0	0	0	0	0	0	0	0	0	0	0	0	52592058	
171	1	A	12	N	2500	0	1	189	92	28	23	33	0	0	0	0	0	0	0	0	0	0	0	0	52592214	
172	1	A	12	N	2500	0	40	233	134	47	37	51	0	0	0	0	0	0	0	0	0	0	0	0	52592416	
173	1	A	12	N	2500	0	1	180	110	31	25	41	0	0	0	0	0	0	0	0	0	0	0	0	52592588	
174	1	A	12	N	2500	0	40	282	123	37	30	42	0	0	0	0	0	0	0	0	0	0	0	0	52592728	
175	1	A	12	N	2500	0	1	201	91	35	26	36	0	0	0	0	0	0	0	0	0	0	0	0	52592853	
176	1	A	12	N	2500	0	1	160	96	38	29	44	0	0	0	0	0	0	0	0	0	0	0	0	52592869	
177	1	A	12	N	2500	0	40	279	102	32	25	40	0	0	0	0	0	0	0	0	0	0	0	0	52592884	
178	1	A	12	N	2500	0	40	281	86	23	17	22	0	0	0	0	0	0	0	0	0	0	0	0	52592900	
179	1	A	12	N	2500	0	1	149	74	20	18	26	0	0	0	0	0	0	0	0	0	0	0	0	52593056	
180	1	A	12	N	2500	0	1	179	98	30	26	34	0	0	0	0	0	0	0	0	0	0	0	0	52593165	
181	1	A	12	N	2500	0	40	273	116	41	33	45	0	0	0	0	0	0	0	0	0	0	0	0	52593196	
182	1	A	12	N	2500	0	1	266	85	22	17	28	0	0	0	0	0	0	0	0	0	0	0	0	52593290	
183	1	A	12	N	2500	0	40	357	143	40	32	40	0	0	0	0	0	0	0	0	0	0	0	0	52593306	
184	1	A	12	N	2500	0	1	141	81	35	29	37	0	0	0	0	0	0	0	0	0	0	0	0	52593321	
185	1	A	12	N	2500	0	1	220	102	28	23	36	0	0	0	0	0	0	0	0	0	0	0	0	52593321	
186	1	A	12	N	2500	0	40	354	140	40	34	47	0	0	0	0	0	0	0	0	0	0	0	0	52593337	
187	1	A	12	N	2500	0	40	290	106	38	25	35	0	0	0	0	0	0	0	0	0	0	0	0	52593430	
188	1	A	12	N	2500	0	1	184	111	38	30	40	0	0	0	0	0	0	0	0	0	0	0	0	52593477	
189	1	A	12	N	2500	0	1	88	54	39	13	14	0	0	0	0	0	0	0	0	0	0	0	0	52593493	
190	1	A	12	N	2500	0	40	332	127	39	31	45	0	0	0	0	0	0	0	0	0	0	0	0	52593540	
191	1	A	12	N	2500	0	40	272	109	31	27	35	0	0	0	0	0	0	0	0	0	0	0	0	52593571	
192	1	A	12	N	2500	0	1	163	76	21	21	27	0	0	0	0	0	0	0	0	0	0	0	0	52593602	
193	1	A	12	N	2500	0	40	224	108	33	27	39	0	0	0	0	0	0	0	0	0	0	0	0	52593696	
194	1	A	12	N	2500	0	1	51	16	2	2	6	0	0	0	0	0	0	0	0	0	0	0	0	52593836	
195	1	A	12	N	2500	0	40	278	100	29	23	37	0	0	0	0	0	0	0	0	0	0	0	0	52593976	
196	1	A	12	N	2500	0	1	173	95	27	24	32	0	0	0	0	0	0	0	0	0	0	0	0	52593992	
197	1	A	12	N	2500	0	40	340	124	35	27	42	0	0	0	0	0	0	0	0	0	0	0	0	52594101	
198	1	A	12	N	2500	0	1	247	93	25	20	28	0	0	0	0	0	0	0	0	0	0	0	0	52594600	
199	1	A	12	N	2500	0	1	251	83	23	18	28	0	0	0	0	0	0	0	0	0	0	0	0	52594756	
200	1	A	12	N	2500	0	1	230	90	30	26	36	0	0	0	0	0	0	0	0	0	0	0	0	52594944	
201	1	A	12	N	2500	0	1	181	102	34	25	38	0	0	0	0	0	0	0	0	0	0	0	0	52595271	
202	1	A	12	N	2500	0	40	172	116	40	30	45	0	0	0	0	0	0	0	0	0	0	0	0	52595302	
203	1	A	12	N	2500	0	1	159	50	12	12	13	0	0	0	0	0	0	0	0	0	0	0	0	52595536	
204	1	A	12	N	2500	0	1	135	53	13	12	18	0	0	0	0	0	0	0	0	0	0	0	0	52595536	
205	1	A	12	N	2500	0	40	281	121	34	28	41	0	0	0	0	0	0	0	0	0	0	0	0	52595661	
206	1	A	12	N	2500	0	1	157	78	25	21	31	0	0	0	0	0	0	0	0	0	0	0	0	52595692	
207	1	A	12	N	2500	0	40	372	127	38	29	41	0	0	0	0	0	0	0	0	0	0	0	0	52597252	
208	1	B	1	N	2500	2	1	101	104	40	0	1	0	0	0	0	0	0	0	0	0	0	0	0	52607736	
209	1	B	1	N	2500	2	1	74	46	17	15	28	0	0	0	0	0	0	0	0	0	0	0	0	52611558	
210	1	B	1	N	2500	2	1	58	19	9	5	7	0	0	0	0	0	0	0	0	0	0	0	0	52611636	
211	1	B	1	N	2500	6	40	235	112	35	29	39	0	0	0	0	0	0	0	0	0	0	0	0	52612806	
212	1	B	2	N	2500	6	40	273	104	27	25	41	0	0	0	0	0	0	0	0	0	0	0	0	52620309	
213	1	B	2	N	2500	2	1	57	14	5	3	4	0	0	0	0	0	0	0	0	0	0	0	0	52620419	
214	1	B	2	N	2500	2	1	178	102	30	27	38	0	0	0	0	0	0	0	0	0	0	0	0	52620606	
215	1	B	2	N	2500	2	1	166	51	10	11	16	0	0	0	0	0	0	0	0	0	0	0	0	52620746	
216	1	B	2	N	2500	6	40	300	100	34	29	48	0	0	0	0	0	0	0	0	0	0	0	0	52620871	
217	1	B	2	N	2500	2	2	124	139	125	120	151	0	0	0	0	0	0	0	0	0	0	0	0	52621277	
218	1	B	2	N	2500	2	1	115	47	16	17	25	0	0	0	0	0	0	0	0	0	0	0	0	52621277	
219	1	B	2	N	2500	2	1	138	58	17	15	23	0	0	0	0	0	0	0	0	0	0	0	0	52621355	
220	1	B	2	N	2500	10	40	339	145	43	36	54	0	0	0	0	0	0	0	0	0	0	0	0	52621355	
221	1	B	2	N	2500	2	1	148	67	28	24	32	0	0	0	0	0	0	0	0	0	0	0	0	52621448	
222	1	B	2	N	2500	2	1	168	113	41	31	48	0	0	0	0	0	0	0	0	0	0	0	0	52621479	
223	1	B	2	N	2500	2	1	159	59	16	14	18	0	0	0	0	0	0	0	0	0	0	0	0	52621526	
224	1	B	2	N	2500	2	1	216	93	26	25	41	0	0	0	0	0	0	0	0	0	0	0	0	52621682	
225	1	B	2	N	2500	2	1	244	89	25	22	34	0	0	0	0	0	0	0	0	0	0	0	0	52621729	
226	1	B	2	N	2500	2	1	53	12	5	3	3	0	0	0	0	0	0	0	0	0	0	0	0	52621776	
227	1	B	2	N	2500	6	40	316	116	39	30	43	0	0	0	0	0	0	0	0	0	0	0	0	52621791	
228	1	B	2	N	2500	0	40	267	105	29	26	43	0	0	0	0	0	0	0	0	0	0	0	0	52621885	
229	1	B	2	N	2500	0	1	144	32	6	7	11	0	0	0	0	0	0	0	0	0	0	0	0	52621932	
230	1	B	2	N	2500	0	1	236	91	30	27	43	0	0	0	0	0	0	0	0	0	0	0	0	52621947	
231	1	B	2	N	2500	0	1	191	109	36	31	46	0	0	0	0	0	0	0	0	0	0	0	0	52621947	
232	1	B	2	N	2500	0	1	219	66	15	13	19	0	0	0	0	0	0	0	0	0	0	0	0	52621994	
233	1	B	2	N	2500	0	1	70	40	20	19	36	0	0	0	0	0	0	0	0	0	0	0	0	52622025	
234	1	B	2	N	2500	0	1	257	65	11	10	14	0	0	0	0	0	0	0	0	0	0	0	0	52622228	
235	1	B	2	N	2500	0	1	101	43	10	11	20	0	0	0	0	0	0	0	0	0	0	0	0	52622306	
236	1	B	2	N	2500	0	1	83	25	5	5	10	0	0	0	0	0	0	0	0	0	0	0	0	52622400	
237	1	B	2	N	2500	0	1	112	54	11	10	16	0	0	0	0	0	0	0	0	0	0	0	0	52622400	
238	1	B	2	N	2500	0	1	88	53	15	14	17	0	0	0	0	0	0	0	0	0	0	0	0	52622415	
239	1	B	2	N	2500	0	1	147	79	22	21	31	0	0	0	0	0	0	0	0	0	0	0	0	52622540	
240	1	B	2	N	2500	0	1	160	55	17	16	25	0	0	0	0	0	0	0	0	0	0	0	0	52622649	
241	1	B	2	N	2500	0	1	192	98	41	38	57	0	0	0	0	0	0	0	0	0	0	0	0	52622665	
242	1	B	2	N	2500	0	1	225	65	16	13	17	0	0	0	0	0	0	0	0	0	0	0	0	52622696	
243	1	B	2	N	2500	0	1	88	21	2	3	4	0	0	0	0	0	0	0	0	0	0	0	0	52622743	
244	1	B	2	N	2500	0	1	130	79	26	23	36	0	0	0	0	0	0	0	0	0	0	0	0	52622774	
245	1	B	2	N	2500	0	1	237	86	28	21	33	0	0	0	0	0	0	0	0	0	0	0	0	52622977	
246	1	B	2	N	2500	0	1	150	72	19	19	27	0	0	0	0	0	0	0	0	0	0	0	0	52623024	
247	1	B	2	N	2500	0	1	130	60	16	15	25	0	0	0	0	0	0	0	0	0	0	0	0	52623117	
248	1	B	2	N	2500	0	40	287	120	35	32	50	0	0	0	0	0	0	0	0	0	0	0	0	52623133	
249	1	B	2	N	2500	0	1	196	104	34	30	43	0	0	0	0	0	0	0	0	0	0	0	0	52623211	
250	1	B	2	N	2500	0	1	142	71	20	17	25	0	0	0	0	0	0	0	0	0	0	0	0	52623227	
251	1	B	2	N	2500	0	1	148	115	40	34	56	0	0	0	0	0	0	0	0	0	0	0	0	52623289	
252	1	B	2	N	2500	0	40	288	104	27	27	39	0	0	0	0	0	0	0	0	0	0	0	0	52623336	
253	1	B	2	N	2500	0	1	123	60	11	11	17	0	0	0	0	0	0	0	0	0	0	0	0	52623383	
254	1	B	2	N	2500	0	1	234	71	16	16	22	0	0	0	0	0	0	0	0	0	0	0	0	52623476	
255	1	B	2	N	2500	0	1	204	68	16	14	22	0	0	0	0	0	0	0	0	0	0	0	0	52623539	
256	1	B	2	N	2500	0	40	276	99	36	26	45	0	0	0	0	0	0	0	0	0	0	0	0	52623648	
257	1	B	2	N	2500	0	40	235	125	40	35	53	0	0	0	0	0	0	0	0	0	0	0	0	52623695	
258	1	B	2	N	2500	0	1	67	14	6	11	28	0	0	0	0	0	0	0	0	0	0	0	0	52623710	
259	1	B	2	N	2500	0	1	94	28	6	7	11	0	0	0	0	0	0	0	0	0	0	0	0	52623773	
260	1	B	2	N	2500	0	1	131	34	8	8	20	0	0	0	0	0	0	0	0	0	0	0	0	52623773	
261	1	B	2	N	2500	0	40	283	110	39	32	50	0	0	0	0	0	0	0	0	0	0	0	0	52623835	
262	1	B	2	N	2500	0	40	260	98	27	24	30	0	0	0	0	0	0	0	0	0	0	0	0	52623929	
263	1	B	2	N	2500	0	1	187	55	12	10	18	0	0	0	0	0	0	0	0	0	0	0	0	52623975	
264	1	B	2	N	2500	0	1	226	67	20	15	28	0	0	0	0	0	0	0	0	0	0	0	0	52623991	
265	1	B	2	N	2500	0	1	216	98	33	25	38	0	0	0	0	0	0	0	0	0	0	0	0	52624116	
266	1	B	2	N	2500	0	1	249	81	21	20	30	0	0	0	0	0	0	0	0	0	0	0	0	52624131	
267	1	B	2	N	2500	0	1	118	45	12	10	16	0	0	0	0	0	0	0	0	0	0	0	0	52624209	
268	1	B	2	N	2500	0	40	236	135	40	37	47	0	0	0	0	0	0	0	0	0	0	0	0	52624287	
269	1	B	2	N	2500	0	40	326	112	32	29	43	0	0	0	0	0	0	0	0	0	0	0	0	52624365	
270	1	B	2	N	2500	0	1	132	30	6	6	11	0	0	0	0	0	0	0	0	0	0	0	0	52624412	
271	1	B	2	N	2500	0	40	283	92	24	21	33	0	0	0	0	0	0	0	0	0	0	0	0	52624428	
272	1	B	2	N	2500	0	1	198	89	27	24	34	0	0	0	0	0	0	0	0	0	0	0	0	52624537	
273	1	B	2	N	2500	0	1	160	81	22	20	28	0	0	0	0	0	0	0	0	0	0	0	0	52624553	
274	1	B	2	N	2500	0	1	69	24	3	3	4	0	0	0	0	0	0	0	0	0	0	0	0	52624568	
275	1	B	2	N	2500	0	40	319	118	30	27	41	0	0	0	0	0	0	0	0	0	0	0	0	52624599	
276	1	B	2	N	2500	0	40	280	105	32	31	50	0	0	0	0	0	0	0	0	0	0	0	0	52624646	
277	1	B	2	N	2500	0	1	117	57	11	11	19	0	0	0	0	0	0	0	0	0	0	0	0	52624677	
278	1	B	2	N	2500	0	1	217	61	11	11	20	0	0	0	0	0	0	0	0	0	0	0	0	52624693	
279	1	B	2	N	2500	0	1	233	68	15	14	23	0	0	0	0	0	0	0	0	0	0	0	0	52624818	
280	1	B	2	N	2500	0	1	178	51	10	11	16	0	0	0	0	0	0	0	0	0	0	0	0	52624958	
281	1	B	2	N	2500	0	40	298	95	26	24	40	0	0	0	0	0	0	0	0	0	0	0	0	52625021	
282	1	B	2	N	2500	0	40	251	111	36	34	48	0	0	0	0	0	0	0	0	0	0	0	0	52625036	
283	1	B	2	N	2500	0	1	163	80	21	18	29	0	0	0	0	0	0	0	0	0	0	0	0	52625130	
284	1	B	2	N	2500	0	1	119	25	4	4	7	0	0	0	0	0	0	0	0	0	0	0	0	52625130	
285	1	B	2	N	2500	0	40	279	105	30	28	44	0	0	0	0	0	0	0	0	0	0	0	0	52625364	
286	1	B	2	N	2500	0	1	106	21	4	4	8	0	0	0	0	0	0	0	0	0	0	0	0	52625364	
287	1	B	2	N	2500	0	1	175	87	24	22	30	0	0	0	0	0	0	0	0	0	0	0	0	52625442	
288	1	B	2	N	2500	0	1	187	61	12	12	20	0	0	0	0	0	0	0	0	0	0	0	0	52625520	
289	1	B	2	N	2500	0	1	158	37	6	6	10	0	0	0	0	0	0	0	0	0	0	0	0	52625535	
290	1	B	2	N	2500	0	1	199	91	26	23	37	0	0	0	0	0	0	0	0	0	0	0	0	52625645	
291	1	B	2	N	2500	0	1	254	80	23	21	31	0	0	0	0	0	0	0	0	0	0	0	0	52625660	
292	1	B	2	N	2500	0	1	229	70	19	16	29	0	0	0	0	0	0	0	0	0	0	0	0	52625676	
293	1	B	2	N	2500	0	40	314	117	35	32	48	0	0	0	0	0	0	0	0	0	0	0	0	52625738	
294	1	B	2	N	2500	0	1	124	65	17	15	24	0	0	0	0	0	0	0	0	0	0	0	0	52625754	
295	1	B	2	N	2500	0	1	131	96	37	32	42	0	0	0	0	0	0	0	0	0	0	0	0	52625769	
296	1	B	2	N	2500	0	1	209	88	24	22	33	0	0	0	0	0	0	0	0	0	0	0	0	52625894	
297	1	B	2	N	2500	0	1	254	81	24	22	30	0	0	0	0	0	0	0	0	0	0	0	0	52625894	
298	1	B	2	N	2500	0	1	211	55	13	13	19	0	0	0	0	0	0	0	0	0	0	0	0	52625941	
299	1	B	2	N	2500	0	40	257	95	27	24	39	0	0	0	0	0	0	0	0	0	0	0	0	52625972	
300	1	B	2	N	2500	0	1	157	58	13	14	23	0	0	0	0	0	0	0	0	0	0	0	0	52626035	
301	1	B	2	N	2500	0	1	206	75	22	20	28	0	0	0	0	0	0	0	0	0	0	0	0	52626362	
302	1	B	2	N	2500	0	1	159	86	24	25	35	0	0	0	0	0	0	0	0	0	0	0	0	52626362	
303	1	B	2	N	2500	0	1	87	35	10	8	10	0	0	0	0	0	0	0	0	0	0	0	0	52626378	
304	1	B	2	N	2500	0	1	120	56	13	12	19	0	0	0	0	0	0	0	0	0	0	0	0	52626378	
305	1	B	2	N	2500	0	1	191	78	25	24	33	0	0	0	0	0	0	0	0	0	0	0	0	52626627	
306	1	B	2	N	2500	0	1	94	84	61	60	91	0	0	0	0	0	0	0	0	0	0	0	0	52626674	
307	1	B	2	N	2500	0	1	72	68	37	35	58	0	0	0	0	0	0	0	0	0	0	0	0	52626674	
308	1	B	2	N	2500	0	40	293	105	32	26	42	0	0	0	0	0	0	0	0	0	0	0	0	52626690	
309	1	B	2	N	2500	0	40	270	96	28	22	36	0	0	0	0	0	0	0	0	0	0	0	0	52626737	
310	1	B	2	N	2500	0	1	78	35	8	9	16	0	0	0	0	0	0	0	0	0	0	0	0	52626846	
311	1	B	2	N	2500	0	1	141	61	16	15	25	0	0	0	0	0	0	0	0	0	0	0	0	52626893	
312	1	B	2	N	2500	0	1	188	84	26	21	31	0	0	0	0	0	0	0	0	0	0	0	0	52626939	
313	1	B	2	N	2500	0	1	198	55	11	11	18	0	0	0	0	0	0	0	0	0	0	0	0	52627080	
314	1	B	2	N	2500	0	1	126	56	19	18	29	0	0	0	0	0	0	0	0	0	0	0	0	52627236	
315	1	B	2	N	2500	0	1	181	94	28	28	41	0	0	0	0	0	0	0	0	0	0	0	0	52627251	
316	1	B	2	N	2500	0	40	347	132	41	35	52	0	0	0	0	0	0	0	0	0	0	0	0	52627314	
317	1	B	2	N	2500	0	1	150	66	15	13	19	0	0	0	0	0	0	0	0	0	0	0	0	52627423	
318	1	B	2	N	2500	0	1	195	82	30	28	42	0	0	0	0	0	0	0	0	0	0	0	0	52627485	
319	1	B	2	N	2500	1	40	316	109	28	27	40	0	0	0	0	0	0	0	0	0	0	0	0	52627610	
320	1	B	2	N	2500	1	1	124	69	19	16	24	0	0	0	0	0	0	0	0	0	0	0	0	52627610	
321	1	B	3	N	2500	2	1	208	92	29	27	43	0	0	0	0	0	0	0	0	0	0	0	0	52634349	
322	1	B	3	N	2500	2	1	141	63	17	15	22	0	0	0	0	0	0	0	0	0	0	0	0	52634537	
323	1	B	3	N	2500	2	1	198	63	13	11	15	0	0	0	0	0	0	0	0	0	0	0	0	52635332	
324	1	B	3	N	2500	2	1	65	33	13	15	29	0	0	0	0	0	0	0	0	0	0	0	0	52635972	
325	1	B	3	N	2500	2	1	263	91	24	24	34	0	0	0	0	0	0	0	0	0	0	0	0	52638031	
326	1	B	3	N	2500	6	40	248	100	29	28	41	0	0	0	0	0	0	0	0	0	0	0	0	52639170	
327	1	B	3	N	2500	2	1	182	53	11	11	18	0	0	0	0	0	0	0	0	0	0	0	0	52639482	
328	1	B	3	N	2500	2	1	169	77	22	21	32	0	0	0	0	0	0	0	0	0	0	0	0	52639638	
329	1	B	3	N	2500	2	1	72	34	6	6	11	0	0	0	0	0	0	0	0	0	0	0	0	52639794	
330	1	B	3	N	2500	2	1	75	23	4	4	5	0	0	0	0	0	0	0	0	0	0	0	0	52639794	
331	1	B	3	N	2500	2	1	131	29	6	7	12	0	0	0	0	0	0	0	0	0	0	0	0	52639887	
332	1	B	4	N	2500	6	40	241	138	52	37	46	0	0	0	0	0	0	0	0	0	0	0	0	52649622	
333	1	B	4	N	2500	6	40	273	108	33	29	44	0	0	0	0	0	0	0	0	0	0	0	0	52649700	
334	1	B	4	N	2500	6	40	320	132	42	33	46	0	0	0	0	0	0	0	0	0	0	0	0	52650074	
335	1	B	4	N	2500	0	40	221	111	38	27	35	0	0	0	0	0	0	0	0	0	0	0	0	52650511	
336	1	B	4	N	2500	0	40	283	104	32	28	40	0	0	0	0	0	0	0	0	0	0	0	0	52651697	
337	1	B	4	N	2500	0	40	315	113	35	30	39	0	0	0	0	0	0	0	0	0	0	0	0	52652321	
338	1	B	4	N	2500	0	40	298	119	35	28	40	0	0	0	0	0	0	0	0	0	0	0	0	52652430	
339	1	B	4	N	2500	0	40	295	117	40	28	40	0	0	0	0	0	0	0	0	0	0	0	0	52652586	
340	1	B	4	N	2500	0	1	155	80	20	18	25	0	0	0	0	0	0	0	0	0	0	0	0	52652835	
341	1	B	4	N	2500	0	40	246	123	44	31	40	0	0	0	0	0	0	0	0	0	0	0	0	52652882	
342	1	B	4	N	2500	0	40	383	139	42	36	52	0	0	0	0	0	0	0	0	0	0	0	0	52652945	
343	1	B	4	N	2500	0	40	278	122	35	28	40	0	0	0	0	0	0	0	0	0	0	0	0	52653038	
344	1	B	4	N	2500	0	40	184	116	40	30	41	0	0	0	0	0	0	0	0	0	0	0	0	52653085	
345	1	B	4	N	2500	0	40	284	96	30	23	32	0	0	0	0	0	0	0	0	0	0	0	0	52653335	
346	1	B	4	N	2500	0	40	330	141	47	37	51	0	0	0	0	0	0	0	0	0	0	0	0	52653506	
347	1	B	4	N	2500	0	1	207	94	31	25	34	0	0	0	0	0	0	0	0	0	0	0	0	52653631	
348	1	B	4	N	2500	0	40	316	116	35	28	38	0	0	0	0	0	0	0	0	0	0	0	0	52653771	
349	1	B	4	N	2500	0	1	134	75	27	21	28	0	0	0	0	0	0	0	0	0	0	0	0	52653990	
350	1	B	4	N	2500	0	40	190	112	38	32	42	0	0	0	0	0	0	0	0	0	0	0	0	52654302	
351	1	B	4	N	2500	0	40	336	110	34	26	33	0	0	0	0	0	0	0	0	0	0	0	0	52654458	
352	1	B	4	N	2500	0	40	289	94	25	18	26	0	0	0	0	0	0	0	0	0	0	0	0	52654598	
353	1	B	4	N	2500	0	40	249	110	43	36	47	0	0	0	0	0	0	0	0	0	0	0	0	52654614	
354	1	B	4	N	2500	0	1	171	105	36	26	36	0	0	0	0	0	0	0	0	0	0	0	0	52654785	
355	1	B	4	N	2500	0	40	338	112	30	22	31	0	0	0	0	0	0	0	0	0	0	0	0	52655394	
356	1	B	4	N	2500	0	40	225	129	50	35	45	0	0	0	0	0	0	0	0	0	0	0	0	52655409	
357	1	B	4	N	2500	0	1	209	105	35	25	37	0	0	0	0	0	0	0	0	0	0	0	0	52655441	
358	1	B	4	N	2500	0	40	310	118	35	28	41	0	0	0	0	0	0	0	0	0	0	0	0	52656189	
359	1	B	5	N	2500	2	1	150	76	21	14	18	0	0	0	0	0	0	0	0	0	0	0	0	52663272	
360	1	B	5	N	2500	2	1	158	177	24	4	10	0	0	0	0	0	0	0	0	0	0	0	0	52663989	
361	1	B	5	N	2500	2	1	75	30	3	1	1	0	0	0	0	0	0	0	0	0	0	0	0	52663989	
362	1	B	5	N	2500	6	40	297	99	24	19	26	0	0	0	0	0	0	0	0	0	0	0	0	52664005	
363	1	B	5	N	2500	6	40	295	127	34	29	39	0	0	0	0	0	0	0	0	0	0	0	0	52665113	
364	1	B	5	N	2500	2	1	58	21	0	1	2	0	0	0	0	0	0	0	0	0	0	0	0	52665237	
365	1	B	5	N	2500	2	1	58	23	1	1	2	0	0	0	0	0	0	0	0	0	0	0	0	52666361	
366	1	B	6	N	2500	6	40	176	118	42	31	44	0	0	0	0	0	0	0	0	0	0	0	0	52677983	
367	1	B	6	N	2500	6	40	297	113	29	25	36	0	0	0	0	0	0	0	0	0	0	0	0	52678185	
368	1	B	6	N	2500	2	1	66	13	2	3	3	0	0	0	0	0	0	0	0	0	0	0	0	52679059	
369	1	B	6	N	2500	33	1	172	89	25	21	31	0	0	0	0	0	0	0	0	0	0	0	0	52679059	
370	1	B	6	N	2500	6	40	197	128	49	34	47	0	0	0	0	0	0	0	0	0	0	0	0	52679293	
371	1	B	6	N	2500	0	40	176	128	43	31	45	0	0	0	0	0	0	0	0	0	0	0	0	52679340	
372	1	B	6	N	2500	0	1	134	83	25	24	32	0	0	0	0	0	0	0	0	0	0	0	0	52679371	
373	1	B	6	N	2500	0	1	74	14	3	4	8	0	0	0	0	0	0	0	0	0	0	0	0	52679527	
374	1	B	6	N	2500	0	1	70	12	2	2	6	0	0	0	0	0	0	0	0	0	0	0	0	52679558	
375	1	B	6	N	2500	0	1	50	9	3	3	4	0	0	0	0	0	0	0	0	0	0	0	0	52679652	
376	1	B	6	N	2500	0	1	152	69	20	21	39	0	0	0	0	0	0	0	0	0	0	0	0	52679730	
377	1	B	6	N	2500	0	40	208	116	34	28	42	0	0	0	0	0	0	0	0	0	0	0	0	52679964	
378	1	B	6	N	2500	0	1	159	35	9	10	19	0	0	0	0	0	0	0	0	0	0	0	0	52680666	
379	1	B	6	N	2500	0	1	160	62	16	14	19	0	0	0	0	0	0	0	0	0	0	0	0	52680947	
380	1	B	6	N	2500	0	40	208	123	33	26	39	0	0	0	0	0	0	0	0	0	0	0	0	52681602	
381	1	B	6	N	2500	0	1	89	17	2	2	5	0	0	0	0	0	0	0	0	0	0	0	0	52681633	
382	1	B	6	N	2500	0	1	152	51	13	13	24	0	0	0	0	0	0	0	0	0	0	0	0	52681929	
383	1	B	6	N	2500	0	1	66	13	3	4	9	0	0	0	0	0	0	0	0	0	0	0	0	52681992	
384	1	B	6	N	2500	0	1	115	25	6	7	13	0	0	0	0	0	0	0	0	0	0	0	0	52682085	
385	1	B	6	N	2500	0	1	156	90	27	24	33	0	0	0	0	0	0	0	0	0	0	0	0	52682195	
386	1	B	6	N	2500	0	40	292	98	29	22	38	0	0	0	0	0	0	0	0	0	0	0	0	52682288	
387	1	B	6	N	2500	0	1	121	59	21	22	40	0	0	0	0	0	0	0	0	0	0	0	0	52682288	
388	1	B	6	N	2500	0	40	281	105	34	27	36	0	0	0	0	0	0	0	0	0	0	0	0	52682304	
389	1	B	6	N	2500	0	1	123	31	9	11	20	0	0	0	0	0	0	0	0	0	0	0	0	52682351	
390	1	B	6	N	2500	0	1	169	110	35	29	44	0	0	0	0	0	0	0	0	0	0	0	0	52682382	
391	1	B	6	N	2500	0	40	279	101	25	21	28	0	0	0	0	0	0	0	0	0	0	0	0	52682382	
392	1	B	6	N	2500	0	40	273	126	36	30	44	0	0	0	0	0	0	0	0	0	0	0	0	52682429	
393	1	B	6	N	2500	0	40	307	88	21	19	24	0	0	0	0	0	0	0	0	0	0	0	0	52682569	
394	1	B	6	N	2500	0	1	179	89	29	24	36	0	0	0	0	0	0	0	0	0	0	0	0	52682616	
395	1	B	6	N	2500	0	40	348	133	37	32	47	0	0	0	0	0	0	0	0	0	0	0	0	52683146	
396	1	B	6	N	2500	0	1	200	98	27	23	37	0	0	0	0	0	0	0	0	0	0	0	0	52683209	
397	1	B	6	N	2500	0	40	193	120	33	29	43	0	0	0	0	0	0	0	0	0	0	0	0	52683349	
398	1	B	6	N	2500	0	40	368	139	44	34	51	0	0	0	0	0	0	0	0	0	0	0	0	52683380	
399	1	B	6	N	2500	0	1	68	19	5	4	6	0	0	0	0	0	0	0	0	0	0	0	0	52683911	
400	1	B	6	N	2500	0	1	159	101	37	27	37	0	0	0	0	0	0	0	0	0	0	0	0	52683957	
401	1	B	6	N	2500	0	40	299	134	45	32	41	0	0	0	0	0	0	0	0	0	0	0	0	52684472	
402	1	B	6	N	2500	0	40	293	98	32	23	33	0	0	0	0	0	0	0	0	0	0	0	0	52684675	
403	1	B	6	N	2500	0	1	202	94	32	26	39	0	0	0	0	0	0	0	0	0	0	0	0	52684847	
404	1	B	6	N	2500	0	40	227	110	32	29	44	0	0	0	0	0	0	0	0	0	0	0	0	52685018	
405	1	B	7	N	2500	2	1	102	92	75	70	112	0	0	0	0	0	0	0	0	0	0	0	0	52692740	
406	1	B	7	N	2500	6	40	365	119	32	25	36	0	0	0	0	0	0	0	0	0	0	0	0	52694924	
407	1	B	7	N	2500	2	1	159	97	34	24	35	0	0	0	0	0	0	0	0	0	0	0	0	52697373	
408	1	B	7	N	2500	2	1	53	10	2	3	5	0	0	0	0	0	0	0	0	0	0	0	0	52698855	
409	1	B	8	N	2500	2	1	91	19	2	2	6	0	0	0	0	0	0	0	0	0	0	0	0	52706343	
410	1	B	8	N	2500	2	1	70	15	5	6	13	0	0	0	0	0	0	0	0	0	0	0	0	52706421	
411	1	B	8	N	2500	6	40	387	154	44	36	55	0	0	0	0	0	0	0	0	0	0	0	0	52707529	
412	1	B	8	N	2500	6	40	253	111	36	31	43	0	0	0	0	0	0	0	0	0	0	0	0	52707529	
413	1	B	8	N	2500	6	40	321	134	44	36	49	0	0	0	0	0	0	0	0	0	0	0	0	52708278	
414	1	B	8	N	2500	0	40	279	169	48	43	59	0	0	0	0	0	0	0	0	0	0	0	0	52708699	
415	1	B	8	N	2500	0	1	121	35	7	8	16	0	0	0	0	0	0	0	0	0	0	0	0	52708777	
416	1	B	8	N	2500	0	40	279	103	32	28	39	0	0	0	0	0	0	0	0	0	0	0	0	52708808	
417	1	B	8	N	2500	0	1	225	65	15	12	21	0	0	0	0	0	0	0	0	0	0	0	0	52709073	
418	1	B	8	N	2500	0	40	209	140	41	34	48	0	0	0	0	0	0	0	0	0	0	0	0	52709198	
419	1	B	8	N	2500	0	40	252	118	40	33	46	0	0	0	0	0	0	0	0	0	0	0	0	52709370	
420	1	B	8	N	2500	0	40	305	125	37	31	44	0	0	0	0	0	0	0	0	0	0	0	0	52709417	
421	1	B	8	N	2500	0	40	374	121	32	27	38	0	0	0	0	0	0	0	0	0	0	0	0	52709526	
422	1	B	8	N	2500	0	1	58	14	4	6	12	0	0	0	0	0	0	0	0	0	0	0	0	52709729	
423	1	B	8	N	2500	0	40	294	102	23	21	32	0	0	0	0	0	0	0	0	0	0	0	0	52709869	
424	1	B	8	N	2500	0	40	283	123	36	32	49	0	0	0	0	0	0	0	0	0	0	0	0	52709900	
425	1	B	8	N	2500	0	1	255	78	21	19	31	0	0	0	0	0	0	0	0	0	0	0	0	52709978	
426	1	B	8	N	2500	0	40	240	131	38	34	50	0	0	0	0	0	0	0	0	0	0	0	0	52710415	
427	1	B	8	N	2500	0	40	261	152	51	39	57	0	0	0	0	0	0	0	0	0	0	0	0	52710462	
428	1	B	8	N	2500	0	1	71	17	4	6	15	0	0	0	0	0	0	0	0	0	0	0	0	52710571	
429	1	B	8	N	2500	0	1	93	21	6	8	15	0	0	0	0	0	0	0	0	0	0	0	0	52710587	
430	1	B	8	N	2500	0	1	206	66	17	18	41	0	0	0	0	0	0	0	0	0	0	0	0	52710618	
431	1	B	8	N	2500	0	1	251	62	16	14	23	0	0	0	0	0	0	0	0	0	0	0	0	52710711	
432	1	B	8	N	2500	0	1	215	68	19	15	19	0	0	0	0	0	0	0	0	0	0	0	0	52710774	
433	1	B	8	N	2500	0	40	301	140	39	33	49	0	0	0	0	0	0	0	0	0	0	0	0	52710852	
434	1	B	8	N	2500	0	1	102	22	5	6	14	0	0	0	0	0	0	0	0	0	0	0	0	52710867	
435	1	B	8	N	2500	0	40	323	109	32	25	34	0	0	0	0	0	0	0	0	0	0	0	0	52710961	
436	1	B	8	N	2500	0	40	272	139	40	33	53	0	0	0	0	0	0	0	0	0	0	0	0	52711133	
437	1	B	8	N	2500	0	40	211	131	44	34	51	0	0	0	0	0	0	0	0	0	0	0	0	52711335	
438	1	B	8	N	2500	0	1	161	41	9	9	18	0	0	0	0	0	0	0	0	0	0	0	0	52711351	
439	1	B	8	N	2500	0	1	195	67	14	13	21	0	0	0	0	0	0	0	0	0	0	0	0	52711351	
440	1	B	8	N	2500	0	40	286	105	29	27	43	0	0	0	0	0	0	0	0	0	0	0	0	52711382	
441	1	B	8	N	2500	0	1	63	13	2	2	4	0	0	0	0	0	0	0	0	0	0	0	0	52711538	
442	1	B	8	N	2500	0	1	219	66	16	15	19	0	0	0	0	0	0	0	0	0	0	0	0	52711569	
443	1	B	8	N	2500	0	1	73	25	6	7	13	0	0	0	0	0	0	0	0	0	0	0	0	52712381	
444	1	B	8	N	2500	0	40	271	120	33	31	43	0	0	0	0	0	0	0	0	0	0	0	0	52712786	
445	1	B	8	N	2500	0	40	392	130	37	28	44	0	0	0	0	0	0	0	0	0	0	0	0	52712895	
446	1	B	8	N	2500	0	40	299	145	50	37	53	0	0	0	0	0	0	0	0	0	0	0	0	52713005	
447	1	B	8	N	2500	0	1	153	87	28	21	30	0	0	0	0	0	0	0	0	0	0	0	0	52713098	
448	1	B	8	N	2500	0	1	226	71	16	17	27	0	0	0	0	0	0	0	0	0	0	0	0	52713114	
449	1	B	8	N	2500	0	40	283	105	30	26	39	0	0	0	0	0	0	0	0	0	0	0	0	52713473	
450	1	B	8	N	2500	0	1	58	21	4	6	15	0	0	0	0	0	0	0	0	0	0	0	0	52713660	
451	1	B	9	N	2500	2	1	106	40	57	5	10	0	0	0	0	0	0	0	0	0	0	0	0	52720742	
452	1	B	9	N	2500	33	1	82	15	21	1	2	0	0	0	0	0	0	0	0	0	0	0	0	52720742	
453	1	B	9	N	2500	6	40	249	111	32	26	34	0	0	0	0	0	0	0	0	0	0	0	0	52721288	
454	1	B	9	N	2500	6	40	289	98	28	23	37	0	0	0	0	0	0	0	0	0	0	0	0	52721366	
455	1	B	9	N	2500	6	40	201	128	41	31	41	0	0	0	0	0	0	0	0	0	0	0	0	52722334	
456	1	B	9	N	2500	0	40	278	134	42	34	48	0	0	0	0	0	0	0	0	0	0	0	0	52722614	
457	1	B	9	N	2500	0	1	64	16	3	3	7	0	0	0	0	0	0	0	0	0	0	0	0	52723223	
458	1	B	9	N	2500	0	40	226	134	35	30	44	0	0	0	0	0	0	0	0	0	0	0	0	52725422	
459	1	B	10	N	2500	6	40	327	108	27	21	0	0	0	0	0	0	0	0	0	0	0	0	0	52734658	
460	1	B	10	N	2500	2	1	138	33	6	5	8	0	0	0	0	0	0	0	0	0	0	0	0	52734938	
461	1	B	10	N	2500	6	40	365	140	39	33	45	0	0	0	0	0	0	0	0	0	0	0	0	52735235	
462	1	B	10	N	2500	6	40	374	146	46	34	51	0	0	0	0	0	0	0	0	0	0	0	0	52736140	
463	1	B	10	N	2500	0	40	270	118	37	30	42	0	0	0	0	0	0	0	0	0	0	0	0	52736155	
464	1	B	10	N	2500	0	40	291	87	21	18	27	0	0	0	0	0	0	0	0	0	0	0	0	52736233	
465	1	B	10	N	2500	0	1	97	20	3	4	4	0	0	0	0	0	0	0	0	0	0	0	0	52736639	
466	1	B	10	N	2500	0	1	77	59	16	14	21	0	0	0	0	0	0	0	0	0	0	0	0	52736639	
467	1	B	10	N	2500	0	1	99	51	13	13	18	0	0	0	0	0	0	0	0	0	0	0	0	52737076	
468	1	B	10	N	2500	0	1	116	34	9	7	11	0	0	0	0	0	0	0	0	0	0	0	0	52737076	
469	1	B	10	N	2500	0	40	285	106	30	28	44	0	0	0	0	0	0	0	0	0	0	0	0	52737325	
470	1	B	10	N	2500	0	1	123	33	9	7	12	0	0	0	0	0	0	0	0	0	0	0	0	52737403	
471	1	B	10	N	2500	0	1	234	93	26	26	37	0	0	0	0	0	0	0	0	0	0	0	0	52737403	
472	1	B	10	N	2500	0	1	195	68	13	12	17	0	0	0	0	0	0	0	0	0	0	0	0	52737434	
473	1	B	10	N	2500	0	40	288	105	27	23	33	0	0	0	0	0	0	0	0	0	0	0	0	52737668	
474	1	B	10	N	2500	0	1	224	91	26	24	38	0	0	0	0	0	0	0	0	0	0	0	0	52737762	
475	1	B	10	N	2500	0	1	189	105	28	24	36	0	0	0	0	0	0	0	0	0	0	0	0	52737793	
476	1	B	10	N	2500	0	1	102	24	4	6	11	0	0	0	0	0	0	0	0	0	0	0	0	52738074	
477	1	B	10	N	2500	0	1	205	76	16	14	23	0	0	0	0	0	0	0	0	0	0	0	0	52738199	
478	1	B	10	N	2500	0	40	296	135	43	34	48	0	0	0	0	0	0	0	0	0	0	0	0	52738386	
479	1	B	10	N	2500	0	40	311	115	38	27	39	0	0	0	0	0	0	0	0	0	0	0	0	52738526	
480	1	B	10	N	2500	0	1	165	52	8	6	10	0	0	0	0	0	0	0	0	0	0	0	0	52738698	
481	1	B	10	N	2500	0	40	439	162	43	34	47	0	0	0	0	0	0	0	0	0	0	0	0	52738792	
482	1	B	10	N	2500	0	40	335	120	33	26	36	0	0	0	0	0	0	0	0	0	0	0	0	52738979	
483	1	B	10	N	2500	0	1	204	57	10	9	14	0	0	0	0	0	0	0	0	0	0	0	0	52739026	
484	1	B	10	N	2500	0	1	216	102	29	25	35	0	0	0	0	0	0	0	0	0	0	0	0	52739213	
485	1	B	10	N	2500	0	1	214	101	34	30	42	0	0	0	0	0	0	0	0	0	0	0	0	52739400	
486	1	B	10	N	2500	0	40	336	131	39	31	45	0	0	0	0	0	0	0	0	0	0	0	0	52739587	
487	1	B	10	N	2500	0	40	255	105	37	30	45	0	0	0	0	0	0	0	0	0	0	0	0	52739930	
488	1	B	10	N	2500	0	1	136	63	13	12	17	0	0	0	0	0	0	0	0	0	0	0	0	52739962	
489	1	B	10	N	2500	0	1	229	71	14	13	16	0	0	0	0	0	0	0	0	0	0	0	0	52740071	
490	1	B	10	N	2500	0	1	143	118	40	32	43	0	0	0	0	0	0	0	0	0	0	0	0	52740071	
491	1	B	10	N	2500	0	40	330	134	36	28	39	0	0	0	0	0	0	0	0	0	0	0	0	52740102	
492	1	B	10	N	2500	0	40	306	143	43	34	53	0	0	0	0	0	0	0	0	0	0	0	0	52740149	
493	1	B	10	N	2500	0	40	308	117	33	28	42	0	0	0	0	0	0	0	0	0	0	0	0	52740164	
494	1	B	10	N	2500	0	1	206	76	16	13	20	0	0	0	0	0	0	0	0	0	0	0	0	52740242	
495	1	B	10	N	2500	0	1	251	82	19	17	22	0	0	0	0	0	0	0	0	0	0	0	0	52740274	
496	1	B	10	N	2500	0	40	221	111	29	25	35	0	0	0	0	0	0	0	0	0	0	0	0	52740476	
497	1	B	10	N	2500	0	1	238	84	22	19	32	0	0	0	0	0	0	0	0	0	0	0	0	52740523	
498	1	B	10	N	2500	0	40	271	109	29	26	37	0	0	0	0	0	0	0	0	0	0	0	0	52740695	
499	1	B	10	N	2500	0	40	323	143	37	34	44	0	0	0	0	0	0	0	0	0	0	0	0	52740757	
500	1	B	10	N	2500	0	1	418	105	31	26	44	0	0	0	0	0	0	0	0	0	0	0	0	52741381	
501	1	B	10	N	2500	0	1	53	9	1	1	2	0	0	0	0	0	0	0	0	0	0	0	0	52741381	
502	1	B	10	N	2500	0	40	279	137	43	36	51	0	0	0	0	0	0	0	0	0	0	0	0	52741381	
503	1	B	10	N	2500	0	1	64	11	2	4	11	0	0	0	0	0	0	0	0	0	0	0	0	52742005	
504	1	B	10	N	2500	0	40	166	141	40	36	51	0	0	0	0	0	0	0	0	0	0	0	0	52742224	
505	1	B	11	N	2500	2	1	63	24	15	20	51	0	0	0	0	0	0	0	0	0	0	0	0	52750866	
506	1	B	11	N	2500	6	40	341	119	34	27	35	0	0	0	0	0	0	0	0	0	0	0	0	52753487	
507	1	B	11	N	2500	2	1	100	41	16	22	43	0	0	0	0	0	0	0	0	0	0	0	0	52754485	
508	1	B	12	N	2500	6	40	183	115	35	28	40	0	0	0	0	0	0	0	0	0	0	0	0	52763580	
509	1	B	12	N	2500	6	40	233	104	42	35	47	0	0	0	0	0	0	0	0	0	0	0	0	52763658	
510	1	B	12	N	2500	6	40	324	141	52	43	62	0	0	0	0	0	0	0	0	0	0	0	0	52764298	
511	1	B	12	N	2500	0	40	344	123	34	29	41	0	0	0	0	0	0	0	0	0	0	0	0	52764766	
512	1	B	12	N	2500	0	1	89	22	6	8	21	0	0	0	0	0	0	0	0	0	0	0	0	52764781	
513	1	B	12	N	2500	0	40	276	148	48	38	54	0	0	0	0	0	0	0	0	0	0	0	0	52764812	
514	1	B	12	N	2500	0	40	293	103	32	26	37	0	0	0	0	0	0	0	0	0	0	0	0	52764968	
515	1	B	12	N	2500	0	1	225	92	20	18	28	0	0	0	0	0	0	0	0	0	0	0	0	52765187	
516	1	B	12	N	2500	0	40	351	135	41	37	47	0	0	0	0	0	0	0	0	0	0	0	0	52765312	
517	1	B	12	N	2500	0	1	202	86	20	20	33	0	0	0	0	0	0	0	0	0	0	0	0	52765390	
518	1	B	12	N	2500	0	1	157	45	12	13	18	0	0	0	0	0	0	0	0	0	0	0	0	52765514	
519	1	B	12	N	2500	0	1	163	78	24	22	31	0	0	0	0	0	0	0	0	0	0	0	0	52765514	
520	1	B	12	N	2500	0	40	393	145	40	32	54	0	0	0	0	0	0	0	0	0	0	0	0	52765655	
521	1	B	12	N	2500	0	40	344	131	43	34	52	0	0	0	0	0	0	0	0	0	0	0	0	52765733	
522	1	B	12	N	2500	0	40	421	161	52	41	59	0	0	0	0	0	0	0	0	0	0	0	0	52765780	
523	1	B	12	N	2500	0	40	292	131	42	33	50	0	0	0	0	0	0	0	0	0	0	0	0	52765842	
524	1	B	12	N	2500	0	1	141	55	16	15	20	0	0	0	0	0	0	0	0	0	0	0	0	52765904	
525	1	B	12	N	2500	0	40	366	160	48	42	57	0	0	0	0	0	0	0	0	0	0	0	0	52766154	
526	1	B	12	N	2500	0	40	228	141	45	37	53	0	0	0	0	0	0	0	0	0	0	0	0	52766185	
527	1	B	12	N	2500	0	40	277	160	53	42	59	0	0	0	0	0	0	0	0	0	0	0	0	52766450	
528	1	B	12	N	2500	0	40	315	132	47	37	52	0	0	0	0	0	0	0	0	0	0	0	0	52766497	
529	1	B	12	N	2500	0	1	96	19	4	5	5	0	0	0	0	0	0	0	0	0	0	0	0	52766528	
530	1	B	12	N	2500	0	40	255	130	35	31	45	0	0	0	0	0	0	0	0	0	0	0	0	52766528	
531	1	B	12	N	2500	0	40	414	162	50	39	57	0	0	0	0	0	0	0	0	0	0	0	0	52766528	
532	1	B	12	N	2500	0	2	153	128	42	35	53	0	0	0	0	0	0	0	0	0	0	0	0	52766606	
533	1	B	12	N	2500	0	40	319	156	56	43	56	0	0	0	0	0	0	0	0	0	0	0	0	52766762	
534	1	B	12	N	2500	0	40	377	157	45	36	60	0	0	0	0	0	0	0	0	0	0	0	0	52766840	
535	1	B	12	N	2500	0	40	387	139	42	38	56	0	0	0	0	0	0	0	0	0	0	0	0	52766903	
536	1	B	12	N	2500	0	40	295	134	40	37	48	0	0	0	0	0	0	0	0	0	0	0	0	52767012	
537	1	B	12	N	2500	0	40	277	136	40	36	54	0	0	0	0	0	0	0	0	0	0	0	0	52767043	
538	1	B	12	N	2500	0	40	399	155	43	33	55	0	0	0	0	0	0	0	0	0	0	0	0	52767184	
539	1	B	12	N	2500	0	40	317	95	23	22	31	0	0	0	0	0	0	0	0	0	0	0	0	52767511	
540	1	B	12	N	2500	0	1	145	73	18	18	29	0	0	0	0	0	0	0	0	0	0	0	0	52767527	
541	1	B	12	N	2500	0	40	255	145	47	41	61	0	0	0	0	0	0	0	0	0	0	0	0	52767652	
542	1	B	12	N	2500	0	40	332	149	55	46	60	0	0	0	0	0	0	0	0	0	0	0	0	52767714	
543	1	B	12	N	2500	0	40	330	150	48	37	59	0	0	0	0	0	0	0	0	0	0	0	0	52767714	
544	1	B	12	N	2500	0	40	415	173	50	44	63	0	0	0	0	0	0	0	0	0	0	0	0	52767839	
545	1	B	12	N	2500	0	40	416	133	38	30	50	0	0	0	0	0	0	0	0	0	0	0	0	52767979	
546	1	B	12	N	2500	0	40	295	116	29	26	41	0	0	0	0	0	0	0	0	0	0	0	0	52768073	
547	1	B	12	N	2500	0	40	401	151	41	36	57	0	0	0	0	0	0	0	0	0	0	0	0	52768073	
548	1	B	12	N	2500	0	2	285	197	70	52	71	0	0	0	0	0	0	0	0	0	0	0	0	52768104	
549	1	B	12	N	2500	0	40	423	174	54	41	61	0	0	0	0	0	0	0	0	0	0	0	0	52768166	
550	1	B	12	N	2500	0	40	398	150	45	38	56	0	0	0	0	0	0	0	0	0	0	0	0	52768322	
551	1	B	12	N	2500	0	1	193	110	27	23	36	0	0	0	0	0	0	0	0	0	0	0	0	52768541	
552	1	B	12	N	2500	0	40	283	159	45	38	54	0	0	0	0	0	0	0	0	0	0	0	0	52768588	
553	1	B	12	N	2500	0	40	407	170	50	42	64	0	0	0	0	0	0	0	0	0	0	0	0	52768588	
554	1	B	12	N	2500	0	40	304	131	33	32	44	0	0	0	0	0	0	0	0	0	0	0	0	52768588	
555	1	B	12	N	2500	0	40	374	132	40	31	53	0	0	0	0	0	0	0	0	0	0	0	0	52768634	
556	1	B	12	N	2500	0	40	497	202	62	50	70	0	0	0	0	0	0	0	0	0	0	0	0	52768681	
557	1	B	12	N	2500	0	40	463	183	59	45	71	0	0	0	0	0	0	0	0	0	0	0	0	52768744	
558	1	B	12	N	2500	0	1	224	82	18	16	24	0	0	0	0	0	0	0	0	0	0	0	0	52769071	
559	1	B	12	N	2500	0	40	252	156	46	37	50	0	0	0	0	0	0	0	0	0	0	0	0	52769102	
560	1	B	12	N	2500	0	40	187	114	28	25	37	0	0	0	0	0	0	0	0	0	0	0	0	52769258	
561	1	B	12	N	2500	0	1	253	57	14	12	21	0	0	0	0	0	0	0	0	0	0	0	0	52769305	
562	1	B	12	N	2500	0	1	157	119	35	32	44	0	0	0	0	0	0	0	0	0	0	0	0	52769617	
563	1	B	12	N	2500	0	1	462	144	48	39	59	0	0	0	0	0	0	0	0	0	0	0	0	52769789	
564	1	B	12	N	2500	0	40	230	113	31	28	39	0	0	0	0	0	0	0	0	0	0	0	0	52769898	
565	1	B	12	N	2500	0	40	399	152	45	35	50	0	0	0	0	0	0	0	0	0	0	0	0	52770085	
566	1	B	12	N	2500	0	40	329	114	31	27	34	0	0	0	0	0	0	0	0	0	0	0	0	52770522	
567	1	B	12	N	2500	0	40	381	110	33	26	39	0	0	0	0	0	0	0	0	0	0	0	0	52770631	
568	1	C	1	N	2500	6	40	190	124	38	34	50	0	0	0	0	0	0	0	0	0	0	0	0	52783673	
569	1	C	1	N	2500	6	40	247	140	46	34	47	0	0	0	0	0	0	0	0	0	0	0	0	52784780	
570	1	C	1	N	2500	2	1	80	21	5	7	16	0	0	0	0	0	0	0	0	0	0	0	0	52786060	
571	1	C	2	N	2500	2	1	189	108	29	22	38	0	0	0	0	0	0	0	0	0	0	0	0	52794437	
572	1	C	2	N	2500	6	40	260	107	27	22	35	0	0	0	0	0	0	0	0	0	0	0	0	52794499	
573	1	C	2	N	2500	6	40	181	116	32	30	40	0	0	0	0	0	0	0	0	0	0	0	0	52794686	
574	1	C	2	N	2500	6	40	389	171	51	42	61	0	0	0	0	0	0	0	0	0	0	0	0	52795560	
575	1	C	2	N	2500	0	40	330	99	20	18	32	0	0	0	0	0	0	0	0	0	0	0	0	52796621	
576	1	C	2	N	2500	0	40	298	115	33	28	35	0	0	0	0	0	0	0	0	0	0	0	0	52796621	
577	1	C	2	N	2500	0	1	91	48	10	9	15	0	0	0	0	0	0	0	0	0	0	0	0	52796933	
578	1	C	2	N	2500	0	40	411	134	40	31	39	0	0	0	0	0	0	0	0	0	0	0	0	52797307	
579	1	C	2	N	2500	0	40	308	130	35	30	43	0	0	0	0	0	0	0	0	0	0	0	0	52797526	
580	1	C	2	N	2500	0	40	370	128	31	28	43	0	0	0	0	0	0	0	0	0	0	0	0	52798462	
581	1	C	2	N	2500	0	40	409	125	36	29	48	0	0	0	0	0	0	0	0	0	0	0	0	52798540	
582	1	C	2	N	2500	0	1	59	42	9	0	0	0	0	0	0	0	0	0	0	0	0	0	0	52798758	
583	1	C	2	N	2500	0	40	374	141	47	38	57	0	0	0	0	0	0	0	0	0	0	0	0	52798774	
584	1	C	2	N	2500	0	1	389	101	28	22	34	0	0	0	0	0	0	0	0	0	0	0	0	52799226	
585	1	C	2	N	2500	0	1	232	69	17	12	19	0	0	0	0	0	0	0	0	0	0	0	0	52800022	
586	1	C	2	N	2500	0	40	388	156	42	35	52	0	0	0	0	0	0	0	0	0	0	0	0	52800287	
587	1	C	2	N	2500	0	40	352	103	24	20	33	0	0	0	0	0	0	0	0	0	0	0	0	52800942	
588	1	C	3	N	2500	2	1	89	27	5	5	10	0	0	0	0	0	0	0	0	0	0	0	0	52811456	
589	1	C	3	N	2500	2	1	158	72	14	11	20	0	0	0	0	0	0	0	0	0	0	0	0	52813812	
590	1	C	4	N	2500	6	40	437	180	49	43	63	0	0	0	0	0	0	0	0	0	0	0	0	52823078	
591	1	C	4	N	2500	6	40	280	158	45	40	60	0	0	0	0	0	0	0	0	0	0	0	0	52823266	
592	1	C	4	N	2500	6	40	416	174	49	41	58	0	0	0	0	0	0	0	0	0	0	0	0	52823624	
593	1	C	4	N	2500	0	1	80	27	5	4	8	0	0	0	0	0	0	0	0	0	0	0	0	52824061	
594	1	C	4	N	2500	0	40	406	174	59	57	84	0	0	0	0	0	0	0	0	0	0	0	0	52824794	
595	1	C	4	N	2500	0	40	263	142	49	39	59	0	0	0	0	0	0	0	0	0	0	0	0	52824997	
596	1	C	4	N	2500	0	40	452	164	42	36	55	0	0	0	0	0	0	0	0	0	0	0	0	52826292	
597	1	C	4	N	2500	0	1	63	10	1	0	1	0	0	0	0	0	0	0	0	0	0	0	0	52826292	
598	1	C	4	N	2500	0	40	300	170	48	44	68	0	0	0	0	0	0	0	0	0	0	0	0	52826432	
599	1	C	4	N	2500	0	40	380	150	39	34	51	0	0	0	0	0	0	0	0	0	0	0	0	52826666	
600	1	C	4	N	2500	0	40	217	154	43	39	58	0	0	0	0	0	0	0	0	0	0	0	0	52827337	
601	1	C	4	N	2500	0	40	324	134	35	30	43	0	0	0	0	0	0	0	0	0	0	0	0	52827384	
602	1	C	4	N	2500	0	40	432	175	48	42	67	0	0	0	0	0	0	0	0	0	0	0	0	52827462	
603	1	C	4	N	2500	0	40	409	168	52	47	77	0	0	0	0	0	0	0	0	0	0	0	0	52827478	
604	1	C	4	N	2500	0	40	381	167	45	39	56	0	0	0	0	0	0	0	0	0	0	0	0	52827602	
605	1	C	4	N	2500	0	40	234	109	31	30	41	0	0	0	0	0	0	0	0	0	0	0	0	52828242	
606	1	C	4	N	2500	0	40	335	164	47	41	56	0	0	0	0	0	0	0	0	0	0	0	0	52828429	
607	1	C	4	N	2500	0	40	447	182	50	46	71	0	0	0	0	0	0	0	0	0	0	0	0	52828538	
608	1	C	4	N	2500	0	40	245	165	53	46	63	0	0	0	0	0	0	0	0	0	0	0	0	52829240	
609	1	C	6	N	2500	6	40	413	186	50	43	58	0	0	0	0	0	0	0	0	0	0	0	0	52856197	
610	1	C	6	N	2500	2	1	465	142	41	35	48	0	0	0	0	0	0	0	0	0	0	0	0	52856229	
611	1	C	6	N	2500	6	40	406	131	33	27	39	0	0	0	0	0	0	0	0	0	0	0	0	52857477	
612	1	C	6	N	2500	6	40	293	93	25	20	31	0	0	0	0	0	0	0	0	0	0	0	0	52858054	
