Id	Plate	Row	Column	Clog	Scan rate	Status sort	Status sel	TOF	EXT	Green	Yellow	Red	PH Ext	PW Ext	PC Ext	PH Green	PW Green	PCGreen	PH Yellow	PW Yellow	PCYellow	PH Red	PW Red	PCRed	Time Stamp	
0	1	A	1	N	2500	2	1	105	98	29	0	1	0	0	0	0	0	0	0	0	0	0	0	0	3138304	
1	1	A	2	N	2500	6	40	267	103	19	14	23	0	0	0	0	0	0	0	0	0	0	0	0	3153295	
2	1	A	2	N	2500	6	40	388	137	28	21	39	0	0	0	0	0	0	0	0	0	0	0	0	3154777	
3	1	A	2	N	2500	6	40	243	124	28	22	25	0	0	0	0	0	0	0	0	0	0	0	0	3154855	
4	1	A	2	N	2500	0	1	59	17	3	2	5	0	0	0	0	0	0	0	0	0	0	0	0	3158849	
5	1	A	2	N	2500	0	40	296	93	18	14	21	0	0	0	0	0	0	0	0	0	0	0	0	3159333	
6	1	A	4	N	2500	6	40	298	103	25	14	25	0	0	0	0	0	0	0	0	0	0	0	0	3182031	
7	1	A	4	N	2500	2	1	97	41	58	76	119	0	0	0	0	0	0	0	0	0	0	0	0	3183481	
8	1	A	4	N	2500	2	1	292	82	14	9	17	0	0	0	0	0	0	0	0	0	0	0	0	3189129	
9	1	A	6	N	2500	2	1	253	82	17	12	20	0	0	0	0	0	0	0	0	0	0	0	0	3211499	
10	1	A	6	N	2500	2	1	157	41	7	5	8	0	0	0	0	0	0	0	0	0	0	0	0	3211733	
11	1	A	6	N	2500	2	1	131	41	7	5	7	0	0	0	0	0	0	0	0	0	0	0	0	3211733	
12	1	A	6	N	2500	6	40	356	127	26	18	30	0	0	0	0	0	0	0	0	0	0	0	0	3211889	
13	1	A	6	N	2500	2	1	245	76	13	10	17	0	0	0	0	0	0	0	0	0	0	0	0	3212373	
14	1	A	6	N	2500	6	40	216	105	22	16	23	0	0	0	0	0	0	0	0	0	0	0	0	3212529	
15	1	A	6	N	2500	2	1	167	57	9	8	13	0	0	0	0	0	0	0	0	0	0	0	0	3212654	
16	1	A	6	N	2500	6	40	358	114	22	16	21	0	0	0	0	0	0	0	0	0	0	0	0	3212966	
17	1	A	6	N	2500	0	40	303	97	17	13	20	0	0	0	0	0	0	0	0	0	0	0	0	3213028	
18	1	A	6	N	2500	0	40	288	104	21	16	22	0	0	0	0	0	0	0	0	0	0	0	0	3213512	
19	1	A	6	N	2500	0	40	293	92	19	13	22	0	0	0	0	0	0	0	0	0	0	0	0	3213886	
20	1	A	6	N	2500	0	40	309	106	20	15	22	0	0	0	0	0	0	0	0	0	0	0	0	3213964	
21	1	A	6	N	2500	0	1	170	63	12	9	13	0	0	0	0	0	0	0	0	0	0	0	0	3214307	
22	1	A	6	N	2500	0	1	117	21	3	4	8	0	0	0	0	0	0	0	0	0	0	0	0	3214869	
23	1	A	6	N	2500	0	40	307	101	20	15	24	0	0	0	0	0	0	0	0	0	0	0	0	3215103	
24	1	A	6	N	2500	0	40	349	142	32	24	36	0	0	0	0	0	0	0	0	0	0	0	0	3215181	
25	1	A	6	N	2500	0	40	288	94	18	14	22	0	0	0	0	0	0	0	0	0	0	0	0	3215306	
26	1	A	6	N	2500	0	1	167	92	23	14	19	0	0	0	0	0	0	0	0	0	0	0	0	3215586	
27	1	A	6	N	2500	0	40	296	101	22	15	22	0	0	0	0	0	0	0	0	0	0	0	0	3215664	
28	1	A	6	N	2500	0	40	270	99	20	14	19	0	0	0	0	0	0	0	0	0	0	0	0	3215696	
29	1	A	6	N	2500	0	1	219	61	9	8	12	0	0	0	0	0	0	0	0	0	0	0	0	3216148	
30	1	A	6	N	2500	0	1	203	102	23	17	21	0	0	0	0	0	0	0	0	0	0	0	0	3216585	
31	1	A	6	N	2500	0	1	192	77	17	11	15	0	0	0	0	0	0	0	0	0	0	0	0	3216647	
32	1	A	6	N	2500	0	40	290	122	23	19	30	0	0	0	0	0	0	0	0	0	0	0	0	3216710	
33	1	A	6	N	2500	0	40	296	109	24	16	27	0	0	0	0	0	0	0	0	0	0	0	0	3216756	
34	1	A	6	N	2500	0	1	148	83	14	10	12	0	0	0	0	0	0	0	0	0	0	0	0	3216928	
35	1	A	6	N	2500	0	40	324	118	26	17	25	0	0	0	0	0	0	0	0	0	0	0	0	3216990	
36	1	A	6	N	2500	0	40	256	115	29	19	22	0	0	0	0	0	0	0	0	0	0	0	0	3217458	
37	1	A	6	N	2500	0	1	148	79	14	10	12	0	0	0	0	0	0	0	0	0	0	0	0	3218067	
38	1	A	7	N	2500	2	1	51	37	6	0	0	0	0	0	0	0	0	0	0	0	0	0	0	3229236	
39	1	A	9	N	2500	2	1	695	1098	941	5	19	0	0	0	0	0	0	0	0	0	0	0	0	3255429	
40	1	A	10	N	2500	2	1	189	52	8	8	14	0	0	0	0	0	0	0	0	0	0	0	0	3269703	
41	1	A	10	N	2500	2	1	109	84	25	16	25	0	0	0	0	0	0	0	0	0	0	0	0	3272012	
42	1	A	10	N	2500	2	1	190	104	23	16	25	0	0	0	0	0	0	0	0	0	0	0	0	3273837	
43	1	A	10	N	2500	2	1	232	89	19	13	20	0	0	0	0	0	0	0	0	0	0	0	0	3273993	
44	1	A	10	N	2500	2	1	183	82	20	16	24	0	0	0	0	0	0	0	0	0	0	0	0	3276052	
45	1	A	12	N	2500	6	40	197	115	28	19	24	0	0	0	0	0	0	0	0	0	0	0	0	3298906	
46	1	A	12	N	2500	2	1	101	68	18	12	16	0	0	0	0	0	0	0	0	0	0	0	0	3299046	
47	1	A	12	N	2500	6	40	278	91	19	15	22	0	0	0	0	0	0	0	0	0	0	0	0	3300450	
48	1	A	12	N	2500	6	40	235	101	21	16	24	0	0	0	0	0	0	0	0	0	0	0	0	3300466	
49	1	A	12	N	2500	0	40	279	99	22	15	25	0	0	0	0	0	0	0	0	0	0	0	0	3301386	
50	1	A	12	N	2500	0	40	241	127	32	22	28	0	0	0	0	0	0	0	0	0	0	0	0	3301964	
51	1	A	12	N	2500	0	1	200	77	16	11	16	0	0	0	0	0	0	0	0	0	0	0	0	3302837	
52	1	A	12	N	2500	0	40	276	89	22	14	22	0	0	0	0	0	0	0	0	0	0	0	0	3303305	
53	1	A	12	N	2500	0	1	130	73	13	11	15	0	0	0	0	0	0	0	0	0	0	0	0	3303415	
54	1	A	12	N	2500	0	1	186	57	10	7	13	0	0	0	0	0	0	0	0	0	0	0	0	3303805	
55	1	A	12	N	2500	0	40	250	110	22	18	24	0	0	0	0	0	0	0	0	0	0	0	0	3303836	
56	1	A	12	N	2500	0	40	326	101	22	14	23	0	0	0	0	0	0	0	0	0	0	0	0	3304163	
57	1	A	12	N	2500	0	1	52	28	47	55	67	0	0	0	0	0	0	0	0	0	0	0	0	3305708	
58	1	B	1	N	2500	6	40	287	90	21	13	16	0	0	0	0	0	0	0	0	0	0	0	0	3317439	
59	1	B	1	N	2500	2	1	185	97	21	16	21	0	0	0	0	0	0	0	0	0	0	0	0	3319607	
60	1	B	2	N	2500	2	1	75	28	29	39	70	0	0	0	0	0	0	0	0	0	0	0	0	3329420	
61	1	B	2	N	2500	2	1	230	101	24	14	24	0	0	0	0	0	0	0	0	0	0	0	0	3329467	
62	1	B	2	N	2500	2	1	144	65	13	7	12	0	0	0	0	0	0	0	0	0	0	0	0	3330668	
63	1	B	2	N	2500	6	40	320	106	20	15	24	0	0	0	0	0	0	0	0	0	0	0	0	3333632	
64	1	B	2	N	2500	2	1	186	62	15	10	18	0	0	0	0	0	0	0	0	0	0	0	0	3334459	
65	1	B	2	N	2500	2	1	139	41	6	6	10	0	0	0	0	0	0	0	0	0	0	0	0	3335909	
66	1	B	2	N	2500	2	1	110	32	36	48	89	0	0	0	0	0	0	0	0	0	0	0	0	3336034	
67	1	B	4	N	2500	6	40	229	137	36	25	34	0	0	0	0	0	0	0	0	0	0	0	0	3358358	
68	1	B	4	N	2500	6	40	353	160	35	27	38	0	0	0	0	0	0	0	0	0	0	0	0	3358420	
69	1	B	4	N	2500	6	40	266	126	31	22	28	0	0	0	0	0	0	0	0	0	0	0	0	3358576	
70	1	B	4	N	2500	0	40	306	127	33	24	35	0	0	0	0	0	0	0	0	0	0	0	0	3360027	
71	1	B	4	N	2500	0	1	107	49	65	86	139	0	0	0	0	0	0	0	0	0	0	0	0	3360058	
72	1	B	4	N	2500	0	40	238	109	26	20	31	0	0	0	0	0	0	0	0	0	0	0	0	3360074	
73	1	B	4	N	2500	0	1	116	53	90	123	161	0	0	0	0	0	0	0	0	0	0	0	0	3360323	
74	1	B	4	N	2500	0	1	164	66	16	15	24	0	0	0	0	0	0	0	0	0	0	0	0	3360791	
75	1	B	4	N	2500	0	1	58	46	11	9	11	0	0	0	0	0	0	0	0	0	0	0	0	3360791	
76	1	B	4	N	2500	0	40	360	148	36	25	32	0	0	0	0	0	0	0	0	0	0	0	0	3360963	
77	1	B	4	N	2500	0	1	136	36	5	4	7	0	0	0	0	0	0	0	0	0	0	0	0	3361119	
78	1	B	4	N	2500	0	40	239	124	30	22	29	0	0	0	0	0	0	0	0	0	0	0	0	3361181	
79	1	B	4	N	2500	0	40	342	129	29	20	27	0	0	0	0	0	0	0	0	0	0	0	0	3361259	
80	1	B	4	N	2500	0	1	87	23	13	10	10	0	0	0	0	0	0	0	0	0	0	0	0	3361525	
81	1	B	4	N	2500	0	40	352	137	31	21	29	0	0	0	0	0	0	0	0	0	0	0	0	3361540	
82	1	B	4	N	2500	0	40	285	119	28	22	35	0	0	0	0	0	0	0	0	0	0	0	0	3361837	
83	1	B	4	N	2500	0	40	313	140	37	24	30	0	0	0	0	0	0	0	0	0	0	0	0	3362071	
84	1	B	4	N	2500	0	40	333	134	27	22	31	0	0	0	0	0	0	0	0	0	0	0	0	3362164	
85	1	B	4	N	2500	0	40	371	149	32	23	34	0	0	0	0	0	0	0	0	0	0	0	0	3362180	
86	1	B	4	N	2500	0	40	365	148	34	23	34	0	0	0	0	0	0	0	0	0	0	0	0	3362367	
87	1	B	4	N	2500	0	40	376	141	31	22	29	0	0	0	0	0	0	0	0	0	0	0	0	3362398	
88	1	B	4	N	2500	0	40	287	135	31	23	33	0	0	0	0	0	0	0	0	0	0	0	0	3362554	
89	1	B	4	N	2500	0	40	350	163	40	28	41	0	0	0	0	0	0	0	0	0	0	0	0	3362991	
90	1	B	4	N	2500	0	40	339	89	19	14	26	0	0	0	0	0	0	0	0	0	0	0	0	3363007	
91	1	B	4	N	2500	0	40	349	128	32	23	27	0	0	0	0	0	0	0	0	0	0	0	0	3363241	
92	1	B	4	N	2500	0	1	68	14	8	9	15	0	0	0	0	0	0	0	0	0	0	0	0	3363334	
93	1	B	4	N	2500	0	40	300	144	41	27	33	0	0	0	0	0	0	0	0	0	0	0	0	3363381	
94	1	B	4	N	2500	0	40	342	143	36	23	29	0	0	0	0	0	0	0	0	0	0	0	0	3363631	
95	1	B	4	N	2500	0	1	110	28	4	3	5	0	0	0	0	0	0	0	0	0	0	0	0	3363833	
96	1	B	4	N	2500	0	40	340	136	33	22	31	0	0	0	0	0	0	0	0	0	0	0	0	3364192	
97	1	B	5	N	2500	6	40	211	119	31	25	30	0	0	0	0	0	0	0	0	0	0	0	0	3373552	
98	1	B	6	N	2500	2	1	137	28	3	2	4	0	0	0	0	0	0	0	0	0	0	0	0	3386999	
99	1	B	6	N	2500	2	1	222	62	10	8	11	0	0	0	0	0	0	0	0	0	0	0	0	3387171	
100	1	B	6	N	2500	2	1	181	105	32	21	30	0	0	0	0	0	0	0	0	0	0	0	0	3387436	
101	1	B	6	N	2500	2	1	215	84	23	19	22	0	0	0	0	0	0	0	0	0	0	0	0	3387826	
102	1	B	6	N	2500	6	40	202	132	34	21	32	0	0	0	0	0	0	0	0	0	0	0	0	3388372	
103	1	B	6	N	2500	6	40	284	86	17	13	18	0	0	0	0	0	0	0	0	0	0	0	0	3389230	
104	1	B	6	N	2500	6	40	278	124	30	19	25	0	0	0	0	0	0	0	0	0	0	0	0	3389589	
105	1	B	6	N	2500	0	40	291	130	31	23	34	0	0	0	0	0	0	0	0	0	0	0	0	3389839	
106	1	B	6	N	2500	0	1	170	88	19	15	20	0	0	0	0	0	0	0	0	0	0	0	0	3390119	
107	1	B	6	N	2500	0	40	216	140	30	23	34	0	0	0	0	0	0	0	0	0	0	0	0	3393005	
108	1	B	6	N	2500	0	1	186	57	9	7	10	0	0	0	0	0	0	0	0	0	0	0	0	3393785	
109	1	B	6	N	2500	0	1	51	12	6	5	5	0	0	0	0	0	0	0	0	0	0	0	0	3393801	
110	1	B	6	N	2500	0	1	87	52	26	29	58	0	0	0	0	0	0	0	0	0	0	0	0	3394456	
111	1	B	8	N	2500	2	1	58	17	5	7	20	0	0	0	0	0	0	0	0	0	0	0	0	3417014	
112	1	B	8	N	2500	2	1	66	16	2	3	6	0	0	0	0	0	0	0	0	0	0	0	0	3417825	
113	1	B	8	N	2500	6	40	323	111	28	19	27	0	0	0	0	0	0	0	0	0	0	0	0	3418106	
114	1	B	8	N	2500	2	1	88	40	56	76	112	0	0	0	0	0	0	0	0	0	0	0	0	3418574	
115	1	B	8	N	2500	2	1	195	58	8	7	12	0	0	0	0	0	0	0	0	0	0	0	0	3420664	
116	1	B	8	N	2500	2	1	63	14	3	3	5	0	0	0	0	0	0	0	0	0	0	0	0	3420789	
117	1	B	10	N	2500	2	1	255	80	14	10	18	0	0	0	0	0	0	0	0	0	0	0	0	3445593	
118	1	B	10	N	2500	2	1	151	69	10	8	13	0	0	0	0	0	0	0	0	0	0	0	0	3446280	
119	1	B	10	N	2500	2	1	63	30	17	6	7	0	0	0	0	0	0	0	0	0	0	0	0	3446342	
120	1	B	10	N	2500	2	1	223	63	9	7	14	0	0	0	0	0	0	0	0	0	0	0	0	3448682	
121	1	B	10	N	2500	2	1	182	43	6	5	9	0	0	0	0	0	0	0	0	0	0	0	0	3449166	
122	1	B	10	N	2500	6	40	310	88	15	12	22	0	0	0	0	0	0	0	0	0	0	0	0	3450226	
123	1	B	10	N	2500	2	1	171	80	12	9	15	0	0	0	0	0	0	0	0	0	0	0	0	3450289	
124	1	B	10	N	2500	2	2	317	85	12	11	21	0	0	0	0	0	0	0	0	0	0	0	0	3451240	
125	1	B	10	N	2500	6	40	277	89	15	11	15	0	0	0	0	0	0	0	0	0	0	0	0	3451537	
126	1	C	2	N	2500	2	1	166	83	16	10	15	0	0	0	0	0	0	0	0	0	0	0	0	3505528	
127	1	C	2	N	2500	6	40	236	119	25	18	25	0	0	0	0	0	0	0	0	0	0	0	0	3505918	
128	1	C	2	N	2500	6	40	252	116	24	19	29	0	0	0	0	0	0	0	0	0	0	0	0	3505950	
129	1	C	2	N	2500	2	1	67	20	15	20	44	0	0	0	0	0	0	0	0	0	0	0	0	3505981	
130	1	C	2	N	2500	6	40	233	129	30	21	30	0	0	0	0	0	0	0	0	0	0	0	0	3506137	
131	1	C	2	N	2500	0	40	341	132	34	21	30	0	0	0	0	0	0	0	0	0	0	0	0	3506277	
132	1	C	2	N	2500	0	40	323	123	30	18	25	0	0	0	0	0	0	0	0	0	0	0	0	3506620	
133	1	C	2	N	2500	0	40	309	105	24	18	29	0	0	0	0	0	0	0	0	0	0	0	0	3506901	
134	1	C	2	N	2500	0	40	298	99	25	15	21	0	0	0	0	0	0	0	0	0	0	0	0	3506964	
135	1	C	2	N	2500	0	1	176	106	22	18	23	0	0	0	0	0	0	0	0	0	0	0	0	3507073	
136	1	C	2	N	2500	0	40	326	105	24	16	22	0	0	0	0	0	0	0	0	0	0	0	0	3507463	
137	1	C	2	N	2500	0	40	277	119	25	18	28	0	0	0	0	0	0	0	0	0	0	0	0	3508524	
138	1	C	2	N	2500	0	40	320	101	19	15	20	0	0	0	0	0	0	0	0	0	0	0	0	3508867	
139	1	C	2	N	2500	0	40	295	97	20	15	21	0	0	0	0	0	0	0	0	0	0	0	0	3508992	
140	1	C	2	N	2500	0	1	210	105	21	17	22	0	0	0	0	0	0	0	0	0	0	0	0	3509366	
141	1	C	2	N	2500	0	40	371	126	24	18	29	0	0	0	0	0	0	0	0	0	0	0	0	3509475	
142	1	C	2	N	2500	0	40	310	109	22	17	25	0	0	0	0	0	0	0	0	0	0	0	0	3509506	
143	1	C	2	N	2500	0	40	224	116	27	17	25	0	0	0	0	0	0	0	0	0	0	0	0	3510037	
144	1	C	2	N	2500	0	40	415	120	24	19	27	0	0	0	0	0	0	0	0	0	0	0	0	3510271	
145	1	C	2	N	2500	0	40	316	114	26	16	20	0	0	0	0	0	0	0	0	0	0	0	0	3510598	
146	1	C	3	N	2500	6	40	257	118	30	20	21	0	0	0	0	0	0	0	0	0	0	0	0	3521908	
147	1	C	4	N	2500	6	40	350	125	27	18	24	0	0	0	0	0	0	0	0	0	0	0	0	3534233	
148	1	C	4	N	2500	6	40	201	119	24	16	27	0	0	0	0	0	0	0	0	0	0	0	0	3534389	
149	1	C	4	N	2500	2	1	54	16	3	3	4	0	0	0	0	0	0	0	0	0	0	0	0	3534654	
150	1	C	4	N	2500	6	40	214	121	26	17	30	0	0	0	0	0	0	0	0	0	0	0	0	3535013	
151	1	C	4	N	2500	0	40	215	147	33	23	30	0	0	0	0	0	0	0	0	0	0	0	0	3535496	
152	1	C	4	N	2500	0	1	107	44	65	87	143	0	0	0	0	0	0	0	0	0	0	0	0	3535964	
153	1	C	4	N	2500	0	40	361	118	23	15	22	0	0	0	0	0	0	0	0	0	0	0	0	3536214	
154	1	C	4	N	2500	0	40	338	125	26	18	28	0	0	0	0	0	0	0	0	0	0	0	0	3536448	
155	1	C	4	N	2500	0	40	223	123	28	20	27	0	0	0	0	0	0	0	0	0	0	0	0	3536963	
156	1	C	4	N	2500	0	40	313	115	27	17	27	0	0	0	0	0	0	0	0	0	0	0	0	3537212	
157	1	C	4	N	2500	0	40	199	121	31	20	24	0	0	0	0	0	0	0	0	0	0	0	0	3537789	
158	1	C	4	N	2500	0	40	347	142	33	22	33	0	0	0	0	0	0	0	0	0	0	0	0	3537977	
159	1	C	4	N	2500	0	1	195	50	8	7	16	0	0	0	0	0	0	0	0	0	0	0	0	3538273	
160	1	C	4	N	2500	0	1	109	36	4	3	8	0	0	0	0	0	0	0	0	0	0	0	0	3538335	
161	1	C	4	N	2500	0	1	64	17	4	3	8	0	0	0	0	0	0	0	0	0	0	0	0	3538367	
162	1	C	4	N	2500	0	40	262	131	33	20	30	0	0	0	0	0	0	0	0	0	0	0	0	3538538	
163	1	C	4	N	2500	0	1	50	16	8	6	6	0	0	0	0	0	0	0	0	0	0	0	0	3538679	
164	1	C	4	N	2500	0	40	258	176	41	30	42	0	0	0	0	0	0	0	0	0	0	0	0	3538725	
165	1	C	4	N	2500	0	40	356	112	25	17	26	0	0	0	0	0	0	0	0	0	0	0	0	3538741	
166	1	C	4	N	2500	0	40	349	132	28	19	26	0	0	0	0	0	0	0	0	0	0	0	0	3539552	
167	1	C	4	N	2500	0	1	66	13	1	1	3	0	0	0	0	0	0	0	0	0	0	0	0	3539708	
168	1	C	4	N	2500	0	1	63	27	10	12	26	0	0	0	0	0	0	0	0	0	0	0	0	3540379	
169	1	C	4	N	2500	0	1	159	99	23	16	25	0	0	0	0	0	0	0	0	0	0	0	0	3540457	
170	1	C	4	N	2500	0	40	299	136	30	23	31	0	0	0	0	0	0	0	0	0	0	0	0	3540613	
171	1	C	6	N	2500	6	40	260	94	17	14	25	0	0	0	0	0	0	0	0	0	0	0	0	3564231	
172	1	C	6	N	2500	6	40	382	138	30	21	29	0	0	0	0	0	0	0	0	0	0	0	0	3565043	
173	1	C	6	N	2500	6	40	290	98	21	16	26	0	0	0	0	0	0	0	0	0	0	0	0	3565183	
174	1	C	6	N	2500	0	40	182	120	28	21	30	0	0	0	0	0	0	0	0	0	0	0	0	3565526	
175	1	C	6	N	2500	0	40	235	130	27	22	35	0	0	0	0	0	0	0	0	0	0	0	0	3565573	
176	1	C	6	N	2500	0	40	212	111	23	16	24	0	0	0	0	0	0	0	0	0	0	0	0	3566041	
177	1	C	6	N	2500	0	1	55	11	2	1	2	0	0	0	0	0	0	0	0	0	0	0	0	3566072	
178	1	C	6	N	2500	0	1	232	99	20	16	27	0	0	0	0	0	0	0	0	0	0	0	0	3566072	
179	1	C	6	N	2500	0	40	321	117	24	20	24	0	0	0	0	0	0	0	0	0	0	0	0	3566447	
180	1	C	6	N	2500	0	1	55	19	17	22	35	0	0	0	0	0	0	0	0	0	0	0	0	3566665	
181	1	C	6	N	2500	0	40	316	133	30	25	36	0	0	0	0	0	0	0	0	0	0	0	0	3566727	
182	1	C	6	N	2500	0	40	294	98	21	15	24	0	0	0	0	0	0	0	0	0	0	0	0	3567055	
183	1	C	6	N	2500	0	1	186	111	24	20	30	0	0	0	0	0	0	0	0	0	0	0	0	3567570	
184	1	C	6	N	2500	0	40	341	145	36	27	41	0	0	0	0	0	0	0	0	0	0	0	0	3567897	
185	1	C	6	N	2500	0	40	301	98	24	16	23	0	0	0	0	0	0	0	0	0	0	0	0	3567913	
186	1	C	6	N	2500	0	1	115	40	9	8	13	0	0	0	0	0	0	0	0	0	0	0	0	3569489	
187	1	C	6	N	2500	0	40	197	129	34	24	33	0	0	0	0	0	0	0	0	0	0	0	0	3569629	
188	1	C	7	N	2500	2	1	215	105	26	20	27	0	0	0	0	0	0	0	0	0	0	0	0	3578552	
189	1	C	7	N	2500	2	1	202	62	9	8	12	0	0	0	0	0	0	0	0	0	0	0	0	3584215	
190	1	C	8	N	2500	2	1	172	104	23	18	27	0	0	0	0	0	0	0	0	0	0	0	0	3592436	
191	1	C	8	N	2500	2	1	185	84	18	11	16	0	0	0	0	0	0	0	0	0	0	0	0	3592733	
192	1	C	8	N	2500	2	1	253	74	11	8	14	0	0	0	0	0	0	0	0	0	0	0	0	3592764	
193	1	C	8	N	2500	6	40	278	113	27	19	27	0	0	0	0	0	0	0	0	0	0	0	0	3592904	
194	1	C	8	N	2500	6	40	284	95	21	14	21	0	0	0	0	0	0	0	0	0	0	0	0	3592904	
195	1	C	8	N	2500	6	40	306	115	26	16	25	0	0	0	0	0	0	0	0	0	0	0	0	3592920	
196	1	C	8	N	2500	0	1	51	14	4	6	12	0	0	0	0	0	0	0	0	0	0	0	0	3593216	
197	1	C	8	N	2500	0	40	361	127	26	17	26	0	0	0	0	0	0	0	0	0	0	0	0	3593216	
198	1	C	8	N	2500	0	1	219	94	21	13	19	0	0	0	0	0	0	0	0	0	0	0	0	3593372	
199	1	C	8	N	2500	0	1	169	85	17	12	16	0	0	0	0	0	0	0	0	0	0	0	0	3593606	
200	1	C	8	N	2500	0	40	309	106	23	15	20	0	0	0	0	0	0	0	0	0	0	0	0	3593778	
201	1	C	8	N	2500	0	1	193	65	16	12	17	0	0	0	0	0	0	0	0	0	0	0	0	3593778	
202	1	C	8	N	2500	0	40	292	98	20	14	22	0	0	0	0	0	0	0	0	0	0	0	0	3593871	
203	1	C	8	N	2500	0	1	62	12	3	4	8	0	0	0	0	0	0	0	0	0	0	0	0	3593996	
204	1	C	8	N	2500	0	1	59	20	13	10	9	0	0	0	0	0	0	0	0	0	0	0	0	3594402	
205	1	C	8	N	2500	0	40	294	95	19	15	25	0	0	0	0	0	0	0	0	0	0	0	0	3594683	
206	1	C	8	N	2500	0	1	115	76	15	11	13	0	0	0	0	0	0	0	0	0	0	0	0	3594839	
207	1	C	8	N	2500	0	40	235	124	31	20	26	0	0	0	0	0	0	0	0	0	0	0	0	3594995	
208	1	C	8	N	2500	0	1	208	68	12	9	12	0	0	0	0	0	0	0	0	0	0	0	0	3595151	
209	1	C	8	N	2500	0	40	214	111	22	17	25	0	0	0	0	0	0	0	0	0	0	0	0	3595587	
210	1	C	8	N	2500	0	40	239	110	26	19	26	0	0	0	0	0	0	0	0	0	0	0	0	3596867	
211	1	C	8	N	2500	0	1	254	85	19	11	13	0	0	0	0	0	0	0	0	0	0	0	0	3596976	
212	1	C	8	N	2500	0	1	239	88	18	11	15	0	0	0	0	0	0	0	0	0	0	0	0	3597335	
213	1	C	8	N	2500	0	1	209	104	24	14	16	0	0	0	0	0	0	0	0	0	0	0	0	3597631	
214	1	C	9	N	2500	6	40	289	107	25	16	18	0	0	0	0	0	0	0	0	0	0	0	0	3606149	
215	1	C	9	N	2500	6	40	206	111	21	14	16	0	0	0	0	0	0	0	0	0	0	0	0	3608645	
216	1	C	10	N	2500	6	40	376	146	33	26	37	0	0	0	0	0	0	0	0	0	0	0	0	3621109	
217	1	C	10	N	2500	6	40	282	137	39	27	39	0	0	0	0	0	0	0	0	0	0	0	0	3621312	
218	1	C	10	N	2500	2	1	61	18	14	10	10	0	0	0	0	0	0	0	0	0	0	0	0	3622154	
219	1	C	10	N	2500	2	2	240	128	231	282	348	0	0	0	0	0	0	0	0	0	0	0	0	3622404	
220	1	C	10	N	2500	6	40	249	143	32	24	33	0	0	0	0	0	0	0	0	0	0	0	0	3623043	
221	1	C	10	N	2500	0	40	343	136	34	25	41	0	0	0	0	0	0	0	0	0	0	0	0	3623043	
222	1	C	10	N	2500	0	1	202	90	17	12	14	0	0	0	0	0	0	0	0	0	0	0	0	3623090	
223	1	C	10	N	2500	0	40	331	133	31	23	31	0	0	0	0	0	0	0	0	0	0	0	0	3623215	
224	1	C	10	N	2500	0	1	58	18	15	11	9	0	0	0	0	0	0	0	0	0	0	0	0	3623371	
225	1	C	10	N	2500	0	1	59	13	7	5	5	0	0	0	0	0	0	0	0	0	0	0	0	3623402	
226	1	C	10	N	2500	0	1	59	14	8	6	5	0	0	0	0	0	0	0	0	0	0	0	0	3624089	
227	1	C	10	N	2500	0	40	344	128	30	22	36	0	0	0	0	0	0	0	0	0	0	0	0	3624167	
228	1	C	10	N	2500	0	40	212	117	30	22	31	0	0	0	0	0	0	0	0	0	0	0	0	3624182	
229	1	C	10	N	2500	0	1	263	90	24	16	26	0	0	0	0	0	0	0	0	0	0	0	0	3624432	
230	1	C	10	N	2500	0	40	267	113	31	23	33	0	0	0	0	0	0	0	0	0	0	0	0	3624541	
231	1	C	10	N	2500	0	1	50	11	8	6	4	0	0	0	0	0	0	0	0	0	0	0	0	3624791	
232	1	C	10	N	2500	0	40	273	103	22	17	23	0	0	0	0	0	0	0	0	0	0	0	0	3625087	
233	1	C	10	N	2500	0	40	246	140	36	26	35	0	0	0	0	0	0	0	0	0	0	0	0	3625134	
234	1	C	10	N	2500	0	1	154	98	24	19	29	0	0	0	0	0	0	0	0	0	0	0	0	3625227	
235	1	C	10	N	2500	0	40	328	119	27	21	32	0	0	0	0	0	0	0	0	0	0	0	0	3625290	
236	1	C	10	N	2500	0	1	148	92	19	15	22	0	0	0	0	0	0	0	0	0	0	0	0	3625399	
237	1	C	10	N	2500	0	1	199	107	23	18	26	0	0	0	0	0	0	0	0	0	0	0	0	3625430	
238	1	C	10	N	2500	0	40	252	123	32	26	33	0	0	0	0	0	0	0	0	0	0	0	0	3625649	
239	1	C	10	N	2500	0	1	58	12	8	5	5	0	0	0	0	0	0	0	0	0	0	0	0	3625851	
240	1	C	10	N	2500	0	1	236	73	13	12	21	0	0	0	0	0	0	0	0	0	0	0	0	3625914	
241	1	C	10	N	2500	0	40	299	123	28	23	34	0	0	0	0	0	0	0	0	0	0	0	0	3625929	
242	1	C	10	N	2500	0	40	203	133	31	26	33	0	0	0	0	0	0	0	0	0	0	0	0	3625992	
243	1	C	10	N	2500	0	1	86	37	26	20	19	0	0	0	0	0	0	0	0	0	0	0	0	3626117	
244	1	C	10	N	2500	0	40	332	138	36	24	36	0	0	0	0	0	0	0	0	0	0	0	0	3626694	
245	1	C	10	N	2500	0	40	337	112	24	20	31	0	0	0	0	0	0	0	0	0	0	0	0	3626756	
246	1	C	10	N	2500	0	40	311	134	28	24	35	0	0	0	0	0	0	0	0	0	0	0	0	3626756	
247	1	C	10	N	2500	0	40	315	127	27	21	30	0	0	0	0	0	0	0	0	0	0	0	0	3626865	
248	1	C	10	N	2500	0	40	324	143	31	28	40	0	0	0	0	0	0	0	0	0	0	0	0	3627131	
249	1	C	11	N	2500	2	1	68	27	13	7	7	0	0	0	0	0	0	0	0	0	0	0	0	3638378	
250	1	C	12	N	2500	6	40	329	116	30	18	28	0	0	0	0	0	0	0	0	0	0	0	0	3649564	
251	1	C	12	N	2500	2	1	107	91	26	17	25	0	0	0	0	0	0	0	0	0	0	0	0	3650422	
252	1	C	12	N	2500	6	40	315	130	33	26	38	0	0	0	0	0	0	0	0	0	0	0	0	3650531	
253	1	C	12	N	2500	6	40	285	101	20	14	21	0	0	0	0	0	0	0	0	0	0	0	0	3651295	
254	1	C	12	N	2500	0	1	149	90	23	16	23	0	0	0	0	0	0	0	0	0	0	0	0	3651872	
255	1	C	12	N	2500	0	40	217	118	26	20	27	0	0	0	0	0	0	0	0	0	0	0	0	3651997	
256	1	C	12	N	2500	0	1	109	24	5	6	11	0	0	0	0	0	0	0	0	0	0	0	0	3652060	
257	1	C	12	N	2500	0	40	393	123	23	18	28	0	0	0	0	0	0	0	0	0	0	0	0	3652918	
258	1	C	12	N	2500	0	1	264	82	15	10	15	0	0	0	0	0	0	0	0	0	0	0	0	3653027	
259	1	C	12	N	2500	0	40	248	109	21	17	23	0	0	0	0	0	0	0	0	0	0	0	0	3653339	
260	1	C	12	N	2500	0	40	224	136	28	22	31	0	0	0	0	0	0	0	0	0	0	0	0	3653479	
261	1	C	12	N	2500	0	1	104	17	3	3	5	0	0	0	0	0	0	0	0	0	0	0	0	3653744	
262	1	C	12	N	2500	0	1	261	77	14	11	17	0	0	0	0	0	0	0	0	0	0	0	0	3653744	
263	1	C	12	N	2500	0	40	339	104	17	14	25	0	0	0	0	0	0	0	0	0	0	0	0	3653869	
264	1	C	12	N	2500	0	1	465	143	29	19	27	0	0	0	0	0	0	0	0	0	0	0	0	3655554	
265	1	C	12	N	2500	0	40	270	139	30	23	35	0	0	0	0	0	0	0	0	0	0	0	0	3656209	
266	1	D	2	N	2500	6	40	315	156	35	28	39	0	0	0	0	0	0	0	0	0	0	0	0	3679843	
267	1	D	2	N	2500	2	1	200	82	18	13	17	0	0	0	0	0	0	0	0	0	0	0	0	3680249	
268	1	D	2	N	2500	6	40	321	150	38	28	41	0	0	0	0	0	0	0	0	0	0	0	0	3681294	
269	1	D	2	N	2500	2	1	73	29	13	3	2	0	0	0	0	0	0	0	0	0	0	0	0	3681341	
270	1	D	2	N	2500	8	40	293	144	38	26	32	0	0	0	0	0	0	0	0	0	0	0	0	3681341	
271	1	D	2	N	2500	6	40	308	103	24	18	28	0	0	0	0	0	0	0	0	0	0	0	0	3682183	
272	1	D	2	N	2500	0	40	337	146	31	22	30	0	0	0	0	0	0	0	0	0	0	0	0	3682558	
273	1	D	2	N	2500	0	40	343	149	35	22	27	0	0	0	0	0	0	0	0	0	0	0	0	3682573	
274	1	D	2	N	2500	0	40	241	140	30	25	36	0	0	0	0	0	0	0	0	0	0	0	0	3683416	
275	1	D	2	N	2500	0	40	325	110	26	17	22	0	0	0	0	0	0	0	0	0	0	0	0	3683806	
276	1	D	2	N	2500	0	40	282	141	36	27	33	0	0	0	0	0	0	0	0	0	0	0	0	3684336	
277	1	D	2	N	2500	0	40	311	80	13	11	19	0	0	0	0	0	0	0	0	0	0	0	0	3684508	
278	1	D	2	N	2500	0	40	340	121	28	21	25	0	0	0	0	0	0	0	0	0	0	0	0	3685210	
279	1	D	2	N	2500	0	40	345	132	34	21	28	0	0	0	0	0	0	0	0	0	0	0	0	3685288	
280	1	D	2	N	2500	0	40	325	144	31	24	33	0	0	0	0	0	0	0	0	0	0	0	0	3685303	
281	1	D	2	N	2500	0	40	281	188	43	31	40	0	0	0	0	0	0	0	0	0	0	0	0	3685350	
282	1	D	2	N	2500	0	40	321	141	34	27	34	0	0	0	0	0	0	0	0	0	0	0	0	3685490	
283	1	D	2	N	2500	0	1	66	22	4	3	6	0	0	0	0	0	0	0	0	0	0	0	0	3686411	
284	1	D	3	N	2500	6	40	318	121	26	20	27	0	0	0	0	0	0	0	0	0	0	0	0	3700669	
285	1	D	4	N	2500	2	1	238	70	12	8	11	0	0	0	0	0	0	0	0	0	0	0	0	3708953	
286	1	D	4	N	2500	8	40	285	93	16	11	18	0	0	0	0	0	0	0	0	0	0	0	0	3708968	
287	1	D	4	N	2500	2	1	230	94	16	12	19	0	0	0	0	0	0	0	0	0	0	0	0	3709280	
288	1	D	4	N	2500	6	40	298	128	33	19	27	0	0	0	0	0	0	0	0	0	0	0	0	3709733	
289	1	D	4	N	2500	6	40	291	128	28	20	30	0	0	0	0	0	0	0	0	0	0	0	0	3710201	
290	1	D	4	N	2500	2	1	163	90	18	13	16	0	0	0	0	0	0	0	0	0	0	0	0	3710263	
291	1	D	4	N	2500	6	40	354	137	29	20	28	0	0	0	0	0	0	0	0	0	0	0	0	3710638	
292	1	D	4	N	2500	0	40	290	100	20	13	20	0	0	0	0	0	0	0	0	0	0	0	0	3710903	
293	1	D	4	N	2500	0	40	312	116	26	17	28	0	0	0	0	0	0	0	0	0	0	0	0	3710965	
294	1	D	4	N	2500	0	40	331	125	26	17	27	0	0	0	0	0	0	0	0	0	0	0	0	3710981	
295	1	D	4	N	2500	0	40	310	107	20	14	17	0	0	0	0	0	0	0	0	0	0	0	0	3711043	
296	1	D	4	N	2500	0	40	267	98	23	14	18	0	0	0	0	0	0	0	0	0	0	0	0	3711043	
297	1	D	4	N	2500	0	40	341	119	27	17	27	0	0	0	0	0	0	0	0	0	0	0	0	3711074	
298	1	D	4	N	2500	0	40	297	127	32	19	25	0	0	0	0	0	0	0	0	0	0	0	0	3711074	
299	1	D	4	N	2500	0	40	235	125	32	21	30	0	0	0	0	0	0	0	0	0	0	0	0	3711090	
300	1	D	4	N	2500	0	40	377	157	30	19	28	0	0	0	0	0	0	0	0	0	0	0	0	3711121	
301	1	D	4	N	2500	0	40	308	122	27	17	22	0	0	0	0	0	0	0	0	0	0	0	0	3711152	
302	1	D	4	N	2500	0	40	300	136	31	20	28	0	0	0	0	0	0	0	0	0	0	0	0	3711308	
303	1	D	4	N	2500	0	40	325	135	29	21	34	0	0	0	0	0	0	0	0	0	0	0	0	3711433	
304	1	D	4	N	2500	0	40	320	116	26	16	26	0	0	0	0	0	0	0	0	0	0	0	0	3711589	
305	1	D	4	N	2500	0	1	204	86	22	15	24	0	0	0	0	0	0	0	0	0	0	0	0	3711652	
306	1	D	4	N	2500	0	40	199	123	26	19	25	0	0	0	0	0	0	0	0	0	0	0	0	3711652	
307	1	D	4	N	2500	0	40	394	143	30	20	31	0	0	0	0	0	0	0	0	0	0	0	0	3711683	
308	1	D	4	N	2500	0	40	399	126	31	20	29	0	0	0	0	0	0	0	0	0	0	0	0	3712042	
309	1	D	4	N	2500	0	1	259	87	16	11	17	0	0	0	0	0	0	0	0	0	0	0	0	3712728	
310	1	D	4	N	2500	0	40	196	129	30	18	25	0	0	0	0	0	0	0	0	0	0	0	0	3712962	
311	1	D	4	N	2500	0	40	357	141	29	20	26	0	0	0	0	0	0	0	0	0	0	0	0	3713056	
312	1	D	4	N	2500	0	40	360	131	27	19	31	0	0	0	0	0	0	0	0	0	0	0	0	3713134	
313	1	D	4	N	2500	0	1	202	108	23	16	20	0	0	0	0	0	0	0	0	0	0	0	0	3713321	
314	1	D	4	N	2500	0	1	51	11	3	2	6	0	0	0	0	0	0	0	0	0	0	0	0	3713508	
315	1	D	4	N	2500	0	1	56	18	11	8	7	0	0	0	0	0	0	0	0	0	0	0	0	3714007	
316	1	D	4	N	2500	0	1	78	20	3	3	5	0	0	0	0	0	0	0	0	0	0	0	0	3714694	
317	1	D	4	N	2500	0	1	190	68	13	9	14	0	0	0	0	0	0	0	0	0	0	0	0	3714694	
318	1	D	4	N	2500	0	40	327	163	31	20	30	0	0	0	0	0	0	0	0	0	0	0	0	3714912	
319	1	D	4	N	2500	0	1	62	24	45	61	83	0	0	0	0	0	0	0	0	0	0	0	0	3715676	
320	1	D	4	N	2500	0	40	321	121	30	18	26	0	0	0	0	0	0	0	0	0	0	0	0	3715801	
321	1	D	5	N	2500	6	40	318	115	26	17	27	0	0	0	0	0	0	0	0	0	0	0	0	3724834	
322	1	D	5	N	2500	6	40	333	131	28	21	28	0	0	0	0	0	0	0	0	0	0	0	0	3725036	
323	1	D	6	N	2500	6	40	246	97	21	14	20	0	0	0	0	0	0	0	0	0	0	0	0	3737470	
324	1	D	6	N	2500	2	1	176	98	19	15	23	0	0	0	0	0	0	0	0	0	0	0	0	3737501	
325	1	D	6	N	2500	6	40	285	92	18	13	23	0	0	0	0	0	0	0	0	0	0	0	0	3737719	
326	1	D	6	N	2500	2	1	201	68	17	12	17	0	0	0	0	0	0	0	0	0	0	0	0	3737875	
327	1	D	6	N	2500	2	1	219	77	21	13	19	0	0	0	0	0	0	0	0	0	0	0	0	3737953	
328	1	D	6	N	2500	6	40	187	117	29	19	26	0	0	0	0	0	0	0	0	0	0	0	0	3738000	
329	1	D	6	N	2500	0	1	262	73	11	8	12	0	0	0	0	0	0	0	0	0	0	0	0	3738109	
330	1	D	6	N	2500	0	1	266	72	13	8	17	0	0	0	0	0	0	0	0	0	0	0	0	3738218	
331	1	D	6	N	2500	0	1	193	81	17	13	17	0	0	0	0	0	0	0	0	0	0	0	0	3738250	
332	1	D	6	N	2500	0	1	213	89	20	13	19	0	0	0	0	0	0	0	0	0	0	0	0	3738686	
333	1	D	6	N	2500	0	1	207	68	10	8	16	0	0	0	0	0	0	0	0	0	0	0	0	3738811	
334	1	D	6	N	2500	0	1	191	70	15	11	14	0	0	0	0	0	0	0	0	0	0	0	0	3738858	
335	1	D	6	N	2500	0	40	286	88	22	13	20	0	0	0	0	0	0	0	0	0	0	0	0	3739030	
336	1	D	6	N	2500	0	1	173	77	16	11	15	0	0	0	0	0	0	0	0	0	0	0	0	3739264	
337	1	D	6	N	2500	0	1	260	76	13	10	17	0	0	0	0	0	0	0	0	0	0	0	0	3739560	
338	1	D	6	N	2500	0	40	365	137	29	22	31	0	0	0	0	0	0	0	0	0	0	0	0	3739669	
339	1	D	6	N	2500	0	40	307	102	25	15	23	0	0	0	0	0	0	0	0	0	0	0	0	3740137	
340	1	D	6	N	2500	0	1	165	36	4	4	8	0	0	0	0	0	0	0	0	0	0	0	0	3740168	
341	1	D	6	N	2500	0	40	321	122	24	20	27	0	0	0	0	0	0	0	0	0	0	0	0	3740418	
342	1	D	6	N	2500	0	1	240	90	17	13	21	0	0	0	0	0	0	0	0	0	0	0	0	3740605	
343	1	D	6	N	2500	0	1	241	68	14	11	15	0	0	0	0	0	0	0	0	0	0	0	0	3740636	
344	1	D	6	N	2500	0	40	352	125	26	19	29	0	0	0	0	0	0	0	0	0	0	0	0	3740652	
345	1	D	6	N	2500	0	1	234	99	22	14	23	0	0	0	0	0	0	0	0	0	0	0	0	3740668	
346	1	D	6	N	2500	0	1	161	102	22	17	26	0	0	0	0	0	0	0	0	0	0	0	0	3740714	
347	1	D	6	N	2500	0	40	283	109	23	16	22	0	0	0	0	0	0	0	0	0	0	0	0	3740980	
348	1	D	6	N	2500	0	1	246	76	13	10	10	0	0	0	0	0	0	0	0	0	0	0	0	3741151	
349	1	D	6	N	2500	0	40	360	128	27	19	28	0	0	0	0	0	0	0	0	0	0	0	0	3741167	
350	1	D	6	N	2500	0	40	283	99	17	13	18	0	0	0	0	0	0	0	0	0	0	0	0	3741775	
351	1	D	6	N	2500	0	1	266	85	16	13	17	0	0	0	0	0	0	0	0	0	0	0	0	3741962	
352	1	D	6	N	2500	0	40	293	98	20	15	20	0	0	0	0	0	0	0	0	0	0	0	0	3742103	
353	1	D	6	N	2500	0	1	178	86	16	11	17	0	0	0	0	0	0	0	0	0	0	0	0	3742212	
354	1	D	6	N	2500	0	1	123	57	8	6	9	0	0	0	0	0	0	0	0	0	0	0	0	3742602	
355	1	D	6	N	2500	0	1	218	92	18	12	20	0	0	0	0	0	0	0	0	0	0	0	0	3742618	
356	1	D	6	N	2500	0	40	298	94	19	13	19	0	0	0	0	0	0	0	0	0	0	0	0	3742727	
357	1	D	6	N	2500	0	40	253	101	24	16	24	0	0	0	0	0	0	0	0	0	0	0	0	3742789	
358	1	D	8	N	2500	6	40	290	95	18	13	21	0	0	0	0	0	0	0	0	0	0	0	0	3766455	
359	1	D	8	N	2500	2	1	164	100	20	15	20	0	0	0	0	0	0	0	0	0	0	0	0	3766626	
360	1	D	8	N	2500	2	1	63	19	13	9	9	0	0	0	0	0	0	0	0	0	0	0	0	3767079	
361	1	D	8	N	2500	2	1	156	49	29	21	20	0	0	0	0	0	0	0	0	0	0	0	0	3767079	
362	1	D	8	N	2500	2	1	167	96	30	25	35	0	0	0	0	0	0	0	0	0	0	0	0	3768545	
363	1	D	8	N	2500	6	40	395	115	20	16	30	0	0	0	0	0	0	0	0	0	0	0	0	3768919	
364	1	D	8	N	2500	6	40	217	113	29	21	31	0	0	0	0	0	0	0	0	0	0	0	0	3769497	
365	1	D	8	N	2500	0	40	302	101	22	15	22	0	0	0	0	0	0	0	0	0	0	0	0	3769980	
366	1	D	8	N	2500	0	1	214	72	13	10	18	0	0	0	0	0	0	0	0	0	0	0	0	3770027	
367	1	D	8	N	2500	0	1	115	44	63	86	143	0	0	0	0	0	0	0	0	0	0	0	0	3770667	
368	1	D	8	N	2500	0	1	91	35	49	64	108	0	0	0	0	0	0	0	0	0	0	0	0	3771119	
369	1	D	8	N	2500	0	40	298	115	22	18	26	0	0	0	0	0	0	0	0	0	0	0	0	3771259	
370	1	D	8	N	2500	0	40	374	132	29	18	25	0	0	0	0	0	0	0	0	0	0	0	0	3771337	
371	1	D	8	N	2500	0	40	317	113	24	18	27	0	0	0	0	0	0	0	0	0	0	0	0	3771759	
372	1	D	8	N	2500	0	40	237	124	34	23	32	0	0	0	0	0	0	0	0	0	0	0	0	3771774	
373	1	D	8	N	2500	0	40	468	168	33	22	33	0	0	0	0	0	0	0	0	0	0	0	0	3771899	
374	1	D	8	N	2500	0	40	283	139	30	19	29	0	0	0	0	0	0	0	0	0	0	0	0	3772305	
375	1	D	8	N	2500	0	40	351	126	29	21	26	0	0	0	0	0	0	0	0	0	0	0	0	3773272	
376	1	D	8	N	2500	0	1	171	74	15	11	19	0	0	0	0	0	0	0	0	0	0	0	0	3773584	
377	1	D	10	N	2500	2	1	166	71	19	12	16	0	0	0	0	0	0	0	0	0	0	0	0	3795018	
378	1	D	10	N	2500	6	40	283	93	14	12	18	0	0	0	0	0	0	0	0	0	0	0	0	3795517	
379	1	D	10	N	2500	6	40	247	102	25	19	24	0	0	0	0	0	0	0	0	0	0	0	0	3795720	
380	1	D	10	N	2500	6	40	260	109	20	15	18	0	0	0	0	0	0	0	0	0	0	0	0	3795876	
381	1	D	10	N	2500	0	1	245	66	11	9	13	0	0	0	0	0	0	0	0	0	0	0	0	3796235	
382	1	D	10	N	2500	0	1	174	69	11	9	14	0	0	0	0	0	0	0	0	0	0	0	0	3796391	
383	1	D	10	N	2500	0	40	311	118	31	19	24	0	0	0	0	0	0	0	0	0	0	0	0	3796453	
384	1	D	10	N	2500	0	1	151	85	16	11	18	0	0	0	0	0	0	0	0	0	0	0	0	3796531	
385	1	D	10	N	2500	0	40	342	113	24	17	28	0	0	0	0	0	0	0	0	0	0	0	0	3796656	
386	1	D	10	N	2500	0	1	50	9	1	1	1	0	0	0	0	0	0	0	0	0	0	0	0	3797124	
387	1	D	10	N	2500	0	1	217	96	18	15	20	0	0	0	0	0	0	0	0	0	0	0	0	3797124	
388	1	D	10	N	2500	0	40	278	103	19	16	20	0	0	0	0	0	0	0	0	0	0	0	0	3797187	
389	1	D	10	N	2500	0	1	235	73	12	9	13	0	0	0	0	0	0	0	0	0	0	0	0	3797202	
390	1	D	10	N	2500	0	40	322	127	29	22	35	0	0	0	0	0	0	0	0	0	0	0	0	3797296	
391	1	D	10	N	2500	0	40	316	105	23	16	20	0	0	0	0	0	0	0	0	0	0	0	0	3797514	
392	1	D	10	N	2500	0	1	274	84	13	10	20	0	0	0	0	0	0	0	0	0	0	0	0	3797577	
393	1	D	10	N	2500	0	1	227	91	18	10	14	0	0	0	0	0	0	0	0	0	0	0	0	3797889	
394	1	D	10	N	2500	0	1	145	97	22	15	17	0	0	0	0	0	0	0	0	0	0	0	0	3797904	
395	1	D	10	N	2500	0	40	288	101	19	16	21	0	0	0	0	0	0	0	0	0	0	0	0	3798029	
396	1	D	10	N	2500	0	40	341	116	21	16	23	0	0	0	0	0	0	0	0	0	0	0	0	3798076	
397	1	D	10	N	2500	0	40	290	97	21	12	17	0	0	0	0	0	0	0	0	0	0	0	0	3798201	
398	1	D	10	N	2500	0	40	306	102	22	13	19	0	0	0	0	0	0	0	0	0	0	0	0	3798247	
399	1	D	10	N	2500	0	40	342	125	31	21	35	0	0	0	0	0	0	0	0	0	0	0	0	3798263	
400	1	D	10	N	2500	0	1	279	86	17	11	19	0	0	0	0	0	0	0	0	0	0	0	0	3798403	
401	1	D	10	N	2500	0	40	290	97	20	14	20	0	0	0	0	0	0	0	0	0	0	0	0	3798450	
402	1	D	10	N	2500	0	40	204	126	32	22	26	0	0	0	0	0	0	0	0	0	0	0	0	3798466	
403	1	D	10	N	2500	0	40	297	93	19	14	22	0	0	0	0	0	0	0	0	0	0	0	0	3798481	
404	1	D	10	N	2500	0	1	265	90	21	15	21	0	0	0	0	0	0	0	0	0	0	0	0	3798497	
405	1	D	10	N	2500	0	40	332	109	20	16	25	0	0	0	0	0	0	0	0	0	0	0	0	3798513	
406	1	D	10	N	2500	0	40	403	156	34	20	28	0	0	0	0	0	0	0	0	0	0	0	0	3798544	
407	1	D	10	N	2500	0	40	174	118	27	20	26	0	0	0	0	0	0	0	0	0	0	0	0	3798544	
408	1	D	10	N	2500	0	40	351	127	26	17	24	0	0	0	0	0	0	0	0	0	0	0	0	3798606	
409	1	D	10	N	2500	0	40	351	122	29	18	29	0	0	0	0	0	0	0	0	0	0	0	0	3798637	
410	1	D	10	N	2500	0	40	287	88	17	10	18	0	0	0	0	0	0	0	0	0	0	0	0	3798747	
411	1	D	10	N	2500	0	40	293	115	22	15	25	0	0	0	0	0	0	0	0	0	0	0	0	3798762	
412	1	D	10	N	2500	0	1	197	103	27	16	21	0	0	0	0	0	0	0	0	0	0	0	0	3798981	
413	1	D	10	N	2500	0	1	99	29	5	4	5	0	0	0	0	0	0	0	0	0	0	0	0	3799043	
414	1	D	10	N	2500	0	40	312	96	20	12	15	0	0	0	0	0	0	0	0	0	0	0	0	3799324	
415	1	D	10	N	2500	0	40	325	123	31	18	23	0	0	0	0	0	0	0	0	0	0	0	0	3799386	
416	1	D	10	N	2500	0	40	379	122	23	16	28	0	0	0	0	0	0	0	0	0	0	0	0	3799839	
417	1	D	10	N	2500	0	40	345	123	24	17	25	0	0	0	0	0	0	0	0	0	0	0	0	3799854	
418	1	D	10	N	2500	0	40	355	133	26	20	32	0	0	0	0	0	0	0	0	0	0	0	0	3799948	
419	1	D	10	N	2500	0	40	356	134	29	21	32	0	0	0	0	0	0	0	0	0	0	0	0	3799979	
420	1	D	10	N	2500	0	40	256	138	36	23	31	0	0	0	0	0	0	0	0	0	0	0	0	3799995	
421	1	D	10	N	2500	0	1	189	88	15	11	18	0	0	0	0	0	0	0	0	0	0	0	0	3800447	
422	1	D	10	N	2500	0	40	341	123	30	19	27	0	0	0	0	0	0	0	0	0	0	0	0	3800619	
423	1	D	10	N	2500	0	40	381	130	25	19	26	0	0	0	0	0	0	0	0	0	0	0	0	3801024	
424	1	D	10	N	2500	0	1	173	75	14	9	15	0	0	0	0	0	0	0	0	0	0	0	0	3801118	
425	1	D	10	N	2500	0	1	286	84	13	9	17	0	0	0	0	0	0	0	0	0	0	0	0	3801601	
426	1	D	10	N	2500	0	40	328	102	21	14	20	0	0	0	0	0	0	0	0	0	0	0	0	3801617	
427	1	D	10	N	2500	0	40	291	103	21	15	26	0	0	0	0	0	0	0	0	0	0	0	0	3801664	
428	1	D	10	N	2500	0	40	226	118	25	18	26	0	0	0	0	0	0	0	0	0	0	0	0	3801773	
429	1	D	11	N	2500	2	1	54	15	11	15	28	0	0	0	0	0	0	0	0	0	0	0	0	3813863	
430	1	D	12	N	2500	2	1	190	95	22	14	20	0	0	0	0	0	0	0	0	0	0	0	0	3823878	
431	1	D	12	N	2500	6	40	305	126	29	22	33	0	0	0	0	0	0	0	0	0	0	0	0	3824393	
432	1	D	12	N	2500	6	40	211	134	34	26	37	0	0	0	0	0	0	0	0	0	0	0	0	3824440	
433	1	D	12	N	2500	6	40	320	112	28	22	32	0	0	0	0	0	0	0	0	0	0	0	0	3824455	
434	1	D	12	N	2500	0	40	169	126	36	25	32	0	0	0	0	0	0	0	0	0	0	0	0	3825173	
435	1	D	12	N	2500	0	40	333	124	33	23	39	0	0	0	0	0	0	0	0	0	0	0	0	3825220	
436	1	D	12	N	2500	0	1	155	62	13	10	18	0	0	0	0	0	0	0	0	0	0	0	0	3825625	
437	1	D	12	N	2500	0	40	307	132	34	25	37	0	0	0	0	0	0	0	0	0	0	0	0	3826405	
438	1	D	12	N	2500	0	40	312	120	30	22	37	0	0	0	0	0	0	0	0	0	0	0	0	3826655	
439	1	D	12	N	2500	0	1	178	88	17	14	22	0	0	0	0	0	0	0	0	0	0	0	0	3826671	
440	1	D	12	N	2500	0	40	319	113	26	21	33	0	0	0	0	0	0	0	0	0	0	0	0	3826905	
441	1	D	12	N	2500	0	40	388	119	24	18	32	0	0	0	0	0	0	0	0	0	0	0	0	3826920	
442	1	D	12	N	2500	0	40	320	103	26	17	26	0	0	0	0	0	0	0	0	0	0	0	0	3826936	
443	1	D	12	N	2500	0	40	291	122	28	21	30	0	0	0	0	0	0	0	0	0	0	0	0	3826936	
444	1	D	12	N	2500	0	40	221	117	28	23	32	0	0	0	0	0	0	0	0	0	0	0	0	3827045	
445	1	D	12	N	2500	0	1	171	104	26	18	26	0	0	0	0	0	0	0	0	0	0	0	0	3827092	
446	1	D	12	N	2500	0	40	260	141	39	26	40	0	0	0	0	0	0	0	0	0	0	0	0	3827669	
447	1	D	12	N	2500	0	1	163	98	25	17	26	0	0	0	0	0	0	0	0	0	0	0	0	3827669	
448	1	D	12	N	2500	0	40	318	117	26	21	32	0	0	0	0	0	0	0	0	0	0	0	0	3827763	
449	1	D	12	N	2500	0	40	302	104	23	16	25	0	0	0	0	0	0	0	0	0	0	0	0	3827825	
450	1	D	12	N	2500	0	40	210	133	30	23	31	0	0	0	0	0	0	0	0	0	0	0	0	3827841	
451	1	D	12	N	2500	0	1	186	103	26	18	26	0	0	0	0	0	0	0	0	0	0	0	0	3828121	
452	1	D	12	N	2500	0	40	283	103	25	16	24	0	0	0	0	0	0	0	0	0	0	0	0	3828777	
453	1	D	12	N	2500	0	40	305	108	29	21	30	0	0	0	0	0	0	0	0	0	0	0	0	3828839	
454	1	D	12	N	2500	0	40	230	137	37	26	34	0	0	0	0	0	0	0	0	0	0	0	0	3829073	
455	1	D	12	N	2500	0	40	278	96	18	15	26	0	0	0	0	0	0	0	0	0	0	0	0	3829338	
456	1	D	12	N	2500	0	1	58	18	1	1	3	0	0	0	0	0	0	0	0	0	0	0	0	3829447	
457	1	D	12	N	2500	0	40	388	158	37	27	43	0	0	0	0	0	0	0	0	0	0	0	0	3829822	
458	1	D	12	N	2500	0	40	267	130	31	24	36	0	0	0	0	0	0	0	0	0	0	0	0	3830259	
459	1	E	2	N	2500	2	1	272	86	15	10	17	0	0	0	0	0	0	0	0	0	0	0	0	3854189	
460	1	E	2	N	2500	2	1	493	770	622	3	11	0	0	0	0	0	0	0	0	0	0	0	0	3854532	
461	1	E	2	N	2500	2	1	155	77	152	186	226	0	0	0	0	0	0	0	0	0	0	0	0	3854579	
462	1	E	2	N	2500	2	1	140	34	6	6	11	0	0	0	0	0	0	0	0	0	0	0	0	3855187	
463	1	E	2	N	2500	2	1	237	91	15	12	24	0	0	0	0	0	0	0	0	0	0	0	0	3855484	
464	1	E	2	N	2500	2	2	309	85	11	10	18	0	0	0	0	0	0	0	0	0	0	0	0	3855952	
465	1	E	2	N	2500	2	1	93	36	47	63	117	0	0	0	0	0	0	0	0	0	0	0	0	3856170	
466	1	E	2	N	2500	6	40	288	144	28	24	36	0	0	0	0	0	0	0	0	0	0	0	0	3856404	
467	1	E	2	N	2500	6	40	335	130	28	19	27	0	0	0	0	0	0	0	0	0	0	0	0	3856825	
468	1	E	2	N	2500	6	40	241	123	30	19	28	0	0	0	0	0	0	0	0	0	0	0	0	3857122	
469	1	E	2	N	2500	0	1	175	83	18	14	20	0	0	0	0	0	0	0	0	0	0	0	0	3857356	
470	1	E	2	N	2500	0	40	268	94	20	13	15	0	0	0	0	0	0	0	0	0	0	0	0	3857496	
471	1	E	2	N	2500	0	1	250	74	11	8	14	0	0	0	0	0	0	0	0	0	0	0	0	3857839	
472	1	E	2	N	2500	0	1	140	59	11	7	9	0	0	0	0	0	0	0	0	0	0	0	0	3858495	
473	1	E	2	N	2500	0	1	196	79	12	9	15	0	0	0	0	0	0	0	0	0	0	0	0	3858729	
474	1	E	2	N	2500	0	1	150	63	11	7	10	0	0	0	0	0	0	0	0	0	0	0	0	3859134	
475	1	E	2	N	2500	0	1	273	81	12	9	11	0	0	0	0	0	0	0	0	0	0	0	0	3859571	
476	1	E	2	N	2500	0	1	188	107	20	14	22	0	0	0	0	0	0	0	0	0	0	0	0	3859587	
477	1	E	2	N	2500	0	1	97	32	4	3	6	0	0	0	0	0	0	0	0	0	0	0	0	3859743	
478	1	E	2	N	2500	0	1	129	63	10	9	14	0	0	0	0	0	0	0	0	0	0	0	0	3860039	
479	1	E	2	N	2500	0	40	272	106	22	17	21	0	0	0	0	0	0	0	0	0	0	0	0	3860523	
480	1	E	2	N	2500	0	1	209	64	11	7	11	0	0	0	0	0	0	0	0	0	0	0	0	3860632	
481	1	E	2	N	2500	0	40	347	121	25	19	31	0	0	0	0	0	0	0	0	0	0	0	0	3861256	
482	1	E	3	N	2500	2	1	85	33	37	48	87	0	0	0	0	0	0	0	0	0	0	0	0	3871209	
483	1	E	3	N	2500	6	40	288	98	17	11	16	0	0	0	0	0	0	0	0	0	0	0	0	3874001	
484	1	E	3	N	2500	2	1	184	89	14	9	15	0	0	0	0	0	0	0	0	0	0	0	0	3874204	
485	1	E	3	N	2500	2	1	180	91	17	13	19	0	0	0	0	0	0	0	0	0	0	0	0	3874266	
486	1	E	3	N	2500	6	40	299	103	25	15	24	0	0	0	0	0	0	0	0	0	0	0	0	3875327	
487	1	E	4	N	2500	6	40	436	156	28	21	39	0	0	0	0	0	0	0	0	0	0	0	0	3883221	
488	1	E	4	N	2500	2	1	131	59	10	8	9	0	0	0	0	0	0	0	0	0	0	0	0	3883517	
489	1	E	4	N	2500	6	40	330	100	16	11	18	0	0	0	0	0	0	0	0	0	0	0	0	3884422	
490	1	E	4	N	2500	6	40	335	128	29	20	30	0	0	0	0	0	0	0	0	0	0	0	0	3884469	
491	1	E	4	N	2500	0	40	230	142	36	24	32	0	0	0	0	0	0	0	0	0	0	0	0	3884562	
492	1	E	4	N	2500	0	40	223	126	35	23	32	0	0	0	0	0	0	0	0	0	0	0	0	3884828	
493	1	E	4	N	2500	0	40	284	124	27	21	33	0	0	0	0	0	0	0	0	0	0	0	0	3884984	
494	1	E	4	N	2500	0	40	334	166	37	27	43	0	0	0	0	0	0	0	0	0	0	0	0	3885155	
495	1	E	4	N	2500	0	40	281	117	25	19	26	0	0	0	0	0	0	0	0	0	0	0	0	3885904	
496	1	E	4	N	2500	0	40	290	96	22	15	23	0	0	0	0	0	0	0	0	0	0	0	0	3885966	
497	1	E	4	N	2500	0	40	363	137	32	22	29	0	0	0	0	0	0	0	0	0	0	0	0	3886372	
498	1	E	4	N	2500	0	1	236	67	10	7	10	0	0	0	0	0	0	0	0	0	0	0	0	3887043	
499	1	E	4	N	2500	0	1	195	84	16	14	24	0	0	0	0	0	0	0	0	0	0	0	0	3887043	
500	1	E	4	N	2500	0	1	79	36	57	76	104	0	0	0	0	0	0	0	0	0	0	0	0	3887370	
501	1	E	4	N	2500	0	1	68	26	25	33	56	0	0	0	0	0	0	0	0	0	0	0	0	3887370	
502	1	E	4	N	2500	0	40	361	139	37	25	35	0	0	0	0	0	0	0	0	0	0	0	0	3887417	
503	1	E	4	N	2500	0	40	304	103	23	15	22	0	0	0	0	0	0	0	0	0	0	0	0	3887542	
504	1	E	4	N	2500	0	1	194	80	25	18	28	0	0	0	0	0	0	0	0	0	0	0	0	3887838	
505	1	E	4	N	2500	0	40	350	135	29	22	37	0	0	0	0	0	0	0	0	0	0	0	0	3887963	
506	1	E	4	N	2500	0	40	314	126	29	21	31	0	0	0	0	0	0	0	0	0	0	0	0	3888072	
507	1	E	4	N	2500	0	40	241	123	28	20	26	0	0	0	0	0	0	0	0	0	0	0	0	3888213	
508	1	E	4	N	2500	0	40	364	136	29	17	25	0	0	0	0	0	0	0	0	0	0	0	0	3888743	
509	1	E	4	N	2500	0	40	316	108	24	16	22	0	0	0	0	0	0	0	0	0	0	0	0	3888884	
510	1	E	4	N	2500	0	1	280	84	15	10	16	0	0	0	0	0	0	0	0	0	0	0	0	3889570	
511	1	E	6	N	2500	2	1	274	81	17	10	16	0	0	0	0	0	0	0	0	0	0	0	0	3912315	
512	1	E	6	N	2500	2	1	246	87	17	12	19	0	0	0	0	0	0	0	0	0	0	0	0	3912580	
513	1	E	6	N	2500	2	1	86	36	44	55	95	0	0	0	0	0	0	0	0	0	0	0	0	3912908	
514	1	E	6	N	2500	2	1	186	101	21	14	20	0	0	0	0	0	0	0	0	0	0	0	0	3913126	
515	1	E	6	N	2500	2	1	116	51	103	134	164	0	0	0	0	0	0	0	0	0	0	0	0	3913469	
516	1	E	6	N	2500	2	1	89	37	8	6	6	0	0	0	0	0	0	0	0	0	0	0	0	3914374	
517	1	E	6	N	2500	2	1	137	83	21	14	17	0	0	0	0	0	0	0	0	0	0	0	0	3914421	
518	1	E	6	N	2500	2	1	185	48	8	5	9	0	0	0	0	0	0	0	0	0	0	0	0	3914889	
519	1	E	6	N	2500	2	1	261	77	14	9	16	0	0	0	0	0	0	0	0	0	0	0	0	3915326	
520	1	E	6	N	2500	2	1	157	43	7	6	13	0	0	0	0	0	0	0	0	0	0	0	0	3915372	
521	1	E	6	N	2500	2	1	102	19	3	3	7	0	0	0	0	0	0	0	0	0	0	0	0	3915669	
522	1	E	6	N	2500	2	1	52	15	3	4	6	0	0	0	0	0	0	0	0	0	0	0	0	3915778	
523	1	E	6	N	2500	2	1	183	54	9	8	10	0	0	0	0	0	0	0	0	0	0	0	0	3915918	
524	1	E	6	N	2500	2	1	151	42	8	6	11	0	0	0	0	0	0	0	0	0	0	0	0	3916090	
525	1	E	6	N	2500	2	1	82	33	4	3	6	0	0	0	0	0	0	0	0	0	0	0	0	3916745	
526	1	E	6	N	2500	6	40	260	99	21	15	20	0	0	0	0	0	0	0	0	0	0	0	0	3917369	
527	1	E	6	N	2500	6	40	293	122	21	16	24	0	0	0	0	0	0	0	0	0	0	0	0	3917962	
528	1	E	6	N	2500	2	1	83	14	3	3	6	0	0	0	0	0	0	0	0	0	0	0	0	3918617	
529	1	E	6	N	2500	2	1	101	51	9	9	13	0	0	0	0	0	0	0	0	0	0	0	0	3918742	
530	1	E	8	N	2500	6	40	273	102	26	17	24	0	0	0	0	0	0	0	0	0	0	0	0	3941159	
531	1	E	8	N	2500	6	40	300	110	24	16	26	0	0	0	0	0	0	0	0	0	0	0	0	3941596	
532	1	E	8	N	2500	6	40	204	114	27	20	26	0	0	0	0	0	0	0	0	0	0	0	0	3942376	
533	1	E	8	N	2500	0	40	296	132	31	20	25	0	0	0	0	0	0	0	0	0	0	0	0	3942454	
534	1	E	8	N	2500	0	40	334	94	19	12	20	0	0	0	0	0	0	0	0	0	0	0	0	3942470	
535	1	E	8	N	2500	0	1	194	74	16	10	14	0	0	0	0	0	0	0	0	0	0	0	0	3943031	
536	1	E	8	N	2500	0	40	287	101	22	17	27	0	0	0	0	0	0	0	0	0	0	0	0	3943296	
537	1	E	8	N	2500	0	1	69	26	4	4	10	0	0	0	0	0	0	0	0	0	0	0	0	3943390	
538	1	E	8	N	2500	0	40	298	105	24	18	26	0	0	0	0	0	0	0	0	0	0	0	0	3943421	
539	1	E	8	N	2500	0	1	175	96	19	14	19	0	0	0	0	0	0	0	0	0	0	0	0	3943842	
540	1	E	8	N	2500	0	1	120	55	105	146	173	0	0	0	0	0	0	0	0	0	0	0	0	3943889	
541	1	E	8	N	2500	0	40	296	115	25	17	25	0	0	0	0	0	0	0	0	0	0	0	0	3944014	
542	1	E	8	N	2500	0	1	201	101	23	15	20	0	0	0	0	0	0	0	0	0	0	0	0	3944154	
543	1	E	8	N	2500	0	1	93	47	7	6	11	0	0	0	0	0	0	0	0	0	0	0	0	3944435	
544	1	E	8	N	2500	0	40	221	108	23	16	22	0	0	0	0	0	0	0	0	0	0	0	0	3944841	
545	1	E	8	N	2500	0	1	208	97	20	12	16	0	0	0	0	0	0	0	0	0	0	0	0	3945324	
546	1	E	8	N	2500	0	1	130	96	24	14	19	0	0	0	0	0	0	0	0	0	0	0	0	3945340	
547	1	E	8	N	2500	0	40	359	141	35	23	29	0	0	0	0	0	0	0	0	0	0	0	0	3945621	
548	1	E	8	N	2500	0	40	291	94	18	13	19	0	0	0	0	0	0	0	0	0	0	0	0	3946245	
549	1	E	8	N	2500	0	40	333	122	31	19	24	0	0	0	0	0	0	0	0	0	0	0	0	3946370	
550	1	E	8	N	2500	0	40	277	94	22	15	22	0	0	0	0	0	0	0	0	0	0	0	0	3946650	
551	1	E	8	N	2500	0	40	297	99	23	16	25	0	0	0	0	0	0	0	0	0	0	0	0	3946806	
552	1	E	8	N	2500	0	1	263	75	13	10	13	0	0	0	0	0	0	0	0	0	0	0	0	3946838	
553	1	E	8	N	2500	0	40	348	122	26	20	24	0	0	0	0	0	0	0	0	0	0	0	0	3947103	
554	1	E	9	N	2500	6	40	390	130	26	19	27	0	0	0	0	0	0	0	0	0	0	0	0	3961892	
555	1	E	10	N	2500	2	1	76	15	2	2	7	0	0	0	0	0	0	0	0	0	0	0	0	3970175	
556	1	E	10	N	2500	6	40	193	116	26	18	25	0	0	0	0	0	0	0	0	0	0	0	0	3970238	
557	1	E	10	N	2500	2	1	58	13	3	3	5	0	0	0	0	0	0	0	0	0	0	0	0	3970284	
558	1	E	10	N	2500	8	40	385	151	28	24	33	0	0	0	0	0	0	0	0	0	0	0	0	3970284	
559	1	E	10	N	2500	6	40	301	128	25	20	26	0	0	0	0	0	0	0	0	0	0	0	0	3970565	
560	1	E	10	N	2500	2	1	169	103	24	19	25	0	0	0	0	0	0	0	0	0	0	0	0	3970940	
561	1	E	10	N	2500	2	1	234	84	16	13	19	0	0	0	0	0	0	0	0	0	0	0	0	3971080	
562	1	E	10	N	2500	6	40	321	132	32	21	32	0	0	0	0	0	0	0	0	0	0	0	0	3971532	
563	1	E	10	N	2500	0	1	201	59	11	10	16	0	0	0	0	0	0	0	0	0	0	0	0	3972141	
564	1	E	10	N	2500	0	1	148	32	5	5	8	0	0	0	0	0	0	0	0	0	0	0	0	3972141	
565	1	E	10	N	2500	0	40	323	120	26	17	23	0	0	0	0	0	0	0	0	0	0	0	0	3972188	
566	1	E	10	N	2500	0	40	207	123	29	18	27	0	0	0	0	0	0	0	0	0	0	0	0	3972234	
567	1	E	10	N	2500	0	1	85	20	4	4	9	0	0	0	0	0	0	0	0	0	0	0	0	3972281	
568	1	E	10	N	2500	0	1	129	90	27	18	22	0	0	0	0	0	0	0	0	0	0	0	0	3972375	
569	1	E	10	N	2500	0	40	331	128	28	18	25	0	0	0	0	0	0	0	0	0	0	0	0	3972406	
570	1	E	10	N	2500	0	1	62	14	3	5	11	0	0	0	0	0	0	0	0	0	0	0	0	3972562	
571	1	E	10	N	2500	0	40	257	120	30	22	31	0	0	0	0	0	0	0	0	0	0	0	0	3973280	
572	1	E	10	N	2500	0	40	203	127	27	19	27	0	0	0	0	0	0	0	0	0	0	0	0	3973404	
573	1	E	10	N	2500	0	1	59	20	4	4	6	0	0	0	0	0	0	0	0	0	0	0	0	3973654	
574	1	E	10	N	2500	0	40	350	139	30	21	36	0	0	0	0	0	0	0	0	0	0	0	0	3973966	
575	1	E	10	N	2500	0	40	323	112	25	18	26	0	0	0	0	0	0	0	0	0	0	0	0	3974044	
576	1	E	10	N	2500	0	1	132	55	94	125	176	0	0	0	0	0	0	0	0	0	0	0	0	3974169	
577	1	E	10	N	2500	0	40	185	127	27	22	29	0	0	0	0	0	0	0	0	0	0	0	0	3974184	
578	1	E	10	N	2500	0	1	50	13	4	4	9	0	0	0	0	0	0	0	0	0	0	0	0	3974528	
579	1	E	10	N	2500	0	40	328	136	35	21	32	0	0	0	0	0	0	0	0	0	0	0	0	3974699	
580	1	E	10	N	2500	0	40	210	108	28	21	31	0	0	0	0	0	0	0	0	0	0	0	0	3974840	
581	1	E	10	N	2500	0	40	283	91	18	13	23	0	0	0	0	0	0	0	0	0	0	0	0	3974855	
582	1	E	10	N	2500	0	1	189	105	27	18	23	0	0	0	0	0	0	0	0	0	0	0	0	3975011	
583	1	E	10	N	2500	0	1	166	67	15	11	17	0	0	0	0	0	0	0	0	0	0	0	0	3975152	
584	1	E	10	N	2500	0	1	51	8	4	5	12	0	0	0	0	0	0	0	0	0	0	0	0	3975214	
585	1	E	10	N	2500	0	1	273	81	15	11	17	0	0	0	0	0	0	0	0	0	0	0	0	3975261	
586	1	E	10	N	2500	0	40	274	107	24	16	19	0	0	0	0	0	0	0	0	0	0	0	0	3975401	
587	1	E	10	N	2500	0	40	325	149	37	25	34	0	0	0	0	0	0	0	0	0	0	0	0	3975495	
588	1	E	10	N	2500	0	1	243	76	13	12	20	0	0	0	0	0	0	0	0	0	0	0	0	3975729	
589	1	E	10	N	2500	0	40	485	161	29	22	39	0	0	0	0	0	0	0	0	0	0	0	0	3976509	
590	1	E	11	N	2500	2	1	118	155	17	1	3	0	0	0	0	0	0	0	0	0	0	0	0	3984106	
591	1	E	11	N	2500	6	40	373	128	24	17	25	0	0	0	0	0	0	0	0	0	0	0	0	3986212	
592	1	E	11	N	2500	6	40	278	135	32	21	25	0	0	0	0	0	0	0	0	0	0	0	0	3990362	
593	1	E	12	N	2500	6	40	345	133	27	20	27	0	0	0	0	0	0	0	0	0	0	0	0	3998739	
594	1	E	12	N	2500	6	40	347	145	31	22	32	0	0	0	0	0	0	0	0	0	0	0	0	3998848	
595	1	E	12	N	2500	6	40	337	139	28	20	30	0	0	0	0	0	0	0	0	0	0	0	0	4000143	
596	1	E	12	N	2500	0	1	265	82	17	11	16	0	0	0	0	0	0	0	0	0	0	0	0	4000985	
597	1	E	12	N	2500	0	40	476	171	36	25	35	0	0	0	0	0	0	0	0	0	0	0	0	4001001	
598	1	E	12	N	2500	0	40	289	93	18	14	18	0	0	0	0	0	0	0	0	0	0	0	0	4001126	
599	1	E	12	N	2500	0	40	296	104	25	15	25	0	0	0	0	0	0	0	0	0	0	0	0	4001765	
600	1	E	12	N	2500	0	40	287	120	27	19	30	0	0	0	0	0	0	0	0	0	0	0	0	4001921	
601	1	E	12	N	2500	0	40	289	112	21	16	23	0	0	0	0	0	0	0	0	0	0	0	0	4002826	
602	1	E	12	N	2500	0	40	307	112	21	17	22	0	0	0	0	0	0	0	0	0	0	0	0	4003232	
603	1	E	12	N	2500	0	40	368	117	25	14	20	0	0	0	0	0	0	0	0	0	0	0	0	4003669	
604	1	E	12	N	2500	0	40	233	111	22	17	23	0	0	0	0	0	0	0	0	0	0	0	0	4004059	
605	1	E	12	N	2500	0	1	208	64	12	9	17	0	0	0	0	0	0	0	0	0	0	0	0	4004449	
606	1	E	12	N	2500	0	40	234	112	23	19	27	0	0	0	0	0	0	0	0	0	0	0	0	4004698	
607	1	E	12	N	2500	0	40	388	150	33	23	34	0	0	0	0	0	0	0	0	0	0	0	0	4005088	
608	1	E	12	N	2500	0	40	404	152	34	21	28	0	0	0	0	0	0	0	0	0	0	0	0	4005291	
609	1	E	12	N	2500	0	1	170	56	9	8	13	0	0	0	0	0	0	0	0	0	0	0	0	4005899	
610	1	F	1	N	2500	2	1	100	30	31	40	78	0	0	0	0	0	0	0	0	0	0	0	0	4015665	
611	1	F	2	N	2500	2	1	97	25	25	34	69	0	0	0	0	0	0	0	0	0	0	0	0	4029611	
612	1	F	2	N	2500	6	40	306	113	30	22	32	0	0	0	0	0	0	0	0	0	0	0	0	4029830	
613	1	F	2	N	2500	2	1	176	106	32	22	33	0	0	0	0	0	0	0	0	0	0	0	0	4030017	
614	1	F	2	N	2500	6	40	263	117	27	20	31	0	0	0	0	0	0	0	0	0	0	0	0	4030235	
615	1	F	2	N	2500	6	40	306	140	37	24	37	0	0	0	0	0	0	0	0	0	0	0	0	4030329	
616	1	F	2	N	2500	0	40	314	116	28	20	30	0	0	0	0	0	0	0	0	0	0	0	0	4030657	
617	1	F	2	N	2500	0	40	204	115	31	26	34	0	0	0	0	0	0	0	0	0	0	0	0	4030828	
618	1	F	2	N	2500	0	40	179	125	36	26	33	0	0	0	0	0	0	0	0	0	0	0	0	4030891	
619	1	F	2	N	2500	0	40	306	125	33	23	32	0	0	0	0	0	0	0	0	0	0	0	0	4031312	
620	1	F	2	N	2500	0	40	220	121	30	22	30	0	0	0	0	0	0	0	0	0	0	0	0	4031374	
621	1	F	2	N	2500	0	1	83	42	72	84	103	0	0	0	0	0	0	0	0	0	0	0	0	4031483	
622	1	F	2	N	2500	0	40	309	124	33	22	33	0	0	0	0	0	0	0	0	0	0	0	0	4031530	
623	1	F	2	N	2500	0	40	331	138	32	21	35	0	0	0	0	0	0	0	0	0	0	0	0	4031561	
624	1	F	2	N	2500	0	1	168	82	17	14	19	0	0	0	0	0	0	0	0	0	0	0	0	4031577	
625	1	F	2	N	2500	0	40	288	112	27	19	29	0	0	0	0	0	0	0	0	0	0	0	0	4031811	
626	1	F	2	N	2500	0	40	274	130	31	25	34	0	0	0	0	0	0	0	0	0	0	0	0	4031920	
627	1	F	2	N	2500	0	1	289	78	13	11	21	0	0	0	0	0	0	0	0	0	0	0	0	4031998	
628	1	F	2	N	2500	0	40	209	115	29	20	26	0	0	0	0	0	0	0	0	0	0	0	0	4032092	
629	1	F	2	N	2500	0	40	315	119	27	19	28	0	0	0	0	0	0	0	0	0	0	0	0	4032279	
630	1	F	2	N	2500	0	40	390	151	37	25	34	0	0	0	0	0	0	0	0	0	0	0	0	4032373	
631	1	F	2	N	2500	0	40	286	86	14	13	17	0	0	0	0	0	0	0	0	0	0	0	0	4032513	
632	1	F	2	N	2500	0	1	76	31	58	80	106	0	0	0	0	0	0	0	0	0	0	0	0	4032950	
633	1	F	2	N	2500	0	40	243	116	28	22	35	0	0	0	0	0	0	0	0	0	0	0	0	4033309	
634	1	F	2	N	2500	0	40	339	127	30	20	27	0	0	0	0	0	0	0	0	0	0	0	0	4033527	
635	1	F	2	N	2500	0	40	306	107	27	19	27	0	0	0	0	0	0	0	0	0	0	0	0	4033730	
636	1	F	2	N	2500	0	1	168	106	27	19	28	0	0	0	0	0	0	0	0	0	0	0	0	4033917	
637	1	F	2	N	2500	0	40	351	128	32	21	31	0	0	0	0	0	0	0	0	0	0	0	0	4034135	
638	1	F	2	N	2500	0	40	232	114	23	18	23	0	0	0	0	0	0	0	0	0	0	0	0	4034229	
639	1	F	2	N	2500	0	40	303	104	22	16	21	0	0	0	0	0	0	0	0	0	0	0	0	4034541	
640	1	F	2	N	2500	0	40	192	119	30	20	29	0	0	0	0	0	0	0	0	0	0	0	0	4034791	
641	1	F	2	N	2500	0	40	345	127	27	19	22	0	0	0	0	0	0	0	0	0	0	0	0	4035212	
642	1	F	2	N	2500	0	40	348	135	29	20	35	0	0	0	0	0	0	0	0	0	0	0	0	4035305	
643	1	F	2	N	2500	0	40	276	177	48	32	39	0	0	0	0	0	0	0	0	0	0	0	0	4035727	
644	1	F	3	N	2500	6	40	340	111	25	16	22	0	0	0	0	0	0	0	0	0	0	0	0	4043199	
645	1	F	3	N	2500	2	1	86	34	44	56	87	0	0	0	0	0	0	0	0	0	0	0	0	4045461	
646	1	F	3	N	2500	6	40	262	115	24	19	29	0	0	0	0	0	0	0	0	0	0	0	0	4045913	
647	1	F	3	N	2500	6	40	323	103	24	17	28	0	0	0	0	0	0	0	0	0	0	0	0	4047567	
648	1	F	4	N	2500	6	40	298	114	26	17	27	0	0	0	0	0	0	0	0	0	0	0	0	4058222	
649	1	F	4	N	2500	6	40	333	128	29	19	25	0	0	0	0	0	0	0	0	0	0	0	0	4058643	
650	1	F	4	N	2500	6	40	441	166	34	24	42	0	0	0	0	0	0	0	0	0	0	0	0	4059641	
651	1	F	4	N	2500	0	1	221	71	14	11	18	0	0	0	0	0	0	0	0	0	0	0	0	4060733	
652	1	F	4	N	2500	0	1	206	88	18	14	23	0	0	0	0	0	0	0	0	0	0	0	0	4062184	
653	1	F	4	N	2500	0	40	272	123	26	20	25	0	0	0	0	0	0	0	0	0	0	0	0	4062730	
654	1	F	4	N	2500	0	1	90	21	18	24	45	0	0	0	0	0	0	0	0	0	0	0	0	4062855	
655	1	F	4	N	2500	0	40	300	95	17	13	19	0	0	0	0	0	0	0	0	0	0	0	0	4062949	
656	1	F	4	N	2500	0	1	91	35	45	59	99	0	0	0	0	0	0	0	0	0	0	0	0	4063151	
657	1	F	4	N	2500	0	1	199	106	22	17	21	0	0	0	0	0	0	0	0	0	0	0	0	4064899	
658	1	F	5	N	2500	6	40	303	87	15	10	15	0	0	0	0	0	0	0	0	0	0	0	0	4073011	
659	1	F	6	N	2500	2	1	191	102	21	16	20	0	0	0	0	0	0	0	0	0	0	0	0	4086785	
660	1	F	6	N	2500	6	40	301	127	28	20	25	0	0	0	0	0	0	0	0	0	0	0	0	4086863	
661	1	F	6	N	2500	6	40	317	105	20	16	25	0	0	0	0	0	0	0	0	0	0	0	0	4087129	
662	1	F	6	N	2500	6	40	312	105	22	15	20	0	0	0	0	0	0	0	0	0	0	0	0	4087425	
663	1	F	6	N	2500	0	1	155	81	25	18	27	0	0	0	0	0	0	0	0	0	0	0	0	4087472	
664	1	F	6	N	2500	0	40	373	125	22	16	18	0	0	0	0	0	0	0	0	0	0	0	0	4087675	
665	1	F	6	N	2500	0	1	124	52	8	6	7	0	0	0	0	0	0	0	0	0	0	0	0	4087831	
666	1	F	6	N	2500	0	1	176	78	20	14	22	0	0	0	0	0	0	0	0	0	0	0	0	4087940	
667	1	F	6	N	2500	0	1	188	111	195	252	282	0	0	0	0	0	0	0	0	0	0	0	0	4087987	
668	1	F	6	N	2500	0	40	281	102	23	16	26	0	0	0	0	0	0	0	0	0	0	0	0	4088486	
669	1	F	6	N	2500	0	40	300	89	16	12	22	0	0	0	0	0	0	0	0	0	0	0	0	4088579	
670	1	F	6	N	2500	0	1	146	62	109	149	200	0	0	0	0	0	0	0	0	0	0	0	0	4088579	
671	1	F	6	N	2500	0	40	293	98	21	14	19	0	0	0	0	0	0	0	0	0	0	0	0	4088735	
672	1	F	6	N	2500	0	40	307	106	25	16	23	0	0	0	0	0	0	0	0	0	0	0	0	4088923	
673	1	F	6	N	2500	0	40	194	122	26	20	28	0	0	0	0	0	0	0	0	0	0	0	0	4089094	
674	1	F	6	N	2500	0	1	247	89	18	13	22	0	0	0	0	0	0	0	0	0	0	0	0	4089219	
675	1	F	6	N	2500	0	40	429	149	27	21	35	0	0	0	0	0	0	0	0	0	0	0	0	4089609	
676	1	F	6	N	2500	0	40	212	136	30	23	29	0	0	0	0	0	0	0	0	0	0	0	0	4090389	
677	1	F	6	N	2500	0	1	234	92	21	14	22	0	0	0	0	0	0	0	0	0	0	0	0	4090389	
678	1	F	6	N	2500	0	40	256	120	31	20	26	0	0	0	0	0	0	0	0	0	0	0	0	4090639	
679	1	F	6	N	2500	0	1	137	62	100	147	188	0	0	0	0	0	0	0	0	0	0	0	0	4090857	
680	1	F	6	N	2500	0	40	200	119	34	21	28	0	0	0	0	0	0	0	0	0	0	0	0	4090935	
681	1	F	6	N	2500	0	1	168	83	17	13	17	0	0	0	0	0	0	0	0	0	0	0	0	4090966	
682	1	F	6	N	2500	0	40	308	123	27	17	23	0	0	0	0	0	0	0	0	0	0	0	0	4091060	
683	1	F	6	N	2500	0	40	311	118	24	18	25	0	0	0	0	0	0	0	0	0	0	0	0	4091169	
684	1	F	6	N	2500	0	40	321	110	23	16	25	0	0	0	0	0	0	0	0	0	0	0	0	4091200	
685	1	F	6	N	2500	0	40	292	129	27	19	27	0	0	0	0	0	0	0	0	0	0	0	0	4091231	
686	1	F	6	N	2500	0	1	174	98	20	14	21	0	0	0	0	0	0	0	0	0	0	0	0	4091231	
687	1	F	6	N	2500	0	40	316	117	22	17	29	0	0	0	0	0	0	0	0	0	0	0	0	4091387	
688	1	F	6	N	2500	0	1	233	82	15	11	17	0	0	0	0	0	0	0	0	0	0	0	0	4091699	
689	1	F	6	N	2500	0	40	356	124	29	18	27	0	0	0	0	0	0	0	0	0	0	0	0	4091777	
690	1	F	6	N	2500	0	40	228	115	26	18	26	0	0	0	0	0	0	0	0	0	0	0	0	4092058	
691	1	F	8	N	2500	2	1	267	70	11	7	14	0	0	0	0	0	0	0	0	0	0	0	0	4116894	
692	1	F	8	N	2500	2	1	147	68	10	9	14	0	0	0	0	0	0	0	0	0	0	0	0	4116956	
693	1	F	8	N	2500	2	1	256	71	14	10	18	0	0	0	0	0	0	0	0	0	0	0	0	4119124	
694	1	F	10	N	2500	6	40	262	115	31	21	30	0	0	0	0	0	0	0	0	0	0	0	0	4144490	
695	1	F	10	N	2500	6	40	236	98	24	14	22	0	0	0	0	0	0	0	0	0	0	0	0	4144552	
696	1	F	10	N	2500	2	1	204	106	25	16	21	0	0	0	0	0	0	0	0	0	0	0	0	4144599	
697	1	F	10	N	2500	6	40	257	106	22	18	26	0	0	0	0	0	0	0	0	0	0	0	0	4144896	
698	1	F	10	N	2500	0	40	320	140	37	23	31	0	0	0	0	0	0	0	0	0	0	0	0	4145301	
699	1	F	10	N	2500	0	1	51	16	2	1	1	0	0	0	0	0	0	0	0	0	0	0	0	4146175	
700	1	F	10	N	2500	0	40	281	97	19	13	22	0	0	0	0	0	0	0	0	0	0	0	0	4146892	
701	1	F	10	N	2500	0	40	310	109	26	19	25	0	0	0	0	0	0	0	0	0	0	0	0	4147314	
702	1	F	10	N	2500	0	1	114	57	9	8	9	0	0	0	0	0	0	0	0	0	0	0	0	4147953	
703	1	F	10	N	2500	0	1	268	88	20	12	17	0	0	0	0	0	0	0	0	0	0	0	0	4148562	
704	1	F	10	N	2500	0	40	350	122	25	18	25	0	0	0	0	0	0	0	0	0	0	0	0	4148593	
705	1	F	10	N	2500	0	40	297	111	26	19	27	0	0	0	0	0	0	0	0	0	0	0	0	4148671	
706	1	F	10	N	2500	0	1	204	102	22	16	26	0	0	0	0	0	0	0	0	0	0	0	0	4148686	
707	1	F	10	N	2500	0	1	263	79	13	9	14	0	0	0	0	0	0	0	0	0	0	0	0	4149108	
708	1	F	10	N	2500	0	1	78	44	7	5	9	0	0	0	0	0	0	0	0	0	0	0	0	4149217	
709	1	F	10	N	2500	0	1	252	76	12	8	14	0	0	0	0	0	0	0	0	0	0	0	0	4149248	
710	1	F	10	N	2500	0	40	344	125	30	19	30	0	0	0	0	0	0	0	0	0	0	0	0	4150106	
711	1	F	10	N	2500	0	40	325	121	28	18	28	0	0	0	0	0	0	0	0	0	0	0	0	4150106	
712	1	F	10	N	2500	0	1	190	92	17	13	16	0	0	0	0	0	0	0	0	0	0	0	0	4150122	
713	1	F	10	N	2500	0	1	68	25	9	2	2	0	0	0	0	0	0	0	0	0	0	0	0	4150449	
714	1	F	10	N	2500	0	1	133	67	91	118	172	0	0	0	0	0	0	0	0	0	0	0	0	4150496	
715	1	F	10	N	2500	0	1	114	55	102	129	153	0	0	0	0	0	0	0	0	0	0	0	0	4150527	
716	1	F	10	N	2500	0	1	108	42	6	4	9	0	0	0	0	0	0	0	0	0	0	0	0	4150605	
717	1	F	10	N	2500	0	40	299	98	19	12	17	0	0	0	0	0	0	0	0	0	0	0	0	4150964	
718	1	F	10	N	2500	0	40	311	102	22	15	26	0	0	0	0	0	0	0	0	0	0	0	0	4150995	
719	1	F	10	N	2500	0	1	269	85	14	11	15	0	0	0	0	0	0	0	0	0	0	0	0	4151042	
720	1	F	10	N	2500	0	1	159	61	12	9	15	0	0	0	0	0	0	0	0	0	0	0	0	4151323	
721	1	F	11	N	2500	6	40	298	133	30	18	22	0	0	0	0	0	0	0	0	0	0	0	0	4162196	
722	1	F	12	N	2500	6	40	419	167	37	25	36	0	0	0	0	0	0	0	0	0	0	0	0	4174146	
723	1	F	12	N	2500	2	1	151	101	23	16	22	0	0	0	0	0	0	0	0	0	0	0	0	4174426	
724	1	F	12	N	2500	2	1	236	91	24	17	27	0	0	0	0	0	0	0	0	0	0	0	0	4174520	
725	1	F	12	N	2500	2	1	186	105	24	17	23	0	0	0	0	0	0	0	0	0	0	0	0	4175050	
726	1	F	12	N	2500	6	40	367	149	33	25	36	0	0	0	0	0	0	0	0	0	0	0	0	4175144	
727	1	F	12	N	2500	6	40	242	124	25	19	29	0	0	0	0	0	0	0	0	0	0	0	0	4175362	
728	1	F	12	N	2500	0	40	176	129	31	23	36	0	0	0	0	0	0	0	0	0	0	0	0	4175409	
729	1	F	12	N	2500	0	40	255	103	25	19	28	0	0	0	0	0	0	0	0	0	0	0	0	4175674	
730	1	F	12	N	2500	0	40	196	111	25	19	27	0	0	0	0	0	0	0	0	0	0	0	0	4175908	
731	1	F	12	N	2500	0	40	235	127	27	19	27	0	0	0	0	0	0	0	0	0	0	0	0	4176080	
732	1	F	12	N	2500	0	1	54	14	12	17	30	0	0	0	0	0	0	0	0	0	0	0	0	4176080	
733	1	F	12	N	2500	0	40	345	124	27	19	25	0	0	0	0	0	0	0	0	0	0	0	0	4176314	
734	1	F	12	N	2500	0	40	306	107	25	16	24	0	0	0	0	0	0	0	0	0	0	0	0	4176735	
735	1	F	12	N	2500	0	40	303	113	21	16	27	0	0	0	0	0	0	0	0	0	0	0	0	4176891	
736	1	F	12	N	2500	0	40	226	139	30	22	33	0	0	0	0	0	0	0	0	0	0	0	0	4176922	
737	1	F	12	N	2500	0	40	286	107	22	17	27	0	0	0	0	0	0	0	0	0	0	0	0	4176969	
738	1	F	12	N	2500	0	40	291	103	21	15	20	0	0	0	0	0	0	0	0	0	0	0	0	4177843	
739	1	F	12	N	2500	0	1	64	25	26	33	57	0	0	0	0	0	0	0	0	0	0	0	0	4178108	
740	1	F	12	N	2500	0	1	222	85	16	14	18	0	0	0	0	0	0	0	0	0	0	0	0	4178326	
741	1	F	12	N	2500	0	40	391	162	33	29	49	0	0	0	0	0	0	0	0	0	0	0	0	4178420	
742	1	F	12	N	2500	0	40	309	108	26	17	27	0	0	0	0	0	0	0	0	0	0	0	0	4178576	
743	1	F	12	N	2500	0	40	297	97	20	14	25	0	0	0	0	0	0	0	0	0	0	0	0	4178592	
744	1	F	12	N	2500	0	40	302	118	24	18	27	0	0	0	0	0	0	0	0	0	0	0	0	4178607	
745	1	F	12	N	2500	0	40	360	116	22	16	26	0	0	0	0	0	0	0	0	0	0	0	0	4178685	
746	1	F	12	N	2500	0	1	267	87	20	13	21	0	0	0	0	0	0	0	0	0	0	0	0	4178685	
747	1	F	12	N	2500	0	40	386	142	27	22	35	0	0	0	0	0	0	0	0	0	0	0	0	4178732	
748	1	F	12	N	2500	0	1	136	119	27	18	23	0	0	0	0	0	0	0	0	0	0	0	0	4178935	
749	1	F	12	N	2500	0	40	345	136	25	20	29	0	0	0	0	0	0	0	0	0	0	0	0	4179028	
750	1	F	12	N	2500	0	40	246	144	31	22	29	0	0	0	0	0	0	0	0	0	0	0	0	4179652	
751	1	F	12	N	2500	0	40	228	129	38	36	53	0	0	0	0	0	0	0	0	0	0	0	0	4179699	
752	1	F	12	N	2500	0	40	332	107	24	18	26	0	0	0	0	0	0	0	0	0	0	0	0	4179902	
753	1	F	12	N	2500	0	1	280	83	20	12	24	0	0	0	0	0	0	0	0	0	0	0	0	4180167	
754	1	F	12	N	2500	0	40	206	108	26	17	25	0	0	0	0	0	0	0	0	0	0	0	0	4180432	
755	1	F	12	N	2500	0	40	204	127	26	25	40	0	0	0	0	0	0	0	0	0	0	0	0	4180698	
756	1	G	1	N	2500	6	40	184	116	25	22	28	0	0	0	0	0	0	0	0	0	0	0	0	4192148	
757	1	G	1	N	2500	6	40	207	121	25	19	25	0	0	0	0	0	0	0	0	0	0	0	0	4192476	
758	1	G	1	N	2500	6	40	308	116	24	18	30	0	0	0	0	0	0	0	0	0	0	0	0	4193630	
759	1	G	1	N	2500	0	40	368	100	19	14	24	0	0	0	0	0	0	0	0	0	0	0	0	4194394	
760	1	G	2	N	2500	6	40	224	117	28	18	26	0	0	0	0	0	0	0	0	0	0	0	0	4203099	
761	1	G	2	N	2500	6	40	239	108	26	18	28	0	0	0	0	0	0	0	0	0	0	0	0	4203286	
762	1	G	2	N	2500	2	1	236	92	23	17	26	0	0	0	0	0	0	0	0	0	0	0	0	4203286	
763	1	G	2	N	2500	2	1	189	103	33	22	29	0	0	0	0	0	0	0	0	0	0	0	0	4204066	
764	1	G	2	N	2500	2	1	198	103	21	16	27	0	0	0	0	0	0	0	0	0	0	0	0	4204098	
765	1	G	2	N	2500	6	40	373	135	30	20	31	0	0	0	0	0	0	0	0	0	0	0	0	4204519	
766	1	G	2	N	2500	0	1	208	92	15	11	22	0	0	0	0	0	0	0	0	0	0	0	0	4204612	
767	1	G	2	N	2500	0	1	111	93	20	15	20	0	0	0	0	0	0	0	0	0	0	0	0	4204846	
768	1	G	2	N	2500	0	40	318	126	27	21	27	0	0	0	0	0	0	0	0	0	0	0	0	4205080	
769	1	G	2	N	2500	0	1	64	21	3	5	9	0	0	0	0	0	0	0	0	0	0	0	0	4205377	
770	1	G	2	N	2500	0	1	68	35	65	77	91	0	0	0	0	0	0	0	0	0	0	0	0	4205767	
771	1	G	2	N	2500	0	1	207	81	17	11	15	0	0	0	0	0	0	0	0	0	0	0	0	4206438	
772	1	G	2	N	2500	0	40	322	116	27	18	28	0	0	0	0	0	0	0	0	0	0	0	0	4206562	
773	1	G	2	N	2500	0	1	161	89	14	11	18	0	0	0	0	0	0	0	0	0	0	0	0	4207202	
774	1	G	2	N	2500	0	1	156	73	131	170	224	0	0	0	0	0	0	0	0	0	0	0	0	4207374	
775	1	G	2	N	2500	0	1	230	101	22	16	21	0	0	0	0	0	0	0	0	0	0	0	0	4207732	
776	1	G	2	N	2500	0	40	281	144	29	22	32	0	0	0	0	0	0	0	0	0	0	0	0	4207842	
777	1	G	2	N	2500	0	40	326	143	30	21	28	0	0	0	0	0	0	0	0	0	0	0	0	4208169	
778	1	G	2	N	2500	0	40	407	150	29	21	37	0	0	0	0	0	0	0	0	0	0	0	0	4209292	
779	1	G	2	N	2500	0	1	69	25	24	32	59	0	0	0	0	0	0	0	0	0	0	0	0	4209386	
780	1	G	2	N	2500	0	1	123	44	63	87	142	0	0	0	0	0	0	0	0	0	0	0	0	4209636	
781	1	G	3	N	2500	6	40	294	101	20	16	23	0	0	0	0	0	0	0	0	0	0	0	0	4217295	
782	1	G	4	N	2500	6	40	214	122	25	21	29	0	0	0	0	0	0	0	0	0	0	0	0	4232115	
783	1	G	4	N	2500	2	1	167	99	21	16	21	0	0	0	0	0	0	0	0	0	0	0	0	4232365	
784	1	G	4	N	2500	6	40	341	99	18	13	15	0	0	0	0	0	0	0	0	0	0	0	0	4233332	
785	1	G	4	N	2500	6	40	353	127	28	20	27	0	0	0	0	0	0	0	0	0	0	0	0	4234331	
786	1	G	4	N	2500	0	40	313	112	27	19	28	0	0	0	0	0	0	0	0	0	0	0	0	4234533	
787	1	G	4	N	2500	0	1	108	31	27	37	67	0	0	0	0	0	0	0	0	0	0	0	0	4234674	
788	1	G	4	N	2500	0	40	416	207	39	31	46	0	0	0	0	0	0	0	0	0	0	0	0	4235001	
789	1	G	4	N	2500	0	1	155	88	18	12	17	0	0	0	0	0	0	0	0	0	0	0	0	4235001	
790	1	G	4	N	2500	0	40	273	128	34	21	30	0	0	0	0	0	0	0	0	0	0	0	0	4235126	
791	1	G	4	N	2500	0	1	125	53	101	132	174	0	0	0	0	0	0	0	0	0	0	0	0	4235189	
792	1	G	4	N	2500	0	1	115	44	82	98	124	0	0	0	0	0	0	0	0	0	0	0	0	4235251	
793	1	G	4	N	2500	0	1	128	89	18	15	24	0	0	0	0	0	0	0	0	0	0	0	0	4235267	
794	1	G	4	N	2500	0	40	355	127	24	18	29	0	0	0	0	0	0	0	0	0	0	0	0	4235454	
795	1	G	4	N	2500	0	40	322	129	26	20	30	0	0	0	0	0	0	0	0	0	0	0	0	4235625	
796	1	G	4	N	2500	0	40	204	126	27	20	28	0	0	0	0	0	0	0	0	0	0	0	0	4235859	
797	1	G	4	N	2500	0	40	220	125	27	19	30	0	0	0	0	0	0	0	0	0	0	0	0	4236093	
798	1	G	4	N	2500	0	40	302	111	24	19	29	0	0	0	0	0	0	0	0	0	0	0	0	4236203	
799	1	G	4	N	2500	0	40	333	137	30	20	28	0	0	0	0	0	0	0	0	0	0	0	0	4236312	
800	1	G	4	N	2500	0	40	223	130	32	20	25	0	0	0	0	0	0	0	0	0	0	0	0	4236437	
801	1	G	4	N	2500	0	1	177	69	112	151	217	0	0	0	0	0	0	0	0	0	0	0	0	4236764	
802	1	G	4	N	2500	0	40	337	123	28	18	27	0	0	0	0	0	0	0	0	0	0	0	0	4236780	
803	1	G	4	N	2500	0	40	280	111	23	19	29	0	0	0	0	0	0	0	0	0	0	0	0	4236920	
804	1	G	4	N	2500	0	40	314	109	24	17	27	0	0	0	0	0	0	0	0	0	0	0	0	4237029	
805	1	G	4	N	2500	0	1	135	111	23	20	29	0	0	0	0	0	0	0	0	0	0	0	0	4237170	
806	1	G	4	N	2500	0	40	261	116	24	20	31	0	0	0	0	0	0	0	0	0	0	0	0	4237170	
807	1	G	4	N	2500	0	1	62	13	2	2	3	0	0	0	0	0	0	0	0	0	0	0	0	4237263	
808	1	G	4	N	2500	0	1	205	88	17	13	18	0	0	0	0	0	0	0	0	0	0	0	0	4237263	
809	1	G	4	N	2500	0	40	222	124	23	19	29	0	0	0	0	0	0	0	0	0	0	0	0	4237482	
810	1	G	4	N	2500	0	40	371	141	31	21	31	0	0	0	0	0	0	0	0	0	0	0	0	4237591	
811	1	G	4	N	2500	0	1	242	97	19	15	23	0	0	0	0	0	0	0	0	0	0	0	0	4237981	
812	1	G	4	N	2500	0	1	235	96	20	13	22	0	0	0	0	0	0	0	0	0	0	0	0	4238168	
813	1	G	4	N	2500	0	40	253	96	23	17	23	0	0	0	0	0	0	0	0	0	0	0	0	4238543	
814	1	G	4	N	2500	0	40	352	133	24	20	30	0	0	0	0	0	0	0	0	0	0	0	0	4238636	
815	1	G	4	N	2500	0	40	402	138	25	20	33	0	0	0	0	0	0	0	0	0	0	0	0	4239432	
816	1	G	5	N	2500	6	40	363	129	28	20	35	0	0	0	0	0	0	0	0	0	0	0	0	4250851	
817	1	G	5	N	2500	6	40	300	101	20	15	22	0	0	0	0	0	0	0	0	0	0	0	0	4250976	
818	1	G	5	N	2500	6	40	290	98	24	15	24	0	0	0	0	0	0	0	0	0	0	0	0	4253503	
819	1	G	6	N	2500	6	40	287	109	21	13	22	0	0	0	0	0	0	0	0	0	0	0	0	4260554	
820	1	G	6	N	2500	6	40	303	123	31	20	25	0	0	0	0	0	0	0	0	0	0	0	0	4260741	
821	1	G	6	N	2500	6	40	268	124	26	20	32	0	0	0	0	0	0	0	0	0	0	0	0	4260913	
822	1	G	6	N	2500	0	40	186	116	30	22	30	0	0	0	0	0	0	0	0	0	0	0	0	4261740	
823	1	G	6	N	2500	0	40	378	144	33	26	42	0	0	0	0	0	0	0	0	0	0	0	0	4262411	
824	1	G	6	N	2500	0	1	98	40	71	94	127	0	0	0	0	0	0	0	0	0	0	0	0	4262442	
825	1	G	6	N	2500	0	40	253	113	27	27	55	0	0	0	0	0	0	0	0	0	0	0	0	4262723	
826	1	G	6	N	2500	0	40	318	140	31	24	29	0	0	0	0	0	0	0	0	0	0	0	0	4263081	
827	1	G	6	N	2500	0	40	353	131	29	22	35	0	0	0	0	0	0	0	0	0	0	0	0	4263175	
828	1	G	6	N	2500	0	40	307	104	21	14	20	0	0	0	0	0	0	0	0	0	0	0	0	4263284	
829	1	G	6	N	2500	0	40	338	127	27	20	31	0	0	0	0	0	0	0	0	0	0	0	0	4264470	
830	1	G	6	N	2500	0	1	198	106	20	18	24	0	0	0	0	0	0	0	0	0	0	0	0	4264532	
831	1	G	6	N	2500	0	40	284	105	24	16	19	0	0	0	0	0	0	0	0	0	0	0	0	4265250	
832	1	G	6	N	2500	0	40	334	142	34	21	29	0	0	0	0	0	0	0	0	0	0	0	0	4265593	
833	1	G	6	N	2500	0	40	347	134	32	22	35	0	0	0	0	0	0	0	0	0	0	0	0	4265640	
834	1	G	6	N	2500	0	40	304	115	22	18	27	0	0	0	0	0	0	0	0	0	0	0	0	4265843	
835	1	G	6	N	2500	0	40	268	154	35	23	34	0	0	0	0	0	0	0	0	0	0	0	0	4265843	
836	1	G	6	N	2500	0	40	351	135	28	21	30	0	0	0	0	0	0	0	0	0	0	0	0	4266155	
837	1	G	6	N	2500	0	1	209	91	20	16	24	0	0	0	0	0	0	0	0	0	0	0	0	4266217	
838	1	G	6	N	2500	0	1	150	113	25	20	31	0	0	0	0	0	0	0	0	0	0	0	0	4267481	
839	1	G	7	N	2500	6	40	229	124	30	26	40	0	0	0	0	0	0	0	0	0	0	0	0	4278276	
840	1	G	7	N	2500	2	1	175	82	149	210	255	0	0	0	0	0	0	0	0	0	0	0	0	4279165	
841	1	G	7	N	2500	2	1	239	72	11	9	17	0	0	0	0	0	0	0	0	0	0	0	0	4279586	
842	1	G	8	N	2500	2	1	59	13	8	6	5	0	0	0	0	0	0	0	0	0	0	0	0	4290147	
843	1	G	8	N	2500	2	1	165	84	18	13	15	0	0	0	0	0	0	0	0	0	0	0	0	4290522	
844	1	G	8	N	2500	2	1	178	105	23	14	15	0	0	0	0	0	0	0	0	0	0	0	0	4290647	
845	1	G	8	N	2500	6	40	329	109	28	16	24	0	0	0	0	0	0	0	0	0	0	0	0	4291317	
846	1	G	8	N	2500	2	1	203	75	20	14	20	0	0	0	0	0	0	0	0	0	0	0	0	4291364	
847	1	G	8	N	2500	2	1	70	19	3	4	7	0	0	0	0	0	0	0	0	0	0	0	0	4291536	
848	1	G	8	N	2500	2	1	181	76	13	9	14	0	0	0	0	0	0	0	0	0	0	0	0	4291645	
849	1	G	8	N	2500	2	1	232	64	10	8	14	0	0	0	0	0	0	0	0	0	0	0	0	4291926	
850	1	G	8	N	2500	2	1	88	16	3	3	8	0	0	0	0	0	0	0	0	0	0	0	0	4292675	
851	1	G	8	N	2500	6	40	445	163	34	22	32	0	0	0	0	0	0	0	0	0	0	0	0	4293143	
852	1	G	8	N	2500	2	1	73	17	3	3	5	0	0	0	0	0	0	0	0	0	0	0	0	4293236	
853	1	G	8	N	2500	2	1	205	57	8	6	10	0	0	0	0	0	0	0	0	0	0	0	0	4293564	
854	1	G	8	N	2500	6	40	336	119	21	16	19	0	0	0	0	0	0	0	0	0	0	0	0	4293642	
855	1	G	8	N	2500	0	1	61	12	7	9	17	0	0	0	0	0	0	0	0	0	0	0	0	4294016	
856	1	G	8	N	2500	0	1	232	93	16	11	18	0	0	0	0	0	0	0	0	0	0	0	0	4294391	
857	1	G	8	N	2500	0	40	276	88	15	10	18	0	0	0	0	0	0	0	0	0	0	0	0	4294422	
858	1	G	9	N	2500	6	40	291	117	19	15	24	0	0	0	0	0	0	0	0	0	0	0	0	4308197	
859	1	G	9	N	2500	2	1	195	89	14	10	13	0	0	0	0	0	0	0	0	0	0	0	0	4310318	
860	1	G	10	N	2500	6	40	262	123	31	20	31	0	0	0	0	0	0	0	0	0	0	0	0	4318196	
861	1	G	10	N	2500	6	40	227	128	25	17	26	0	0	0	0	0	0	0	0	0	0	0	0	4318383	
862	1	G	10	N	2500	2	1	197	58	12	8	12	0	0	0	0	0	0	0	0	0	0	0	0	4318633	
863	1	G	10	N	2500	2	1	150	95	20	13	18	0	0	0	0	0	0	0	0	0	0	0	0	4318711	
864	1	G	10	N	2500	6	40	378	131	27	19	32	0	0	0	0	0	0	0	0	0	0	0	0	4318914	
865	1	G	10	N	2500	0	40	318	102	19	13	20	0	0	0	0	0	0	0	0	0	0	0	0	4319413	
866	1	G	10	N	2500	0	40	342	135	32	19	31	0	0	0	0	0	0	0	0	0	0	0	0	4319850	
867	1	G	10	N	2500	0	40	312	120	26	18	23	0	0	0	0	0	0	0	0	0	0	0	0	4320115	
868	1	G	10	N	2500	0	40	246	107	19	15	23	0	0	0	0	0	0	0	0	0	0	0	0	4320162	
869	1	G	10	N	2500	0	40	194	115	24	19	27	0	0	0	0	0	0	0	0	0	0	0	0	4320224	
870	1	G	10	N	2500	0	1	236	71	14	9	14	0	0	0	0	0	0	0	0	0	0	0	0	4320567	
871	1	G	10	N	2500	0	1	134	86	28	19	27	0	0	0	0	0	0	0	0	0	0	0	0	4320630	
872	1	G	10	N	2500	0	1	177	97	26	17	20	0	0	0	0	0	0	0	0	0	0	0	0	4320708	
873	1	G	10	N	2500	0	40	312	144	36	21	28	0	0	0	0	0	0	0	0	0	0	0	0	4321035	
874	1	G	10	N	2500	0	40	280	102	20	13	17	0	0	0	0	0	0	0	0	0	0	0	0	4321145	
875	1	G	10	N	2500	0	40	315	117	23	16	25	0	0	0	0	0	0	0	0	0	0	0	0	4321269	
876	1	G	10	N	2500	0	40	402	135	28	19	30	0	0	0	0	0	0	0	0	0	0	0	0	4321363	
877	1	G	10	N	2500	0	1	86	28	5	4	7	0	0	0	0	0	0	0	0	0	0	0	0	4321503	
878	1	G	10	N	2500	0	40	266	111	22	16	21	0	0	0	0	0	0	0	0	0	0	0	0	4321519	
879	1	G	10	N	2500	0	40	307	128	31	19	25	0	0	0	0	0	0	0	0	0	0	0	0	4321566	
880	1	G	10	N	2500	0	40	265	97	24	15	21	0	0	0	0	0	0	0	0	0	0	0	0	4321628	
881	1	G	10	N	2500	0	1	62	16	13	16	32	0	0	0	0	0	0	0	0	0	0	0	0	4321800	
882	1	G	10	N	2500	0	1	99	45	9	8	11	0	0	0	0	0	0	0	0	0	0	0	0	4321847	
883	1	G	10	N	2500	0	1	181	100	21	14	20	0	0	0	0	0	0	0	0	0	0	0	0	4321971	
884	1	G	10	N	2500	0	40	295	110	23	18	25	0	0	0	0	0	0	0	0	0	0	0	0	4321987	
885	1	G	10	N	2500	0	40	274	97	23	15	20	0	0	0	0	0	0	0	0	0	0	0	0	4322221	
886	1	G	10	N	2500	0	40	347	135	32	20	25	0	0	0	0	0	0	0	0	0	0	0	0	4322377	
887	1	G	10	N	2500	0	40	355	116	22	15	22	0	0	0	0	0	0	0	0	0	0	0	0	4322471	
888	1	G	10	N	2500	0	40	343	111	21	15	21	0	0	0	0	0	0	0	0	0	0	0	0	4322517	
889	1	G	10	N	2500	0	1	62	20	4	4	7	0	0	0	0	0	0	0	0	0	0	0	0	4322627	
890	1	G	10	N	2500	0	1	99	19	4	3	9	0	0	0	0	0	0	0	0	0	0	0	0	4322705	
891	1	G	10	N	2500	0	1	64	13	3	2	6	0	0	0	0	0	0	0	0	0	0	0	0	4322705	
892	1	G	10	N	2500	0	1	96	17	1	1	2	0	0	0	0	0	0	0	0	0	0	0	0	4322798	
893	1	G	10	N	2500	0	40	333	95	18	12	20	0	0	0	0	0	0	0	0	0	0	0	0	4322814	
894	1	G	10	N	2500	0	1	225	98	16	11	15	0	0	0	0	0	0	0	0	0	0	0	0	4322970	
895	1	G	10	N	2500	0	1	219	103	21	15	19	0	0	0	0	0	0	0	0	0	0	0	0	4323141	
896	1	G	10	N	2500	0	40	332	107	21	15	19	0	0	0	0	0	0	0	0	0	0	0	0	4323438	
897	1	G	10	N	2500	0	1	178	104	25	16	22	0	0	0	0	0	0	0	0	0	0	0	0	4323500	
898	1	G	10	N	2500	0	40	391	139	34	19	29	0	0	0	0	0	0	0	0	0	0	0	0	4323547	
899	1	G	10	N	2500	0	40	320	90	15	11	18	0	0	0	0	0	0	0	0	0	0	0	0	4323547	
900	1	G	10	N	2500	0	40	399	131	27	20	27	0	0	0	0	0	0	0	0	0	0	0	0	4323609	
901	1	G	10	N	2500	0	1	105	26	5	4	8	0	0	0	0	0	0	0	0	0	0	0	0	4324171	
902	1	G	10	N	2500	0	40	259	153	38	24	34	0	0	0	0	0	0	0	0	0	0	0	0	4324202	
903	1	G	10	N	2500	0	40	328	108	20	14	23	0	0	0	0	0	0	0	0	0	0	0	0	4324530	
904	1	G	10	N	2500	0	1	205	87	19	13	21	0	0	0	0	0	0	0	0	0	0	0	0	4324686	
905	1	G	10	N	2500	0	40	259	133	28	18	28	0	0	0	0	0	0	0	0	0	0	0	0	4325091	
906	1	G	10	N	2500	0	1	139	29	4	4	9	0	0	0	0	0	0	0	0	0	0	0	0	4325138	
907	1	G	10	N	2500	0	1	74	14	3	3	7	0	0	0	0	0	0	0	0	0	0	0	0	4325216	
908	1	G	11	N	2500	6	40	356	118	23	16	25	0	0	0	0	0	0	0	0	0	0	0	0	4335029	
909	1	G	11	N	2500	6	40	290	121	29	18	27	0	0	0	0	0	0	0	0	0	0	0	0	4336870	
910	1	G	11	N	2500	2	1	162	74	13	9	14	0	0	0	0	0	0	0	0	0	0	0	0	4337088	
911	1	G	12	N	2500	6	40	317	99	19	13	20	0	0	0	0	0	0	0	0	0	0	0	0	4347478	
912	1	G	12	N	2500	6	40	316	137	33	23	32	0	0	0	0	0	0	0	0	0	0	0	0	4347509	
913	1	G	12	N	2500	6	40	261	95	18	13	18	0	0	0	0	0	0	0	0	0	0	0	0	4347805	
914	1	G	12	N	2500	0	40	312	135	33	20	25	0	0	0	0	0	0	0	0	0	0	0	0	4348180	
915	1	G	12	N	2500	0	2	162	126	32	21	27	0	0	0	0	0	0	0	0	0	0	0	0	4348180	
916	1	G	12	N	2500	0	1	68	22	4	4	11	0	0	0	0	0	0	0	0	0	0	0	0	4349272	
917	1	G	12	N	2500	0	40	339	148	33	22	31	0	0	0	0	0	0	0	0	0	0	0	0	4349396	
918	1	G	12	N	2500	0	40	286	98	24	15	22	0	0	0	0	0	0	0	0	0	0	0	0	4349443	
919	1	G	12	N	2500	0	1	200	51	7	6	8	0	0	0	0	0	0	0	0	0	0	0	0	4349646	
920	1	G	12	N	2500	0	40	292	92	19	14	22	0	0	0	0	0	0	0	0	0	0	0	0	4349693	
921	1	G	12	N	2500	0	40	473	167	29	21	33	0	0	0	0	0	0	0	0	0	0	0	0	4350036	
922	1	G	12	N	2500	0	40	277	109	21	15	21	0	0	0	0	0	0	0	0	0	0	0	0	4350067	
923	1	G	12	N	2500	0	40	318	131	32	19	26	0	0	0	0	0	0	0	0	0	0	0	0	4350395	
924	1	G	12	N	2500	0	1	132	47	11	9	14	0	0	0	0	0	0	0	0	0	0	0	0	4350504	
925	1	G	12	N	2500	0	40	332	125	29	18	25	0	0	0	0	0	0	0	0	0	0	0	0	4350676	
926	1	G	12	N	2500	0	40	293	111	22	16	21	0	0	0	0	0	0	0	0	0	0	0	0	4350785	
927	1	G	12	N	2500	0	1	56	10	5	3	3	0	0	0	0	0	0	0	0	0	0	0	0	4350972	
928	1	G	12	N	2500	0	40	328	100	17	11	19	0	0	0	0	0	0	0	0	0	0	0	0	4351144	
929	1	G	12	N	2500	0	1	118	78	17	13	14	0	0	0	0	0	0	0	0	0	0	0	0	4351565	
930	1	G	12	N	2500	0	1	163	117	31	20	27	0	0	0	0	0	0	0	0	0	0	0	0	4351690	
931	1	G	12	N	2500	0	40	271	100	25	15	20	0	0	0	0	0	0	0	0	0	0	0	0	4351799	
932	1	G	12	N	2500	0	40	330	133	33	21	29	0	0	0	0	0	0	0	0	0	0	0	0	4352345	
933	1	G	12	N	2500	0	40	361	149	29	20	28	0	0	0	0	0	0	0	0	0	0	0	0	4352579	
934	1	G	12	N	2500	0	40	353	108	21	15	24	0	0	0	0	0	0	0	0	0	0	0	0	4352782	
935	1	G	12	N	2500	0	40	437	142	30	18	24	0	0	0	0	0	0	0	0	0	0	0	0	4353671	
936	1	G	12	N	2500	0	1	190	96	22	15	17	0	0	0	0	0	0	0	0	0	0	0	0	4353842	
937	1	H	1	N	2500	6	40	332	122	22	15	22	0	0	0	0	0	0	0	0	0	0	0	0	4363031	
938	1	H	1	N	2500	2	1	73	52	17	0	2	0	0	0	0	0	0	0	0	0	0	0	0	4363421	
939	1	H	1	N	2500	6	40	311	98	20	13	20	0	0	0	0	0	0	0	0	0	0	0	0	4367336	
940	1	H	1	N	2500	2	1	224	69	8	7	11	0	0	0	0	0	0	0	0	0	0	0	0	4367945	
941	1	H	2	N	2500	2	1	60	13	2	3	4	0	0	0	0	0	0	0	0	0	0	0	0	4377601	
942	1	H	2	N	2500	2	1	185	109	22	16	25	0	0	0	0	0	0	0	0	0	0	0	0	4377804	
943	1	H	2	N	2500	6	40	330	124	30	17	23	0	0	0	0	0	0	0	0	0	0	0	0	4378210	
944	1	H	2	N	2500	2	1	269	83	17	12	15	0	0	0	0	0	0	0	0	0	0	0	0	4378740	
945	1	H	2	N	2500	2	1	53	17	18	21	40	0	0	0	0	0	0	0	0	0	0	0	0	4379317	
946	1	H	2	N	2500	2	1	61	12	2	2	5	0	0	0	0	0	0	0	0	0	0	0	0	4379380	
947	1	H	2	N	2500	6	40	341	121	29	22	26	0	0	0	0	0	0	0	0	0	0	0	0	4379489	
948	1	H	2	N	2500	6	40	337	120	25	17	24	0	0	0	0	0	0	0	0	0	0	0	0	4379536	
949	1	H	2	N	2500	0	1	183	88	19	13	17	0	0	0	0	0	0	0	0	0	0	0	0	4379707	
950	1	H	2	N	2500	0	1	207	84	15	11	14	0	0	0	0	0	0	0	0	0	0	0	0	4379738	
951	1	H	2	N	2500	0	40	310	105	20	15	23	0	0	0	0	0	0	0	0	0	0	0	0	4380019	
952	1	H	2	N	2500	0	1	173	91	19	12	17	0	0	0	0	0	0	0	0	0	0	0	0	4380082	
953	1	H	2	N	2500	0	1	208	96	21	15	23	0	0	0	0	0	0	0	0	0	0	0	0	4380144	
954	1	H	2	N	2500	0	40	280	98	20	15	24	0	0	0	0	0	0	0	0	0	0	0	0	4380206	
955	1	H	2	N	2500	0	40	271	108	22	15	19	0	0	0	0	0	0	0	0	0	0	0	0	4380347	
956	1	H	2	N	2500	0	1	158	61	10	9	14	0	0	0	0	0	0	0	0	0	0	0	0	4380784	
957	1	H	2	N	2500	0	1	158	103	23	16	25	0	0	0	0	0	0	0	0	0	0	0	0	4380924	
958	1	H	2	N	2500	0	1	75	24	16	12	11	0	0	0	0	0	0	0	0	0	0	0	0	4381080	
959	1	H	2	N	2500	0	1	170	108	28	18	24	0	0	0	0	0	0	0	0	0	0	0	0	4381142	
960	1	H	2	N	2500	0	1	170	96	24	15	20	0	0	0	0	0	0	0	0	0	0	0	0	4381220	
961	1	H	2	N	2500	0	40	329	138	33	22	28	0	0	0	0	0	0	0	0	0	0	0	0	4381314	
962	1	H	2	N	2500	0	1	95	17	3	4	10	0	0	0	0	0	0	0	0	0	0	0	0	4381548	
963	1	H	2	N	2500	0	1	74	17	2	2	6	0	0	0	0	0	0	0	0	0	0	0	0	4384231	
964	1	H	2	N	2500	0	1	168	95	21	16	26	0	0	0	0	0	0	0	0	0	0	0	0	4384231	
965	1	H	2	N	2500	0	1	177	93	21	13	18	0	0	0	0	0	0	0	0	0	0	0	0	4384387	
966	1	H	3	N	2500	6	40	305	108	22	17	27	0	0	0	0	0	0	0	0	0	0	0	0	4395822	
967	1	H	3	N	2500	2	1	102	28	6	5	8	0	0	0	0	0	0	0	0	0	0	0	0	4397398	
968	1	H	4	N	2500	2	1	198	74	22	15	20	0	0	0	0	0	0	0	0	0	0	0	0	4406290	
969	1	H	4	N	2500	6	40	234	115	31	23	33	0	0	0	0	0	0	0	0	0	0	0	0	4406336	
970	1	H	4	N	2500	6	40	336	107	21	16	23	0	0	0	0	0	0	0	0	0	0	0	0	4406492	
971	1	H	4	N	2500	6	40	203	119	23	20	28	0	0	0	0	0	0	0	0	0	0	0	0	4406695	
972	1	H	4	N	2500	0	1	50	10	1	1	3	0	0	0	0	0	0	0	0	0	0	0	0	4406758	
973	1	H	4	N	2500	0	40	286	120	24	17	27	0	0	0	0	0	0	0	0	0	0	0	0	4407600	
974	1	H	4	N	2500	0	40	329	102	16	13	23	0	0	0	0	0	0	0	0	0	0	0	0	4407631	
975	1	H	4	N	2500	0	40	266	107	20	15	23	0	0	0	0	0	0	0	0	0	0	0	0	4408006	
976	1	H	4	N	2500	0	40	283	110	27	18	26	0	0	0	0	0	0	0	0	0	0	0	0	4408146	
977	1	H	4	N	2500	0	40	279	115	30	20	26	0	0	0	0	0	0	0	0	0	0	0	0	4408286	
978	1	H	4	N	2500	0	40	283	131	30	22	35	0	0	0	0	0	0	0	0	0	0	0	0	4408302	
979	1	H	4	N	2500	0	40	252	103	21	16	25	0	0	0	0	0	0	0	0	0	0	0	0	4408318	
980	1	H	4	N	2500	0	40	266	106	19	14	21	0	0	0	0	0	0	0	0	0	0	0	0	4408536	
981	1	H	4	N	2500	0	40	366	126	30	19	29	0	0	0	0	0	0	0	0	0	0	0	0	4408988	
982	1	H	4	N	2500	0	40	261	146	32	24	37	0	0	0	0	0	0	0	0	0	0	0	0	4409051	
983	1	H	4	N	2500	0	40	355	139	29	20	27	0	0	0	0	0	0	0	0	0	0	0	0	4409113	
984	1	H	4	N	2500	0	40	346	134	31	20	33	0	0	0	0	0	0	0	0	0	0	0	0	4409222	
985	1	H	4	N	2500	0	1	105	21	15	20	37	0	0	0	0	0	0	0	0	0	0	0	0	4409394	
986	1	H	4	N	2500	0	40	274	128	26	22	29	0	0	0	0	0	0	0	0	0	0	0	0	4409612	
987	1	H	4	N	2500	0	40	326	150	35	21	29	0	0	0	0	0	0	0	0	0	0	0	0	4409768	
988	1	H	4	N	2500	0	40	344	155	32	22	29	0	0	0	0	0	0	0	0	0	0	0	0	4409784	
989	1	H	4	N	2500	0	40	250	136	34	20	30	0	0	0	0	0	0	0	0	0	0	0	0	4410034	
990	1	H	4	N	2500	0	1	96	36	33	45	82	0	0	0	0	0	0	0	0	0	0	0	0	4410517	
991	1	H	4	N	2500	0	40	388	141	30	23	31	0	0	0	0	0	0	0	0	0	0	0	0	4410689	
992	1	H	4	N	2500	0	1	53	10	3	3	7	0	0	0	0	0	0	0	0	0	0	0	0	4410845	
993	1	H	4	N	2500	0	40	312	123	28	20	29	0	0	0	0	0	0	0	0	0	0	0	0	4410892	
994	1	H	4	N	2500	0	40	201	113	32	20	28	0	0	0	0	0	0	0	0	0	0	0	0	4411063	
995	1	H	4	N	2500	0	40	328	139	31	22	30	0	0	0	0	0	0	0	0	0	0	0	0	4411204	
996	1	H	4	N	2500	0	40	389	131	26	17	26	0	0	0	0	0	0	0	0	0	0	0	0	4411204	
997	1	H	4	N	2500	0	40	214	129	29	20	33	0	0	0	0	0	0	0	0	0	0	0	0	4411500	
998	1	H	4	N	2500	0	40	312	120	28	23	34	0	0	0	0	0	0	0	0	0	0	0	0	4411562	
999	1	H	4	N	2500	0	40	280	126	31	21	29	0	0	0	0	0	0	0	0	0	0	0	0	4411594	
1000	1	H	4	N	2500	0	40	247	132	28	20	30	0	0	0	0	0	0	0	0	0	0	0	0	4411984	
1001	1	H	4	N	2500	0	40	228	112	23	16	21	0	0	0	0	0	0	0	0	0	0	0	0	4412249	
1002	1	H	4	N	2500	0	40	355	134	29	22	36	0	0	0	0	0	0	0	0	0	0	0	0	4412935	
1003	1	H	4	N	2500	0	40	250	122	29	21	23	0	0	0	0	0	0	0	0	0	0	0	0	4413403	
1004	1	H	4	N	2500	0	40	265	110	29	20	26	0	0	0	0	0	0	0	0	0	0	0	0	4413653	
1005	1	H	5	N	2500	6	40	398	151	30	23	33	0	0	0	0	0	0	0	0	0	0	0	0	4420735	
1006	1	H	5	N	2500	6	40	344	133	25	22	35	0	0	0	0	0	0	0	0	0	0	0	0	4421203	
1007	1	H	6	N	2500	6	40	316	111	29	20	26	0	0	0	0	0	0	0	0	0	0	0	0	4435150	
1008	1	H	6	N	2500	6	40	241	133	38	25	33	0	0	0	0	0	0	0	0	0	0	0	0	4435243	
1009	1	H	6	N	2500	6	40	314	106	23	16	24	0	0	0	0	0	0	0	0	0	0	0	0	4435274	
1010	1	H	6	N	2500	0	1	201	89	18	13	19	0	0	0	0	0	0	0	0	0	0	0	0	4435368	
1011	1	H	6	N	2500	0	40	350	131	30	23	26	0	0	0	0	0	0	0	0	0	0	0	0	4435384	
1012	1	H	6	N	2500	0	40	257	161	40	28	39	0	0	0	0	0	0	0	0	0	0	0	0	4435961	
1013	1	H	6	N	2500	0	1	282	79	15	10	13	0	0	0	0	0	0	0	0	0	0	0	0	4436195	
1014	1	H	6	N	2500	0	40	286	111	27	20	26	0	0	0	0	0	0	0	0	0	0	0	0	4436210	
1015	1	H	6	N	2500	0	40	377	137	32	23	36	0	0	0	0	0	0	0	0	0	0	0	0	4436366	
1016	1	H	6	N	2500	0	40	352	124	28	19	26	0	0	0	0	0	0	0	0	0	0	0	0	4436476	
1017	1	H	6	N	2500	0	40	276	99	20	15	23	0	0	0	0	0	0	0	0	0	0	0	0	4436491	
1018	1	H	6	N	2500	0	40	307	119	26	18	31	0	0	0	0	0	0	0	0	0	0	0	0	4436585	
1019	1	H	6	N	2500	0	40	198	131	33	23	34	0	0	0	0	0	0	0	0	0	0	0	0	4436710	
1020	1	H	6	N	2500	0	40	330	116	31	22	34	0	0	0	0	0	0	0	0	0	0	0	0	4436912	
1021	1	H	6	N	2500	0	40	341	123	27	21	30	0	0	0	0	0	0	0	0	0	0	0	0	4436975	
1022	1	H	6	N	2500	0	1	173	104	21	16	22	0	0	0	0	0	0	0	0	0	0	0	0	4437115	
1023	1	H	6	N	2500	0	40	293	118	27	22	30	0	0	0	0	0	0	0	0	0	0	0	0	4437146	
1024	1	H	6	N	2500	0	40	240	106	27	19	27	0	0	0	0	0	0	0	0	0	0	0	0	4437146	
1025	1	H	6	N	2500	0	40	196	118	26	21	31	0	0	0	0	0	0	0	0	0	0	0	0	4437162	
1026	1	H	6	N	2500	0	40	210	107	30	19	28	0	0	0	0	0	0	0	0	0	0	0	0	4437162	
1027	1	H	6	N	2500	0	40	233	131	32	22	33	0	0	0	0	0	0	0	0	0	0	0	0	4437178	
1028	1	H	6	N	2500	0	40	278	135	30	21	33	0	0	0	0	0	0	0	0	0	0	0	0	4437224	
1029	1	H	6	N	2500	0	40	330	112	23	18	28	0	0	0	0	0	0	0	0	0	0	0	0	4437240	
1030	1	H	6	N	2500	0	1	273	80	14	10	12	0	0	0	0	0	0	0	0	0	0	0	0	4437240	
1031	1	H	6	N	2500	0	40	344	125	30	22	33	0	0	0	0	0	0	0	0	0	0	0	0	4437302	
1032	1	H	6	N	2500	0	40	285	112	24	19	31	0	0	0	0	0	0	0	0	0	0	0	0	4437318	
1033	1	H	6	N	2500	0	40	208	123	26	20	27	0	0	0	0	0	0	0	0	0	0	0	0	4437443	
1034	1	H	6	N	2500	0	1	156	99	24	18	25	0	0	0	0	0	0	0	0	0	0	0	0	4437490	
1035	1	H	6	N	2500	0	40	202	121	34	23	36	0	0	0	0	0	0	0	0	0	0	0	0	4437770	
1036	1	H	6	N	2500	0	40	354	128	27	20	27	0	0	0	0	0	0	0	0	0	0	0	0	4437958	
1037	1	H	6	N	2500	0	40	268	129	28	20	31	0	0	0	0	0	0	0	0	0	0	0	0	4438051	
1038	1	H	6	N	2500	0	40	464	165	35	24	36	0	0	0	0	0	0	0	0	0	0	0	0	4438254	
1039	1	H	6	N	2500	0	1	90	26	27	36	57	0	0	0	0	0	0	0	0	0	0	0	0	4438410	
1040	1	H	6	N	2500	0	40	250	143	37	24	31	0	0	0	0	0	0	0	0	0	0	0	0	4438457	
1041	1	H	6	N	2500	0	40	328	125	35	23	27	0	0	0	0	0	0	0	0	0	0	0	0	4438753	
1042	1	H	6	N	2500	0	40	342	133	32	22	33	0	0	0	0	0	0	0	0	0	0	0	0	4438878	
1043	1	H	6	N	2500	0	40	215	132	28	21	28	0	0	0	0	0	0	0	0	0	0	0	0	4439783	
1044	1	H	6	N	2500	0	40	215	130	27	22	31	0	0	0	0	0	0	0	0	0	0	0	0	4439861	
1045	1	H	6	N	2500	0	40	364	126	25	19	31	0	0	0	0	0	0	0	0	0	0	0	0	4440110	
1046	1	H	6	N	2500	0	40	204	131	30	22	32	0	0	0	0	0	0	0	0	0	0	0	0	4440157	
1047	1	H	6	N	2500	0	40	297	128	30	20	27	0	0	0	0	0	0	0	0	0	0	0	0	4440220	
1048	1	H	6	N	2500	0	1	163	87	17	13	18	0	0	0	0	0	0	0	0	0	0	0	0	4440251	
1049	1	H	6	N	2500	0	1	240	89	15	12	21	0	0	0	0	0	0	0	0	0	0	0	0	4440282	
1050	1	H	6	N	2500	0	40	378	139	33	25	35	0	0	0	0	0	0	0	0	0	0	0	0	4440298	
1051	1	H	6	N	2500	0	40	180	138	37	23	34	0	0	0	0	0	0	0	0	0	0	0	0	4440298	
1052	1	H	6	N	2500	0	1	497	162	34	24	42	0	0	0	0	0	0	0	0	0	0	0	0	4440500	
1053	1	H	6	N	2500	0	40	344	120	27	19	29	0	0	0	0	0	0	0	0	0	0	0	0	4440516	
1054	1	H	6	N	2500	0	40	361	138	29	20	28	0	0	0	0	0	0	0	0	0	0	0	0	4440594	
1055	1	H	6	N	2500	0	40	345	131	30	21	31	0	0	0	0	0	0	0	0	0	0	0	0	4440688	
1056	1	H	6	N	2500	0	40	187	116	32	20	30	0	0	0	0	0	0	0	0	0	0	0	0	4440703	
1057	1	H	6	N	2500	0	40	214	144	33	24	29	0	0	0	0	0	0	0	0	0	0	0	0	4440781	
1058	1	H	6	N	2500	0	40	354	144	34	23	33	0	0	0	0	0	0	0	0	0	0	0	0	4440812	
1059	1	H	6	N	2500	0	40	266	112	28	19	28	0	0	0	0	0	0	0	0	0	0	0	0	4440890	
1060	1	H	6	N	2500	0	40	310	108	22	17	24	0	0	0	0	0	0	0	0	0	0	0	0	4441218	
1061	1	H	6	N	2500	0	1	162	79	16	11	15	0	0	0	0	0	0	0	0	0	0	0	0	4441280	
1062	1	H	6	N	2500	0	40	321	116	26	21	31	0	0	0	0	0	0	0	0	0	0	0	0	4441343	
1063	1	H	6	N	2500	0	40	332	132	29	20	32	0	0	0	0	0	0	0	0	0	0	0	0	4441437	
1064	1	H	6	N	2500	0	1	168	81	28	20	30	0	0	0	0	0	0	0	0	0	0	0	0	4442451	
1065	1	H	6	N	2500	0	1	173	105	21	16	23	0	0	0	0	0	0	0	0	0	0	0	0	4442466	
1066	1	H	7	N	2500	6	40	230	126	27	23	29	0	0	0	0	0	0	0	0	0	0	0	0	4450219	
1067	1	H	7	N	2500	6	40	281	114	25	20	31	0	0	0	0	0	0	0	0	0	0	0	0	4450703	
1068	1	H	7	N	2500	6	40	343	122	26	19	32	0	0	0	0	0	0	0	0	0	0	0	0	4451343	
1069	1	H	7	N	2500	0	40	218	105	21	17	27	0	0	0	0	0	0	0	0	0	0	0	0	4454073	
1070	1	H	7	N	2500	0	40	325	123	26	19	26	0	0	0	0	0	0	0	0	0	0	0	0	4454088	
1071	1	H	7	N	2500	0	40	221	142	34	22	28	0	0	0	0	0	0	0	0	0	0	0	0	4455196	
1072	1	H	7	N	2500	0	1	191	111	25	20	28	0	0	0	0	0	0	0	0	0	0	0	0	4455711	
1073	1	H	8	N	2500	4	40	274	107	28	19	28	0	0	0	0	0	0	0	0	0	0	0	0	4463464	
1074	1	H	8	N	2500	2	1	62	16	3	4	9	0	0	0	0	0	0	0	0	0	0	0	0	4463464	
1075	1	H	8	N	2500	6	40	422	135	28	20	37	0	0	0	0	0	0	0	0	0	0	0	0	4463807	
1076	1	H	8	N	2500	2	1	140	97	19	15	22	0	0	0	0	0	0	0	0	0	0	0	0	4464119	
1077	1	H	8	N	2500	6	40	326	112	28	17	27	0	0	0	0	0	0	0	0	0	0	0	0	4464493	
1078	1	H	8	N	2500	6	40	245	125	32	23	36	0	0	0	0	0	0	0	0	0	0	0	0	4464540	
1079	1	H	8	N	2500	0	1	139	107	28	19	25	0	0	0	0	0	0	0	0	0	0	0	0	4464681	
1080	1	H	8	N	2500	0	40	355	133	28	21	29	0	0	0	0	0	0	0	0	0	0	0	0	4464727	
1081	1	H	8	N	2500	0	1	130	36	8	6	8	0	0	0	0	0	0	0	0	0	0	0	0	4464930	
1082	1	H	8	N	2500	0	1	184	76	15	11	18	0	0	0	0	0	0	0	0	0	0	0	0	4464930	
1083	1	H	8	N	2500	0	1	84	33	65	85	114	0	0	0	0	0	0	0	0	0	0	0	0	4465195	
1084	1	H	8	N	2500	0	40	323	119	32	20	27	0	0	0	0	0	0	0	0	0	0	0	0	4465227	
1085	1	H	8	N	2500	0	40	307	102	24	16	23	0	0	0	0	0	0	0	0	0	0	0	0	4465601	
1086	1	H	8	N	2500	0	40	326	124	29	20	35	0	0	0	0	0	0	0	0	0	0	0	0	4465788	
1087	1	H	8	N	2500	0	1	108	48	9	7	12	0	0	0	0	0	0	0	0	0	0	0	0	4466085	
1088	1	H	8	N	2500	0	1	185	65	18	13	20	0	0	0	0	0	0	0	0	0	0	0	0	4466163	
1089	1	H	8	N	2500	0	1	120	32	7	5	6	0	0	0	0	0	0	0	0	0	0	0	0	4466397	
1090	1	H	8	N	2500	0	1	180	92	21	15	22	0	0	0	0	0	0	0	0	0	0	0	0	4466397	
1091	1	H	8	N	2500	0	40	350	128	28	17	22	0	0	0	0	0	0	0	0	0	0	0	0	4466428	
1092	1	H	8	N	2500	0	40	342	135	30	20	31	0	0	0	0	0	0	0	0	0	0	0	0	4466599	
1093	1	H	8	N	2500	0	40	350	125	30	18	27	0	0	0	0	0	0	0	0	0	0	0	0	4467067	
1094	1	H	8	N	2500	0	40	333	113	25	18	27	0	0	0	0	0	0	0	0	0	0	0	0	4467145	
1095	1	H	8	N	2500	0	40	213	124	31	19	32	0	0	0	0	0	0	0	0	0	0	0	0	4467301	
1096	1	H	8	N	2500	0	1	130	46	12	9	13	0	0	0	0	0	0	0	0	0	0	0	0	4467333	
1097	1	H	8	N	2500	0	40	241	126	28	20	28	0	0	0	0	0	0	0	0	0	0	0	0	4467379	
1098	1	H	8	N	2500	0	40	350	131	27	19	27	0	0	0	0	0	0	0	0	0	0	0	0	4467723	
1099	1	H	8	N	2500	0	1	71	18	9	11	18	0	0	0	0	0	0	0	0	0	0	0	0	4467738	
1100	1	H	8	N	2500	0	40	295	124	26	20	30	0	0	0	0	0	0	0	0	0	0	0	0	4467925	
1101	1	H	8	N	2500	0	1	61	19	3	4	8	0	0	0	0	0	0	0	0	0	0	0	0	4468035	
1102	1	H	8	N	2500	0	40	281	108	22	15	21	0	0	0	0	0	0	0	0	0	0	0	0	4468050	
1103	1	H	8	N	2500	0	40	246	110	22	18	26	0	0	0	0	0	0	0	0	0	0	0	0	4468128	
1104	1	H	8	N	2500	0	40	328	119	24	17	24	0	0	0	0	0	0	0	0	0	0	0	0	4468378	
1105	1	H	8	N	2500	0	40	307	136	32	27	35	0	0	0	0	0	0	0	0	0	0	0	0	4468378	
1106	1	H	8	N	2500	0	1	221	99	24	15	18	0	0	0	0	0	0	0	0	0	0	0	0	4468440	
1107	1	H	8	N	2500	0	40	297	103	25	16	24	0	0	0	0	0	0	0	0	0	0	0	0	4468456	
1108	1	H	8	N	2500	0	40	374	141	29	22	30	0	0	0	0	0	0	0	0	0	0	0	0	4468456	
1109	1	H	8	N	2500	0	40	207	125	29	19	28	0	0	0	0	0	0	0	0	0	0	0	0	4468471	
1110	1	H	8	N	2500	0	40	198	113	27	18	25	0	0	0	0	0	0	0	0	0	0	0	0	4468503	
1111	1	H	8	N	2500	0	1	56	11	3	3	6	0	0	0	0	0	0	0	0	0	0	0	0	4468534	
1112	1	H	8	N	2500	0	1	182	63	14	10	14	0	0	0	0	0	0	0	0	0	0	0	0	4468549	
1113	1	H	8	N	2500	0	40	301	110	24	17	22	0	0	0	0	0	0	0	0	0	0	0	0	4468690	
1114	1	H	8	N	2500	0	1	182	77	20	15	21	0	0	0	0	0	0	0	0	0	0	0	0	4468752	
1115	1	H	8	N	2500	0	40	392	137	27	18	28	0	0	0	0	0	0	0	0	0	0	0	0	4469392	
1116	1	H	8	N	2500	0	40	357	115	20	13	18	0	0	0	0	0	0	0	0	0	0	0	0	4469407	
1117	1	H	8	N	2500	0	40	376	138	29	21	33	0	0	0	0	0	0	0	0	0	0	0	0	4469641	
1118	1	H	8	N	2500	0	40	374	140	30	22	32	0	0	0	0	0	0	0	0	0	0	0	0	4470250	
1119	1	H	8	N	2500	0	40	240	135	27	21	30	0	0	0	0	0	0	0	0	0	0	0	0	4470967	
1120	1	H	9	N	2500	6	40	327	107	23	16	22	0	0	0	0	0	0	0	0	0	0	0	0	4480951	
1121	1	H	10	N	2500	6	40	245	107	23	17	28	0	0	0	0	0	0	0	0	0	0	0	0	4492371	
1122	1	H	10	N	2500	6	40	333	145	38	24	39	0	0	0	0	0	0	0	0	0	0	0	0	4492963	
1123	1	H	10	N	2500	2	1	170	113	27	21	28	0	0	0	0	0	0	0	0	0	0	0	0	4493088	
1124	1	H	10	N	2500	6	40	304	143	31	23	31	0	0	0	0	0	0	0	0	0	0	0	0	4493166	
1125	1	H	10	N	2500	0	40	300	118	32	20	31	0	0	0	0	0	0	0	0	0	0	0	0	4493197	
1126	1	H	10	N	2500	0	1	204	102	32	22	31	0	0	0	0	0	0	0	0	0	0	0	0	4493291	
1127	1	H	10	N	2500	0	40	338	131	29	21	35	0	0	0	0	0	0	0	0	0	0	0	0	4493494	
1128	1	H	10	N	2500	0	40	318	115	23	17	22	0	0	0	0	0	0	0	0	0	0	0	0	4493634	
1129	1	H	10	N	2500	0	40	329	136	39	23	34	0	0	0	0	0	0	0	0	0	0	0	0	4493712	
1130	1	H	10	N	2500	0	40	304	98	19	15	25	0	0	0	0	0	0	0	0	0	0	0	0	4493743	
1131	1	H	10	N	2500	0	1	172	112	24	18	25	0	0	0	0	0	0	0	0	0	0	0	0	4493821	
1132	1	H	10	N	2500	0	1	272	86	19	12	21	0	0	0	0	0	0	0	0	0	0	0	0	4494071	
1133	1	H	10	N	2500	0	1	222	100	26	19	28	0	0	0	0	0	0	0	0	0	0	0	0	4494274	
1134	1	H	10	N	2500	0	1	467	141	27	19	31	0	0	0	0	0	0	0	0	0	0	0	0	4494445	
1135	1	H	10	N	2500	0	40	309	127	33	23	32	0	0	0	0	0	0	0	0	0	0	0	0	4494492	
1136	1	H	10	N	2500	0	40	175	127	36	23	30	0	0	0	0	0	0	0	0	0	0	0	0	4494633	
1137	1	H	10	N	2500	0	40	323	105	26	15	24	0	0	0	0	0	0	0	0	0	0	0	0	4494820	
1138	1	H	10	N	2500	0	1	141	32	21	15	15	0	0	0	0	0	0	0	0	0	0	0	0	4494882	
1139	1	H	10	N	2500	0	1	118	41	6	7	11	0	0	0	0	0	0	0	0	0	0	0	0	4494929	
1140	1	H	10	N	2500	0	40	295	97	18	13	15	0	0	0	0	0	0	0	0	0	0	0	0	4495771	
1141	1	H	10	N	2500	0	40	253	131	30	22	30	0	0	0	0	0	0	0	0	0	0	0	0	4495834	
1142	1	H	10	N	2500	0	40	271	120	35	23	31	0	0	0	0	0	0	0	0	0	0	0	0	4495881	
1143	1	H	10	N	2500	0	40	281	92	24	14	19	0	0	0	0	0	0	0	0	0	0	0	0	4495959	
1144	1	H	10	N	2500	0	40	345	126	29	18	25	0	0	0	0	0	0	0	0	0	0	0	0	4496005	
1145	1	H	10	N	2500	0	40	323	113	24	18	30	0	0	0	0	0	0	0	0	0	0	0	0	4496551	
1146	1	H	10	N	2500	0	40	326	101	20	14	22	0	0	0	0	0	0	0	0	0	0	0	0	4496957	
1147	1	H	10	N	2500	0	40	319	129	35	20	29	0	0	0	0	0	0	0	0	0	0	0	0	4497113	
1148	1	H	10	N	2500	0	1	77	22	3	3	4	0	0	0	0	0	0	0	0	0	0	0	0	4497144	
1149	1	H	10	N	2500	0	1	80	54	12	8	13	0	0	0	0	0	0	0	0	0	0	0	0	4497144	
1150	1	H	10	N	2500	0	40	273	102	19	15	22	0	0	0	0	0	0	0	0	0	0	0	0	4497269	
1151	1	H	10	N	2500	0	40	300	99	19	14	23	0	0	0	0	0	0	0	0	0	0	0	0	4497487	
1152	1	H	10	N	2500	0	1	97	18	3	2	5	0	0	0	0	0	0	0	0	0	0	0	0	4497550	
1153	1	H	10	N	2500	0	1	253	84	18	12	17	0	0	0	0	0	0	0	0	0	0	0	0	4497550	
1154	1	H	10	N	2500	0	40	379	109	18	12	18	0	0	0	0	0	0	0	0	0	0	0	0	4497597	
1155	1	H	10	N	2500	0	40	338	141	34	24	33	0	0	0	0	0	0	0	0	0	0	0	0	4497737	
1156	1	H	10	N	2500	0	40	413	163	39	24	31	0	0	0	0	0	0	0	0	0	0	0	0	4498018	
1157	1	H	10	N	2500	0	1	171	98	20	17	28	0	0	0	0	0	0	0	0	0	0	0	0	4498330	
1158	1	H	10	N	2500	0	40	347	131	27	19	26	0	0	0	0	0	0	0	0	0	0	0	0	4498564	
1159	1	H	10	N	2500	0	40	340	128	26	20	34	0	0	0	0	0	0	0	0	0	0	0	0	4498673	
1160	1	H	10	N	2500	0	40	296	101	23	15	24	0	0	0	0	0	0	0	0	0	0	0	0	4499016	
1161	1	H	10	N	2500	0	1	69	15	4	3	10	0	0	0	0	0	0	0	0	0	0	0	0	4499063	
1162	1	H	10	N	2500	0	40	363	130	26	17	23	0	0	0	0	0	0	0	0	0	0	0	0	4499079	
1163	1	H	10	N	2500	0	1	119	30	5	5	9	0	0	0	0	0	0	0	0	0	0	0	0	4499671	
1164	1	H	11	N	2500	6	40	349	143	30	21	28	0	0	0	0	0	0	0	0	0	0	0	0	4507128	
1165	1	H	11	N	2500	6	40	211	115	29	19	25	0	0	0	0	0	0	0	0	0	0	0	0	4510295	
1166	1	H	12	N	2500	2	1	135	61	9	7	10	0	0	0	0	0	0	0	0	0	0	0	0	4521948	
1167	1	H	12	N	2500	6	40	225	112	25	18	24	0	0	0	0	0	0	0	0	0	0	0	0	4522900	
1168	1	H	12	N	2500	6	40	192	115	27	17	25	0	0	0	0	0	0	0	0	0	0	0	0	4523243	
1169	1	H	12	N	2500	2	1	149	102	29	17	23	0	0	0	0	0	0	0	0	0	0	0	0	4524054	
1170	1	H	12	N	2500	6	40	324	119	30	18	25	0	0	0	0	0	0	0	0	0	0	0	0	4524741	
1171	1	H	12	N	2500	0	40	291	90	18	13	24	0	0	0	0	0	0	0	0	0	0	0	0	4524881	
1172	1	H	12	N	2500	0	40	359	132	28	18	28	0	0	0	0	0	0	0	0	0	0	0	0	4524975	
1173	1	H	12	N	2500	0	40	213	114	22	17	22	0	0	0	0	0	0	0	0	0	0	0	0	4525630	
1174	1	H	12	N	2500	0	40	463	176	35	23	30	0	0	0	0	0	0	0	0	0	0	0	0	4526675	
1175	1	H	12	N	2500	0	40	328	114	23	16	24	0	0	0	0	0	0	0	0	0	0	0	0	4526893	


Threshold source: EXT,  value 50
Min TOF = 50
EXT signal gain 1.6
Green signal gain 3.0
Yellow signal gain 3.0
Red signal gain 3.0
Green PMT voltage 700
Yellow PMT voltage 700
Red PMT voltage 900
Signal multipliers: 1.0,1.0,1.0,1.0
C:\Users\unionbio\Desktop\COPAS Templates\USE for L4 dispense4.csv