Id	Plate	Row	Column	Clog	Scan rate	Status sort	Status sel	TOF	EXT	Green	Yellow	Red	PH Ext	PW Ext	PC Ext	PH Green	PW Green	PCGreen	PH Yellow	PW Yellow	PCYellow	PH Red	PW Red	PCRed	Time Stamp	
0	1	A	1	N	2500	2	1	70	25	3	0	2	0	0	0	0	0	0	0	0	0	0	0	0	10141747	
1	1	A	2	N	2500	2	1	158	86	33	27	39	0	0	0	0	0	0	0	0	0	0	0	0	10155678	
2	1	A	2	N	2500	2	1	87	29	5	7	17	0	0	0	0	0	0	0	0	0	0	0	0	10156021	
3	1	A	2	N	2500	2	1	76	16	3	4	10	0	0	0	0	0	0	0	0	0	0	0	0	10156411	
4	1	A	2	N	2500	2	1	201	78	20	17	34	0	0	0	0	0	0	0	0	0	0	0	0	10156411	
5	1	A	2	N	2500	6	40	315	121	38	33	56	0	0	0	0	0	0	0	0	0	0	0	0	10156879	
6	1	A	2	N	2500	2	1	203	85	20	19	31	0	0	0	0	0	0	0	0	0	0	0	0	10157269	
7	1	A	2	N	2500	6	40	364	142	49	40	63	0	0	0	0	0	0	0	0	0	0	0	0	10157519	
8	1	A	2	N	2500	6	40	214	109	30	28	50	0	0	0	0	0	0	0	0	0	0	0	0	10158174	
9	1	A	2	N	2500	0	1	219	77	18	15	32	0	0	0	0	0	0	0	0	0	0	0	0	10158221	
10	1	A	2	N	2500	0	1	258	72	20	17	39	0	0	0	0	0	0	0	0	0	0	0	0	10158299	
11	1	A	2	N	2500	0	40	331	166	56	53	73	0	0	0	0	0	0	0	0	0	0	0	0	10158314	
12	1	A	2	N	2500	0	1	72	61	8	0	3	0	0	0	0	0	0	0	0	0	0	0	0	10158580	
13	1	A	2	N	2500	0	40	353	152	45	39	54	0	0	0	0	0	0	0	0	0	0	0	0	10158720	
14	1	A	2	N	2500	0	40	303	107	27	23	45	0	0	0	0	0	0	0	0	0	0	0	0	10158814	
15	1	A	2	N	2500	0	40	335	141	48	35	58	0	0	0	0	0	0	0	0	0	0	0	0	10158892	
16	1	A	2	N	2500	0	40	316	106	26	22	42	0	0	0	0	0	0	0	0	0	0	0	0	10158923	
17	1	A	2	N	2500	0	40	353	135	39	31	60	0	0	0	0	0	0	0	0	0	0	0	0	10159656	
18	1	A	2	N	2500	0	40	304	94	29	22	39	0	0	0	0	0	0	0	0	0	0	0	0	10159734	
19	1	A	2	N	2500	0	40	259	124	36	30	54	0	0	0	0	0	0	0	0	0	0	0	0	10160264	
20	1	A	2	N	2500	0	40	238	107	27	23	39	0	0	0	0	0	0	0	0	0	0	0	0	10160436	
21	1	A	2	N	2500	0	40	351	141	37	32	54	0	0	0	0	0	0	0	0	0	0	0	0	10160498	
22	1	A	2	N	2500	0	1	191	77	22	21	28	0	0	0	0	0	0	0	0	0	0	0	0	10160576	
23	1	A	2	N	2500	0	40	206	127	44	35	58	0	0	0	0	0	0	0	0	0	0	0	0	10160951	
24	1	A	2	N	2500	0	40	329	125	35	30	45	0	0	0	0	0	0	0	0	0	0	0	0	10160951	
25	1	A	2	N	2500	0	40	333	129	35	30	49	0	0	0	0	0	0	0	0	0	0	0	0	10161029	
26	1	A	2	N	2500	0	40	509	179	52	42	59	0	0	0	0	0	0	0	0	0	0	0	0	10161232	
27	1	A	2	N	2500	0	1	172	93	22	21	31	0	0	0	0	0	0	0	0	0	0	0	0	10161653	
28	1	A	2	N	2500	0	40	241	123	42	30	43	0	0	0	0	0	0	0	0	0	0	0	0	10162074	
29	1	A	2	N	2500	0	40	358	140	46	36	57	0	0	0	0	0	0	0	0	0	0	0	0	10162183	
30	1	A	2	N	2500	0	40	372	181	53	42	60	0	0	0	0	0	0	0	0	0	0	0	0	10162370	
31	1	A	2	N	2500	0	40	339	169	49	42	63	0	0	0	0	0	0	0	0	0	0	0	0	10162386	
32	1	A	2	N	2500	0	1	142	46	14	12	18	0	0	0	0	0	0	0	0	0	0	0	0	10162386	
33	1	A	2	N	2500	0	40	239	124	35	32	44	0	0	0	0	0	0	0	0	0	0	0	0	10162823	
34	1	A	2	N	2500	0	40	397	135	35	27	46	0	0	0	0	0	0	0	0	0	0	0	0	10162838	
35	1	A	4	N	2500	6	40	351	127	36	30	46	0	0	0	0	0	0	0	0	0	0	0	0	10184975	
36	1	A	4	N	2500	6	40	188	136	44	35	51	0	0	0	0	0	0	0	0	0	0	0	0	10185178	
37	1	A	4	N	2500	2	1	176	93	23	23	35	0	0	0	0	0	0	0	0	0	0	0	0	10186394	
38	1	A	4	N	2500	2	1	132	33	8	7	13	0	0	0	0	0	0	0	0	0	0	0	0	10186909	
39	1	A	4	N	2500	6	40	323	132	35	30	49	0	0	0	0	0	0	0	0	0	0	0	0	10187190	
40	1	A	4	N	2500	0	40	333	120	30	30	49	0	0	0	0	0	0	0	0	0	0	0	0	10188126	
41	1	A	4	N	2500	0	1	172	110	35	28	43	0	0	0	0	0	0	0	0	0	0	0	0	10188313	
42	1	A	4	N	2500	0	40	226	114	30	29	49	0	0	0	0	0	0	0	0	0	0	0	0	10188672	
43	1	A	4	N	2500	0	40	327	113	27	24	46	0	0	0	0	0	0	0	0	0	0	0	0	10188688	
44	1	A	4	N	2500	0	40	287	149	45	36	58	0	0	0	0	0	0	0	0	0	0	0	0	10188750	
45	1	A	4	N	2500	0	40	296	103	23	22	40	0	0	0	0	0	0	0	0	0	0	0	0	10189202	
46	1	A	4	N	2500	0	40	339	115	30	26	46	0	0	0	0	0	0	0	0	0	0	0	0	10189358	
47	1	A	4	N	2500	0	40	336	147	38	32	53	0	0	0	0	0	0	0	0	0	0	0	0	10189936	
48	1	A	4	N	2500	0	1	135	34	7	7	12	0	0	0	0	0	0	0	0	0	0	0	0	10190232	
49	1	A	4	N	2500	0	1	97	64	18	17	27	0	0	0	0	0	0	0	0	0	0	0	0	10190232	
50	1	A	4	N	2500	0	40	426	156	44	33	62	0	0	0	0	0	0	0	0	0	0	0	0	10190372	
51	1	A	4	N	2500	0	40	268	141	43	34	51	0	0	0	0	0	0	0	0	0	0	0	0	10191574	
52	1	A	6	N	2500	2	1	180	100	32	28	43	0	0	0	0	0	0	0	0	0	0	0	0	10213523	
53	1	A	6	N	2500	6	40	292	102	30	24	37	0	0	0	0	0	0	0	0	0	0	0	0	10216549	
54	1	A	6	N	2500	6	40	250	126	42	33	49	0	0	0	0	0	0	0	0	0	0	0	0	10216970	
55	1	A	6	N	2500	2	1	161	73	21	17	25	0	0	0	0	0	0	0	0	0	0	0	0	10217111	
56	1	A	6	N	2500	6	40	207	109	37	29	42	0	0	0	0	0	0	0	0	0	0	0	0	10217657	
57	1	A	6	N	2500	0	40	272	95	23	21	29	0	0	0	0	0	0	0	0	0	0	0	0	10219123	
58	1	A	6	N	2500	0	40	281	91	22	18	24	0	0	0	0	0	0	0	0	0	0	0	0	10219264	
59	1	A	8	N	2500	6	40	291	126	33	29	46	0	0	0	0	0	0	0	0	0	0	0	0	10242679	
60	1	A	8	N	2500	6	40	302	131	41	33	51	0	0	0	0	0	0	0	0	0	0	0	0	10243038	
61	1	A	8	N	2500	6	40	358	128	39	31	50	0	0	0	0	0	0	0	0	0	0	0	0	10243194	
62	1	A	8	N	2500	0	1	116	59	15	14	24	0	0	0	0	0	0	0	0	0	0	0	0	10243740	
63	1	A	8	N	2500	0	1	171	112	31	30	45	0	0	0	0	0	0	0	0	0	0	0	0	10245331	
64	1	A	8	N	2500	0	40	252	125	40	37	49	0	0	0	0	0	0	0	0	0	0	0	0	10245394	
65	1	A	8	N	2500	0	40	269	90	24	18	27	0	0	0	0	0	0	0	0	0	0	0	0	10245425	
66	1	A	8	N	2500	0	40	181	130	40	35	50	0	0	0	0	0	0	0	0	0	0	0	0	10246626	
67	1	A	8	N	2500	0	40	332	143	42	33	49	0	0	0	0	0	0	0	0	0	0	0	0	10247032	
68	1	A	8	N	2500	0	40	380	168	45	36	50	0	0	0	0	0	0	0	0	0	0	0	0	10247110	
69	1	A	8	N	2500	0	40	222	156	45	34	51	0	0	0	0	0	0	0	0	0	0	0	0	10247250	
70	1	A	10	N	2500	2	1	186	92	30	26	37	0	0	0	0	0	0	0	0	0	0	0	0	10271368	
71	1	A	10	N	2500	6	40	310	112	30	27	44	0	0	0	0	0	0	0	0	0	0	0	0	10271789	
72	1	A	10	N	2500	6	40	175	131	45	37	55	0	0	0	0	0	0	0	0	0	0	0	0	10272288	
73	1	A	10	N	2500	6	40	302	108	36	26	37	0	0	0	0	0	0	0	0	0	0	0	0	10272725	
74	1	A	10	N	2500	0	40	180	115	35	32	49	0	0	0	0	0	0	0	0	0	0	0	0	10273271	
75	1	A	10	N	2500	0	40	312	120	33	29	52	0	0	0	0	0	0	0	0	0	0	0	0	10274363	
76	1	A	10	N	2500	0	40	326	119	37	28	46	0	0	0	0	0	0	0	0	0	0	0	0	10274441	
77	1	A	10	N	2500	0	40	388	159	44	38	62	0	0	0	0	0	0	0	0	0	0	0	0	10274581	
78	1	A	10	N	2500	0	40	376	145	40	35	53	0	0	0	0	0	0	0	0	0	0	0	0	10274847	
79	1	A	10	N	2500	0	40	362	148	45	35	51	0	0	0	0	0	0	0	0	0	0	0	0	10275517	
80	1	A	10	N	2500	0	40	337	123	33	30	46	0	0	0	0	0	0	0	0	0	0	0	0	10275533	
81	1	A	10	N	2500	0	40	351	143	40	36	54	0	0	0	0	0	0	0	0	0	0	0	0	10275642	
82	1	A	10	N	2500	0	1	585	255	64	56	69	0	0	0	0	0	0	0	0	0	0	0	0	10275673	
83	1	A	10	N	2500	0	1	183	110	33	29	40	0	0	0	0	0	0	0	0	0	0	0	0	10275798	
84	1	A	10	N	2500	0	1	67	14	3	5	9	0	0	0	0	0	0	0	0	0	0	0	0	10276063	
85	1	A	10	N	2500	0	40	334	129	41	32	47	0	0	0	0	0	0	0	0	0	0	0	0	10276095	
86	1	A	10	N	2500	0	40	267	145	42	37	57	0	0	0	0	0	0	0	0	0	0	0	0	10276734	
87	1	A	10	N	2500	0	1	200	105	33	26	40	0	0	0	0	0	0	0	0	0	0	0	0	10276968	
88	1	A	10	N	2500	0	40	316	131	33	29	45	0	0	0	0	0	0	0	0	0	0	0	0	10277077	
89	1	A	12	N	2500	6	40	351	125	36	29	43	0	0	0	0	0	0	0	0	0	0	0	0	10300275	
90	1	A	12	N	2500	2	1	180	91	35	28	41	0	0	0	0	0	0	0	0	0	0	0	0	10301273	
91	1	A	12	N	2500	2	1	207	96	26	25	33	0	0	0	0	0	0	0	0	0	0	0	0	10301835	
92	1	A	12	N	2500	6	40	326	117	33	27	44	0	0	0	0	0	0	0	0	0	0	0	0	10302006	
93	1	A	12	N	2500	6	40	202	113	34	27	35	0	0	0	0	0	0	0	0	0	0	0	0	10302256	
94	1	A	12	N	2500	0	1	219	96	28	26	37	0	0	0	0	0	0	0	0	0	0	0	0	10302661	
95	1	A	12	N	2500	0	1	50	18	9	16	49	0	0	0	0	0	0	0	0	0	0	0	0	10303519	
96	1	A	12	N	2500	0	40	228	113	31	25	34	0	0	0	0	0	0	0	0	0	0	0	0	10304097	
97	1	A	12	N	2500	0	1	202	73	20	14	22	0	0	0	0	0	0	0	0	0	0	0	0	10304112	
98	1	A	12	N	2500	0	40	213	116	44	34	46	0	0	0	0	0	0	0	0	0	0	0	0	10304128	
99	1	A	12	N	2500	0	40	318	116	33	26	46	0	0	0	0	0	0	0	0	0	0	0	0	10304221	
100	1	A	12	N	2500	0	40	285	101	33	24	36	0	0	0	0	0	0	0	0	0	0	0	0	10304331	
101	1	A	12	N	2500	0	40	258	102	29	30	43	0	0	0	0	0	0	0	0	0	0	0	0	10304596	
102	1	A	12	N	2500	0	1	144	98	24	21	30	0	0	0	0	0	0	0	0	0	0	0	0	10304689	
103	1	A	12	N	2500	0	40	285	87	29	22	32	0	0	0	0	0	0	0	0	0	0	0	0	10305173	
104	1	A	12	N	2500	0	1	128	24	3	4	6	0	0	0	0	0	0	0	0	0	0	0	0	10305532	
105	1	A	12	N	2500	0	1	258	83	23	19	32	0	0	0	0	0	0	0	0	0	0	0	0	10305579	
106	1	A	12	N	2500	0	40	277	94	22	19	28	0	0	0	0	0	0	0	0	0	0	0	0	10306390	
107	1	B	2	N	2500	2	1	260	89	24	21	34	0	0	0	0	0	0	0	0	0	0	0	0	10330071	
108	1	B	2	N	2500	2	1	82	86	33	1	2	0	0	0	0	0	0	0	0	0	0	0	0	10330461	
109	1	B	2	N	2500	6	40	250	114	32	30	45	0	0	0	0	0	0	0	0	0	0	0	0	10330835	
110	1	B	2	N	2500	6	40	231	107	30	26	43	0	0	0	0	0	0	0	0	0	0	0	0	10331116	
111	1	B	2	N	2500	6	40	335	120	36	33	50	0	0	0	0	0	0	0	0	0	0	0	0	10331131	
112	1	B	2	N	2500	0	40	312	116	32	27	42	0	0	0	0	0	0	0	0	0	0	0	0	10331646	
113	1	B	2	N	2500	0	40	294	90	27	24	37	0	0	0	0	0	0	0	0	0	0	0	0	10332021	
114	1	B	2	N	2500	0	40	251	105	37	31	47	0	0	0	0	0	0	0	0	0	0	0	0	10332114	
115	1	B	2	N	2500	0	1	119	65	18	17	28	0	0	0	0	0	0	0	0	0	0	0	0	10332411	
116	1	B	2	N	2500	0	40	314	116	32	27	46	0	0	0	0	0	0	0	0	0	0	0	0	10332769	
117	1	B	2	N	2500	0	40	202	122	38	31	43	0	0	0	0	0	0	0	0	0	0	0	0	10332879	
118	1	B	2	N	2500	0	1	60	12	3	2	3	0	0	0	0	0	0	0	0	0	0	0	0	10333097	
119	1	B	2	N	2500	0	1	101	70	20	21	31	0	0	0	0	0	0	0	0	0	0	0	0	10333097	
120	1	B	2	N	2500	0	40	284	98	32	25	43	0	0	0	0	0	0	0	0	0	0	0	0	10333331	
121	1	B	2	N	2500	0	40	346	121	37	31	46	0	0	0	0	0	0	0	0	0	0	0	0	10333425	
122	1	B	2	N	2500	0	1	256	84	23	24	37	0	0	0	0	0	0	0	0	0	0	0	0	10333425	
123	1	B	2	N	2500	0	40	183	120	36	30	44	0	0	0	0	0	0	0	0	0	0	0	0	10333487	
124	1	B	2	N	2500	0	40	300	110	32	27	45	0	0	0	0	0	0	0	0	0	0	0	0	10333549	
125	1	B	2	N	2500	0	40	301	111	32	25	42	0	0	0	0	0	0	0	0	0	0	0	0	10333783	
126	1	B	2	N	2500	0	1	204	83	24	25	38	0	0	0	0	0	0	0	0	0	0	0	0	10333799	
127	1	B	2	N	2500	0	40	174	124	35	31	47	0	0	0	0	0	0	0	0	0	0	0	0	10333815	
128	1	B	2	N	2500	0	40	306	115	31	28	45	0	0	0	0	0	0	0	0	0	0	0	0	10334189	
129	1	B	2	N	2500	0	40	352	148	42	34	54	0	0	0	0	0	0	0	0	0	0	0	0	10334220	
130	1	B	2	N	2500	0	40	230	138	40	32	47	0	0	0	0	0	0	0	0	0	0	0	0	10335000	
131	1	B	2	N	2500	0	1	147	72	22	17	29	0	0	0	0	0	0	0	0	0	0	0	0	10335047	
132	1	B	2	N	2500	0	1	188	56	14	12	21	0	0	0	0	0	0	0	0	0	0	0	0	10335172	
133	1	B	2	N	2500	0	40	319	109	33	28	47	0	0	0	0	0	0	0	0	0	0	0	0	10335203	
134	1	B	2	N	2500	0	1	619	969	755	4	15	0	0	0	0	0	0	0	0	0	0	0	0	10335515	
135	1	B	2	N	2500	0	40	238	114	28	25	46	0	0	0	0	0	0	0	0	0	0	0	0	10336794	
136	1	B	4	N	2500	6	40	252	107	31	30	47	0	0	0	0	0	0	0	0	0	0	0	0	10359664	
137	1	B	4	N	2500	2	1	203	55	11	10	17	0	0	0	0	0	0	0	0	0	0	0	0	10359835	
138	1	B	4	N	2500	6	40	279	118	32	31	44	0	0	0	0	0	0	0	0	0	0	0	0	10359867	
139	1	B	4	N	2500	2	1	185	96	29	27	42	0	0	0	0	0	0	0	0	0	0	0	0	10359976	
140	1	B	4	N	2500	6	40	226	108	32	27	42	0	0	0	0	0	0	0	0	0	0	0	0	10360007	
141	1	B	4	N	2500	0	1	182	99	29	24	38	0	0	0	0	0	0	0	0	0	0	0	0	10360413	
142	1	B	4	N	2500	0	40	327	124	40	30	45	0	0	0	0	0	0	0	0	0	0	0	0	10360787	
143	1	B	4	N	2500	0	1	175	104	33	26	38	0	0	0	0	0	0	0	0	0	0	0	0	10361037	
144	1	B	4	N	2500	0	1	221	76	26	25	35	0	0	0	0	0	0	0	0	0	0	0	0	10361364	
145	1	B	4	N	2500	0	40	217	147	42	38	57	0	0	0	0	0	0	0	0	0	0	0	0	10361520	
146	1	B	4	N	2500	0	40	324	116	30	26	42	0	0	0	0	0	0	0	0	0	0	0	0	10361583	
147	1	B	4	N	2500	0	40	326	134	36	34	53	0	0	0	0	0	0	0	0	0	0	0	0	10361598	
148	1	B	4	N	2500	0	40	328	127	35	31	49	0	0	0	0	0	0	0	0	0	0	0	0	10361614	
149	1	B	4	N	2500	0	40	346	125	34	29	41	0	0	0	0	0	0	0	0	0	0	0	0	10361629	
150	1	B	4	N	2500	0	1	74	21	3	5	15	0	0	0	0	0	0	0	0	0	0	0	0	10361661	
151	1	B	4	N	2500	0	40	293	117	36	32	49	0	0	0	0	0	0	0	0	0	0	0	0	10361863	
152	1	B	4	N	2500	0	40	308	113	29	27	43	0	0	0	0	0	0	0	0	0	0	0	0	10362051	
153	1	B	4	N	2500	0	40	231	132	45	35	54	0	0	0	0	0	0	0	0	0	0	0	0	10362160	
154	1	B	4	N	2500	0	40	299	110	32	29	43	0	0	0	0	0	0	0	0	0	0	0	0	10362175	
155	1	B	4	N	2500	0	40	320	112	30	29	45	0	0	0	0	0	0	0	0	0	0	0	0	10362971	
156	1	B	4	N	2500	0	40	322	109	35	28	43	0	0	0	0	0	0	0	0	0	0	0	0	10363049	
157	1	B	4	N	2500	0	40	379	140	43	33	50	0	0	0	0	0	0	0	0	0	0	0	0	10363143	
158	1	B	4	N	2500	0	1	157	91	30	25	32	0	0	0	0	0	0	0	0	0	0	0	0	10363346	
159	1	B	4	N	2500	0	1	206	91	26	24	38	0	0	0	0	0	0	0	0	0	0	0	0	10363470	
160	1	B	4	N	2500	0	40	324	123	35	32	47	0	0	0	0	0	0	0	0	0	0	0	0	10363470	
161	1	B	4	N	2500	0	40	218	116	30	30	46	0	0	0	0	0	0	0	0	0	0	0	0	10363580	
162	1	B	4	N	2500	0	40	308	122	36	32	49	0	0	0	0	0	0	0	0	0	0	0	0	10363626	
163	1	B	4	N	2500	0	40	261	108	35	31	51	0	0	0	0	0	0	0	0	0	0	0	0	10363845	
164	1	B	4	N	2500	0	1	182	113	31	30	47	0	0	0	0	0	0	0	0	0	0	0	0	10363923	
165	1	B	4	N	2500	0	40	183	114	31	27	44	0	0	0	0	0	0	0	0	0	0	0	0	10364048	
166	1	B	4	N	2500	0	40	283	143	50	41	61	0	0	0	0	0	0	0	0	0	0	0	0	10364625	
167	1	B	4	N	2500	0	40	236	122	33	29	43	0	0	0	0	0	0	0	0	0	0	0	0	10364687	
168	1	B	5	N	2500	2	1	480	752	602	3	11	0	0	0	0	0	0	0	0	0	0	0	0	10372908	
169	1	B	5	N	2500	6	40	298	100	27	26	38	0	0	0	0	0	0	0	0	0	0	0	0	10375638	
170	1	B	6	N	2500	2	1	272	87	27	22	35	0	0	0	0	0	0	0	0	0	0	0	0	10387775	
171	1	B	6	N	2500	6	40	264	115	36	31	49	0	0	0	0	0	0	0	0	0	0	0	0	10388103	
172	1	B	6	N	2500	2	1	229	99	29	27	45	0	0	0	0	0	0	0	0	0	0	0	0	10388742	
173	1	B	6	N	2500	2	1	171	84	33	30	46	0	0	0	0	0	0	0	0	0	0	0	0	10389273	
174	1	B	6	N	2500	2	1	56	24	8	0	1	0	0	0	0	0	0	0	0	0	0	0	0	10389460	
175	1	B	6	N	2500	2	1	211	83	23	23	37	0	0	0	0	0	0	0	0	0	0	0	0	10389522	
176	1	B	6	N	2500	6	40	281	98	28	27	40	0	0	0	0	0	0	0	0	0	0	0	0	10391457	
177	1	B	6	N	2500	6	40	275	121	35	31	50	0	0	0	0	0	0	0	0	0	0	0	0	10391457	
178	1	B	6	N	2500	0	40	350	143	48	37	54	0	0	0	0	0	0	0	0	0	0	0	0	10391987	
179	1	B	6	N	2500	0	40	287	98	28	25	41	0	0	0	0	0	0	0	0	0	0	0	0	10392096	
180	1	B	6	N	2500	0	40	230	136	37	35	53	0	0	0	0	0	0	0	0	0	0	0	0	10392112	
181	1	B	6	N	2500	0	1	220	89	25	26	36	0	0	0	0	0	0	0	0	0	0	0	0	10392143	
182	1	B	6	N	2500	0	1	173	100	34	28	37	0	0	0	0	0	0	0	0	0	0	0	0	10392190	
183	1	B	6	N	2500	0	40	279	90	27	22	36	0	0	0	0	0	0	0	0	0	0	0	0	10392642	
184	1	B	6	N	2500	0	1	552	195	48	39	68	0	0	0	0	0	0	0	0	0	0	0	0	10392705	
185	1	B	6	N	2500	0	1	231	64	17	15	22	0	0	0	0	0	0	0	0	0	0	0	0	10392923	
186	1	B	6	N	2500	0	1	83	19	5	5	7	0	0	0	0	0	0	0	0	0	0	0	0	10393032	
187	1	B	6	N	2500	0	1	176	72	22	20	30	0	0	0	0	0	0	0	0	0	0	0	0	10393032	
188	1	B	6	N	2500	0	40	318	110	33	26	41	0	0	0	0	0	0	0	0	0	0	0	0	10393048	
189	1	B	6	N	2500	0	40	313	113	36	29	46	0	0	0	0	0	0	0	0	0	0	0	0	10393095	
190	1	B	6	N	2500	0	40	209	127	43	34	48	0	0	0	0	0	0	0	0	0	0	0	0	10393500	
191	1	B	6	N	2500	0	1	224	63	13	10	18	0	0	0	0	0	0	0	0	0	0	0	0	10393844	
192	1	B	6	N	2500	0	40	312	110	33	28	45	0	0	0	0	0	0	0	0	0	0	0	0	10393953	
193	1	B	6	N	2500	0	1	494	775	627	3	12	0	0	0	0	0	0	0	0	0	0	0	0	10393968	
194	1	B	7	N	2500	2	1	136	38	30	37	97	0	0	0	0	0	0	0	0	0	0	0	0	10402143	
195	1	B	8	N	2500	2	1	159	115	37	36	52	0	0	0	0	0	0	0	0	0	0	0	0	10416713	
196	1	B	8	N	2500	2	1	207	95	33	25	39	0	0	0	0	0	0	0	0	0	0	0	0	10416807	
197	1	B	8	N	2500	6	40	317	141	37	35	52	0	0	0	0	0	0	0	0	0	0	0	0	10417727	
198	1	B	8	N	2500	2	1	270	392	232	1	5	0	0	0	0	0	0	0	0	0	0	0	0	10417821	
199	1	B	8	N	2500	6	40	334	122	34	30	49	0	0	0	0	0	0	0	0	0	0	0	0	10417961	
200	1	B	8	N	2500	2	1	188	94	29	28	36	0	0	0	0	0	0	0	0	0	0	0	0	10419209	
201	1	B	8	N	2500	6	40	337	131	36	34	45	0	0	0	0	0	0	0	0	0	0	0	0	10419303	
202	1	B	8	N	2500	0	40	347	129	36	32	50	0	0	0	0	0	0	0	0	0	0	0	0	10419552	
203	1	B	8	N	2500	0	1	219	101	41	35	51	0	0	0	0	0	0	0	0	0	0	0	0	10419677	
204	1	B	8	N	2500	0	40	305	126	36	31	52	0	0	0	0	0	0	0	0	0	0	0	0	10419958	
205	1	B	8	N	2500	0	40	211	147	46	37	58	0	0	0	0	0	0	0	0	0	0	0	0	10419989	
206	1	B	8	N	2500	0	40	296	96	26	23	41	0	0	0	0	0	0	0	0	0	0	0	0	10420005	
207	1	B	8	N	2500	0	40	189	133	44	34	54	0	0	0	0	0	0	0	0	0	0	0	0	10420052	
208	1	B	8	N	2500	0	40	368	151	44	32	54	0	0	0	0	0	0	0	0	0	0	0	0	10420535	
209	1	B	8	N	2500	0	1	156	103	40	29	41	0	0	0	0	0	0	0	0	0	0	0	0	10420707	
210	1	B	8	N	2500	0	1	200	100	40	32	45	0	0	0	0	0	0	0	0	0	0	0	0	10420894	
211	1	B	8	N	2500	0	40	280	131	41	36	57	0	0	0	0	0	0	0	0	0	0	0	0	10420910	
212	1	B	8	N	2500	0	40	254	133	39	36	49	0	0	0	0	0	0	0	0	0	0	0	0	10420972	
213	1	B	8	N	2500	0	40	314	142	43	39	56	0	0	0	0	0	0	0	0	0	0	0	0	10420972	
214	1	B	8	N	2500	0	40	337	138	39	33	49	0	0	0	0	0	0	0	0	0	0	0	0	10420988	
215	1	B	8	N	2500	0	40	322	136	38	35	51	0	0	0	0	0	0	0	0	0	0	0	0	10421050	
216	1	B	8	N	2500	0	40	189	121	33	28	43	0	0	0	0	0	0	0	0	0	0	0	0	10421112	
217	1	B	8	N	2500	0	40	302	115	37	29	47	0	0	0	0	0	0	0	0	0	0	0	0	10421159	
218	1	B	8	N	2500	0	40	325	125	41	32	48	0	0	0	0	0	0	0	0	0	0	0	0	10421206	
219	1	B	8	N	2500	0	40	195	167	50	45	65	0	0	0	0	0	0	0	0	0	0	0	0	10421315	
220	1	B	8	N	2500	0	40	320	131	41	31	45	0	0	0	0	0	0	0	0	0	0	0	0	10421409	
221	1	B	8	N	2500	0	40	298	122	37	30	46	0	0	0	0	0	0	0	0	0	0	0	0	10421502	
222	1	B	8	N	2500	0	40	406	170	49	42	59	0	0	0	0	0	0	0	0	0	0	0	0	10421534	
223	1	B	8	N	2500	0	40	294	103	33	26	38	0	0	0	0	0	0	0	0	0	0	0	0	10422017	
224	1	B	8	N	2500	0	1	55	11	3	3	6	0	0	0	0	0	0	0	0	0	0	0	0	10422048	
225	1	B	8	N	2500	0	1	181	68	22	20	30	0	0	0	0	0	0	0	0	0	0	0	0	10422048	
226	1	B	8	N	2500	0	40	304	120	40	31	50	0	0	0	0	0	0	0	0	0	0	0	0	10422064	
227	1	B	8	N	2500	0	40	210	142	39	35	53	0	0	0	0	0	0	0	0	0	0	0	0	10422173	
228	1	B	8	N	2500	0	40	343	134	36	32	51	0	0	0	0	0	0	0	0	0	0	0	0	10422267	
229	1	B	8	N	2500	0	40	308	115	31	30	46	0	0	0	0	0	0	0	0	0	0	0	0	10422657	
230	1	B	8	N	2500	0	40	324	112	32	29	39	0	0	0	0	0	0	0	0	0	0	0	0	10422860	
231	1	B	8	N	2500	0	40	276	134	49	40	55	0	0	0	0	0	0	0	0	0	0	0	0	10423000	
232	1	B	8	N	2500	0	1	115	57	17	15	21	0	0	0	0	0	0	0	0	0	0	0	0	10423374	
233	1	B	10	N	2500	6	40	219	138	37	36	53	0	0	0	0	0	0	0	0	0	0	0	0	10445324	
234	1	B	10	N	2500	6	40	327	122	36	32	50	0	0	0	0	0	0	0	0	0	0	0	0	10446119	
235	1	B	10	N	2500	6	40	338	152	42	40	56	0	0	0	0	0	0	0	0	0	0	0	0	10446244	
236	1	B	10	N	2500	0	40	265	109	36	32	51	0	0	0	0	0	0	0	0	0	0	0	0	10446400	
237	1	B	10	N	2500	0	40	306	144	38	33	53	0	0	0	0	0	0	0	0	0	0	0	0	10447008	
238	1	B	10	N	2500	0	40	310	123	36	33	50	0	0	0	0	0	0	0	0	0	0	0	0	10447164	
239	1	B	10	N	2500	0	40	339	139	43	36	55	0	0	0	0	0	0	0	0	0	0	0	0	10448038	
240	1	B	10	N	2500	0	40	288	127	37	34	46	0	0	0	0	0	0	0	0	0	0	0	0	10448163	
241	1	B	10	N	2500	0	40	333	132	40	34	51	0	0	0	0	0	0	0	0	0	0	0	0	10448194	
242	1	B	10	N	2500	0	1	166	64	17	18	26	0	0	0	0	0	0	0	0	0	0	0	0	10448350	
243	1	B	10	N	2500	0	40	320	129	35	32	52	0	0	0	0	0	0	0	0	0	0	0	0	10448912	
244	1	B	10	N	2500	0	40	322	161	49	40	55	0	0	0	0	0	0	0	0	0	0	0	0	10448927	
245	1	B	10	N	2500	0	40	298	119	34	34	48	0	0	0	0	0	0	0	0	0	0	0	0	10449083	
246	1	B	10	N	2500	0	40	321	129	44	34	53	0	0	0	0	0	0	0	0	0	0	0	0	10449255	
247	1	B	10	N	2500	0	40	331	131	36	32	49	0	0	0	0	0	0	0	0	0	0	0	0	10449317	
248	1	B	10	N	2500	0	40	250	137	39	34	56	0	0	0	0	0	0	0	0	0	0	0	0	10449348	
249	1	B	10	N	2500	0	40	306	114	33	28	48	0	0	0	0	0	0	0	0	0	0	0	0	10449473	
250	1	B	10	N	2500	0	40	339	160	46	42	57	0	0	0	0	0	0	0	0	0	0	0	0	10449629	
251	1	B	10	N	2500	0	40	301	156	39	35	55	0	0	0	0	0	0	0	0	0	0	0	0	10449645	
252	1	B	10	N	2500	0	40	339	156	42	36	58	0	0	0	0	0	0	0	0	0	0	0	0	10449816	
253	1	B	10	N	2500	0	40	347	138	40	37	52	0	0	0	0	0	0	0	0	0	0	0	0	10449816	
254	1	B	10	N	2500	0	40	344	138	38	35	49	0	0	0	0	0	0	0	0	0	0	0	0	10449957	
255	1	B	10	N	2500	0	40	333	158	42	37	61	0	0	0	0	0	0	0	0	0	0	0	0	10449988	
256	1	B	10	N	2500	0	40	349	139	45	35	55	0	0	0	0	0	0	0	0	0	0	0	0	10450144	
257	1	B	10	N	2500	0	40	187	125	49	42	63	0	0	0	0	0	0	0	0	0	0	0	0	10450425	
258	1	B	10	N	2500	0	40	324	122	33	30	49	0	0	0	0	0	0	0	0	0	0	0	0	10450503	
259	1	B	10	N	2500	0	40	391	154	44	39	56	0	0	0	0	0	0	0	0	0	0	0	0	10450596	
260	1	B	10	N	2500	0	40	184	143	49	41	62	0	0	0	0	0	0	0	0	0	0	0	0	10450737	
261	1	B	10	N	2500	0	40	325	135	36	33	52	0	0	0	0	0	0	0	0	0	0	0	0	10450737	
262	1	B	10	N	2500	0	1	175	107	33	29	46	0	0	0	0	0	0	0	0	0	0	0	0	10450768	
263	1	B	10	N	2500	0	40	242	114	30	27	44	0	0	0	0	0	0	0	0	0	0	0	0	10451002	
264	1	B	10	N	2500	0	40	328	138	35	34	52	0	0	0	0	0	0	0	0	0	0	0	0	10451049	
265	1	B	10	N	2500	0	40	344	130	34	30	47	0	0	0	0	0	0	0	0	0	0	0	0	10451205	
266	1	B	10	N	2500	0	1	234	75	15	15	24	0	0	0	0	0	0	0	0	0	0	0	0	10451392	
267	1	B	10	N	2500	0	40	350	148	44	39	56	0	0	0	0	0	0	0	0	0	0	0	0	10452359	
268	1	B	11	N	2500	6	40	235	148	42	37	61	0	0	0	0	0	0	0	0	0	0	0	0	10464137	
269	1	B	12	N	2500	6	40	362	137	35	30	45	0	0	0	0	0	0	0	0	0	0	0	0	10474714	
270	1	B	12	N	2500	2	1	166	95	29	26	35	0	0	0	0	0	0	0	0	0	0	0	0	10474730	
271	1	B	12	N	2500	6	40	226	151	40	34	49	0	0	0	0	0	0	0	0	0	0	0	0	10474854	
272	1	B	12	N	2500	6	40	304	122	38	27	47	0	0	0	0	0	0	0	0	0	0	0	0	10475026	
273	1	B	12	N	2500	0	40	270	144	47	42	55	0	0	0	0	0	0	0	0	0	0	0	0	10475073	
274	1	B	12	N	2500	0	40	317	120	35	28	45	0	0	0	0	0	0	0	0	0	0	0	0	10475151	
275	1	B	12	N	2500	0	40	227	107	28	26	36	0	0	0	0	0	0	0	0	0	0	0	0	10475619	
276	1	B	12	N	2500	0	40	310	131	39	27	40	0	0	0	0	0	0	0	0	0	0	0	0	10476071	
277	1	B	12	N	2500	0	40	216	118	35	28	42	0	0	0	0	0	0	0	0	0	0	0	0	10476212	
278	1	B	12	N	2500	0	40	266	131	33	29	43	0	0	0	0	0	0	0	0	0	0	0	0	10476336	
279	1	B	12	N	2500	0	1	59	16	7	10	26	0	0	0	0	0	0	0	0	0	0	0	0	10476555	
280	1	B	12	N	2500	0	40	311	128	37	28	45	0	0	0	0	0	0	0	0	0	0	0	0	10476602	
281	1	B	12	N	2500	0	40	274	112	33	28	43	0	0	0	0	0	0	0	0	0	0	0	0	10476758	
282	1	B	12	N	2500	0	1	209	62	14	13	21	0	0	0	0	0	0	0	0	0	0	0	0	10476789	
283	1	B	12	N	2500	0	40	291	110	28	25	41	0	0	0	0	0	0	0	0	0	0	0	0	10477007	
284	1	B	12	N	2500	0	40	227	109	32	24	40	0	0	0	0	0	0	0	0	0	0	0	0	10477054	
285	1	B	12	N	2500	0	40	244	134	37	31	40	0	0	0	0	0	0	0	0	0	0	0	0	10477257	
286	1	B	12	N	2500	0	40	185	118	31	28	39	0	0	0	0	0	0	0	0	0	0	0	0	10477304	
287	1	B	12	N	2500	0	1	149	104	33	29	41	0	0	0	0	0	0	0	0	0	0	0	0	10477522	
288	1	B	12	N	2500	0	1	125	54	16	14	27	0	0	0	0	0	0	0	0	0	0	0	0	10477741	
289	1	B	12	N	2500	0	40	283	115	31	29	41	0	0	0	0	0	0	0	0	0	0	0	0	10477928	
290	1	B	12	N	2500	0	1	184	88	32	25	35	0	0	0	0	0	0	0	0	0	0	0	0	10477943	
291	1	B	12	N	2500	0	40	324	115	36	28	42	0	0	0	0	0	0	0	0	0	0	0	0	10478053	
292	1	B	12	N	2500	0	40	267	127	39	31	43	0	0	0	0	0	0	0	0	0	0	0	0	10478053	
293	1	B	12	N	2500	0	40	297	109	30	23	36	0	0	0	0	0	0	0	0	0	0	0	0	10478099	
294	1	B	12	N	2500	0	40	326	124	36	28	44	0	0	0	0	0	0	0	0	0	0	0	0	10478146	
295	1	B	12	N	2500	0	40	415	130	33	25	40	0	0	0	0	0	0	0	0	0	0	0	0	10478193	
296	1	B	12	N	2500	0	1	57	15	4	5	11	0	0	0	0	0	0	0	0	0	0	0	0	10478224	
297	1	B	12	N	2500	0	1	177	113	34	28	44	0	0	0	0	0	0	0	0	0	0	0	0	10478318	
298	1	B	12	N	2500	0	40	221	127	34	31	41	0	0	0	0	0	0	0	0	0	0	0	0	10478443	
299	1	B	12	N	2500	0	40	323	128	36	31	44	0	0	0	0	0	0	0	0	0	0	0	0	10478552	
300	1	B	12	N	2500	0	1	164	69	26	22	32	0	0	0	0	0	0	0	0	0	0	0	0	10478677	
301	1	B	12	N	2500	0	1	113	33	11	12	20	0	0	0	0	0	0	0	0	0	0	0	0	10478817	
302	1	B	12	N	2500	0	1	93	25	11	9	18	0	0	0	0	0	0	0	0	0	0	0	0	10478817	
303	1	B	12	N	2500	0	40	335	130	34	28	37	0	0	0	0	0	0	0	0	0	0	0	0	10478879	
304	1	B	12	N	2500	0	40	199	125	30	26	40	0	0	0	0	0	0	0	0	0	0	0	0	10478957	
305	1	B	12	N	2500	0	40	340	128	34	29	43	0	0	0	0	0	0	0	0	0	0	0	0	10479129	
306	1	B	12	N	2500	0	40	313	121	34	25	44	0	0	0	0	0	0	0	0	0	0	0	0	10479441	
307	1	B	12	N	2500	0	40	212	112	29	26	42	0	0	0	0	0	0	0	0	0	0	0	0	10479519	
308	1	B	12	N	2500	0	1	164	113	31	27	39	0	0	0	0	0	0	0	0	0	0	0	0	10479535	
309	1	B	12	N	2500	0	1	209	54	11	8	15	0	0	0	0	0	0	0	0	0	0	0	0	10480658	
310	1	B	12	N	2500	0	40	236	137	40	32	43	0	0	0	0	0	0	0	0	0	0	0	0	10480673	
311	1	B	12	N	2500	0	40	343	131	36	29	41	0	0	0	0	0	0	0	0	0	0	0	0	10480751	
312	1	C	2	N	2500	2	1	146	98	33	28	43	0	0	0	0	0	0	0	0	0	0	0	0	10504713	
313	1	C	2	N	2500	2	1	168	117	43	31	48	0	0	0	0	0	0	0	0	0	0	0	0	10504838	
314	1	C	2	N	2500	2	1	131	66	14	13	17	0	0	0	0	0	0	0	0	0	0	0	0	10505743	
315	1	C	2	N	2500	2	1	213	95	32	25	37	0	0	0	0	0	0	0	0	0	0	0	0	10505945	
316	1	C	2	N	2500	6	40	292	108	33	26	36	0	0	0	0	0	0	0	0	0	0	0	0	10507771	
317	1	C	2	N	2500	6	40	310	131	35	34	49	0	0	0	0	0	0	0	0	0	0	0	0	10508067	
318	1	C	2	N	2500	6	40	260	108	35	28	44	0	0	0	0	0	0	0	0	0	0	0	0	10508114	
319	1	C	2	N	2500	0	40	294	104	33	25	37	0	0	0	0	0	0	0	0	0	0	0	0	10508426	
320	1	C	2	N	2500	0	1	225	97	33	28	39	0	0	0	0	0	0	0	0	0	0	0	0	10508519	
321	1	C	2	N	2500	0	1	150	81	25	21	32	0	0	0	0	0	0	0	0	0	0	0	0	10508738	
322	1	C	2	N	2500	0	1	184	113	35	27	40	0	0	0	0	0	0	0	0	0	0	0	0	10509190	
323	1	C	2	N	2500	0	40	303	102	25	22	36	0	0	0	0	0	0	0	0	0	0	0	0	10509237	
324	1	C	2	N	2500	0	40	378	147	41	33	48	0	0	0	0	0	0	0	0	0	0	0	0	10509268	
325	1	C	2	N	2500	0	40	251	119	33	27	40	0	0	0	0	0	0	0	0	0	0	0	0	10509315	
326	1	C	2	N	2500	0	40	295	97	26	23	34	0	0	0	0	0	0	0	0	0	0	0	0	10509518	
327	1	C	2	N	2500	0	40	298	169	52	39	56	0	0	0	0	0	0	0	0	0	0	0	0	10510111	
328	1	C	2	N	2500	0	40	318	146	41	34	50	0	0	0	0	0	0	0	0	0	0	0	0	10511015	
329	1	C	3	N	2500	2	1	227	90	30	23	32	0	0	0	0	0	0	0	0	0	0	0	0	10520812	
330	1	C	4	N	2500	2	1	126	54	13	13	18	0	0	0	0	0	0	0	0	0	0	0	0	10533339	
331	1	C	4	N	2500	6	40	220	125	40	33	47	0	0	0	0	0	0	0	0	0	0	0	0	10533495	
332	1	C	4	N	2500	2	1	160	109	40	32	51	0	0	0	0	0	0	0	0	0	0	0	0	10533635	
333	1	C	4	N	2500	2	1	164	97	27	24	34	0	0	0	0	0	0	0	0	0	0	0	0	10533807	
334	1	C	4	N	2500	6	40	187	116	36	31	47	0	0	0	0	0	0	0	0	0	0	0	0	10534868	
335	1	C	4	N	2500	2	1	164	71	17	17	27	0	0	0	0	0	0	0	0	0	0	0	0	10534977	
336	1	C	4	N	2500	2	1	138	62	17	13	23	0	0	0	0	0	0	0	0	0	0	0	0	10535726	
337	1	C	4	N	2500	6	40	303	109	31	28	45	0	0	0	0	0	0	0	0	0	0	0	0	10536818	
338	1	C	4	N	2500	0	40	329	129	45	37	55	0	0	0	0	0	0	0	0	0	0	0	0	10537036	
339	1	C	4	N	2500	0	1	162	80	24	24	32	0	0	0	0	0	0	0	0	0	0	0	0	10537333	
340	1	C	4	N	2500	0	1	201	92	25	22	35	0	0	0	0	0	0	0	0	0	0	0	0	10537863	
341	1	C	4	N	2500	0	40	271	134	36	34	55	0	0	0	0	0	0	0	0	0	0	0	0	10538518	
342	1	C	4	N	2500	0	40	360	157	42	37	57	0	0	0	0	0	0	0	0	0	0	0	0	10538924	
343	1	C	4	N	2500	0	40	227	115	36	36	51	0	0	0	0	0	0	0	0	0	0	0	0	10538939	
344	1	C	4	N	2500	0	40	298	124	41	30	46	0	0	0	0	0	0	0	0	0	0	0	0	10539439	
345	1	C	5	N	2500	2	1	171	64	6	4	11	0	0	0	0	0	0	0	0	0	0	0	0	10550125	
346	1	C	6	N	2500	2	1	192	79	26	24	36	0	0	0	0	0	0	0	0	0	0	0	0	10562183	
347	1	C	6	N	2500	2	1	170	89	38	29	43	0	0	0	0	0	0	0	0	0	0	0	0	10562308	
348	1	C	6	N	2500	2	1	205	106	31	28	41	0	0	0	0	0	0	0	0	0	0	0	0	10562636	
349	1	C	6	N	2500	6	40	270	112	35	29	41	0	0	0	0	0	0	0	0	0	0	0	0	10563213	
350	1	C	6	N	2500	2	1	173	107	42	33	44	0	0	0	0	0	0	0	0	0	0	0	0	10563556	
351	1	C	6	N	2500	8	40	213	109	37	29	45	0	0	0	0	0	0	0	0	0	0	0	0	10563556	
352	1	C	6	N	2500	6	40	251	115	32	29	42	0	0	0	0	0	0	0	0	0	0	0	0	10564258	
353	1	C	6	N	2500	6	40	335	143	39	34	51	0	0	0	0	0	0	0	0	0	0	0	0	10564289	
354	1	C	6	N	2500	0	40	328	126	35	32	52	0	0	0	0	0	0	0	0	0	0	0	0	10564336	
355	1	C	6	N	2500	0	1	101	22	4	4	7	0	0	0	0	0	0	0	0	0	0	0	0	10564367	
356	1	C	6	N	2500	0	40	297	108	33	26	41	0	0	0	0	0	0	0	0	0	0	0	0	10564445	
357	1	C	6	N	2500	0	1	129	111	41	34	44	0	0	0	0	0	0	0	0	0	0	0	0	10565397	
358	1	C	6	N	2500	0	40	240	125	35	29	47	0	0	0	0	0	0	0	0	0	0	0	0	10565647	
359	1	C	6	N	2500	0	40	275	111	36	32	42	0	0	0	0	0	0	0	0	0	0	0	0	10565678	
360	1	C	6	N	2500	0	40	381	142	38	33	50	0	0	0	0	0	0	0	0	0	0	0	0	10566052	
361	1	C	6	N	2500	0	1	64	11	1	1	2	0	0	0	0	0	0	0	0	0	0	0	0	10566130	
362	1	C	6	N	2500	0	40	331	117	33	27	43	0	0	0	0	0	0	0	0	0	0	0	0	10566271	
363	1	C	6	N	2500	0	1	176	99	40	33	45	0	0	0	0	0	0	0	0	0	0	0	0	10566692	
364	1	C	6	N	2500	0	40	319	140	40	34	45	0	0	0	0	0	0	0	0	0	0	0	0	10567363	
365	1	C	6	N	2500	0	40	328	129	36	30	45	0	0	0	0	0	0	0	0	0	0	0	0	10567394	
366	1	C	6	N	2500	0	40	223	141	46	35	54	0	0	0	0	0	0	0	0	0	0	0	0	10567690	
367	1	C	6	N	2500	0	40	327	145	42	35	57	0	0	0	0	0	0	0	0	0	0	0	0	10567784	
368	1	C	6	N	2500	0	40	322	119	33	28	50	0	0	0	0	0	0	0	0	0	0	0	0	10568111	
369	1	C	6	N	2500	0	40	314	151	46	35	49	0	0	0	0	0	0	0	0	0	0	0	0	10568470	
370	1	C	6	N	2500	0	40	332	143	42	31	47	0	0	0	0	0	0	0	0	0	0	0	0	10568907	
371	1	C	8	N	2500	6	40	240	109	30	28	40	0	0	0	0	0	0	0	0	0	0	0	0	10590529	
372	1	C	8	N	2500	2	1	224	76	20	17	28	0	0	0	0	0	0	0	0	0	0	0	0	10591964	
373	1	C	8	N	2500	2	1	230	76	22	18	23	0	0	0	0	0	0	0	0	0	0	0	0	10593040	
374	1	C	8	N	2500	6	40	269	110	38	30	47	0	0	0	0	0	0	0	0	0	0	0	0	10593072	
375	1	C	8	N	2500	6	40	270	103	28	26	42	0	0	0	0	0	0	0	0	0	0	0	0	10593571	
376	1	C	8	N	2500	0	40	319	115	38	33	48	0	0	0	0	0	0	0	0	0	0	0	0	10593820	
377	1	C	8	N	2500	0	40	241	115	39	33	53	0	0	0	0	0	0	0	0	0	0	0	0	10594382	
378	1	C	8	N	2500	0	1	168	112	33	30	43	0	0	0	0	0	0	0	0	0	0	0	0	10594522	
379	1	C	8	N	2500	0	1	224	72	16	15	23	0	0	0	0	0	0	0	0	0	0	0	0	10594834	
380	1	C	8	N	2500	0	1	241	85	23	22	30	0	0	0	0	0	0	0	0	0	0	0	0	10595115	
381	1	C	8	N	2500	0	40	267	92	29	25	42	0	0	0	0	0	0	0	0	0	0	0	0	10595365	
382	1	C	8	N	2500	0	40	433	167	44	38	56	0	0	0	0	0	0	0	0	0	0	0	0	10595458	
383	1	C	8	N	2500	0	1	199	99	39	31	41	0	0	0	0	0	0	0	0	0	0	0	0	10595490	
384	1	C	8	N	2500	0	1	239	74	23	19	28	0	0	0	0	0	0	0	0	0	0	0	0	10595802	
385	1	C	8	N	2500	0	40	323	107	34	26	39	0	0	0	0	0	0	0	0	0	0	0	0	10596129	
386	1	C	8	N	2500	0	40	265	97	26	21	31	0	0	0	0	0	0	0	0	0	0	0	0	10596176	
387	1	C	8	N	2500	0	1	130	69	21	20	29	0	0	0	0	0	0	0	0	0	0	0	0	10596472	
388	1	C	8	N	2500	0	40	289	102	29	23	36	0	0	0	0	0	0	0	0	0	0	0	0	10596488	
389	1	C	9	N	2500	6	40	173	118	38	34	46	0	0	0	0	0	0	0	0	0	0	0	0	10606238	
390	1	C	10	N	2500	2	1	169	87	23	23	36	0	0	0	0	0	0	0	0	0	0	0	0	10619326	
391	1	C	10	N	2500	6	40	322	131	41	38	59	0	0	0	0	0	0	0	0	0	0	0	0	10619545	
392	1	C	10	N	2500	2	1	166	115	41	31	48	0	0	0	0	0	0	0	0	0	0	0	0	10619935	
393	1	C	10	N	2500	2	1	156	112	37	36	51	0	0	0	0	0	0	0	0	0	0	0	0	10619997	
394	1	C	10	N	2500	6	40	297	106	33	29	44	0	0	0	0	0	0	0	0	0	0	0	0	10620418	
395	1	C	10	N	2500	6	40	328	132	41	31	48	0	0	0	0	0	0	0	0	0	0	0	0	10620668	
396	1	C	10	N	2500	0	40	248	111	35	29	44	0	0	0	0	0	0	0	0	0	0	0	0	10620871	
397	1	C	10	N	2500	0	40	302	123	40	33	45	0	0	0	0	0	0	0	0	0	0	0	0	10621089	
398	1	C	10	N	2500	0	40	299	149	43	38	58	0	0	0	0	0	0	0	0	0	0	0	0	10621136	
399	1	C	10	N	2500	0	40	280	108	36	27	38	0	0	0	0	0	0	0	0	0	0	0	0	10621573	
400	1	C	10	N	2500	0	40	312	118	37	28	47	0	0	0	0	0	0	0	0	0	0	0	0	10622134	
401	1	C	10	N	2500	0	40	312	136	39	35	53	0	0	0	0	0	0	0	0	0	0	0	0	10622197	
402	1	C	10	N	2500	0	40	296	124	38	37	56	0	0	0	0	0	0	0	0	0	0	0	0	10622540	
403	1	C	10	N	2500	0	40	261	102	35	28	38	0	0	0	0	0	0	0	0	0	0	0	0	10622852	
404	1	C	10	N	2500	0	40	197	111	37	30	42	0	0	0	0	0	0	0	0	0	0	0	0	10623195	
405	1	C	10	N	2500	0	40	325	116	32	27	44	0	0	0	0	0	0	0	0	0	0	0	0	10623226	
406	1	C	10	N	2500	0	40	285	110	35	29	46	0	0	0	0	0	0	0	0	0	0	0	0	10624006	
407	1	C	10	N	2500	0	40	232	146	46	40	50	0	0	0	0	0	0	0	0	0	0	0	0	10624116	
408	1	C	10	N	2500	0	1	153	102	29	27	43	0	0	0	0	0	0	0	0	0	0	0	0	10624178	
409	1	C	10	N	2500	0	40	297	109	34	31	48	0	0	0	0	0	0	0	0	0	0	0	0	10624287	
410	1	C	10	N	2500	0	1	173	87	30	25	41	0	0	0	0	0	0	0	0	0	0	0	0	10624318	
411	1	C	10	N	2500	0	40	300	114	36	30	50	0	0	0	0	0	0	0	0	0	0	0	0	10624537	
412	1	C	10	N	2500	0	40	315	131	39	35	48	0	0	0	0	0	0	0	0	0	0	0	0	10624599	
413	1	C	10	N	2500	0	40	294	125	39	34	50	0	0	0	0	0	0	0	0	0	0	0	0	10624599	
414	1	C	10	N	2500	0	1	153	91	30	24	41	0	0	0	0	0	0	0	0	0	0	0	0	10624662	
415	1	C	10	N	2500	0	40	269	102	30	26	41	0	0	0	0	0	0	0	0	0	0	0	0	10624974	
416	1	C	10	N	2500	0	40	306	151	47	39	59	0	0	0	0	0	0	0	0	0	0	0	0	10625629	
417	1	C	11	N	2500	6	40	318	129	38	30	48	0	0	0	0	0	0	0	0	0	0	0	0	10635114	
418	1	C	12	N	2500	2	1	163	94	24	23	0	0	0	0	0	0	0	0	0	0	0	0	0	10648108	
419	1	C	12	N	2500	6	40	278	126	36	34	51	0	0	0	0	0	0	0	0	0	0	0	0	10648748	
420	1	C	12	N	2500	6	40	286	100	33	25	38	0	0	0	0	0	0	0	0	0	0	0	0	10649466	
421	1	C	12	N	2500	6	40	227	115	39	30	38	0	0	0	0	0	0	0	0	0	0	0	0	10649778	
422	1	C	12	N	2500	0	1	183	95	31	29	41	0	0	0	0	0	0	0	0	0	0	0	0	10649793	
423	1	C	12	N	2500	0	40	295	112	32	28	41	0	0	0	0	0	0	0	0	0	0	0	0	10650277	
424	1	C	12	N	2500	0	1	182	111	33	30	46	0	0	0	0	0	0	0	0	0	0	0	0	10651072	
425	1	C	12	N	2500	0	40	318	145	43	34	49	0	0	0	0	0	0	0	0	0	0	0	0	10652055	
426	1	C	12	N	2500	0	40	316	107	28	24	38	0	0	0	0	0	0	0	0	0	0	0	0	10652180	
427	1	C	12	N	2500	0	1	166	117	33	32	49	0	0	0	0	0	0	0	0	0	0	0	0	10652617	
428	1	C	12	N	2500	0	40	244	103	34	27	38	0	0	0	0	0	0	0	0	0	0	0	0	10653100	
429	1	C	12	N	2500	0	40	386	146	37	34	55	0	0	0	0	0	0	0	0	0	0	0	0	10653600	
430	1	C	12	N	2500	0	40	335	124	43	31	49	0	0	0	0	0	0	0	0	0	0	0	0	10654052	
431	1	C	12	N	2500	0	40	287	113	30	27	38	0	0	0	0	0	0	0	0	0	0	0	0	10654988	
432	1	D	2	N	2500	6	40	345	111	31	26	38	0	0	0	0	0	0	0	0	0	0	0	0	10678544	
433	1	D	2	N	2500	6	40	317	118	37	31	49	0	0	0	0	0	0	0	0	0	0	0	0	10678950	
434	1	D	2	N	2500	2	1	179	102	34	31	46	0	0	0	0	0	0	0	0	0	0	0	0	10679714	
435	1	D	2	N	2500	2	1	215	93	32	27	42	0	0	0	0	0	0	0	0	0	0	0	0	10680229	
436	1	D	2	N	2500	6	40	336	145	51	43	61	0	0	0	0	0	0	0	0	0	0	0	0	10680307	
437	1	D	2	N	2500	0	1	181	53	18	15	24	0	0	0	0	0	0	0	0	0	0	0	0	10680463	
438	1	D	2	N	2500	0	1	196	74	22	19	29	0	0	0	0	0	0	0	0	0	0	0	0	10681321	
439	1	D	2	N	2500	0	1	191	82	28	21	34	0	0	0	0	0	0	0	0	0	0	0	0	10681492	
440	1	D	2	N	2500	0	40	289	98	30	25	36	0	0	0	0	0	0	0	0	0	0	0	0	10682413	
441	1	D	2	N	2500	0	1	121	57	14	14	23	0	0	0	0	0	0	0	0	0	0	0	0	10682444	
442	1	D	2	N	2500	0	40	419	171	51	41	56	0	0	0	0	0	0	0	0	0	0	0	0	10683099	
443	1	D	2	N	2500	0	1	161	107	33	28	48	0	0	0	0	0	0	0	0	0	0	0	0	10683146	
444	1	D	2	N	2500	0	40	243	98	28	27	40	0	0	0	0	0	0	0	0	0	0	0	0	10683162	
445	1	D	2	N	2500	0	1	177	88	33	31	46	0	0	0	0	0	0	0	0	0	0	0	0	10683552	
446	1	D	4	N	2500	2	1	241	84	24	20	27	0	0	0	0	0	0	0	0	0	0	0	0	10707623	
447	1	D	4	N	2500	6	40	262	118	41	32	42	0	0	0	0	0	0	0	0	0	0	0	0	10707857	
448	1	D	4	N	2500	6	40	255	117	31	28	40	0	0	0	0	0	0	0	0	0	0	0	0	10709448	
449	1	D	4	N	2500	6	40	312	106	27	25	39	0	0	0	0	0	0	0	0	0	0	0	0	10709495	
450	1	D	4	N	2500	0	1	122	61	15	11	18	0	0	0	0	0	0	0	0	0	0	0	0	10710025	
451	1	D	4	N	2500	0	1	164	115	35	30	47	0	0	0	0	0	0	0	0	0	0	0	0	10710228	
452	1	D	4	N	2500	0	40	178	121	40	31	41	0	0	0	0	0	0	0	0	0	0	0	0	10710431	
453	1	D	4	N	2500	0	40	292	107	33	27	40	0	0	0	0	0	0	0	0	0	0	0	0	10710524	
454	1	D	4	N	2500	0	40	174	119	42	34	47	0	0	0	0	0	0	0	0	0	0	0	0	10710836	
455	1	D	4	N	2500	0	40	287	101	30	23	32	0	0	0	0	0	0	0	0	0	0	0	0	10711148	
456	1	D	4	N	2500	0	1	107	38	9	8	15	0	0	0	0	0	0	0	0	0	0	0	0	10711335	
457	1	D	4	N	2500	0	40	318	111	30	27	40	0	0	0	0	0	0	0	0	0	0	0	0	10711491	
458	1	D	4	N	2500	0	40	352	138	37	32	46	0	0	0	0	0	0	0	0	0	0	0	0	10712084	
459	1	D	4	N	2500	0	40	345	158	42	36	57	0	0	0	0	0	0	0	0	0	0	0	0	10712412	
460	1	D	4	N	2500	0	40	260	152	44	38	58	0	0	0	0	0	0	0	0	0	0	0	0	10712443	
461	1	D	4	N	2500	0	40	316	110	35	24	36	0	0	0	0	0	0	0	0	0	0	0	0	10712942	
462	1	D	5	N	2500	6	40	259	122	37	28	41	0	0	0	0	0	0	0	0	0	0	0	0	10724455	
463	1	D	5	N	2500	2	1	130	23	5	1	4	0	0	0	0	0	0	0	0	0	0	0	0	10725313	
464	1	D	5	N	2500	6	40	315	105	33	25	37	0	0	0	0	0	0	0	0	0	0	0	0	10727559	
465	1	D	6	N	2500	6	40	304	128	43	41	56	0	0	0	0	0	0	0	0	0	0	0	0	10736311	
466	1	D	6	N	2500	2	1	166	85	29	26	37	0	0	0	0	0	0	0	0	0	0	0	0	10737091	
467	1	D	6	N	2500	2	1	180	103	33	31	42	0	0	0	0	0	0	0	0	0	0	0	0	10737185	
468	1	D	6	N	2500	2	1	251	77	19	18	28	0	0	0	0	0	0	0	0	0	0	0	0	10739337	
469	1	D	6	N	2500	2	1	139	68	16	15	26	0	0	0	0	0	0	0	0	0	0	0	0	10741131	
470	1	D	8	N	2500	6	40	282	137	45	37	55	0	0	0	0	0	0	0	0	0	0	0	0	10767324	
471	1	D	8	N	2500	6	40	280	109	30	26	35	0	0	0	0	0	0	0	0	0	0	0	0	10767511	
472	1	D	8	N	2500	2	1	161	119	36	34	49	0	0	0	0	0	0	0	0	0	0	0	0	10769633	
473	1	D	8	N	2500	6	40	245	115	40	36	50	0	0	0	0	0	0	0	0	0	0	0	0	10770007	
474	1	D	8	N	2500	0	40	181	127	46	37	49	0	0	0	0	0	0	0	0	0	0	0	0	10770491	
475	1	D	8	N	2500	0	40	320	127	38	31	44	0	0	0	0	0	0	0	0	0	0	0	0	10770849	
476	1	D	8	N	2500	0	1	188	100	37	29	44	0	0	0	0	0	0	0	0	0	0	0	0	10770912	
477	1	D	8	N	2500	0	40	333	131	40	30	41	0	0	0	0	0	0	0	0	0	0	0	0	10771473	
478	1	D	8	N	2500	0	40	264	114	33	34	52	0	0	0	0	0	0	0	0	0	0	0	0	10771895	
479	1	D	12	N	2500	2	1	69	12	3	3	7	0	0	0	0	0	0	0	0	0	0	0	0	10824295	
480	1	D	12	N	2500	2	1	85	35	9	8	13	0	0	0	0	0	0	0	0	0	0	0	0	10827181	
481	1	D	12	N	2500	2	1	162	98	25	24	40	0	0	0	0	0	0	0	0	0	0	0	0	10827618	
482	1	D	12	N	2500	2	1	65	13	3	4	10	0	0	0	0	0	0	0	0	0	0	0	0	10827712	
483	1	D	12	N	2500	2	1	228	68	15	13	26	0	0	0	0	0	0	0	0	0	0	0	0	10828585	
484	1	D	12	N	2500	2	1	183	60	15	14	22	0	0	0	0	0	0	0	0	0	0	0	0	10830270	
485	1	E	1	N	2500	2	1	191	49	9	9	14	0	0	0	0	0	0	0	0	0	0	0	0	10839864	
486	1	E	2	N	2500	6	40	320	113	31	30	43	0	0	0	0	0	0	0	0	0	0	0	0	10855027	
487	1	E	2	N	2500	2	1	136	75	24	22	30	0	0	0	0	0	0	0	0	0	0	0	0	10855136	
488	1	E	2	N	2500	6	40	299	98	25	21	32	0	0	0	0	0	0	0	0	0	0	0	0	10855168	
489	1	E	2	N	2500	2	1	79	15	3	4	11	0	0	0	0	0	0	0	0	0	0	0	0	10857086	
490	1	E	2	N	2500	2	1	83	17	3	5	12	0	0	0	0	0	0	0	0	0	0	0	0	10857336	
491	1	E	2	N	2500	2	1	70	13	4	5	12	0	0	0	0	0	0	0	0	0	0	0	0	10857851	
492	1	E	2	N	2500	6	40	351	143	49	39	62	0	0	0	0	0	0	0	0	0	0	0	0	10859317	
493	1	E	2	N	2500	0	40	265	98	27	24	38	0	0	0	0	0	0	0	0	0	0	0	0	10859660	
494	1	E	2	N	2500	0	1	148	61	14	16	26	0	0	0	0	0	0	0	0	0	0	0	0	10859988	
495	1	E	2	N	2500	0	1	247	67	12	11	23	0	0	0	0	0	0	0	0	0	0	0	0	10860160	
496	1	E	4	N	2500	2	1	66	43	23	8	10	0	0	0	0	0	0	0	0	0	0	0	0	10884948	
497	1	E	4	N	2500	2	1	230	99	39	29	47	0	0	0	0	0	0	0	0	0	0	0	0	10885822	
498	1	E	4	N	2500	6	40	349	127	34	30	45	0	0	0	0	0	0	0	0	0	0	0	0	10885978	
499	1	E	4	N	2500	6	40	282	128	35	30	42	0	0	0	0	0	0	0	0	0	0	0	0	10885993	
500	1	E	4	N	2500	6	40	317	111	31	24	36	0	0	0	0	0	0	0	0	0	0	0	0	10889113	
501	1	E	6	N	2500	2	1	53	9	1	1	3	0	0	0	0	0	0	0	0	0	0	0	0	10912622	
502	1	E	6	N	2500	6	40	274	106	36	29	42	0	0	0	0	0	0	0	0	0	0	0	0	10912903	
503	1	E	6	N	2500	2	1	165	105	37	30	48	0	0	0	0	0	0	0	0	0	0	0	0	10913168	
504	1	E	6	N	2500	6	40	286	141	41	34	44	0	0	0	0	0	0	0	0	0	0	0	0	10914697	
505	1	E	6	N	2500	2	1	215	72	17	15	28	0	0	0	0	0	0	0	0	0	0	0	0	10915820	
506	1	E	6	N	2500	2	1	221	83	23	22	37	0	0	0	0	0	0	0	0	0	0	0	0	10915836	
507	1	E	6	N	2500	6	40	308	97	30	24	40	0	0	0	0	0	0	0	0	0	0	0	0	10916694	
508	1	E	6	N	2500	0	40	272	101	28	25	37	0	0	0	0	0	0	0	0	0	0	0	0	10916850	
509	1	E	6	N	2500	0	40	245	105	31	27	40	0	0	0	0	0	0	0	0	0	0	0	0	10917318	
510	1	E	6	N	2500	0	1	181	93	26	24	37	0	0	0	0	0	0	0	0	0	0	0	0	10917724	
511	1	E	6	N	2500	0	1	118	51	10	11	16	0	0	0	0	0	0	0	0	0	0	0	0	10917848	
512	1	E	6	N	2500	0	1	56	16	4	5	13	0	0	0	0	0	0	0	0	0	0	0	0	10918098	
513	1	E	7	N	2500	6	40	271	92	27	22	37	0	0	0	0	0	0	0	0	0	0	0	0	10927630	
514	1	E	8	N	2500	2	1	156	44	15	13	19	0	0	0	0	0	0	0	0	0	0	0	0	10940531	
515	1	E	8	N	2500	2	1	109	31	8	8	14	0	0	0	0	0	0	0	0	0	0	0	0	10940531	
516	1	E	8	N	2500	2	1	168	94	40	33	50	0	0	0	0	0	0	0	0	0	0	0	0	10940874	
517	1	E	8	N	2500	2	1	124	34	9	8	11	0	0	0	0	0	0	0	0	0	0	0	0	10941389	
518	1	E	8	N	2500	2	1	158	63	19	17	29	0	0	0	0	0	0	0	0	0	0	0	0	10941389	
519	1	E	8	N	2500	6	40	340	142	47	35	52	0	0	0	0	0	0	0	0	0	0	0	0	10943401	
520	1	E	8	N	2500	6	40	319	126	40	33	50	0	0	0	0	0	0	0	0	0	0	0	0	10943448	
521	1	E	8	N	2500	6	40	262	95	32	25	42	0	0	0	0	0	0	0	0	0	0	0	0	10943620	
522	1	E	8	N	2500	0	1	216	89	29	25	40	0	0	0	0	0	0	0	0	0	0	0	0	10943838	
523	1	E	8	N	2500	0	40	342	133	41	36	50	0	0	0	0	0	0	0	0	0	0	0	0	10943901	
524	1	E	8	N	2500	0	40	334	136	45	37	55	0	0	0	0	0	0	0	0	0	0	0	0	10944259	
525	1	E	8	N	2500	0	40	285	95	24	20	29	0	0	0	0	0	0	0	0	0	0	0	0	10944337	
526	1	E	8	N	2500	0	40	318	107	35	30	49	0	0	0	0	0	0	0	0	0	0	0	0	10944369	
527	1	E	8	N	2500	0	40	262	128	46	36	53	0	0	0	0	0	0	0	0	0	0	0	0	10944400	
528	1	E	8	N	2500	0	40	324	141	40	34	56	0	0	0	0	0	0	0	0	0	0	0	0	10944509	
529	1	E	8	N	2500	0	1	146	92	32	25	39	0	0	0	0	0	0	0	0	0	0	0	0	10944618	
530	1	E	8	N	2500	0	1	113	59	16	15	24	0	0	0	0	0	0	0	0	0	0	0	0	10944634	
531	1	E	8	N	2500	0	40	230	123	45	37	58	0	0	0	0	0	0	0	0	0	0	0	0	10944852	
532	1	E	8	N	2500	0	1	217	103	35	29	49	0	0	0	0	0	0	0	0	0	0	0	0	10944930	
533	1	E	8	N	2500	0	1	262	87	24	21	41	0	0	0	0	0	0	0	0	0	0	0	0	10944946	
534	1	E	8	N	2500	0	1	185	108	31	27	38	0	0	0	0	0	0	0	0	0	0	0	0	10944977	
535	1	E	8	N	2500	0	40	311	109	33	30	45	0	0	0	0	0	0	0	0	0	0	0	0	10945008	
536	1	E	8	N	2500	0	40	285	107	34	29	43	0	0	0	0	0	0	0	0	0	0	0	0	10945476	
537	1	E	8	N	2500	0	40	242	117	31	29	43	0	0	0	0	0	0	0	0	0	0	0	0	10945741	
538	1	E	8	N	2500	0	40	212	115	36	28	43	0	0	0	0	0	0	0	0	0	0	0	0	10945788	
539	1	E	8	N	2500	0	40	224	116	38	38	53	0	0	0	0	0	0	0	0	0	0	0	0	10945866	
540	1	E	8	N	2500	0	1	121	27	4	4	6	0	0	0	0	0	0	0	0	0	0	0	0	10945897	
541	1	E	8	N	2500	0	1	248	85	22	20	32	0	0	0	0	0	0	0	0	0	0	0	0	10945913	
542	1	E	8	N	2500	0	40	224	125	38	32	48	0	0	0	0	0	0	0	0	0	0	0	0	10946022	
543	1	E	8	N	2500	0	40	244	112	35	32	52	0	0	0	0	0	0	0	0	0	0	0	0	10946740	
544	1	E	8	N	2500	0	40	227	123	35	32	44	0	0	0	0	0	0	0	0	0	0	0	0	10947442	
545	1	E	8	N	2500	0	1	67	12	4	5	11	0	0	0	0	0	0	0	0	0	0	0	0	10947988	
546	1	E	10	N	2500	2	1	183	113	43	34	49	0	0	0	0	0	0	0	0	0	0	0	0	10969781	
547	1	E	10	N	2500	2	1	161	55	16	16	26	0	0	0	0	0	0	0	0	0	0	0	0	10970639	
548	1	E	10	N	2500	6	40	276	91	25	22	36	0	0	0	0	0	0	0	0	0	0	0	0	10970998	
549	1	E	10	N	2500	2	1	120	70	23	18	23	0	0	0	0	0	0	0	0	0	0	0	0	10972230	
550	1	E	10	N	2500	6	40	266	104	32	26	44	0	0	0	0	0	0	0	0	0	0	0	0	10972870	
551	1	E	10	N	2500	2	1	191	108	38	30	41	0	0	0	0	0	0	0	0	0	0	0	0	10973213	
552	1	E	10	N	2500	2	1	161	75	17	16	25	0	0	0	0	0	0	0	0	0	0	0	0	10974087	
553	1	E	10	N	2500	2	1	163	100	31	27	38	0	0	0	0	0	0	0	0	0	0	0	0	10974835	
554	1	E	10	N	2500	2	1	185	110	33	29	43	0	0	0	0	0	0	0	0	0	0	0	0	10975366	
555	1	E	10	N	2500	6	40	206	120	38	33	45	0	0	0	0	0	0	0	0	0	0	0	0	10975506	
556	1	E	10	N	2500	0	40	278	109	29	26	40	0	0	0	0	0	0	0	0	0	0	0	0	10975584	
557	1	E	11	N	2500	6	40	220	109	30	27	43	0	0	0	0	0	0	0	0	0	0	0	0	10984663	
558	1	E	12	N	2500	2	1	183	85	23	19	30	0	0	0	0	0	0	0	0	0	0	0	0	10999093	
559	1	E	12	N	2500	2	1	182	77	24	22	30	0	0	0	0	0	0	0	0	0	0	0	0	11000419	
560	1	E	12	N	2500	2	1	289	77	19	16	26	0	0	0	0	0	0	0	0	0	0	0	0	11002603	
561	1	E	12	N	2500	6	40	283	96	26	23	40	0	0	0	0	0	0	0	0	0	0	0	0	11002962	
562	1	E	12	N	2500	6	40	217	117	40	31	45	0	0	0	0	0	0	0	0	0	0	0	0	11003773	
563	1	E	12	N	2500	6	40	261	99	26	27	41	0	0	0	0	0	0	0	0	0	0	0	0	11003961	
564	1	E	12	N	2500	0	1	151	83	23	24	38	0	0	0	0	0	0	0	0	0	0	0	0	11005380	
565	1	F	2	N	2500	6	40	304	119	37	33	52	0	0	0	0	0	0	0	0	0	0	0	0	11028655	
566	1	F	2	N	2500	6	40	267	133	40	35	52	0	0	0	0	0	0	0	0	0	0	0	0	11028687	
567	1	F	2	N	2500	2	1	193	100	28	25	37	0	0	0	0	0	0	0	0	0	0	0	0	11029638	
568	1	F	2	N	2500	6	40	234	112	34	33	47	0	0	0	0	0	0	0	0	0	0	0	0	11029669	
569	1	F	2	N	2500	0	40	310	108	34	28	41	0	0	0	0	0	0	0	0	0	0	0	0	11029701	
570	1	F	2	N	2500	0	1	200	101	29	27	37	0	0	0	0	0	0	0	0	0	0	0	0	11030153	
571	1	F	2	N	2500	0	1	75	14	5	7	15	0	0	0	0	0	0	0	0	0	0	0	0	11030200	
572	1	F	2	N	2500	0	1	126	35	7	9	17	0	0	0	0	0	0	0	0	0	0	0	0	11030262	
573	1	F	2	N	2500	0	40	235	112	31	29	43	0	0	0	0	0	0	0	0	0	0	0	0	11030309	
574	1	F	2	N	2500	0	1	214	86	31	28	40	0	0	0	0	0	0	0	0	0	0	0	0	11030496	
575	1	F	2	N	2500	0	40	225	112	33	28	46	0	0	0	0	0	0	0	0	0	0	0	0	11031105	
576	1	F	2	N	2500	0	40	212	108	36	32	46	0	0	0	0	0	0	0	0	0	0	0	0	11031401	
577	1	F	2	N	2500	0	40	342	138	41	36	51	0	0	0	0	0	0	0	0	0	0	0	0	11031619	
578	1	F	2	N	2500	0	40	371	127	37	33	49	0	0	0	0	0	0	0	0	0	0	0	0	11031713	
579	1	F	2	N	2500	0	1	206	99	22	21	33	0	0	0	0	0	0	0	0	0	0	0	0	11032415	
580	1	F	2	N	2500	0	40	307	109	34	26	39	0	0	0	0	0	0	0	0	0	0	0	0	11032633	
581	1	F	2	N	2500	0	40	281	93	22	18	28	0	0	0	0	0	0	0	0	0	0	0	0	11032743	
582	1	F	2	N	2500	0	1	192	81	23	21	30	0	0	0	0	0	0	0	0	0	0	0	0	11033491	
583	1	F	2	N	2500	0	40	320	116	28	26	40	0	0	0	0	0	0	0	0	0	0	0	0	11033913	
584	1	F	2	N	2500	0	1	177	98	22	20	28	0	0	0	0	0	0	0	0	0	0	0	0	11034209	
585	1	F	3	N	2500	2	1	160	117	38	31	39	0	0	0	0	0	0	0	0	0	0	0	0	11046736	
586	1	F	4	N	2500	2	1	76	14	3	2	6	0	0	0	0	0	0	0	0	0	0	0	0	11057375	
587	1	F	4	N	2500	6	40	323	118	34	30	43	0	0	0	0	0	0	0	0	0	0	0	0	11057718	
588	1	F	4	N	2500	6	40	500	219	63	50	77	0	0	0	0	0	0	0	0	0	0	0	0	11060776	
589	1	F	4	N	2500	2	1	146	77	166	190	213	0	0	0	0	0	0	0	0	0	0	0	0	11061244	
590	1	F	4	N	2500	2	1	105	52	118	141	162	0	0	0	0	0	0	0	0	0	0	0	0	11061884	
591	1	F	4	N	2500	6	40	181	117	33	31	40	0	0	0	0	0	0	0	0	0	0	0	0	11062242	
592	1	F	4	N	2500	0	40	224	126	41	37	52	0	0	0	0	0	0	0	0	0	0	0	0	11062430	
593	1	F	4	N	2500	0	1	159	112	34	30	47	0	0	0	0	0	0	0	0	0	0	0	0	11062866	
594	1	F	4	N	2500	0	40	237	130	41	36	46	0	0	0	0	0	0	0	0	0	0	0	0	11063693	
595	1	F	4	N	2500	0	40	305	144	51	38	56	0	0	0	0	0	0	0	0	0	0	0	0	11064489	
596	1	F	6	N	2500	6	40	177	120	42	34	53	0	0	0	0	0	0	0	0	0	0	0	0	11086485	
597	1	F	6	N	2500	6	40	197	119	40	31	49	0	0	0	0	0	0	0	0	0	0	0	0	11086828	
598	1	F	6	N	2500	2	1	246	95	27	25	42	0	0	0	0	0	0	0	0	0	0	0	0	11087140	
599	1	F	6	N	2500	6	40	284	112	36	28	45	0	0	0	0	0	0	0	0	0	0	0	0	11087280	
600	1	F	6	N	2500	0	40	301	110	37	27	49	0	0	0	0	0	0	0	0	0	0	0	0	11087592	
601	1	F	6	N	2500	0	1	174	84	203	242	259	0	0	0	0	0	0	0	0	0	0	0	0	11088450	
602	1	F	6	N	2500	0	1	113	44	10	8	11	0	0	0	0	0	0	0	0	0	0	0	0	11089043	
603	1	F	6	N	2500	0	40	297	116	36	30	41	0	0	0	0	0	0	0	0	0	0	0	0	11089168	
604	1	F	6	N	2500	0	40	313	127	33	27	39	0	0	0	0	0	0	0	0	0	0	0	0	11089340	
605	1	F	6	N	2500	0	40	273	107	32	29	44	0	0	0	0	0	0	0	0	0	0	0	0	11089496	
606	1	F	6	N	2500	0	40	201	134	45	37	53	0	0	0	0	0	0	0	0	0	0	0	0	11090151	
607	1	F	6	N	2500	0	40	207	121	42	32	46	0	0	0	0	0	0	0	0	0	0	0	0	11091352	
608	1	F	6	N	2500	0	40	314	143	40	38	57	0	0	0	0	0	0	0	0	0	0	0	0	11091711	
609	1	F	6	N	2500	0	1	208	96	29	27	40	0	0	0	0	0	0	0	0	0	0	0	0	11092070	
610	1	F	6	N	2500	0	40	199	130	47	40	59	0	0	0	0	0	0	0	0	0	0	0	0	11092444	
611	1	F	8	N	2500	6	40	315	132	40	35	51	0	0	0	0	0	0	0	0	0	0	0	0	11115735	
612	1	F	8	N	2500	6	40	258	118	38	35	53	0	0	0	0	0	0	0	0	0	0	0	0	11115797	
613	1	F	8	N	2500	2	1	198	84	32	28	46	0	0	0	0	0	0	0	0	0	0	0	0	11116624	
614	1	F	8	N	2500	6	40	228	110	33	30	42	0	0	0	0	0	0	0	0	0	0	0	0	11116842	
615	1	F	8	N	2500	0	40	290	120	32	30	48	0	0	0	0	0	0	0	0	0	0	0	0	11116936	
616	1	F	8	N	2500	0	40	398	144	44	37	53	0	0	0	0	0	0	0	0	0	0	0	0	11117373	
617	1	F	8	N	2500	0	40	279	100	31	29	40	0	0	0	0	0	0	0	0	0	0	0	0	11117591	
618	1	F	8	N	2500	0	40	250	119	41	32	43	0	0	0	0	0	0	0	0	0	0	0	0	11117919	
619	1	F	8	N	2500	0	40	314	106	38	31	44	0	0	0	0	0	0	0	0	0	0	0	0	11118356	
620	1	F	8	N	2500	0	40	300	131	38	33	48	0	0	0	0	0	0	0	0	0	0	0	0	11118714	
621	1	F	8	N	2500	0	40	296	113	39	30	49	0	0	0	0	0	0	0	0	0	0	0	0	11119198	
622	1	F	8	N	2500	0	40	284	117	35	30	45	0	0	0	0	0	0	0	0	0	0	0	0	11119385	
623	1	F	8	N	2500	0	40	167	120	41	32	45	0	0	0	0	0	0	0	0	0	0	0	0	11119916	
624	1	F	8	N	2500	0	1	188	74	20	16	22	0	0	0	0	0	0	0	0	0	0	0	0	11120150	
625	1	F	8	N	2500	0	40	246	139	44	38	55	0	0	0	0	0	0	0	0	0	0	0	0	11120150	
626	1	F	8	N	2500	0	40	294	107	30	28	41	0	0	0	0	0	0	0	0	0	0	0	0	11120181	
627	1	F	8	N	2500	0	1	213	105	31	28	40	0	0	0	0	0	0	0	0	0	0	0	0	11120228	
628	1	F	8	N	2500	0	1	191	80	32	27	40	0	0	0	0	0	0	0	0	0	0	0	0	11121990	
629	1	F	10	N	2500	6	40	266	105	31	28	46	0	0	0	0	0	0	0	0	0	0	0	0	11144532	
630	1	F	10	N	2500	2	1	239	95	32	29	46	0	0	0	0	0	0	0	0	0	0	0	0	11147559	
631	1	F	10	N	2500	8	40	348	130	37	31	49	0	0	0	0	0	0	0	0	0	0	0	0	11147559	
632	1	F	10	N	2500	2	1	181	92	32	26	37	0	0	0	0	0	0	0	0	0	0	0	0	11147730	
633	1	F	10	N	2500	6	40	252	99	29	25	39	0	0	0	0	0	0	0	0	0	0	0	0	11148074	
634	1	F	10	N	2500	6	40	258	145	46	40	57	0	0	0	0	0	0	0	0	0	0	0	0	11149821	
635	1	F	10	N	2500	0	40	297	98	28	25	42	0	0	0	0	0	0	0	0	0	0	0	0	11150008	
636	1	F	10	N	2500	0	40	294	96	28	23	33	0	0	0	0	0	0	0	0	0	0	0	0	11150928	
637	1	F	10	N	2500	0	40	381	149	43	37	54	0	0	0	0	0	0	0	0	0	0	0	0	11151022	
638	1	F	12	N	2500	6	40	280	121	32	28	42	0	0	0	0	0	0	0	0	0	0	0	0	11172566	
639	1	F	12	N	2500	2	1	189	45	9	10	19	0	0	0	0	0	0	0	0	0	0	0	0	11172815	
640	1	F	12	N	2500	2	1	251	84	22	19	30	0	0	0	0	0	0	0	0	0	0	0	0	11173065	
641	1	F	12	N	2500	6	40	277	98	24	22	29	0	0	0	0	0	0	0	0	0	0	0	0	11174032	
642	1	G	2	N	2500	6	40	289	107	30	25	37	0	0	0	0	0	0	0	0	0	0	0	0	11203891	
643	1	G	2	N	2500	2	1	177	107	34	29	40	0	0	0	0	0	0	0	0	0	0	0	0	11204530	
644	1	G	2	N	2500	6	40	306	117	31	28	39	0	0	0	0	0	0	0	0	0	0	0	0	11204858	
645	1	G	2	N	2500	6	40	290	105	31	26	46	0	0	0	0	0	0	0	0	0	0	0	0	11207666	
646	1	G	2	N	2500	0	40	358	142	41	32	47	0	0	0	0	0	0	0	0	0	0	0	0	11208758	
647	1	G	2	N	2500	0	40	190	120	44	34	43	0	0	0	0	0	0	0	0	0	0	0	0	11208836	
648	1	G	2	N	2500	0	40	330	116	38	28	37	0	0	0	0	0	0	0	0	0	0	0	0	11209179	
649	1	G	2	N	2500	0	40	276	119	38	30	39	0	0	0	0	0	0	0	0	0	0	0	0	11210131	
650	1	G	4	N	2500	2	1	93	26	6	7	10	0	0	0	0	0	0	0	0	0	0	0	0	11233187	
651	1	G	4	N	2500	2	1	175	100	29	28	37	0	0	0	0	0	0	0	0	0	0	0	0	11235215	
652	1	G	4	N	2500	2	1	139	101	33	32	49	0	0	0	0	0	0	0	0	0	0	0	0	11235356	
653	1	G	4	N	2500	2	1	141	116	41	35	50	0	0	0	0	0	0	0	0	0	0	0	0	11236463	
654	1	G	4	N	2500	2	1	92	49	15	14	22	0	0	0	0	0	0	0	0	0	0	0	0	11236822	
655	1	G	4	N	2500	6	40	337	128	38	32	50	0	0	0	0	0	0	0	0	0	0	0	0	11236900	
656	1	G	4	N	2500	6	40	179	117	35	31	46	0	0	0	0	0	0	0	0	0	0	0	0	11237540	
657	1	G	4	N	2500	6	40	281	94	28	23	31	0	0	0	0	0	0	0	0	0	0	0	0	11237789	
658	1	G	4	N	2500	0	1	129	92	34	28	43	0	0	0	0	0	0	0	0	0	0	0	0	11237867	
659	1	G	4	N	2500	0	40	304	109	29	28	41	0	0	0	0	0	0	0	0	0	0	0	0	11237945	
660	1	G	4	N	2500	0	1	171	79	33	29	39	0	0	0	0	0	0	0	0	0	0	0	0	11238023	
661	1	G	4	N	2500	0	40	345	134	37	31	46	0	0	0	0	0	0	0	0	0	0	0	0	11238398	
662	1	G	4	N	2500	0	1	126	102	38	31	45	0	0	0	0	0	0	0	0	0	0	0	0	11238507	
663	1	G	4	N	2500	0	40	295	93	30	24	35	0	0	0	0	0	0	0	0	0	0	0	0	11238741	
664	1	G	5	N	2500	2	1	57	25	1	0	0	0	0	0	0	0	0	0	0	0	0	0	0	11248288	
665	1	G	5	N	2500	6	40	300	93	25	22	33	0	0	0	0	0	0	0	0	0	0	0	0	11252188	
666	1	G	6	N	2500	2	1	208	78	23	22	0	0	0	0	0	0	0	0	0	0	0	0	0	11260987	
667	1	G	6	N	2500	6	40	213	131	36	32	49	0	0	0	0	0	0	0	0	0	0	0	0	11262328	
668	1	G	6	N	2500	6	40	309	109	28	26	35	0	0	0	0	0	0	0	0	0	0	0	0	11263779	
669	1	G	6	N	2500	2	1	244	69	18	14	20	0	0	0	0	0	0	0	0	0	0	0	0	11265729	
670	1	G	6	N	2500	2	1	158	71	20	19	24	0	0	0	0	0	0	0	0	0	0	0	0	11266774	
671	1	G	6	N	2500	2	1	210	91	27	21	34	0	0	0	0	0	0	0	0	0	0	0	0	11267383	
672	1	G	8	N	2500	2	1	87	44	11	12	16	0	0	0	0	0	0	0	0	0	0	0	0	11290767	
673	1	G	8	N	2500	2	1	143	33	5	5	10	0	0	0	0	0	0	0	0	0	0	0	0	11292889	
674	1	G	8	N	2500	2	1	217	81	18	16	24	0	0	0	0	0	0	0	0	0	0	0	0	11293419	
675	1	G	8	N	2500	2	1	229	90	22	21	32	0	0	0	0	0	0	0	0	0	0	0	0	11293778	
676	1	G	8	N	2500	8	40	289	128	33	27	39	0	0	0	0	0	0	0	0	0	0	0	0	11293778	
677	1	G	8	N	2500	2	1	165	53	11	10	12	0	0	0	0	0	0	0	0	0	0	0	0	11294230	
678	1	G	8	N	2500	2	1	232	73	18	15	24	0	0	0	0	0	0	0	0	0	0	0	0	11294995	
679	1	G	8	N	2500	2	1	149	81	18	19	27	0	0	0	0	0	0	0	0	0	0	0	0	11295229	
680	1	G	8	N	2500	2	1	78	18	4	5	10	0	0	0	0	0	0	0	0	0	0	0	0	11295650	
681	1	G	8	N	2500	2	1	71	17	3	3	4	0	0	0	0	0	0	0	0	0	0	0	0	11295759	
682	1	G	8	N	2500	33	1	91	48	11	9	13	0	0	0	0	0	0	0	0	0	0	0	0	11295759	
683	1	G	8	N	2500	2	1	164	39	8	8	11	0	0	0	0	0	0	0	0	0	0	0	0	11295962	
684	1	G	8	N	2500	2	1	110	47	10	10	15	0	0	0	0	0	0	0	0	0	0	0	0	11296102	
685	1	G	8	N	2500	2	1	59	20	5	7	12	0	0	0	0	0	0	0	0	0	0	0	0	11296180	
686	1	G	8	N	2500	2	1	62	13	3	5	12	0	0	0	0	0	0	0	0	0	0	0	0	11297335	
687	1	G	8	N	2500	2	1	124	59	16	16	28	0	0	0	0	0	0	0	0	0	0	0	0	11297366	
688	1	G	10	N	2500	6	40	198	118	33	33	48	0	0	0	0	0	0	0	0	0	0	0	0	11320173	
689	1	G	10	N	2500	6	40	190	125	33	34	53	0	0	0	0	0	0	0	0	0	0	0	0	11321016	
690	1	G	10	N	2500	2	1	177	106	36	34	49	0	0	0	0	0	0	0	0	0	0	0	0	11321827	
691	1	G	10	N	2500	6	40	260	118	32	32	55	0	0	0	0	0	0	0	0	0	0	0	0	11321952	
692	1	G	10	N	2500	0	40	262	113	32	31	47	0	0	0	0	0	0	0	0	0	0	0	0	11322108	
693	1	G	10	N	2500	0	1	172	110	38	33	43	0	0	0	0	0	0	0	0	0	0	0	0	11322139	
694	1	G	10	N	2500	0	40	218	121	37	33	48	0	0	0	0	0	0	0	0	0	0	0	0	11322217	
695	1	G	10	N	2500	0	40	219	115	33	31	44	0	0	0	0	0	0	0	0	0	0	0	0	11323153	
696	1	G	10	N	2500	0	40	302	110	30	29	46	0	0	0	0	0	0	0	0	0	0	0	0	11323168	
697	1	G	10	N	2500	0	40	311	117	32	29	42	0	0	0	0	0	0	0	0	0	0	0	0	11323636	
698	1	G	10	N	2500	0	40	290	112	33	31	49	0	0	0	0	0	0	0	0	0	0	0	0	11324900	
699	1	G	10	N	2500	0	40	267	143	39	37	60	0	0	0	0	0	0	0	0	0	0	0	0	11325056	
700	1	G	10	N	2500	0	40	192	118	35	29	44	0	0	0	0	0	0	0	0	0	0	0	0	11325290	
701	1	G	10	N	2500	0	40	336	122	33	32	47	0	0	0	0	0	0	0	0	0	0	0	0	11325415	
702	1	G	10	N	2500	0	1	189	108	32	30	43	0	0	0	0	0	0	0	0	0	0	0	0	11325664	
703	1	G	10	N	2500	0	40	213	114	35	34	51	0	0	0	0	0	0	0	0	0	0	0	0	11325945	
704	1	G	11	N	2500	6	40	315	141	37	34	46	0	0	0	0	0	0	0	0	0	0	0	0	11335383	
705	1	G	12	N	2500	2	1	222	91	23	22	32	0	0	0	0	0	0	0	0	0	0	0	0	11348643	
706	1	G	12	N	2500	6	40	190	130	36	34	46	0	0	0	0	0	0	0	0	0	0	0	0	11349423	
707	1	G	12	N	2500	2	1	170	107	35	29	35	0	0	0	0	0	0	0	0	0	0	0	0	11350968	
708	1	G	12	N	2500	2	1	113	46	14	15	24	0	0	0	0	0	0	0	0	0	0	0	0	11351046	
709	1	G	12	N	2500	6	40	258	111	38	31	45	0	0	0	0	0	0	0	0	0	0	0	0	11351888	
710	1	G	12	N	2500	6	40	289	134	43	35	52	0	0	0	0	0	0	0	0	0	0	0	0	11352044	
711	1	G	12	N	2500	0	1	212	96	24	23	32	0	0	0	0	0	0	0	0	0	0	0	0	11352262	
712	1	G	12	N	2500	0	40	287	106	35	27	42	0	0	0	0	0	0	0	0	0	0	0	0	11352715	
713	1	G	12	N	2500	0	1	173	91	30	23	31	0	0	0	0	0	0	0	0	0	0	0	0	11353152	
714	1	G	12	N	2500	0	40	276	102	30	24	39	0	0	0	0	0	0	0	0	0	0	0	0	11353230	
715	1	G	12	N	2500	0	1	159	78	19	16	24	0	0	0	0	0	0	0	0	0	0	0	0	11353323	
716	1	G	12	N	2500	0	1	181	112	35	27	38	0	0	0	0	0	0	0	0	0	0	0	0	11353370	
717	1	G	12	N	2500	0	1	193	86	31	26	39	0	0	0	0	0	0	0	0	0	0	0	0	11353791	
718	1	G	12	N	2500	0	1	276	87	22	19	29	0	0	0	0	0	0	0	0	0	0	0	0	11353916	
719	1	G	12	N	2500	0	40	329	131	37	31	42	0	0	0	0	0	0	0	0	0	0	0	0	11354259	
720	1	G	12	N	2500	0	40	188	128	42	32	45	0	0	0	0	0	0	0	0	0	0	0	0	11355835	
721	1	H	2	N	2500	6	40	299	128	41	35	48	0	0	0	0	0	0	0	0	0	0	0	0	11379687	
722	1	H	2	N	2500	6	40	310	130	46	37	53	0	0	0	0	0	0	0	0	0	0	0	0	11379718	
723	1	H	2	N	2500	6	40	309	103	27	24	37	0	0	0	0	0	0	0	0	0	0	0	0	11379796	
724	1	H	2	N	2500	0	1	142	87	27	26	40	0	0	0	0	0	0	0	0	0	0	0	0	11380686	
725	1	H	2	N	2500	0	40	281	89	29	24	33	0	0	0	0	0	0	0	0	0	0	0	0	11380810	
726	1	H	2	N	2500	0	40	301	103	33	27	43	0	0	0	0	0	0	0	0	0	0	0	0	11381107	
727	1	H	2	N	2500	0	1	194	56	13	11	16	0	0	0	0	0	0	0	0	0	0	0	0	11381544	
728	1	H	2	N	2500	0	40	252	101	28	29	45	0	0	0	0	0	0	0	0	0	0	0	0	11382542	
729	1	H	2	N	2500	0	40	200	137	45	41	55	0	0	0	0	0	0	0	0	0	0	0	0	11383462	
730	1	H	2	N	2500	0	40	333	127	36	31	41	0	0	0	0	0	0	0	0	0	0	0	0	11383603	
731	1	H	2	N	2500	0	40	317	114	34	30	41	0	0	0	0	0	0	0	0	0	0	0	0	11383650	
732	1	H	2	N	2500	0	1	164	110	39	33	51	0	0	0	0	0	0	0	0	0	0	0	0	11384086	
733	1	H	2	N	2500	0	1	160	113	35	32	46	0	0	0	0	0	0	0	0	0	0	0	0	11384258	
734	1	H	2	N	2500	0	40	254	106	39	32	42	0	0	0	0	0	0	0	0	0	0	0	0	11384274	
735	1	H	2	N	2500	0	40	287	107	32	28	43	0	0	0	0	0	0	0	0	0	0	0	0	11385147	
736	1	H	2	N	2500	0	40	275	108	31	28	41	0	0	0	0	0	0	0	0	0	0	0	0	11385646	
737	1	H	3	N	2500	6	40	329	128	37	31	49	0	0	0	0	0	0	0	0	0	0	0	0	11398813	
738	1	H	3	N	2500	6	40	353	136	39	36	51	0	0	0	0	0	0	0	0	0	0	0	0	11399905	
739	1	H	4	N	2500	6	40	388	153	46	35	52	0	0	0	0	0	0	0	0	0	0	0	0	11412744	
740	1	H	5	N	2500	2	1	270	406	232	2	8	0	0	0	0	0	0	0	0	0	0	0	0	11423492	
741	1	H	5	N	2500	2	1	70	76	24	0	1	0	0	0	0	0	0	0	0	0	0	0	0	11426737	
742	1	H	6	N	2500	6	40	273	128	43	38	57	0	0	0	0	0	0	0	0	0	0	0	0	11437548	
743	1	H	6	N	2500	6	40	317	124	39	34	46	0	0	0	0	0	0	0	0	0	0	0	0	11437595	
744	1	H	6	N	2500	2	2	162	123	34	32	50	0	0	0	0	0	0	0	0	0	0	0	0	11437953	
745	1	H	6	N	2500	6	40	318	121	33	32	50	0	0	0	0	0	0	0	0	0	0	0	0	11439404	
746	1	H	6	N	2500	0	40	299	122	34	32	46	0	0	0	0	0	0	0	0	0	0	0	0	11439498	
747	1	H	6	N	2500	0	40	297	127	40	37	57	0	0	0	0	0	0	0	0	0	0	0	0	11439669	
748	1	H	6	N	2500	0	40	328	128	37	33	49	0	0	0	0	0	0	0	0	0	0	0	0	11439685	
749	1	H	6	N	2500	0	1	195	107	41	33	46	0	0	0	0	0	0	0	0	0	0	0	0	11440949	
750	1	H	6	N	2500	0	40	188	118	36	35	52	0	0	0	0	0	0	0	0	0	0	0	0	11440949	
751	1	H	6	N	2500	0	40	273	130	39	37	58	0	0	0	0	0	0	0	0	0	0	0	0	11441229	
752	1	H	6	N	2500	0	40	263	127	39	37	59	0	0	0	0	0	0	0	0	0	0	0	0	11441354	
753	1	H	6	N	2500	0	1	117	98	32	29	45	0	0	0	0	0	0	0	0	0	0	0	0	11441526	
754	1	H	6	N	2500	0	1	121	54	17	19	36	0	0	0	0	0	0	0	0	0	0	0	0	11441978	
755	1	H	6	N	2500	0	1	196	102	41	40	58	0	0	0	0	0	0	0	0	0	0	0	0	11442509	
756	1	H	6	N	2500	0	1	179	111	39	33	53	0	0	0	0	0	0	0	0	0	0	0	0	11444193	
757	1	H	7	N	2500	2	1	174	101	28	27	40	0	0	0	0	0	0	0	0	0	0	0	0	11451276	
758	1	H	8	N	2500	2	1	191	56	11	11	18	0	0	0	0	0	0	0	0	0	0	0	0	11466205	
759	1	H	8	N	2500	6	40	261	99	31	25	34	0	0	0	0	0	0	0	0	0	0	0	0	11467469	
760	1	H	8	N	2500	6	40	178	121	38	33	44	0	0	0	0	0	0	0	0	0	0	0	0	11467578	
761	1	H	8	N	2500	6	40	187	117	31	27	36	0	0	0	0	0	0	0	0	0	0	0	0	11468342	
762	1	H	8	N	2500	0	40	268	100	32	27	38	0	0	0	0	0	0	0	0	0	0	0	0	11468623	
763	1	H	8	N	2500	0	40	216	118	41	31	39	0	0	0	0	0	0	0	0	0	0	0	0	11469263	
764	1	H	8	N	2500	0	1	188	85	28	23	35	0	0	0	0	0	0	0	0	0	0	0	0	11469715	
765	1	H	8	N	2500	0	1	170	105	30	25	32	0	0	0	0	0	0	0	0	0	0	0	0	11471228	
766	1	H	8	N	2500	0	40	191	140	44	32	42	0	0	0	0	0	0	0	0	0	0	0	0	11472445	
767	1	H	9	N	2500	6	40	287	131	38	32	46	0	0	0	0	0	0	0	0	0	0	0	0	11480448	
768	1	H	9	N	2500	6	40	354	137	38	30	40	0	0	0	0	0	0	0	0	0	0	0	0	11485050	
769	1	H	9	N	2500	6	40	179	119	37	31	39	0	0	0	0	0	0	0	0	0	0	0	0	11485299	
770	1	H	10	N	2500	2	1	161	94	30	24	36	0	0	0	0	0	0	0	0	0	0	0	0	11494566	
771	1	H	10	N	2500	2	1	137	70	15	15	24	0	0	0	0	0	0	0	0	0	0	0	0	11495783	
772	1	H	10	N	2500	2	1	235	80	22	18	28	0	0	0	0	0	0	0	0	0	0	0	0	11495783	
773	1	H	10	N	2500	2	1	219	65	17	12	20	0	0	0	0	0	0	0	0	0	0	0	0	11496828	
774	1	H	10	N	2500	2	1	113	22	6	5	9	0	0	0	0	0	0	0	0	0	0	0	0	11497327	
775	1	H	10	N	2500	2	1	97	24	6	6	11	0	0	0	0	0	0	0	0	0	0	0	0	11497327	
776	1	H	10	N	2500	2	1	60	30	7	17	91	0	0	0	0	0	0	0	0	0	0	0	0	11497748	
777	1	H	10	N	2500	2	1	84	20	4	5	9	0	0	0	0	0	0	0	0	0	0	0	0	11498263	
778	1	H	10	N	2500	2	1	162	46	9	8	18	0	0	0	0	0	0	0	0	0	0	0	0	11498918	
779	1	H	10	N	2500	2	1	119	31	7	5	10	0	0	0	0	0	0	0	0	0	0	0	0	11499901	
780	1	H	10	N	2500	2	1	73	13	2	2	5	0	0	0	0	0	0	0	0	0	0	0	0	11500915	
781	1	H	10	N	2500	6	40	327	120	29	26	39	0	0	0	0	0	0	0	0	0	0	0	0	11501133	
782	1	H	12	N	2500	6	40	217	118	40	33	45	0	0	0	0	0	0	0	0	0	0	0	0	11523426	
783	1	H	12	N	2500	6	40	298	109	33	28	38	0	0	0	0	0	0	0	0	0	0	0	0	11523613	
784	1	H	12	N	2500	6	40	286	117	32	28	40	0	0	0	0	0	0	0	0	0	0	0	0	11524112	
785	1	H	12	N	2500	0	1	188	106	35	29	42	0	0	0	0	0	0	0	0	0	0	0	0	11524424	
786	1	H	12	N	2500	0	40	177	131	47	39	54	0	0	0	0	0	0	0	0	0	0	0	0	11525220	
787	1	H	12	N	2500	0	40	258	139	47	38	48	0	0	0	0	0	0	0	0	0	0	0	0	11525236	
788	1	H	12	N	2500	0	40	322	126	37	33	46	0	0	0	0	0	0	0	0	0	0	0	0	11525314	
789	1	H	12	N	2500	0	40	301	103	33	29	40	0	0	0	0	0	0	0	0	0	0	0	0	11525454	
790	1	H	12	N	2500	0	40	309	113	35	30	46	0	0	0	0	0	0	0	0	0	0	0	0	11525672	
791	1	H	12	N	2500	0	40	305	117	35	31	42	0	0	0	0	0	0	0	0	0	0	0	0	11525797	
792	1	H	12	N	2500	0	1	165	109	34	30	41	0	0	0	0	0	0	0	0	0	0	0	0	11526312	
793	1	H	12	N	2500	0	40	293	119	39	30	44	0	0	0	0	0	0	0	0	0	0	0	0	11526343	
794	1	H	12	N	2500	0	1	126	95	30	31	39	0	0	0	0	0	0	0	0	0	0	0	0	11526562	
795	1	H	12	N	2500	0	40	211	109	34	30	50	0	0	0	0	0	0	0	0	0	0	0	0	11527154	
796	1	H	12	N	2500	0	40	269	137	42	35	50	0	0	0	0	0	0	0	0	0	0	0	0	11527170	
797	1	H	12	N	2500	0	40	275	93	26	23	37	0	0	0	0	0	0	0	0	0	0	0	0	11527466	
798	1	H	12	N	2500	0	1	259	90	23	22	31	0	0	0	0	0	0	0	0	0	0	0	0	11527513	
799	1	H	12	N	2500	0	40	347	142	47	37	55	0	0	0	0	0	0	0	0	0	0	0	0	11527685	
800	1	H	12	N	2500	0	40	250	151	45	39	59	0	0	0	0	0	0	0	0	0	0	0	0	11527810	
801	1	H	12	N	2500	0	40	342	121	38	31	51	0	0	0	0	0	0	0	0	0	0	0	0	11528309	
802	1	H	12	N	2500	0	40	308	111	35	28	40	0	0	0	0	0	0	0	0	0	0	0	0	11528371	
803	1	H	12	N	2500	0	40	275	111	38	27	45	0	0	0	0	0	0	0	0	0	0	0	0	11528886	
804	1	H	12	N	2500	0	40	321	105	31	26	41	0	0	0	0	0	0	0	0	0	0	0	0	11529588	
805	1	H	12	N	2500	0	40	226	115	34	31	45	0	0	0	0	0	0	0	0	0	0	0	0	11529791	
806	1	H	12	N	2500	0	1	92	64	19	16	25	0	0	0	0	0	0	0	0	0	0	0	0	11530306	
807	1	H	12	N	2500	0	1	121	37	9	9	15	0	0	0	0	0	0	0	0	0	0	0	0	11530306	


Threshold source: EXT,  value 50
Min TOF = 50
EXT signal gain 1.6
Green signal gain 3.0
Yellow signal gain 3.0
Red signal gain 3.0
Green PMT voltage 700
Yellow PMT voltage 700
Red PMT voltage 900
Signal multipliers: 1.0,1.0,1.0,1.0
C:\Users\unionbio\Desktop\COPAS Templates\USE for L4 dispense4.csv