Id	Plate	Row	Column	Clog	Scan rate	Status sort	Status sel	TOF	EXT	Green	Yellow	Red	PH Ext	PW Ext	PC Ext	PH Green	PW Green	PCGreen	PH Yellow	PW Yellow	PCYellow	PH Red	PW Red	PCRed	Time Stamp	
0	1	A	1	N	2500	6	40	307	123	33	29	43	0	0	0	0	0	0	0	0	0	0	0	0	11625559	
1	1	A	1	N	2500	6	40	291	142	43	37	56	0	0	0	0	0	0	0	0	0	0	0	0	11628227	
2	1	A	1	N	2500	6	40	314	117	36	28	46	0	0	0	0	0	0	0	0	0	0	0	0	11628945	
3	1	A	1	N	2500	0	1	219	66	13	12	19	0	0	0	0	0	0	0	0	0	0	0	0	11632876	
4	1	A	2	N	2500	6	40	311	112	32	25	40	0	0	0	0	0	0	0	0	0	0	0	0	11639911	
5	1	A	2	N	2500	6	40	438	182	48	38	58	0	0	0	0	0	0	0	0	0	0	0	0	11640364	
6	1	A	2	N	2500	6	40	346	132	40	30	44	0	0	0	0	0	0	0	0	0	0	0	0	11640629	
7	1	A	2	N	2500	0	1	56	45	61	68	77	0	0	0	0	0	0	0	0	0	0	0	0	11640847	
8	1	A	2	N	2500	0	40	364	151	42	37	59	0	0	0	0	0	0	0	0	0	0	0	0	11641627	
9	1	A	2	N	2500	0	40	319	134	38	33	50	0	0	0	0	0	0	0	0	0	0	0	0	11642314	
10	1	A	2	N	2500	0	40	333	127	42	29	38	0	0	0	0	0	0	0	0	0	0	0	0	11642641	
11	1	A	2	N	2500	0	40	282	103	28	22	31	0	0	0	0	0	0	0	0	0	0	0	0	11642907	
12	1	A	2	N	2500	0	40	174	121	37	31	45	0	0	0	0	0	0	0	0	0	0	0	0	11642938	
13	1	A	2	N	2500	0	40	323	152	45	38	58	0	0	0	0	0	0	0	0	0	0	0	0	11643063	
14	1	A	2	N	2500	0	40	327	121	32	25	39	0	0	0	0	0	0	0	0	0	0	0	0	11644919	
15	1	A	2	N	2500	0	40	299	130	42	30	43	0	0	0	0	0	0	0	0	0	0	0	0	11645059	
16	1	A	2	N	2500	0	40	356	155	49	36	54	0	0	0	0	0	0	0	0	0	0	0	0	11645059	
17	1	A	2	N	2500	0	40	352	133	38	34	48	0	0	0	0	0	0	0	0	0	0	0	0	11645496	
18	1	A	2	N	2500	0	1	57	10	1	2	2	0	0	0	0	0	0	0	0	0	0	0	0	11647009	
19	1	A	3	N	2500	6	40	399	170	50	38	56	0	0	0	0	0	0	0	0	0	0	0	0	11661237	
20	1	A	4	N	2500	6	40	316	135	36	29	44	0	0	0	0	0	0	0	0	0	0	0	0	11668459	
21	1	A	4	N	2500	6	40	333	143	41	33	48	0	0	0	0	0	0	0	0	0	0	0	0	11670300	
22	1	A	4	N	2500	6	40	344	134	34	30	44	0	0	0	0	0	0	0	0	0	0	0	0	11670378	
23	1	A	4	N	2500	0	40	297	119	32	27	42	0	0	0	0	0	0	0	0	0	0	0	0	11670846	
24	1	A	4	N	2500	0	40	365	128	33	29	43	0	0	0	0	0	0	0	0	0	0	0	0	11671455	
25	1	A	4	N	2500	0	1	217	93	31	27	42	0	0	0	0	0	0	0	0	0	0	0	0	11672437	
26	1	A	4	N	2500	0	40	286	139	37	30	46	0	0	0	0	0	0	0	0	0	0	0	0	11673093	
27	1	A	4	N	2500	0	40	377	153	41	32	49	0	0	0	0	0	0	0	0	0	0	0	0	11673373	
28	1	A	4	N	2500	0	40	173	130	45	33	46	0	0	0	0	0	0	0	0	0	0	0	0	11673701	
29	1	A	4	N	2500	0	40	344	118	33	26	39	0	0	0	0	0	0	0	0	0	0	0	0	11673748	
30	1	A	4	N	2500	0	40	309	153	41	34	51	0	0	0	0	0	0	0	0	0	0	0	0	11674091	
31	1	A	5	N	2500	2	1	268	87	18	16	24	0	0	0	0	0	0	0	0	0	0	0	0	11685666	
32	1	A	6	N	2500	6	40	387	120	33	26	35	0	0	0	0	0	0	0	0	0	0	0	0	11700502	
33	1	A	6	N	2500	2	1	177	102	27	23	32	0	0	0	0	0	0	0	0	0	0	0	0	11700580	
34	1	A	6	N	2500	6	40	341	134	35	28	38	0	0	0	0	0	0	0	0	0	0	0	0	11701609	
35	1	A	6	N	2500	6	40	311	113	29	23	36	0	0	0	0	0	0	0	0	0	0	0	0	11701953	
36	1	A	6	N	2500	0	1	219	75	19	16	26	0	0	0	0	0	0	0	0	0	0	0	0	11702920	
37	1	A	6	N	2500	0	40	344	122	39	30	47	0	0	0	0	0	0	0	0	0	0	0	0	11703435	
38	1	A	6	N	2500	0	1	226	92	22	20	30	0	0	0	0	0	0	0	0	0	0	0	0	11703481	
39	1	A	6	N	2500	0	40	318	100	22	17	28	0	0	0	0	0	0	0	0	0	0	0	0	11703622	
40	1	A	8	N	2500	6	40	272	149	40	34	50	0	0	0	0	0	0	0	0	0	0	0	0	11727271	
41	1	A	8	N	2500	6	40	308	126	32	28	43	0	0	0	0	0	0	0	0	0	0	0	0	11727521	
42	1	A	8	N	2500	6	40	306	101	29	20	27	0	0	0	0	0	0	0	0	0	0	0	0	11728083	
43	1	A	8	N	2500	0	40	329	135	36	26	37	0	0	0	0	0	0	0	0	0	0	0	0	11728925	
44	1	A	8	N	2500	0	40	317	131	37	33	47	0	0	0	0	0	0	0	0	0	0	0	0	11730080	
45	1	A	8	N	2500	0	40	332	141	36	30	45	0	0	0	0	0	0	0	0	0	0	0	0	11730173	
46	1	A	8	N	2500	0	40	349	135	35	28	42	0	0	0	0	0	0	0	0	0	0	0	0	11730626	
47	1	A	8	N	2500	0	1	172	111	32	24	36	0	0	0	0	0	0	0	0	0	0	0	0	11730626	
48	1	A	8	N	2500	0	40	280	140	36	30	46	0	0	0	0	0	0	0	0	0	0	0	0	11731031	
49	1	A	8	N	2500	0	40	377	163	51	34	51	0	0	0	0	0	0	0	0	0	0	0	0	11731125	
50	1	A	8	N	2500	0	1	203	108	29	24	32	0	0	0	0	0	0	0	0	0	0	0	0	11731359	
51	1	A	8	N	2500	0	40	328	130	31	25	36	0	0	0	0	0	0	0	0	0	0	0	0	11731390	
52	1	A	8	N	2500	0	1	168	114	38	29	41	0	0	0	0	0	0	0	0	0	0	0	0	11731889	
53	1	A	8	N	2500	0	1	78	45	33	43	83	0	0	0	0	0	0	0	0	0	0	0	0	11731998	
54	1	A	8	N	2500	0	40	337	132	39	30	44	0	0	0	0	0	0	0	0	0	0	0	0	11733480	
55	1	A	10	N	2500	2	1	173	103	29	25	36	0	0	0	0	0	0	0	0	0	0	0	0	11754993	
56	1	A	10	N	2500	2	1	53	18	27	39	64	0	0	0	0	0	0	0	0	0	0	0	0	11755508	
57	1	A	10	N	2500	6	40	193	138	50	38	55	0	0	0	0	0	0	0	0	0	0	0	0	11756802	
58	1	A	10	N	2500	6	40	311	137	37	31	44	0	0	0	0	0	0	0	0	0	0	0	0	11757770	
59	1	A	10	N	2500	6	40	350	147	47	36	54	0	0	0	0	0	0	0	0	0	0	0	0	11758253	
60	1	A	10	N	2500	0	40	278	134	36	33	51	0	0	0	0	0	0	0	0	0	0	0	0	11758300	
61	1	A	10	N	2500	0	40	316	105	35	25	40	0	0	0	0	0	0	0	0	0	0	0	0	11758378	
62	1	A	10	N	2500	0	40	367	155	43	36	53	0	0	0	0	0	0	0	0	0	0	0	0	11758440	
63	1	A	10	N	2500	0	1	280	80	21	18	24	0	0	0	0	0	0	0	0	0	0	0	0	11758862	
64	1	A	10	N	2500	0	40	234	146	48	38	47	0	0	0	0	0	0	0	0	0	0	0	0	11759361	
65	1	A	10	N	2500	0	40	316	108	30	26	40	0	0	0	0	0	0	0	0	0	0	0	0	11759735	
66	1	A	10	N	2500	0	40	330	139	48	33	51	0	0	0	0	0	0	0	0	0	0	0	0	11759735	
67	1	A	10	N	2500	0	40	316	126	42	30	47	0	0	0	0	0	0	0	0	0	0	0	0	11760141	
68	1	A	10	N	2500	0	40	409	147	40	37	48	0	0	0	0	0	0	0	0	0	0	0	0	11760172	
69	1	A	10	N	2500	0	40	327	129	34	30	41	0	0	0	0	0	0	0	0	0	0	0	0	11760359	
70	1	A	10	N	2500	0	40	224	123	31	27	40	0	0	0	0	0	0	0	0	0	0	0	0	11760734	
71	1	A	10	N	2500	0	40	260	119	40	33	49	0	0	0	0	0	0	0	0	0	0	0	0	11761186	
72	1	A	11	N	2500	6	40	208	132	40	30	44	0	0	0	0	0	0	0	0	0	0	0	0	11775944	
73	1	A	12	N	2500	6	40	215	124	35	27	34	0	0	0	0	0	0	0	0	0	0	0	0	11784960	
74	1	A	12	N	2500	2	1	216	100	26	19	28	0	0	0	0	0	0	0	0	0	0	0	0	11786817	
75	1	A	12	N	2500	6	40	205	108	28	21	25	0	0	0	0	0	0	0	0	0	0	0	0	11787909	
76	1	A	12	N	2500	6	40	207	125	39	31	45	0	0	0	0	0	0	0	0	0	0	0	0	11788626	
77	1	A	12	N	2500	0	1	137	82	23	20	29	0	0	0	0	0	0	0	0	0	0	0	0	11789141	
78	1	A	12	N	2500	0	1	65	10	4	3	4	0	0	0	0	0	0	0	0	0	0	0	0	11789141	
79	1	A	12	N	2500	0	40	307	96	28	21	32	0	0	0	0	0	0	0	0	0	0	0	0	11790249	
80	1	A	12	N	2500	0	40	322	131	37	29	42	0	0	0	0	0	0	0	0	0	0	0	0	11790358	
81	1	B	2	N	2500	2	1	139	83	21	19	27	0	0	0	0	0	0	0	0	0	0	0	0	11814195	
82	1	B	2	N	2500	6	40	322	111	30	24	35	0	0	0	0	0	0	0	0	0	0	0	0	11816160	
83	1	B	2	N	2500	6	40	209	140	42	35	47	0	0	0	0	0	0	0	0	0	0	0	0	11816332	
84	1	B	2	N	2500	6	40	216	113	34	29	46	0	0	0	0	0	0	0	0	0	0	0	0	11816410	
85	1	B	2	N	2500	0	40	222	114	35	30	45	0	0	0	0	0	0	0	0	0	0	0	0	11817112	
86	1	B	2	N	2500	0	40	296	109	34	26	40	0	0	0	0	0	0	0	0	0	0	0	0	11817330	
87	1	B	2	N	2500	0	1	171	56	15	14	21	0	0	0	0	0	0	0	0	0	0	0	0	11817362	
88	1	B	2	N	2500	0	40	361	139	37	29	43	0	0	0	0	0	0	0	0	0	0	0	0	11817642	
89	1	B	2	N	2500	0	40	372	116	32	25	40	0	0	0	0	0	0	0	0	0	0	0	0	11818516	
90	1	B	2	N	2500	0	40	307	127	37	32	39	0	0	0	0	0	0	0	0	0	0	0	0	11819452	
91	1	B	2	N	2500	0	40	369	154	44	36	53	0	0	0	0	0	0	0	0	0	0	0	0	11821074	
92	1	B	4	N	2500	6	40	316	100	31	24	40	0	0	0	0	0	0	0	0	0	0	0	0	11843289	
93	1	B	4	N	2500	6	40	221	109	30	27	41	0	0	0	0	0	0	0	0	0	0	0	0	11844007	
94	1	B	4	N	2500	2	1	209	102	38	30	42	0	0	0	0	0	0	0	0	0	0	0	0	11844053	
95	1	B	4	N	2500	6	40	281	121	35	29	39	0	0	0	0	0	0	0	0	0	0	0	0	11844397	
96	1	B	4	N	2500	0	40	297	132	41	33	48	0	0	0	0	0	0	0	0	0	0	0	0	11844475	
97	1	B	4	N	2500	0	40	279	103	28	24	31	0	0	0	0	0	0	0	0	0	0	0	0	11844693	
98	1	B	4	N	2500	0	40	218	138	41	35	43	0	0	0	0	0	0	0	0	0	0	0	0	11844896	
99	1	B	4	N	2500	0	1	206	97	27	23	33	0	0	0	0	0	0	0	0	0	0	0	0	11845738	
100	1	B	4	N	2500	0	1	64	49	15	12	21	0	0	0	0	0	0	0	0	0	0	0	0	11845941	
101	1	B	4	N	2500	0	40	367	137	37	34	43	0	0	0	0	0	0	0	0	0	0	0	0	11845972	
102	1	B	4	N	2500	0	1	194	100	37	27	40	0	0	0	0	0	0	0	0	0	0	0	0	11846003	
103	1	B	4	N	2500	0	40	242	131	38	33	44	0	0	0	0	0	0	0	0	0	0	0	0	11846643	
104	1	B	4	N	2500	0	1	170	70	28	25	33	0	0	0	0	0	0	0	0	0	0	0	0	11846768	
105	1	B	4	N	2500	0	1	186	102	29	26	36	0	0	0	0	0	0	0	0	0	0	0	0	11846955	
106	1	B	4	N	2500	0	40	308	103	34	24	37	0	0	0	0	0	0	0	0	0	0	0	0	11847173	
107	1	B	4	N	2500	0	40	343	134	36	31	50	0	0	0	0	0	0	0	0	0	0	0	0	11847751	
108	1	B	4	N	2500	0	1	230	101	35	28	36	0	0	0	0	0	0	0	0	0	0	0	0	11847829	
109	1	B	4	N	2500	0	40	354	131	35	27	43	0	0	0	0	0	0	0	0	0	0	0	0	11848203	
110	1	B	4	N	2500	0	40	303	103	33	24	41	0	0	0	0	0	0	0	0	0	0	0	0	11848702	
111	1	B	4	N	2500	0	40	186	124	42	32	46	0	0	0	0	0	0	0	0	0	0	0	0	11848765	
112	1	B	4	N	2500	0	40	337	126	36	28	42	0	0	0	0	0	0	0	0	0	0	0	0	11848796	
113	1	B	5	N	2500	6	40	338	124	33	26	34	0	0	0	0	0	0	0	0	0	0	0	0	11858405	
114	1	B	6	N	2500	6	40	275	113	41	30	40	0	0	0	0	0	0	0	0	0	0	0	0	11872289	
115	1	B	6	N	2500	6	40	271	94	25	20	32	0	0	0	0	0	0	0	0	0	0	0	0	11873537	
116	1	B	6	N	2500	2	1	244	95	32	24	36	0	0	0	0	0	0	0	0	0	0	0	0	11873787	
117	1	B	6	N	2500	2	1	205	63	16	14	24	0	0	0	0	0	0	0	0	0	0	0	0	11874052	
118	1	B	6	N	2500	6	40	299	116	41	33	46	0	0	0	0	0	0	0	0	0	0	0	0	11874239	
119	1	B	6	N	2500	0	40	254	103	34	26	41	0	0	0	0	0	0	0	0	0	0	0	0	11874442	
120	1	B	6	N	2500	0	1	264	87	22	19	28	0	0	0	0	0	0	0	0	0	0	0	0	11874926	
121	1	B	6	N	2500	0	40	183	119	43	35	54	0	0	0	0	0	0	0	0	0	0	0	0	11875643	
122	1	B	6	N	2500	0	1	171	102	35	29	44	0	0	0	0	0	0	0	0	0	0	0	0	11876408	
123	1	B	7	N	2500	6	40	302	102	28	24	33	0	0	0	0	0	0	0	0	0	0	0	0	11892335	
124	1	B	8	N	2500	6	40	239	151	50	39	57	0	0	0	0	0	0	0	0	0	0	0	0	11901633	
125	1	B	8	N	2500	6	40	284	110	33	27	40	0	0	0	0	0	0	0	0	0	0	0	0	11902429	
126	1	B	8	N	2500	6	40	230	108	28	27	38	0	0	0	0	0	0	0	0	0	0	0	0	11902507	
127	1	B	8	N	2500	0	40	278	137	40	36	48	0	0	0	0	0	0	0	0	0	0	0	0	11903053	
128	1	B	8	N	2500	0	40	289	135	39	37	55	0	0	0	0	0	0	0	0	0	0	0	0	11904347	
129	1	B	8	N	2500	0	40	271	128	43	35	48	0	0	0	0	0	0	0	0	0	0	0	0	11904519	
130	1	B	10	N	2500	6	40	351	139	43	33	46	0	0	0	0	0	0	0	0	0	0	0	0	11929229	
131	1	B	10	N	2500	6	40	319	120	35	28	42	0	0	0	0	0	0	0	0	0	0	0	0	11929463	
132	1	B	10	N	2500	6	40	294	105	34	27	43	0	0	0	0	0	0	0	0	0	0	0	0	11929916	
133	1	B	10	N	2500	0	40	319	122	37	30	44	0	0	0	0	0	0	0	0	0	0	0	0	11930103	
134	1	B	10	N	2500	0	40	383	147	43	34	46	0	0	0	0	0	0	0	0	0	0	0	0	11930275	
135	1	B	10	N	2500	0	40	328	132	39	32	46	0	0	0	0	0	0	0	0	0	0	0	0	11930477	
136	1	B	10	N	2500	0	40	380	155	41	37	52	0	0	0	0	0	0	0	0	0	0	0	0	11931101	
137	1	B	10	N	2500	0	40	360	143	40	38	62	0	0	0	0	0	0	0	0	0	0	0	0	11931148	
138	1	B	10	N	2500	0	40	338	131	45	35	50	0	0	0	0	0	0	0	0	0	0	0	0	11931413	
139	1	B	10	N	2500	0	40	320	123	36	29	43	0	0	0	0	0	0	0	0	0	0	0	0	11931491	
140	1	B	10	N	2500	0	40	250	143	41	38	56	0	0	0	0	0	0	0	0	0	0	0	0	11931554	
141	1	B	10	N	2500	0	40	207	141	44	37	53	0	0	0	0	0	0	0	0	0	0	0	0	11931959	
142	1	B	10	N	2500	0	40	311	110	33	29	42	0	0	0	0	0	0	0	0	0	0	0	0	11932365	
143	1	B	10	N	2500	0	40	230	146	46	42	61	0	0	0	0	0	0	0	0	0	0	0	0	11932599	
144	1	B	10	N	2500	0	1	82	22	6	6	12	0	0	0	0	0	0	0	0	0	0	0	0	11932661	
145	1	B	10	N	2500	0	1	132	60	15	13	23	0	0	0	0	0	0	0	0	0	0	0	0	11932661	
146	1	B	10	N	2500	0	40	354	137	35	33	48	0	0	0	0	0	0	0	0	0	0	0	0	11932677	
147	1	B	10	N	2500	0	40	305	156	45	43	69	0	0	0	0	0	0	0	0	0	0	0	0	11933005	
148	1	B	10	N	2500	0	40	324	98	25	23	38	0	0	0	0	0	0	0	0	0	0	0	0	11933036	
149	1	B	10	N	2500	0	40	337	146	49	37	53	0	0	0	0	0	0	0	0	0	0	0	0	11933239	
150	1	B	10	N	2500	0	40	308	117	33	26	41	0	0	0	0	0	0	0	0	0	0	0	0	11933660	
151	1	B	10	N	2500	0	40	376	122	36	29	41	0	0	0	0	0	0	0	0	0	0	0	0	11933675	
152	1	B	10	N	2500	0	40	241	138	42	38	56	0	0	0	0	0	0	0	0	0	0	0	0	11934424	
153	1	B	10	N	2500	0	1	154	117	42	36	54	0	0	0	0	0	0	0	0	0	0	0	0	11935220	
154	1	B	10	N	2500	0	1	57	12	2	2	3	0	0	0	0	0	0	0	0	0	0	0	0	11935906	
155	1	B	10	N	2500	0	40	245	119	31	31	46	0	0	0	0	0	0	0	0	0	0	0	0	11935906	
156	1	B	10	N	2500	0	40	347	149	43	41	56	0	0	0	0	0	0	0	0	0	0	0	0	11936015	
157	1	B	12	N	2500	6	40	386	147	44	33	50	0	0	0	0	0	0	0	0	0	0	0	0	11958105	
158	1	B	12	N	2500	6	40	287	113	37	30	48	0	0	0	0	0	0	0	0	0	0	0	0	11958121	
159	1	B	12	N	2500	2	1	259	91	27	23	34	0	0	0	0	0	0	0	0	0	0	0	0	11958464	
160	1	B	12	N	2500	2	1	165	95	25	21	30	0	0	0	0	0	0	0	0	0	0	0	0	11958651	
161	1	B	12	N	2500	2	1	171	116	39	30	41	0	0	0	0	0	0	0	0	0	0	0	0	11959150	
162	1	B	12	N	2500	6	40	328	127	31	24	37	0	0	0	0	0	0	0	0	0	0	0	0	11959338	
163	1	B	12	N	2500	0	1	85	46	36	36	79	0	0	0	0	0	0	0	0	0	0	0	0	11959681	
164	1	B	12	N	2500	0	40	192	122	32	27	38	0	0	0	0	0	0	0	0	0	0	0	0	11960445	
165	1	B	12	N	2500	0	1	106	50	12	12	16	0	0	0	0	0	0	0	0	0	0	0	0	11960476	
166	1	B	12	N	2500	0	40	330	128	39	27	42	0	0	0	0	0	0	0	0	0	0	0	0	11960586	
167	1	B	12	N	2500	0	1	74	14	2	2	5	0	0	0	0	0	0	0	0	0	0	0	0	11960617	
168	1	B	12	N	2500	0	1	198	70	17	14	23	0	0	0	0	0	0	0	0	0	0	0	0	11960617	
169	1	B	12	N	2500	0	1	183	95	25	21	32	0	0	0	0	0	0	0	0	0	0	0	0	11961054	
170	1	B	12	N	2500	0	40	288	148	42	35	56	0	0	0	0	0	0	0	0	0	0	0	0	11961178	
171	1	B	12	N	2500	0	40	374	166	44	39	53	0	0	0	0	0	0	0	0	0	0	0	0	11961178	
172	1	B	12	N	2500	0	40	245	125	38	34	46	0	0	0	0	0	0	0	0	0	0	0	0	11961256	
173	1	B	12	N	2500	0	40	305	153	51	39	56	0	0	0	0	0	0	0	0	0	0	0	0	11961381	
174	1	B	12	N	2500	0	40	354	148	45	36	48	0	0	0	0	0	0	0	0	0	0	0	0	11961522	
175	1	B	12	N	2500	0	40	291	143	41	33	48	0	0	0	0	0	0	0	0	0	0	0	0	11961584	
176	1	B	12	N	2500	0	40	286	90	25	18	28	0	0	0	0	0	0	0	0	0	0	0	0	11961771	
177	1	B	12	N	2500	0	1	166	92	34	23	28	0	0	0	0	0	0	0	0	0	0	0	0	11962005	
178	1	B	12	N	2500	0	1	169	116	41	32	40	0	0	0	0	0	0	0	0	0	0	0	0	11962005	
179	1	B	12	N	2500	0	1	218	92	26	19	28	0	0	0	0	0	0	0	0	0	0	0	0	11962021	
180	1	B	12	N	2500	0	1	149	96	26	20	30	0	0	0	0	0	0	0	0	0	0	0	0	11962551	
181	1	B	12	N	2500	0	40	286	111	31	25	31	0	0	0	0	0	0	0	0	0	0	0	0	11962926	
182	1	B	12	N	2500	0	40	303	109	32	25	36	0	0	0	0	0	0	0	0	0	0	0	0	11962972	
183	1	B	12	N	2500	0	40	197	116	33	26	36	0	0	0	0	0	0	0	0	0	0	0	0	11963144	
184	1	B	12	N	2500	0	40	341	143	36	32	36	0	0	0	0	0	0	0	0	0	0	0	0	11963550	
185	1	B	12	N	2500	0	40	424	132	34	27	44	0	0	0	0	0	0	0	0	0	0	0	0	11963628	
186	1	B	12	N	2500	0	40	317	136	36	32	43	0	0	0	0	0	0	0	0	0	0	0	0	11964111	
187	1	B	12	N	2500	0	40	296	99	25	22	34	0	0	0	0	0	0	0	0	0	0	0	0	11964595	
188	1	B	12	N	2500	0	1	183	102	29	25	39	0	0	0	0	0	0	0	0	0	0	0	0	11964969	
189	1	C	1	N	2500	6	40	329	147	38	32	42	0	0	0	0	0	0	0	0	0	0	0	0	11979306	
190	1	C	2	N	2500	6	40	301	104	29	23	35	0	0	0	0	0	0	0	0	0	0	0	0	11988229	
191	1	C	2	N	2500	2	1	181	103	44	34	43	0	0	0	0	0	0	0	0	0	0	0	0	11988822	
192	1	C	2	N	2500	6	40	274	134	44	37	45	0	0	0	0	0	0	0	0	0	0	0	0	11990818	
193	1	C	2	N	2500	6	40	196	120	36	29	43	0	0	0	0	0	0	0	0	0	0	0	0	11991645	
194	1	C	2	N	2500	0	1	174	50	10	10	16	0	0	0	0	0	0	0	0	0	0	0	0	11993252	
195	1	C	4	N	2500	6	40	329	130	41	31	48	0	0	0	0	0	0	0	0	0	0	0	0	12017588	
196	1	C	4	N	2500	2	1	201	101	30	25	37	0	0	0	0	0	0	0	0	0	0	0	0	12019164	
197	1	C	4	N	2500	6	40	294	106	36	26	43	0	0	0	0	0	0	0	0	0	0	0	0	12020521	
198	1	C	4	N	2500	6	40	270	105	29	25	37	0	0	0	0	0	0	0	0	0	0	0	0	12020786	
199	1	C	4	N	2500	0	40	196	112	29	25	37	0	0	0	0	0	0	0	0	0	0	0	0	12023313	
200	1	C	6	N	2500	6	40	255	131	37	30	44	0	0	0	0	0	0	0	0	0	0	0	0	12046495	
201	1	C	6	N	2500	6	40	306	117	39	29	43	0	0	0	0	0	0	0	0	0	0	0	0	12047868	
202	1	C	6	N	2500	6	40	299	118	28	25	36	0	0	0	0	0	0	0	0	0	0	0	0	12048070	
203	1	C	6	N	2500	0	40	266	103	32	25	38	0	0	0	0	0	0	0	0	0	0	0	0	12048866	
204	1	C	6	N	2500	0	40	321	125	34	28	40	0	0	0	0	0	0	0	0	0	0	0	0	12048928	
205	1	C	6	N	2500	0	40	207	113	33	30	44	0	0	0	0	0	0	0	0	0	0	0	0	12049693	
206	1	C	6	N	2500	0	40	361	138	38	29	40	0	0	0	0	0	0	0	0	0	0	0	0	12050691	
207	1	C	6	N	2500	0	1	111	60	15	11	17	0	0	0	0	0	0	0	0	0	0	0	0	12052423	
208	1	C	7	N	2500	6	40	278	144	45	32	47	0	0	0	0	0	0	0	0	0	0	0	0	12065511	
209	1	C	8	N	2500	6	40	241	132	38	33	46	0	0	0	0	0	0	0	0	0	0	0	0	12076353	
210	1	C	8	N	2500	2	1	148	84	26	21	31	0	0	0	0	0	0	0	0	0	0	0	0	12077180	
211	1	C	8	N	2500	6	40	239	114	38	30	45	0	0	0	0	0	0	0	0	0	0	0	0	12080035	
212	1	C	8	N	2500	6	40	333	131	39	32	50	0	0	0	0	0	0	0	0	0	0	0	0	12080285	
213	1	C	8	N	2500	0	40	252	113	34	26	38	0	0	0	0	0	0	0	0	0	0	0	0	12080378	
214	1	C	8	N	2500	0	40	188	134	38	33	46	0	0	0	0	0	0	0	0	0	0	0	0	12081423	
215	1	C	9	N	2500	6	40	196	121	38	34	51	0	0	0	0	0	0	0	0	0	0	0	0	12089255	
216	1	C	10	N	2500	2	1	231	68	16	12	18	0	0	0	0	0	0	0	0	0	0	0	0	12105011	
217	1	C	10	N	2500	2	1	144	82	26	20	28	0	0	0	0	0	0	0	0	0	0	0	0	12105135	
218	1	C	10	N	2500	6	40	270	132	38	31	49	0	0	0	0	0	0	0	0	0	0	0	0	12106305	
219	1	C	10	N	2500	6	40	179	126	45	32	49	0	0	0	0	0	0	0	0	0	0	0	0	12107351	
220	1	C	10	N	2500	6	40	294	105	36	28	39	0	0	0	0	0	0	0	0	0	0	0	0	12107460	
221	1	C	10	N	2500	0	40	310	121	39	33	47	0	0	0	0	0	0	0	0	0	0	0	0	12108193	
222	1	C	10	N	2500	0	1	166	118	48	35	51	0	0	0	0	0	0	0	0	0	0	0	0	12108661	
223	1	C	12	N	2500	6	40	219	141	39	33	47	0	0	0	0	0	0	0	0	0	0	0	0	12132451	
224	1	C	12	N	2500	2	1	207	101	28	23	32	0	0	0	0	0	0	0	0	0	0	0	0	12133995	
225	1	C	12	N	2500	2	1	256	87	22	19	29	0	0	0	0	0	0	0	0	0	0	0	0	12135009	
226	1	C	12	N	2500	2	1	127	34	8	7	10	0	0	0	0	0	0	0	0	0	0	0	0	12135228	
227	1	C	12	N	2500	2	1	93	37	8	8	11	0	0	0	0	0	0	0	0	0	0	0	0	12135228	
228	1	C	12	N	2500	6	40	201	112	31	27	37	0	0	0	0	0	0	0	0	0	0	0	0	12135555	
229	1	C	12	N	2500	2	1	192	109	29	27	40	0	0	0	0	0	0	0	0	0	0	0	0	12135680	
230	1	C	12	N	2500	6	40	245	133	39	33	48	0	0	0	0	0	0	0	0	0	0	0	0	12136226	
231	1	C	12	N	2500	0	1	192	87	24	22	29	0	0	0	0	0	0	0	0	0	0	0	0	12136523	
232	1	C	12	N	2500	0	40	289	99	32	23	34	0	0	0	0	0	0	0	0	0	0	0	0	12137677	
233	1	D	1	N	2500	6	40	199	113	30	25	35	0	0	0	0	0	0	0	0	0	0	0	0	12152949	
234	1	D	2	N	2500	2	1	236	84	23	20	29	0	0	0	0	0	0	0	0	0	0	0	0	12163011	
235	1	D	2	N	2500	2	1	193	91	27	22	37	0	0	0	0	0	0	0	0	0	0	0	0	12163043	
236	1	D	2	N	2500	2	1	173	77	23	17	31	0	0	0	0	0	0	0	0	0	0	0	0	12163620	
237	1	D	2	N	2500	2	1	156	96	32	26	37	0	0	0	0	0	0	0	0	0	0	0	0	12167099	
238	1	D	4	N	2500	6	40	193	140	44	33	48	0	0	0	0	0	0	0	0	0	0	0	0	12193759	
239	1	D	4	N	2500	6	40	338	141	38	31	41	0	0	0	0	0	0	0	0	0	0	0	0	12193775	
240	1	D	4	N	2500	6	40	372	148	39	31	45	0	0	0	0	0	0	0	0	0	0	0	0	12193868	
241	1	D	4	N	2500	0	40	303	119	40	30	44	0	0	0	0	0	0	0	0	0	0	0	0	12194243	
242	1	D	4	N	2500	0	40	291	111	32	26	33	0	0	0	0	0	0	0	0	0	0	0	0	12194290	
243	1	D	4	N	2500	0	40	344	124	34	28	39	0	0	0	0	0	0	0	0	0	0	0	0	12194477	
244	1	D	4	N	2500	0	40	335	127	32	27	40	0	0	0	0	0	0	0	0	0	0	0	0	12195366	
245	1	D	4	N	2500	0	1	210	104	26	22	32	0	0	0	0	0	0	0	0	0	0	0	0	12195662	
246	1	D	4	N	2500	0	1	189	103	32	26	34	0	0	0	0	0	0	0	0	0	0	0	0	12196068	
247	1	D	4	N	2500	0	1	184	95	27	23	34	0	0	0	0	0	0	0	0	0	0	0	0	12196458	
248	1	D	8	N	2500	2	1	131	58	19	17	27	0	0	0	0	0	0	0	0	0	0	0	0	12252103	
249	1	D	8	N	2500	2	1	159	34	10	9	13	0	0	0	0	0	0	0	0	0	0	0	0	12252103	
250	1	D	8	N	2500	6	40	320	112	32	26	44	0	0	0	0	0	0	0	0	0	0	0	0	12252212	
251	1	D	8	N	2500	6	40	322	113	34	27	42	0	0	0	0	0	0	0	0	0	0	0	0	12252446	
252	1	D	8	N	2500	6	40	301	124	40	29	43	0	0	0	0	0	0	0	0	0	0	0	0	12253164	
253	1	D	8	N	2500	0	40	395	165	50	39	54	0	0	0	0	0	0	0	0	0	0	0	0	12256502	
254	1	D	8	N	2500	0	40	361	135	40	33	54	0	0	0	0	0	0	0	0	0	0	0	0	12256612	
255	1	D	10	N	2500	6	40	194	114	46	43	57	0	0	0	0	0	0	0	0	0	0	0	0	12278904	
256	1	D	10	N	2500	6	40	290	101	29	25	33	0	0	0	0	0	0	0	0	0	0	0	0	12281509	
257	1	D	10	N	2500	6	40	398	127	40	31	48	0	0	0	0	0	0	0	0	0	0	0	0	12281681	
258	1	D	10	N	2500	0	1	88	16	4	4	5	0	0	0	0	0	0	0	0	0	0	0	0	12281915	
259	1	D	10	N	2500	0	40	312	92	29	22	33	0	0	0	0	0	0	0	0	0	0	0	0	12281915	
260	1	D	10	N	2500	0	40	288	107	31	26	41	0	0	0	0	0	0	0	0	0	0	0	0	12282866	
261	1	D	10	N	2500	0	1	208	84	21	19	27	0	0	0	0	0	0	0	0	0	0	0	0	12283693	
262	1	D	10	N	2500	0	1	256	79	20	18	26	0	0	0	0	0	0	0	0	0	0	0	0	12283771	
263	1	D	10	N	2500	0	40	322	140	46	36	50	0	0	0	0	0	0	0	0	0	0	0	0	12283802	
264	1	D	10	N	2500	0	40	317	130	36	30	46	0	0	0	0	0	0	0	0	0	0	0	0	12283865	
265	1	D	10	N	2500	0	40	293	95	30	22	32	0	0	0	0	0	0	0	0	0	0	0	0	12285160	
266	1	D	10	N	2500	0	40	307	108	32	24	35	0	0	0	0	0	0	0	0	0	0	0	0	12285238	
267	1	D	11	N	2500	6	40	272	134	39	36	52	0	0	0	0	0	0	0	0	0	0	0	0	12299059	
268	1	D	12	N	2500	2	1	242	68	17	15	24	0	0	0	0	0	0	0	0	0	0	0	0	12310681	
269	1	D	12	N	2500	2	1	94	18	4	5	11	0	0	0	0	0	0	0	0	0	0	0	0	12313162	
270	1	E	1	N	2500	2	1	129	57	12	11	22	0	0	0	0	0	0	0	0	0	0	0	0	12329963	
271	1	E	1	N	2500	2	1	191	61	15	14	21	0	0	0	0	0	0	0	0	0	0	0	0	12330228	
272	1	E	1	N	2500	2	1	79	14	4	6	11	0	0	0	0	0	0	0	0	0	0	0	0	12330743	
273	1	E	2	N	2500	2	1	55	15	3	4	7	0	0	0	0	0	0	0	0	0	0	0	0	12339370	
274	1	E	2	N	2500	2	1	67	13	3	5	10	0	0	0	0	0	0	0	0	0	0	0	0	12339401	
275	1	E	2	N	2500	2	1	115	63	13	12	16	0	0	0	0	0	0	0	0	0	0	0	0	12343176	
276	1	E	2	N	2500	6	40	263	104	29	25	37	0	0	0	0	0	0	0	0	0	0	0	0	12343675	
277	1	E	4	N	2500	2	1	118	70	20	17	24	0	0	0	0	0	0	0	0	0	0	0	0	12370882	
278	1	E	4	N	2500	33	1	110	28	6	7	11	0	0	0	0	0	0	0	0	0	0	0	0	12370882	
279	1	E	4	N	2500	2	1	60	18	2	2	5	0	0	0	0	0	0	0	0	0	0	0	0	12372847	
280	1	E	4	N	2500	6	40	304	103	27	25	38	0	0	0	0	0	0	0	0	0	0	0	0	12372988	
281	1	E	6	N	2500	2	1	71	15	4	5	12	0	0	0	0	0	0	0	0	0	0	0	0	12397012	
282	1	E	6	N	2500	2	1	185	91	24	22	30	0	0	0	0	0	0	0	0	0	0	0	0	12397152	
283	1	E	6	N	2500	6	40	251	103	26	23	32	0	0	0	0	0	0	0	0	0	0	0	0	12398151	
284	1	E	6	N	2500	6	40	305	92	26	20	30	0	0	0	0	0	0	0	0	0	0	0	0	12398213	
285	1	E	6	N	2500	2	1	180	104	30	26	36	0	0	0	0	0	0	0	0	0	0	0	0	12399258	
286	1	E	6	N	2500	6	40	238	103	30	30	42	0	0	0	0	0	0	0	0	0	0	0	0	12399336	
287	1	E	6	N	2500	0	40	339	90	26	24	35	0	0	0	0	0	0	0	0	0	0	0	0	12399929	
288	1	E	6	N	2500	0	1	109	48	11	13	25	0	0	0	0	0	0	0	0	0	0	0	0	12400553	
289	1	E	6	N	2500	0	1	108	54	12	14	20	0	0	0	0	0	0	0	0	0	0	0	0	12401973	
290	1	E	6	N	2500	0	1	133	53	10	10	16	0	0	0	0	0	0	0	0	0	0	0	0	12402144	
291	1	E	6	N	2500	0	40	293	115	38	29	40	0	0	0	0	0	0	0	0	0	0	0	0	12402971	
292	1	E	6	N	2500	0	40	309	122	34	29	41	0	0	0	0	0	0	0	0	0	0	0	0	12403158	
293	1	E	8	N	2500	2	1	132	62	18	16	24	0	0	0	0	0	0	0	0	0	0	0	0	12426090	
294	1	E	8	N	2500	6	40	327	145	49	39	56	0	0	0	0	0	0	0	0	0	0	0	0	12427884	
295	1	E	8	N	2500	6	40	372	148	50	37	58	0	0	0	0	0	0	0	0	0	0	0	0	12429288	
296	1	E	8	N	2500	6	40	296	109	33	28	42	0	0	0	0	0	0	0	0	0	0	0	0	12429507	
297	1	E	10	N	2500	6	40	279	127	40	32	44	0	0	0	0	0	0	0	0	0	0	0	0	12455746	
298	1	E	10	N	2500	2	1	156	91	26	22	35	0	0	0	0	0	0	0	0	0	0	0	0	12456885	
299	1	E	10	N	2500	2	1	224	91	19	19	31	0	0	0	0	0	0	0	0	0	0	0	0	12457041	
300	1	E	10	N	2500	6	40	284	104	29	27	39	0	0	0	0	0	0	0	0	0	0	0	0	12457478	
301	1	E	10	N	2500	2	1	147	68	16	13	18	0	0	0	0	0	0	0	0	0	0	0	0	12457790	
302	1	E	10	N	2500	2	1	148	39	7	7	14	0	0	0	0	0	0	0	0	0	0	0	0	12458117	
303	1	E	10	N	2500	2	1	178	78	23	19	29	0	0	0	0	0	0	0	0	0	0	0	0	12459287	
304	1	E	10	N	2500	6	40	329	115	30	26	40	0	0	0	0	0	0	0	0	0	0	0	0	12459584	
305	1	E	10	N	2500	0	1	173	114	34	29	40	0	0	0	0	0	0	0	0	0	0	0	0	12459724	
306	1	E	10	N	2500	0	40	200	114	31	27	39	0	0	0	0	0	0	0	0	0	0	0	0	12459771	
307	1	E	10	N	2500	0	40	311	125	37	29	45	0	0	0	0	0	0	0	0	0	0	0	0	12460020	
308	1	E	10	N	2500	0	1	182	106	31	25	39	0	0	0	0	0	0	0	0	0	0	0	0	12460520	
309	1	E	12	N	2500	6	40	296	115	33	30	43	0	0	0	0	0	0	0	0	0	0	0	0	12485948	
310	1	F	2	N	2500	6	40	244	144	38	34	53	0	0	0	0	0	0	0	0	0	0	0	0	12515572	
311	1	F	2	N	2500	6	40	302	109	28	25	40	0	0	0	0	0	0	0	0	0	0	0	0	12517319	
312	1	F	2	N	2500	6	40	283	99	23	20	29	0	0	0	0	0	0	0	0	0	0	0	0	12517350	
313	1	F	2	N	2500	0	40	224	121	37	28	37	0	0	0	0	0	0	0	0	0	0	0	0	12517818	
314	1	F	2	N	2500	0	40	387	122	34	29	41	0	0	0	0	0	0	0	0	0	0	0	0	12519191	
315	1	F	2	N	2500	0	1	200	99	32	25	35	0	0	0	0	0	0	0	0	0	0	0	0	12520361	
316	1	F	2	N	2500	0	40	372	115	31	24	41	0	0	0	0	0	0	0	0	0	0	0	0	12520408	
317	1	F	2	N	2500	0	1	173	108	35	28	36	0	0	0	0	0	0	0	0	0	0	0	0	12520455	
318	1	F	3	N	2500	6	40	201	113	28	26	40	0	0	0	0	0	0	0	0	0	0	0	0	12530470	
319	1	F	3	N	2500	6	40	332	139	36	31	50	0	0	0	0	0	0	0	0	0	0	0	0	12534043	
320	1	F	4	N	2500	6	40	231	134	45	35	46	0	0	0	0	0	0	0	0	0	0	0	0	12544635	
321	1	F	4	N	2500	6	40	433	186	56	44	67	0	0	0	0	0	0	0	0	0	0	0	0	12545961	
322	1	F	5	N	2500	6	40	240	136	41	35	47	0	0	0	0	0	0	0	0	0	0	0	0	12563152	
323	1	F	6	N	2500	6	40	281	117	39	32	49	0	0	0	0	0	0	0	0	0	0	0	0	12574057	
324	1	F	6	N	2500	6	40	306	121	37	30	46	0	0	0	0	0	0	0	0	0	0	0	0	12574681	
325	1	F	6	N	2500	6	40	184	120	35	29	47	0	0	0	0	0	0	0	0	0	0	0	0	12574681	
326	1	F	6	N	2500	0	40	304	122	34	29	39	0	0	0	0	0	0	0	0	0	0	0	0	12577941	
327	1	F	6	N	2500	0	1	82	17	4	5	12	0	0	0	0	0	0	0	0	0	0	0	0	12577972	
328	1	F	8	N	2500	2	1	182	83	23	22	31	0	0	0	0	0	0	0	0	0	0	0	0	12601513	
329	1	F	8	N	2500	2	1	150	96	37	29	43	0	0	0	0	0	0	0	0	0	0	0	0	12602839	
330	1	F	8	N	2500	6	40	212	112	35	33	48	0	0	0	0	0	0	0	0	0	0	0	0	12603244	
331	1	F	8	N	2500	6	40	216	128	40	34	49	0	0	0	0	0	0	0	0	0	0	0	0	12603478	
332	1	F	8	N	2500	2	1	51	12	5	7	13	0	0	0	0	0	0	0	0	0	0	0	0	12605210	
333	1	F	8	N	2500	2	1	187	113	31	27	40	0	0	0	0	0	0	0	0	0	0	0	0	12605272	
334	1	F	8	N	2500	6	40	292	113	36	29	41	0	0	0	0	0	0	0	0	0	0	0	0	12605397	
335	1	F	8	N	2500	0	40	314	130	38	30	41	0	0	0	0	0	0	0	0	0	0	0	0	12605709	
336	1	F	8	N	2500	0	40	330	130	36	31	41	0	0	0	0	0	0	0	0	0	0	0	0	12606083	
337	1	F	8	N	2500	0	40	207	121	38	35	49	0	0	0	0	0	0	0	0	0	0	0	0	12607160	
338	1	F	8	N	2500	0	40	292	113	34	29	42	0	0	0	0	0	0	0	0	0	0	0	0	12607222	
339	1	F	8	N	2500	0	1	192	101	30	24	37	0	0	0	0	0	0	0	0	0	0	0	0	12608455	
340	1	F	9	N	2500	6	40	344	148	45	36	51	0	0	0	0	0	0	0	0	0	0	0	0	12620186	
341	1	F	10	N	2500	2	1	225	101	29	26	41	0	0	0	0	0	0	0	0	0	0	0	0	12630700	
342	1	F	10	N	2500	6	40	342	107	33	28	44	0	0	0	0	0	0	0	0	0	0	0	0	12631605	
343	1	F	10	N	2500	6	40	318	129	34	27	43	0	0	0	0	0	0	0	0	0	0	0	0	12632884	
344	1	F	10	N	2500	6	40	338	127	42	34	50	0	0	0	0	0	0	0	0	0	0	0	0	12634023	
345	1	F	10	N	2500	0	40	359	144	44	34	51	0	0	0	0	0	0	0	0	0	0	0	0	12634522	
346	1	F	10	N	2500	0	40	301	104	31	24	36	0	0	0	0	0	0	0	0	0	0	0	0	12634943	
347	1	F	10	N	2500	0	1	189	110	38	30	42	0	0	0	0	0	0	0	0	0	0	0	0	12636207	
348	1	F	10	N	2500	0	40	312	110	29	25	40	0	0	0	0	0	0	0	0	0	0	0	0	12636831	
349	1	F	12	N	2500	2	1	246	86	24	20	30	0	0	0	0	0	0	0	0	0	0	0	0	12659077	
350	1	F	12	N	2500	2	1	296	81	19	15	24	0	0	0	0	0	0	0	0	0	0	0	0	12660621	
351	1	F	12	N	2500	2	1	166	99	26	20	26	0	0	0	0	0	0	0	0	0	0	0	0	12660886	
352	1	F	12	N	2500	2	1	207	91	22	20	26	0	0	0	0	0	0	0	0	0	0	0	0	12661370	
353	1	F	12	N	2500	6	40	288	126	45	31	42	0	0	0	0	0	0	0	0	0	0	0	0	12662634	
354	1	F	12	N	2500	2	1	249	78	17	15	21	0	0	0	0	0	0	0	0	0	0	0	0	12663538	
355	1	F	12	N	2500	6	40	304	121	33	26	38	0	0	0	0	0	0	0	0	0	0	0	0	12666237	
356	1	G	1	N	2500	6	40	334	126	32	26	41	0	0	0	0	0	0	0	0	0	0	0	0	12679840	
357	1	G	2	N	2500	6	40	226	137	42	35	46	0	0	0	0	0	0	0	0	0	0	0	0	12693256	
358	1	G	4	N	2500	2	1	260	80	25	18	29	0	0	0	0	0	0	0	0	0	0	0	0	12720135	
359	1	G	4	N	2500	6	40	309	116	39	30	47	0	0	0	0	0	0	0	0	0	0	0	0	12720432	
360	1	G	4	N	2500	2	1	168	111	30	27	36	0	0	0	0	0	0	0	0	0	0	0	0	12721102	
361	1	G	4	N	2500	6	40	266	95	28	24	34	0	0	0	0	0	0	0	0	0	0	0	0	12721524	
362	1	G	4	N	2500	6	40	229	112	33	28	43	0	0	0	0	0	0	0	0	0	0	0	0	12722257	
363	1	G	4	N	2500	0	40	323	131	38	30	41	0	0	0	0	0	0	0	0	0	0	0	0	12724144	
364	1	G	4	N	2500	0	1	188	104	35	30	43	0	0	0	0	0	0	0	0	0	0	0	0	12724269	
365	1	G	4	N	2500	0	40	295	113	39	31	48	0	0	0	0	0	0	0	0	0	0	0	0	12724581	
366	1	G	4	N	2500	0	40	314	119	32	27	41	0	0	0	0	0	0	0	0	0	0	0	0	12724722	
367	1	G	5	N	2500	2	1	249	94	29	23	35	0	0	0	0	0	0	0	0	0	0	0	0	12738746	
368	1	G	6	N	2500	2	1	150	79	24	22	29	0	0	0	0	0	0	0	0	0	0	0	0	12750945	
369	1	G	6	N	2500	2	1	198	75	20	18	25	0	0	0	0	0	0	0	0	0	0	0	0	12753987	
370	1	G	7	N	2500	2	1	206	95	29	22	34	0	0	0	0	0	0	0	0	0	0	0	0	12764408	
371	1	G	8	N	2500	2	1	167	84	25	19	23	0	0	0	0	0	0	0	0	0	0	0	0	12777840	
372	1	G	8	N	2500	2	1	72	44	13	14	23	0	0	0	0	0	0	0	0	0	0	0	0	12779369	
373	1	G	8	N	2500	2	1	115	50	12	9	12	0	0	0	0	0	0	0	0	0	0	0	0	12780133	
374	1	G	8	N	2500	6	40	217	110	28	24	38	0	0	0	0	0	0	0	0	0	0	0	0	12780383	
375	1	G	8	N	2500	2	1	143	83	21	15	19	0	0	0	0	0	0	0	0	0	0	0	0	12782925	
376	1	G	9	N	2500	6	40	237	105	27	24	35	0	0	0	0	0	0	0	0	0	0	0	0	12793143	
377	1	G	9	N	2500	2	1	175	80	19	15	25	0	0	0	0	0	0	0	0	0	0	0	0	12797605	
378	1	G	10	N	2500	2	1	165	106	32	29	46	0	0	0	0	0	0	0	0	0	0	0	0	12809055	
379	1	G	10	N	2500	2	1	175	107	32	28	38	0	0	0	0	0	0	0	0	0	0	0	0	12809227	
380	1	G	10	N	2500	2	1	172	108	29	26	43	0	0	0	0	0	0	0	0	0	0	0	0	12809492	
381	1	G	10	N	2500	6	40	301	124	32	29	42	0	0	0	0	0	0	0	0	0	0	0	0	12810257	
382	1	G	10	N	2500	6	40	310	128	41	33	45	0	0	0	0	0	0	0	0	0	0	0	0	12811801	
383	1	G	10	N	2500	6	40	177	121	34	30	44	0	0	0	0	0	0	0	0	0	0	0	0	12812675	
384	1	G	11	N	2500	6	40	240	128	39	34	48	0	0	0	0	0	0	0	0	0	0	0	0	12827744	
385	1	G	12	N	2500	2	1	202	93	24	21	31	0	0	0	0	0	0	0	0	0	0	0	0	12835529	
386	1	G	12	N	2500	6	40	291	138	45	34	53	0	0	0	0	0	0	0	0	0	0	0	0	12837806	
387	1	G	12	N	2500	2	1	219	92	32	28	38	0	0	0	0	0	0	0	0	0	0	0	0	12838602	
388	1	G	12	N	2500	6	40	269	134	46	34	47	0	0	0	0	0	0	0	0	0	0	0	0	12839054	
389	1	G	12	N	2500	6	40	347	132	37	32	49	0	0	0	0	0	0	0	0	0	0	0	0	12840926	
390	1	G	12	N	2500	0	40	216	116	40	35	49	0	0	0	0	0	0	0	0	0	0	0	0	12841472	
391	1	G	12	N	2500	0	1	209	91	24	21	35	0	0	0	0	0	0	0	0	0	0	0	0	12842517	
392	1	H	1	N	2500	2	1	67	19	14	11	17	0	0	0	0	0	0	0	0	0	0	0	0	12858258	
393	1	H	2	N	2500	6	40	286	105	32	26	40	0	0	0	0	0	0	0	0	0	0	0	0	12867321	
394	1	H	2	N	2500	2	1	133	58	12	13	21	0	0	0	0	0	0	0	0	0	0	0	0	12868835	
395	1	H	2	N	2500	6	40	236	126	38	32	44	0	0	0	0	0	0	0	0	0	0	0	0	12868913	
396	1	H	2	N	2500	6	40	361	139	43	32	42	0	0	0	0	0	0	0	0	0	0	0	0	12869646	
397	1	H	2	N	2500	0	40	330	131	43	34	44	0	0	0	0	0	0	0	0	0	0	0	0	12871409	
398	1	H	4	N	2500	2	1	252	84	18	16	26	0	0	0	0	0	0	0	0	0	0	0	0	12895448	
399	1	H	4	N	2500	2	1	168	85	32	27	39	0	0	0	0	0	0	0	0	0	0	0	0	12901501	
400	1	H	6	N	2500	6	40	280	140	43	39	56	0	0	0	0	0	0	0	0	0	0	0	0	12924714	
401	1	H	6	N	2500	6	40	239	120	41	34	49	0	0	0	0	0	0	0	0	0	0	0	0	12924745	
402	1	H	6	N	2500	6	40	247	118	39	35	51	0	0	0	0	0	0	0	0	0	0	0	0	12925619	
403	1	H	6	N	2500	0	1	52	12	1	1	1	0	0	0	0	0	0	0	0	0	0	0	0	12925634	
404	1	H	6	N	2500	0	40	296	121	38	34	54	0	0	0	0	0	0	0	0	0	0	0	0	12926196	
405	1	H	6	N	2500	0	40	210	125	40	33	46	0	0	0	0	0	0	0	0	0	0	0	0	12927428	
406	1	H	6	N	2500	0	40	319	121	34	30	44	0	0	0	0	0	0	0	0	0	0	0	0	12928770	
407	1	H	6	N	2500	0	40	299	145	41	32	45	0	0	0	0	0	0	0	0	0	0	0	0	12929581	
408	1	H	8	N	2500	6	40	309	150	44	38	51	0	0	0	0	0	0	0	0	0	0	0	0	12953964	
409	1	H	8	N	2500	2	1	173	111	33	28	38	0	0	0	0	0	0	0	0	0	0	0	0	12954401	
410	1	H	8	N	2500	6	40	311	134	38	31	41	0	0	0	0	0	0	0	0	0	0	0	0	12954931	
411	1	H	8	N	2500	6	40	288	125	34	31	43	0	0	0	0	0	0	0	0	0	0	0	0	12955524	
412	1	H	8	N	2500	0	40	202	125	33	27	38	0	0	0	0	0	0	0	0	0	0	0	0	12957131	
413	1	H	8	N	2500	0	2	163	124	39	30	40	0	0	0	0	0	0	0	0	0	0	0	0	12958660	
414	1	H	10	N	2500	6	40	258	98	25	22	33	0	0	0	0	0	0	0	0	0	0	0	0	12984306	
415	1	H	10	N	2500	2	1	100	24	8	8	16	0	0	0	0	0	0	0	0	0	0	0	0	12986256	
416	1	H	10	N	2500	2	1	233	72	16	14	22	0	0	0	0	0	0	0	0	0	0	0	0	12987348	
417	1	H	11	N	2500	2	1	274	81	21	16	21	0	0	0	0	0	0	0	0	0	0	0	0	12998580	
418	1	H	12	N	2500	6	40	275	109	38	30	42	0	0	0	0	0	0	0	0	0	0	0	0	13010935	
419	1	H	12	N	2500	6	40	324	125	37	33	42	0	0	0	0	0	0	0	0	0	0	0	0	13011279	
420	1	H	12	N	2500	6	40	300	109	31	27	44	0	0	0	0	0	0	0	0	0	0	0	0	13013884	
421	1	H	12	N	2500	0	40	280	107	29	26	39	0	0	0	0	0	0	0	0	0	0	0	0	13013884	
422	1	H	12	N	2500	0	1	138	63	15	15	20	0	0	0	0	0	0	0	0	0	0	0	0	13014258	
423	1	H	12	N	2500	0	40	237	110	32	28	41	0	0	0	0	0	0	0	0	0	0	0	0	13015413	
424	1	H	12	N	2500	0	40	285	103	31	27	46	0	0	0	0	0	0	0	0	0	0	0	0	13015428	
425	1	H	12	N	2500	0	1	84	19	4	4	7	0	0	0	0	0	0	0	0	0	0	0	0	13015584	
426	1	H	12	N	2500	0	40	254	99	27	23	34	0	0	0	0	0	0	0	0	0	0	0	0	13015584	
427	1	H	12	N	2500	0	1	205	101	34	27	39	0	0	0	0	0	0	0	0	0	0	0	0	13015818	
428	1	H	12	N	2500	0	40	325	117	34	28	41	0	0	0	0	0	0	0	0	0	0	0	0	13017425	
429	1	H	12	N	2500	0	40	299	117	39	28	37	0	0	0	0	0	0	0	0	0	0	0	0	13017534	


Threshold source: EXT,  value 50
Min TOF = 50
EXT signal gain 1.6
Green signal gain 3.0
Yellow signal gain 3.0
Red signal gain 3.0
Green PMT voltage 700
Yellow PMT voltage 700
Red PMT voltage 900
Signal multipliers: 1.0,1.0,1.0,1.0
C:\Users\unionbio\Desktop\COPAS Templates\USE for L4 dispense4.csv