Id	Plate	Row	Column	Clog	Scan rate	Status sort	Status sel	TOF	EXT	Green	Yellow	Red	PH Ext	PW Ext	PC Ext	PH Green	PW Green	PCGreen	PH Yellow	PW Yellow	PCYellow	PH Red	PW Red	PCRed	Time Stamp	
0	1	A	1	N	2500	6	40	350	143	40	33	54	0	0	0	0	0	0	0	0	0	0	0	0	22928630	
1	1	A	2	N	2500	6	40	336	160	50	36	47	0	0	0	0	0	0	0	0	0	0	0	0	22937522	
2	1	A	2	N	2500	6	40	409	144	38	29	42	0	0	0	0	0	0	0	0	0	0	0	0	22940236	
3	1	A	2	N	2500	6	40	396	142	39	29	43	0	0	0	0	0	0	0	0	0	0	0	0	22940626	
4	1	A	2	N	2500	0	40	416	158	46	33	49	0	0	0	0	0	0	0	0	0	0	0	0	22941874	
5	1	A	2	N	2500	0	40	305	139	40	32	43	0	0	0	0	0	0	0	0	0	0	0	0	22942373	
6	1	A	2	N	2500	0	1	96	63	17	13	19	0	0	0	0	0	0	0	0	0	0	0	0	22942654	
7	1	A	2	N	2500	0	1	131	44	10	10	16	0	0	0	0	0	0	0	0	0	0	0	0	22942654	
8	1	A	2	N	2500	0	40	337	111	26	22	29	0	0	0	0	0	0	0	0	0	0	0	0	22942794	
9	1	A	2	N	2500	0	40	499	183	50	37	60	0	0	0	0	0	0	0	0	0	0	0	0	22943138	
10	1	A	2	N	2500	0	1	240	96	18	15	25	0	0	0	0	0	0	0	0	0	0	0	0	22943715	
11	1	A	3	N	2500	6	40	352	137	38	31	42	0	0	0	0	0	0	0	0	0	0	0	0	22953106	
12	1	A	4	N	2500	6	40	367	105	20	18	25	0	0	0	0	0	0	0	0	0	0	0	0	22966116	
13	1	A	4	N	2500	6	40	464	161	39	31	51	0	0	0	0	0	0	0	0	0	0	0	0	22966756	
14	1	A	4	N	2500	6	40	372	157	44	36	51	0	0	0	0	0	0	0	0	0	0	0	0	22968519	
15	1	A	4	N	2500	0	40	284	140	38	34	51	0	0	0	0	0	0	0	0	0	0	0	0	22969673	
16	1	A	4	N	2500	0	1	505	169	39	29	54	0	0	0	0	0	0	0	0	0	0	0	0	22970765	
17	1	A	4	N	2500	0	40	268	130	32	29	41	0	0	0	0	0	0	0	0	0	0	0	0	22971218	
18	1	A	4	N	2500	0	40	325	149	45	32	51	0	0	0	0	0	0	0	0	0	0	0	0	22971342	
19	1	A	4	N	2500	0	40	409	152	38	32	48	0	0	0	0	0	0	0	0	0	0	0	0	22973058	
20	1	A	6	N	2500	2	1	184	67	14	14	23	0	0	0	0	0	0	0	0	0	0	0	0	22997800	
21	1	A	6	N	2500	6	40	239	126	34	26	40	0	0	0	0	0	0	0	0	0	0	0	0	22998876	
22	1	A	6	N	2500	6	40	291	88	18	16	25	0	0	0	0	0	0	0	0	0	0	0	0	22999079	
23	1	A	8	N	2500	6	40	233	114	32	26	32	0	0	0	0	0	0	0	0	0	0	0	0	23025116	
24	1	A	8	N	2500	6	40	249	132	36	29	39	0	0	0	0	0	0	0	0	0	0	0	0	23025896	
25	1	A	8	N	2500	6	40	365	160	43	36	51	0	0	0	0	0	0	0	0	0	0	0	0	23026114	
26	1	A	8	N	2500	0	40	351	132	37	26	38	0	0	0	0	0	0	0	0	0	0	0	0	23026785	
27	1	A	8	N	2500	0	40	193	153	41	35	45	0	0	0	0	0	0	0	0	0	0	0	0	23027035	
28	1	A	8	N	2500	0	40	308	100	23	19	26	0	0	0	0	0	0	0	0	0	0	0	0	23028002	
29	1	A	8	N	2500	0	40	206	124	31	23	32	0	0	0	0	0	0	0	0	0	0	0	0	23030451	
30	1	A	10	N	2500	6	40	369	104	29	23	35	0	0	0	0	0	0	0	0	0	0	0	0	23054101	
31	1	A	10	N	2500	6	40	351	107	29	24	35	0	0	0	0	0	0	0	0	0	0	0	0	23056113	
32	1	A	10	N	2500	6	40	379	144	37	31	45	0	0	0	0	0	0	0	0	0	0	0	0	23056238	
33	1	A	10	N	2500	0	1	112	22	4	3	6	0	0	0	0	0	0	0	0	0	0	0	0	23056269	
34	1	A	10	N	2500	0	1	157	43	11	9	16	0	0	0	0	0	0	0	0	0	0	0	0	23056269	
35	1	A	10	N	2500	0	40	463	167	44	31	53	0	0	0	0	0	0	0	0	0	0	0	0	23056409	
36	1	A	10	N	2500	0	40	404	146	36	30	42	0	0	0	0	0	0	0	0	0	0	0	0	23056487	
37	1	A	10	N	2500	0	1	199	84	28	22	31	0	0	0	0	0	0	0	0	0	0	0	0	23057189	
38	1	A	10	N	2500	0	40	462	150	36	28	45	0	0	0	0	0	0	0	0	0	0	0	0	23058937	
39	1	A	12	N	2500	2	1	184	64	18	16	24	0	0	0	0	0	0	0	0	0	0	0	0	23083132	
40	1	A	12	N	2500	4	40	190	121	32	27	39	0	0	0	0	0	0	0	0	0	0	0	0	23084115	
41	1	A	12	N	2500	2	1	183	91	28	23	32	0	0	0	0	0	0	0	0	0	0	0	0	23084115	
42	1	A	12	N	2500	2	1	164	102	24	22	29	0	0	0	0	0	0	0	0	0	0	0	0	23086315	
43	1	A	12	N	2500	6	40	375	159	44	35	52	0	0	0	0	0	0	0	0	0	0	0	0	23086814	
44	1	A	12	N	2500	6	40	249	104	34	27	40	0	0	0	0	0	0	0	0	0	0	0	0	23087391	
45	1	B	2	N	2500	6	40	225	129	33	32	51	0	0	0	0	0	0	0	0	0	0	0	0	23114114	
46	1	B	2	N	2500	2	1	179	79	26	20	33	0	0	0	0	0	0	0	0	0	0	0	0	23115362	
47	1	B	2	N	2500	6	40	219	129	41	31	49	0	0	0	0	0	0	0	0	0	0	0	0	23115908	
48	1	B	2	N	2500	2	1	249	72	15	13	24	0	0	0	0	0	0	0	0	0	0	0	0	23115923	
49	1	B	2	N	2500	6	40	404	159	48	38	54	0	0	0	0	0	0	0	0	0	0	0	0	23116860	
50	1	B	2	N	2500	0	40	388	142	35	30	44	0	0	0	0	0	0	0	0	0	0	0	0	23116875	
51	1	B	2	N	2500	0	40	312	144	38	32	46	0	0	0	0	0	0	0	0	0	0	0	0	23119590	
52	1	B	3	N	2500	2	1	192	108	29	26	34	0	0	0	0	0	0	0	0	0	0	0	0	23132132	
53	1	B	3	N	2500	6	40	279	144	40	30	46	0	0	0	0	0	0	0	0	0	0	0	0	23132850	
54	1	B	4	N	2500	2	1	260	67	14	14	23	0	0	0	0	0	0	0	0	0	0	0	0	23141445	
55	1	B	4	N	2500	2	1	249	94	24	21	31	0	0	0	0	0	0	0	0	0	0	0	0	23142256	
56	1	B	4	N	2500	2	1	180	41	10	8	13	0	0	0	0	0	0	0	0	0	0	0	0	23142709	
57	1	B	4	N	2500	6	40	301	103	30	23	32	0	0	0	0	0	0	0	0	0	0	0	0	23143255	
58	1	B	4	N	2500	2	1	186	103	28	26	34	0	0	0	0	0	0	0	0	0	0	0	0	23144035	
59	1	B	4	N	2500	6	40	366	154	45	38	48	0	0	0	0	0	0	0	0	0	0	0	0	23144113	
60	1	B	4	N	2500	6	40	295	100	23	19	30	0	0	0	0	0	0	0	0	0	0	0	0	23144316	
61	1	B	4	N	2500	0	40	215	124	30	24	37	0	0	0	0	0	0	0	0	0	0	0	0	23144721	
62	1	B	4	N	2500	0	1	231	94	26	19	25	0	0	0	0	0	0	0	0	0	0	0	0	23144877	
63	1	B	4	N	2500	0	40	341	124	33	26	39	0	0	0	0	0	0	0	0	0	0	0	0	23145205	
64	1	B	4	N	2500	0	40	262	117	35	27	37	0	0	0	0	0	0	0	0	0	0	0	0	23145361	
65	1	B	4	N	2500	0	1	177	81	28	23	38	0	0	0	0	0	0	0	0	0	0	0	0	23145564	
66	1	B	4	N	2500	0	1	194	99	34	27	39	0	0	0	0	0	0	0	0	0	0	0	0	23145876	
67	1	B	4	N	2500	0	40	222	127	35	28	38	0	0	0	0	0	0	0	0	0	0	0	0	23146032	
68	1	B	4	N	2500	0	40	292	136	42	37	58	0	0	0	0	0	0	0	0	0	0	0	0	23146078	
69	1	B	4	N	2500	0	1	186	112	30	26	38	0	0	0	0	0	0	0	0	0	0	0	0	23146500	
70	1	B	4	N	2500	0	40	243	148	48	32	50	0	0	0	0	0	0	0	0	0	0	0	0	23146874	
71	1	B	4	N	2500	0	40	309	111	33	25	34	0	0	0	0	0	0	0	0	0	0	0	0	23147030	
72	1	B	4	N	2500	0	1	177	103	30	22	28	0	0	0	0	0	0	0	0	0	0	0	0	23147404	
73	1	B	4	N	2500	0	1	66	14	2	2	3	0	0	0	0	0	0	0	0	0	0	0	0	23147748	
74	1	B	4	N	2500	0	40	338	138	35	28	40	0	0	0	0	0	0	0	0	0	0	0	0	23147748	
75	1	B	4	N	2500	0	40	414	157	48	35	50	0	0	0	0	0	0	0	0	0	0	0	0	23147826	
76	1	B	4	N	2500	0	40	248	104	25	22	29	0	0	0	0	0	0	0	0	0	0	0	0	23148028	
77	1	B	6	N	2500	6	40	385	139	38	29	39	0	0	0	0	0	0	0	0	0	0	0	0	23170570	
78	1	B	6	N	2500	2	1	228	91	28	24	35	0	0	0	0	0	0	0	0	0	0	0	0	23171007	
79	1	B	6	N	2500	2	1	267	60	15	10	18	0	0	0	0	0	0	0	0	0	0	0	0	23172084	
80	1	B	6	N	2500	6	40	293	121	35	28	38	0	0	0	0	0	0	0	0	0	0	0	0	23172162	
81	1	B	6	N	2500	2	1	175	70	27	24	36	0	0	0	0	0	0	0	0	0	0	0	0	23172661	
82	1	B	6	N	2500	6	40	301	106	35	25	39	0	0	0	0	0	0	0	0	0	0	0	0	23173519	
83	1	B	6	N	2500	0	40	301	93	27	20	31	0	0	0	0	0	0	0	0	0	0	0	0	23174580	
84	1	B	6	N	2500	0	40	282	106	33	27	40	0	0	0	0	0	0	0	0	0	0	0	0	23175172	
85	1	B	6	N	2500	0	1	177	99	33	22	33	0	0	0	0	0	0	0	0	0	0	0	0	23176015	
86	1	B	6	N	2500	0	40	326	118	29	23	40	0	0	0	0	0	0	0	0	0	0	0	0	23176795	
87	1	B	6	N	2500	0	40	407	173	50	39	58	0	0	0	0	0	0	0	0	0	0	0	0	23177200	
88	1	B	7	N	2500	2	1	153	59	16	17	29	0	0	0	0	0	0	0	0	0	0	0	0	23191474	
89	1	B	8	N	2500	6	40	235	125	35	28	45	0	0	0	0	0	0	0	0	0	0	0	0	23199118	
90	1	B	8	N	2500	6	40	371	157	42	35	48	0	0	0	0	0	0	0	0	0	0	0	0	23199477	
91	1	B	8	N	2500	6	40	370	131	32	28	46	0	0	0	0	0	0	0	0	0	0	0	0	23199633	
92	1	B	8	N	2500	0	40	414	165	51	38	56	0	0	0	0	0	0	0	0	0	0	0	0	23199649	
93	1	B	8	N	2500	0	40	213	147	42	35	48	0	0	0	0	0	0	0	0	0	0	0	0	23200054	
94	1	B	8	N	2500	0	40	276	152	39	34	49	0	0	0	0	0	0	0	0	0	0	0	0	23200164	
95	1	B	8	N	2500	0	40	445	168	52	43	67	0	0	0	0	0	0	0	0	0	0	0	0	23200990	
96	1	B	8	N	2500	0	40	407	172	53	38	61	0	0	0	0	0	0	0	0	0	0	0	0	23201037	
97	1	B	8	N	2500	0	40	199	123	31	24	34	0	0	0	0	0	0	0	0	0	0	0	0	23201240	
98	1	B	8	N	2500	0	40	415	166	51	35	55	0	0	0	0	0	0	0	0	0	0	0	0	23201427	
99	1	B	8	N	2500	0	2	158	141	53	39	51	0	0	0	0	0	0	0	0	0	0	0	0	23201505	
100	1	B	8	N	2500	0	40	201	113	42	34	50	0	0	0	0	0	0	0	0	0	0	0	0	23201536	
101	1	B	8	N	2500	0	40	332	124	40	30	47	0	0	0	0	0	0	0	0	0	0	0	0	23201833	
102	1	B	8	N	2500	0	40	335	137	37	31	48	0	0	0	0	0	0	0	0	0	0	0	0	23202394	
103	1	B	8	N	2500	0	40	332	132	39	27	40	0	0	0	0	0	0	0	0	0	0	0	0	23203268	
104	1	B	8	N	2500	0	40	275	106	32	24	38	0	0	0	0	0	0	0	0	0	0	0	0	23203330	
105	1	B	8	N	2500	0	40	308	116	29	23	41	0	0	0	0	0	0	0	0	0	0	0	0	23203377	
106	1	B	8	N	2500	0	40	228	136	43	37	57	0	0	0	0	0	0	0	0	0	0	0	0	23203908	
107	1	B	8	N	2500	0	40	385	160	43	34	53	0	0	0	0	0	0	0	0	0	0	0	0	23203923	
108	1	B	8	N	2500	0	1	146	87	22	19	31	0	0	0	0	0	0	0	0	0	0	0	0	23205093	
109	1	B	8	N	2500	0	40	304	123	34	28	41	0	0	0	0	0	0	0	0	0	0	0	0	23205171	
110	1	B	8	N	2500	0	40	265	122	40	29	45	0	0	0	0	0	0	0	0	0	0	0	0	23205374	
111	1	B	10	N	2500	6	40	344	152	44	37	61	0	0	0	0	0	0	0	0	0	0	0	0	23228431	
112	1	B	10	N	2500	6	40	431	164	45	36	58	0	0	0	0	0	0	0	0	0	0	0	0	23228524	
113	1	B	10	N	2500	6	40	352	120	32	26	43	0	0	0	0	0	0	0	0	0	0	0	0	23229804	
114	1	B	10	N	2500	0	40	216	126	36	30	42	0	0	0	0	0	0	0	0	0	0	0	0	23229835	
115	1	B	10	N	2500	0	40	399	168	46	38	59	0	0	0	0	0	0	0	0	0	0	0	0	23229960	
116	1	B	10	N	2500	0	40	492	189	58	44	63	0	0	0	0	0	0	0	0	0	0	0	0	23230303	
117	1	B	10	N	2500	0	40	348	132	36	27	42	0	0	0	0	0	0	0	0	0	0	0	0	23230615	
118	1	B	10	N	2500	0	40	311	164	48	35	48	0	0	0	0	0	0	0	0	0	0	0	0	23230631	
119	1	B	10	N	2500	0	1	193	92	36	29	45	0	0	0	0	0	0	0	0	0	0	0	0	23230818	
120	1	B	10	N	2500	0	40	407	163	47	35	57	0	0	0	0	0	0	0	0	0	0	0	0	23230943	
121	1	B	10	N	2500	0	40	358	125	36	28	43	0	0	0	0	0	0	0	0	0	0	0	0	23231598	
122	1	B	10	N	2500	0	1	71	59	30	47	86	0	0	0	0	0	0	0	0	0	0	0	0	23232986	
123	1	B	11	N	2500	6	40	183	119	35	29	41	0	0	0	0	0	0	0	0	0	0	0	0	23248727	
124	1	B	12	N	2500	6	40	445	174	45	34	42	0	0	0	0	0	0	0	0	0	0	0	0	23257556	
125	1	B	12	N	2500	6	40	336	129	36	28	41	0	0	0	0	0	0	0	0	0	0	0	0	23257697	
126	1	B	12	N	2500	2	1	150	118	35	25	34	0	0	0	0	0	0	0	0	0	0	0	0	23257884	
127	1	B	12	N	2500	6	40	204	133	37	31	45	0	0	0	0	0	0	0	0	0	0	0	0	23258633	
128	1	B	12	N	2500	0	40	308	121	31	25	39	0	0	0	0	0	0	0	0	0	0	0	0	23259116	
129	1	B	12	N	2500	0	40	262	112	25	20	28	0	0	0	0	0	0	0	0	0	0	0	0	23259225	
130	1	B	12	N	2500	0	40	281	88	24	19	25	0	0	0	0	0	0	0	0	0	0	0	0	23259740	
131	1	B	12	N	2500	0	40	236	105	25	21	32	0	0	0	0	0	0	0	0	0	0	0	0	23259787	
132	1	B	12	N	2500	0	40	356	124	26	20	30	0	0	0	0	0	0	0	0	0	0	0	0	23260598	
133	1	B	12	N	2500	0	40	285	102	23	18	24	0	0	0	0	0	0	0	0	0	0	0	0	23260895	
134	1	B	12	N	2500	0	40	355	143	39	30	46	0	0	0	0	0	0	0	0	0	0	0	0	23261550	
135	1	B	12	N	2500	0	40	326	106	27	22	29	0	0	0	0	0	0	0	0	0	0	0	0	23261628	
136	1	B	12	N	2500	0	40	361	113	30	23	31	0	0	0	0	0	0	0	0	0	0	0	0	23261940	
137	1	B	12	N	2500	0	1	197	108	33	23	31	0	0	0	0	0	0	0	0	0	0	0	0	23262689	
138	1	B	12	N	2500	0	40	269	104	25	20	29	0	0	0	0	0	0	0	0	0	0	0	0	23263703	
139	1	C	1	N	2500	6	40	372	145	38	31	43	0	0	0	0	0	0	0	0	0	0	0	0	23277992	
140	1	C	2	N	2500	6	40	200	118	35	25	31	0	0	0	0	0	0	0	0	0	0	0	0	23289240	
141	1	C	2	N	2500	2	1	106	50	12	9	12	0	0	0	0	0	0	0	0	0	0	0	0	23290987	
142	1	C	2	N	2500	2	1	206	84	27	22	34	0	0	0	0	0	0	0	0	0	0	0	0	23292360	
143	1	C	2	N	2500	6	40	280	87	21	15	24	0	0	0	0	0	0	0	0	0	0	0	0	23293124	
144	1	C	4	N	2500	6	40	380	142	38	31	46	0	0	0	0	0	0	0	0	0	0	0	0	23319660	
145	1	C	4	N	2500	2	1	112	54	15	12	20	0	0	0	0	0	0	0	0	0	0	0	0	23320112	
146	1	C	4	N	2500	2	1	51	22	7	8	20	0	0	0	0	0	0	0	0	0	0	0	0	23321454	
147	1	C	6	N	2500	2	1	173	110	31	28	35	0	0	0	0	0	0	0	0	0	0	0	0	23345353	
148	1	C	6	N	2500	2	1	50	10	4	5	12	0	0	0	0	0	0	0	0	0	0	0	0	23346508	
149	1	C	6	N	2500	10	40	284	111	32	26	38	0	0	0	0	0	0	0	0	0	0	0	0	23346508	
150	1	C	6	N	2500	6	40	370	141	39	33	49	0	0	0	0	0	0	0	0	0	0	0	0	23346570	
151	1	C	6	N	2500	6	40	173	123	34	29	42	0	0	0	0	0	0	0	0	0	0	0	0	23346664	
152	1	C	6	N	2500	6	40	305	109	32	25	35	0	0	0	0	0	0	0	0	0	0	0	0	23346991	
153	1	C	6	N	2500	0	40	386	142	39	33	44	0	0	0	0	0	0	0	0	0	0	0	0	23347802	
154	1	C	6	N	2500	0	40	252	125	38	31	46	0	0	0	0	0	0	0	0	0	0	0	0	23348395	
155	1	C	6	N	2500	0	40	232	133	45	34	40	0	0	0	0	0	0	0	0	0	0	0	0	23349300	
156	1	C	6	N	2500	0	1	186	83	19	16	25	0	0	0	0	0	0	0	0	0	0	0	0	23349674	
157	1	C	6	N	2500	0	1	221	85	23	18	24	0	0	0	0	0	0	0	0	0	0	0	0	23349690	
158	1	C	6	N	2500	0	40	218	108	32	25	38	0	0	0	0	0	0	0	0	0	0	0	0	23349830	
159	1	C	6	N	2500	0	1	86	45	11	10	14	0	0	0	0	0	0	0	0	0	0	0	0	23349908	
160	1	C	6	N	2500	0	1	116	41	10	9	13	0	0	0	0	0	0	0	0	0	0	0	0	23349908	
161	1	C	6	N	2500	0	40	382	133	34	29	43	0	0	0	0	0	0	0	0	0	0	0	0	23352701	
162	1	C	6	N	2500	0	40	282	133	46	34	49	0	0	0	0	0	0	0	0	0	0	0	0	23352716	
163	1	C	7	N	2500	6	40	429	157	41	32	47	0	0	0	0	0	0	0	0	0	0	0	0	23364136	
164	1	C	8	N	2500	6	40	387	134	40	31	47	0	0	0	0	0	0	0	0	0	0	0	0	23375851	
165	1	C	8	N	2500	2	1	131	68	15	12	19	0	0	0	0	0	0	0	0	0	0	0	0	23376288	
166	1	C	8	N	2500	6	40	295	115	34	29	42	0	0	0	0	0	0	0	0	0	0	0	0	23376319	
167	1	C	8	N	2500	2	1	202	86	28	21	35	0	0	0	0	0	0	0	0	0	0	0	0	23376569	
168	1	C	8	N	2500	2	1	64	20	3	3	6	0	0	0	0	0	0	0	0	0	0	0	0	23376569	
169	1	C	8	N	2500	6	40	261	122	38	31	46	0	0	0	0	0	0	0	0	0	0	0	0	23376834	
170	1	C	8	N	2500	0	40	255	122	33	27	41	0	0	0	0	0	0	0	0	0	0	0	0	23377037	
171	1	C	8	N	2500	0	40	223	110	41	30	44	0	0	0	0	0	0	0	0	0	0	0	0	23377349	
172	1	C	8	N	2500	0	40	267	94	26	21	29	0	0	0	0	0	0	0	0	0	0	0	0	23378971	
173	1	C	8	N	2500	0	40	271	99	29	23	35	0	0	0	0	0	0	0	0	0	0	0	0	23379096	
174	1	C	8	N	2500	0	1	191	62	15	13	22	0	0	0	0	0	0	0	0	0	0	0	0	23380562	
175	1	C	10	N	2500	6	40	302	118	31	27	44	0	0	0	0	0	0	0	0	0	0	0	0	23403167	
176	1	C	10	N	2500	6	40	183	118	35	32	44	0	0	0	0	0	0	0	0	0	0	0	0	23403401	
177	1	C	10	N	2500	6	40	295	112	34	26	42	0	0	0	0	0	0	0	0	0	0	0	0	23404727	
178	1	C	10	N	2500	0	40	277	100	29	25	29	0	0	0	0	0	0	0	0	0	0	0	0	23406131	
179	1	C	10	N	2500	0	40	314	107	29	23	36	0	0	0	0	0	0	0	0	0	0	0	0	23406599	
180	1	C	10	N	2500	0	40	179	130	43	31	45	0	0	0	0	0	0	0	0	0	0	0	0	23406926	
181	1	C	10	N	2500	0	1	235	82	20	18	26	0	0	0	0	0	0	0	0	0	0	0	0	23409001	
182	1	C	10	N	2500	0	40	215	130	38	33	49	0	0	0	0	0	0	0	0	0	0	0	0	23409064	
183	1	C	10	N	2500	0	40	288	101	29	25	36	0	0	0	0	0	0	0	0	0	0	0	0	23410046	
184	1	C	11	N	2500	6	40	227	112	33	28	36	0	0	0	0	0	0	0	0	0	0	0	0	23419625	
185	1	C	11	N	2500	2	1	63	11	3	3	13	0	0	0	0	0	0	0	0	0	0	0	0	23421029	
186	1	C	11	N	2500	33	1	61	10	4	2	8	0	0	0	0	0	0	0	0	0	0	0	0	23421029	
187	1	C	11	N	2500	2	1	80	13	3	3	13	0	0	0	0	0	0	0	0	0	0	0	0	23421029	
188	1	C	12	N	2500	2	1	52	10	1	1	3	0	0	0	0	0	0	0	0	0	0	0	0	23432854	
189	1	C	12	N	2500	2	1	263	75	17	15	23	0	0	0	0	0	0	0	0	0	0	0	0	23434523	
190	1	C	12	N	2500	2	1	239	95	23	18	29	0	0	0	0	0	0	0	0	0	0	0	0	23435116	
191	1	C	12	N	2500	6	40	318	80	18	15	25	0	0	0	0	0	0	0	0	0	0	0	0	23435240	
192	1	C	12	N	2500	6	40	292	137	40	31	42	0	0	0	0	0	0	0	0	0	0	0	0	23435287	
193	1	C	12	N	2500	2	1	218	58	12	9	14	0	0	0	0	0	0	0	0	0	0	0	0	23436816	
194	1	C	12	N	2500	2	1	147	121	34	27	42	0	0	0	0	0	0	0	0	0	0	0	0	23437112	
195	1	C	12	N	2500	6	40	336	136	37	29	39	0	0	0	0	0	0	0	0	0	0	0	0	23437939	
196	1	C	12	N	2500	0	40	236	115	34	25	38	0	0	0	0	0	0	0	0	0	0	0	0	23437970	
197	1	C	12	N	2500	0	40	257	102	28	25	34	0	0	0	0	0	0	0	0	0	0	0	0	23438626	
198	1	D	2	N	2500	6	40	262	107	30	28	41	0	0	0	0	0	0	0	0	0	0	0	0	23463477	
199	1	D	2	N	2500	2	1	96	38	6	5	9	0	0	0	0	0	0	0	0	0	0	0	0	23464725	
200	1	D	2	N	2500	2	1	208	64	16	13	23	0	0	0	0	0	0	0	0	0	0	0	0	23467314	
201	1	D	2	N	2500	6	40	267	107	28	24	38	0	0	0	0	0	0	0	0	0	0	0	0	23469498	
202	1	D	6	N	2500	2	1	142	74	17	16	26	0	0	0	0	0	0	0	0	0	0	0	0	23522211	
203	1	D	6	N	2500	6	40	176	116	37	35	45	0	0	0	0	0	0	0	0	0	0	0	0	23524597	
204	1	D	6	N	2500	6	40	388	172	50	40	55	0	0	0	0	0	0	0	0	0	0	0	0	23526173	
205	1	D	8	N	2500	6	40	345	140	40	33	46	0	0	0	0	0	0	0	0	0	0	0	0	23550883	
206	1	D	8	N	2500	6	40	222	141	47	35	47	0	0	0	0	0	0	0	0	0	0	0	0	23552865	
207	1	D	8	N	2500	6	40	203	127	48	35	46	0	0	0	0	0	0	0	0	0	0	0	0	23553239	
208	1	D	8	N	2500	0	40	379	149	42	34	50	0	0	0	0	0	0	0	0	0	0	0	0	23553957	
209	1	D	8	N	2500	0	40	477	197	54	41	51	0	0	0	0	0	0	0	0	0	0	0	0	23555111	
210	1	D	8	N	2500	0	1	176	72	17	14	21	0	0	0	0	0	0	0	0	0	0	0	0	23555595	
211	1	D	8	N	2500	0	40	324	137	36	31	49	0	0	0	0	0	0	0	0	0	0	0	0	23556499	
212	1	D	10	N	2500	2	1	141	115	42	32	43	0	0	0	0	0	0	0	0	0	0	0	0	23579385	
213	1	D	10	N	2500	6	40	311	132	43	36	53	0	0	0	0	0	0	0	0	0	0	0	0	23579478	
214	1	D	10	N	2500	6	40	249	116	42	31	41	0	0	0	0	0	0	0	0	0	0	0	0	23579619	
215	1	D	10	N	2500	6	40	242	128	46	33	45	0	0	0	0	0	0	0	0	0	0	0	0	23580056	
216	1	D	10	N	2500	0	1	260	80	20	16	28	0	0	0	0	0	0	0	0	0	0	0	0	23581210	
217	1	D	10	N	2500	0	40	404	155	41	35	56	0	0	0	0	0	0	0	0	0	0	0	0	23582536	
218	1	D	10	N	2500	0	40	320	117	34	29	35	0	0	0	0	0	0	0	0	0	0	0	0	23582786	
219	1	D	10	N	2500	0	1	134	29	7	7	10	0	0	0	0	0	0	0	0	0	0	0	0	23583004	
220	1	D	10	N	2500	0	1	207	94	31	25	33	0	0	0	0	0	0	0	0	0	0	0	0	23583004	
221	1	D	10	N	2500	0	40	325	134	49	35	52	0	0	0	0	0	0	0	0	0	0	0	0	23583456	
222	1	D	10	N	2500	0	40	246	132	43	31	47	0	0	0	0	0	0	0	0	0	0	0	0	23583878	
223	1	D	10	N	2500	0	40	416	156	43	33	48	0	0	0	0	0	0	0	0	0	0	0	0	23584985	
224	1	D	12	N	2500	2	1	140	31	6	6	11	0	0	0	0	0	0	0	0	0	0	0	0	23608214	
225	1	E	2	N	2500	2	1	54	17	4	5	10	0	0	0	0	0	0	0	0	0	0	0	0	23640318	
226	1	E	2	N	2500	2	1	190	58	12	13	25	0	0	0	0	0	0	0	0	0	0	0	0	23640428	
227	1	E	2	N	2500	2	1	128	64	13	12	18	0	0	0	0	0	0	0	0	0	0	0	0	23640989	
228	1	E	2	N	2500	2	1	55	19	4	6	12	0	0	0	0	0	0	0	0	0	0	0	0	23642315	
229	1	E	2	N	2500	2	1	242	87	22	18	24	0	0	0	0	0	0	0	0	0	0	0	0	23643657	
230	1	E	2	N	2500	2	1	67	19	4	5	10	0	0	0	0	0	0	0	0	0	0	0	0	23643891	
231	1	E	2	N	2500	6	40	337	120	34	26	37	0	0	0	0	0	0	0	0	0	0	0	0	23644109	
232	1	E	2	N	2500	2	1	207	96	19	17	25	0	0	0	0	0	0	0	0	0	0	0	0	23644250	
233	1	E	2	N	2500	2	1	82	25	5	7	11	0	0	0	0	0	0	0	0	0	0	0	0	23644281	
234	1	E	2	N	2500	2	1	242	66	13	11	16	0	0	0	0	0	0	0	0	0	0	0	0	23645045	
235	1	E	3	N	2500	6	40	321	107	24	19	25	0	0	0	0	0	0	0	0	0	0	0	0	23658570	
236	1	E	3	N	2500	2	1	177	62	13	11	18	0	0	0	0	0	0	0	0	0	0	0	0	23659070	
237	1	E	4	N	2500	6	40	350	118	34	26	40	0	0	0	0	0	0	0	0	0	0	0	0	23669849	
238	1	E	4	N	2500	6	40	322	86	21	18	27	0	0	0	0	0	0	0	0	0	0	0	0	23672298	
239	1	E	4	N	2500	2	1	179	78	21	16	26	0	0	0	0	0	0	0	0	0	0	0	0	23672595	
240	1	E	5	N	2500	2	1	110	36	13	14	30	0	0	0	0	0	0	0	0	0	0	0	0	23682532	
241	1	E	6	N	2500	6	40	256	130	45	35	55	0	0	0	0	0	0	0	0	0	0	0	0	23698179	
242	1	E	6	N	2500	6	40	365	111	28	25	34	0	0	0	0	0	0	0	0	0	0	0	0	23700051	
243	1	E	6	N	2500	2	1	104	34	7	6	13	0	0	0	0	0	0	0	0	0	0	0	0	23700566	
244	1	E	6	N	2500	6	40	295	110	29	25	45	0	0	0	0	0	0	0	0	0	0	0	0	23702344	
245	1	E	8	N	2500	6	40	257	128	39	34	52	0	0	0	0	0	0	0	0	0	0	0	0	23728412	
246	1	E	8	N	2500	2	1	297	78	18	16	25	0	0	0	0	0	0	0	0	0	0	0	0	23729800	
247	1	E	8	N	2500	6	40	391	164	46	39	59	0	0	0	0	0	0	0	0	0	0	0	0	23732421	
248	1	E	9	N	2500	6	40	223	105	37	32	46	0	0	0	0	0	0	0	0	0	0	0	0	23741032	
249	1	E	9	N	2500	6	40	225	123	40	34	52	0	0	0	0	0	0	0	0	0	0	0	0	23745853	
250	1	E	9	N	2500	6	40	285	120	40	31	43	0	0	0	0	0	0	0	0	0	0	0	0	23746555	
251	1	E	10	N	2500	2	1	226	70	19	18	26	0	0	0	0	0	0	0	0	0	0	0	0	23754698	
252	1	E	10	N	2500	2	1	185	112	36	30	40	0	0	0	0	0	0	0	0	0	0	0	0	23755759	
253	1	E	10	N	2500	6	40	316	117	28	26	35	0	0	0	0	0	0	0	0	0	0	0	0	23757116	
254	1	E	10	N	2500	6	40	317	115	33	30	48	0	0	0	0	0	0	0	0	0	0	0	0	23757412	
255	1	E	10	N	2500	6	40	290	110	35	28	39	0	0	0	0	0	0	0	0	0	0	0	0	23757989	
256	1	E	10	N	2500	0	1	179	73	16	14	20	0	0	0	0	0	0	0	0	0	0	0	0	23760907	
257	1	E	12	N	2500	2	1	139	90	26	21	27	0	0	0	0	0	0	0	0	0	0	0	0	23785087	
258	1	E	12	N	2500	6	40	271	103	26	24	37	0	0	0	0	0	0	0	0	0	0	0	0	23786787	
259	1	F	2	N	2500	2	1	57	10	3	4	14	0	0	0	0	0	0	0	0	0	0	0	0	23817597	
260	1	F	2	N	2500	2	1	51	17	5	5	12	0	0	0	0	0	0	0	0	0	0	0	0	23819157	
261	1	F	2	N	2500	2	1	196	105	24	22	41	0	0	0	0	0	0	0	0	0	0	0	0	23819656	
262	1	F	2	N	2500	8	40	274	98	22	19	30	0	0	0	0	0	0	0	0	0	0	0	0	23819656	
263	1	F	2	N	2500	6	40	223	110	29	26	37	0	0	0	0	0	0	0	0	0	0	0	0	23819984	
264	1	F	2	N	2500	6	40	430	135	30	27	40	0	0	0	0	0	0	0	0	0	0	0	0	23820124	
265	1	F	2	N	2500	2	1	84	18	6	8	19	0	0	0	0	0	0	0	0	0	0	0	0	23820390	
266	1	F	2	N	2500	2	1	402	102	25	20	29	0	0	0	0	0	0	0	0	0	0	0	0	23820577	
267	1	F	2	N	2500	6	40	375	144	39	30	43	0	0	0	0	0	0	0	0	0	0	0	0	23821014	
268	1	F	2	N	2500	0	40	399	153	38	34	45	0	0	0	0	0	0	0	0	0	0	0	0	23821435	
269	1	F	3	N	2500	6	40	335	95	24	19	28	0	0	0	0	0	0	0	0	0	0	0	0	23833618	
270	1	F	3	N	2500	2	1	56	14	4	5	10	0	0	0	0	0	0	0	0	0	0	0	0	23835054	
271	1	F	4	N	2500	6	40	318	108	26	22	33	0	0	0	0	0	0	0	0	0	0	0	0	23843977	
272	1	F	4	N	2500	6	40	363	145	41	34	49	0	0	0	0	0	0	0	0	0	0	0	0	23849312	
273	1	F	4	N	2500	2	1	95	48	77	105	133	0	0	0	0	0	0	0	0	0	0	0	0	23849936	
274	1	F	6	N	2500	2	1	64	11	4	5	9	0	0	0	0	0	0	0	0	0	0	0	0	23872416	
275	1	F	6	N	2500	2	1	74	18	6	8	15	0	0	0	0	0	0	0	0	0	0	0	0	23872790	
276	1	F	6	N	2500	6	40	352	146	43	32	54	0	0	0	0	0	0	0	0	0	0	0	0	23874537	
277	1	F	6	N	2500	6	40	327	118	31	26	38	0	0	0	0	0	0	0	0	0	0	0	0	23874990	
278	1	F	6	N	2500	6	40	251	117	35	26	37	0	0	0	0	0	0	0	0	0	0	0	0	23875177	
279	1	F	6	N	2500	0	1	180	86	20	17	25	0	0	0	0	0	0	0	0	0	0	0	0	23876799	
280	1	F	6	N	2500	0	40	273	132	36	31	44	0	0	0	0	0	0	0	0	0	0	0	0	23878765	
281	1	F	6	N	2500	0	40	275	127	35	29	40	0	0	0	0	0	0	0	0	0	0	0	0	23879623	
282	1	F	7	N	2500	6	40	273	91	21	18	29	0	0	0	0	0	0	0	0	0	0	0	0	23888499	
283	1	F	8	N	2500	6	40	289	95	27	23	35	0	0	0	0	0	0	0	0	0	0	0	0	23901915	
284	1	F	8	N	2500	6	40	292	112	27	24	36	0	0	0	0	0	0	0	0	0	0	0	0	23903132	
285	1	F	8	N	2500	6	40	273	121	36	29	43	0	0	0	0	0	0	0	0	0	0	0	0	23903881	
286	1	F	8	N	2500	0	40	313	114	27	23	31	0	0	0	0	0	0	0	0	0	0	0	0	23904536	
287	1	F	8	N	2500	0	40	327	133	42	32	46	0	0	0	0	0	0	0	0	0	0	0	0	23905222	
288	1	F	8	N	2500	0	1	56	11	5	6	13	0	0	0	0	0	0	0	0	0	0	0	0	23905316	
289	1	F	8	N	2500	0	40	215	128	43	34	50	0	0	0	0	0	0	0	0	0	0	0	0	23906236	
290	1	F	8	N	2500	0	40	324	128	40	33	50	0	0	0	0	0	0	0	0	0	0	0	0	23906611	
291	1	F	9	N	2500	6	40	291	121	34	27	39	0	0	0	0	0	0	0	0	0	0	0	0	23920292	
292	1	F	9	N	2500	2	1	159	65	17	15	25	0	0	0	0	0	0	0	0	0	0	0	0	23920417	
293	1	F	9	N	2500	6	40	283	115	31	28	41	0	0	0	0	0	0	0	0	0	0	0	0	23921072	
294	1	F	10	N	2500	6	40	294	119	31	27	39	0	0	0	0	0	0	0	0	0	0	0	0	23931337	
295	1	F	10	N	2500	6	40	320	117	33	27	42	0	0	0	0	0	0	0	0	0	0	0	0	23933100	
296	1	F	10	N	2500	2	1	96	33	5	4	5	0	0	0	0	0	0	0	0	0	0	0	0	23934301	
297	1	F	10	N	2500	6	40	214	109	33	25	36	0	0	0	0	0	0	0	0	0	0	0	0	23935065	
298	1	F	10	N	2500	0	1	273	85	18	16	24	0	0	0	0	0	0	0	0	0	0	0	0	23937093	
299	1	F	10	N	2500	0	1	164	82	21	17	27	0	0	0	0	0	0	0	0	0	0	0	0	23937249	
300	1	F	11	N	2500	2	1	181	78	15	13	18	0	0	0	0	0	0	0	0	0	0	0	0	23948637	
301	1	F	12	N	2500	6	40	335	112	32	25	43	0	0	0	0	0	0	0	0	0	0	0	0	23962381	
302	1	F	12	N	2500	2	1	226	74	15	12	20	0	0	0	0	0	0	0	0	0	0	0	0	23962412	
303	1	F	12	N	2500	6	40	305	133	36	31	47	0	0	0	0	0	0	0	0	0	0	0	0	23964175	
304	1	F	12	N	2500	2	1	128	32	7	9	17	0	0	0	0	0	0	0	0	0	0	0	0	23965579	
305	1	F	12	N	2500	6	40	372	122	31	23	41	0	0	0	0	0	0	0	0	0	0	0	0	23965922	
306	1	G	2	N	2500	2	1	98	52	9	8	11	0	0	0	0	0	0	0	0	0	0	0	0	23989026	
307	1	G	2	N	2500	2	1	101	24	16	6	9	0	0	0	0	0	0	0	0	0	0	0	0	23989525	
308	1	G	4	N	2500	2	1	52	10	5	4	4	0	0	0	0	0	0	0	0	0	0	0	0	24019368	
309	1	G	4	N	2500	2	1	71	28	17	9	9	0	0	0	0	0	0	0	0	0	0	0	0	24019742	
310	1	G	4	N	2500	6	40	266	94	25	20	27	0	0	0	0	0	0	0	0	0	0	0	0	24020148	
311	1	G	4	N	2500	6	40	294	94	24	20	30	0	0	0	0	0	0	0	0	0	0	0	0	24020397	
312	1	G	4	N	2500	2	1	68	41	16	4	5	0	0	0	0	0	0	0	0	0	0	0	0	24021209	
313	1	G	4	N	2500	6	40	306	114	33	27	41	0	0	0	0	0	0	0	0	0	0	0	0	24021614	
314	1	G	4	N	2500	0	1	180	108	32	26	36	0	0	0	0	0	0	0	0	0	0	0	0	24021864	
315	1	G	4	N	2500	0	40	295	108	27	25	38	0	0	0	0	0	0	0	0	0	0	0	0	24021989	
316	1	G	4	N	2500	0	1	199	100	31	23	34	0	0	0	0	0	0	0	0	0	0	0	0	24022597	
317	1	G	4	N	2500	0	40	388	115	25	22	32	0	0	0	0	0	0	0	0	0	0	0	0	24022722	
318	1	G	4	N	2500	0	1	217	95	23	20	31	0	0	0	0	0	0	0	0	0	0	0	0	24022753	
319	1	G	4	N	2500	0	40	314	122	38	31	42	0	0	0	0	0	0	0	0	0	0	0	0	24022831	
320	1	G	4	N	2500	0	1	188	62	15	12	19	0	0	0	0	0	0	0	0	0	0	0	0	24022909	
321	1	G	4	N	2500	0	1	152	93	26	20	27	0	0	0	0	0	0	0	0	0	0	0	0	24023611	
322	1	G	4	N	2500	0	1	154	42	12	13	29	0	0	0	0	0	0	0	0	0	0	0	0	24023736	
323	1	G	4	N	2500	0	40	291	139	41	36	61	0	0	0	0	0	0	0	0	0	0	0	0	24024048	
324	1	G	4	N	2500	0	1	219	91	23	19	29	0	0	0	0	0	0	0	0	0	0	0	0	24024953	
325	1	G	5	N	2500	2	1	50	28	12	6	6	0	0	0	0	0	0	0	0	0	0	0	0	24034219	
326	1	G	6	N	2500	2	1	103	22	16	4	6	0	0	0	0	0	0	0	0	0	0	0	0	24047713	
327	1	G	6	N	2500	2	1	126	94	30	28	40	0	0	0	0	0	0	0	0	0	0	0	0	24048134	
328	1	G	6	N	2500	2	1	73	25	14	4	3	0	0	0	0	0	0	0	0	0	0	0	0	24048649	
329	1	G	6	N	2500	6	40	360	124	35	30	46	0	0	0	0	0	0	0	0	0	0	0	0	24048836	
330	1	G	6	N	2500	2	1	162	68	15	13	19	0	0	0	0	0	0	0	0	0	0	0	0	24049133	
331	1	G	6	N	2500	6	40	288	102	26	23	31	0	0	0	0	0	0	0	0	0	0	0	0	24049258	
332	1	G	6	N	2500	2	1	170	95	24	20	28	0	0	0	0	0	0	0	0	0	0	0	0	24050412	
333	1	G	7	N	2500	6	40	271	127	40	29	35	0	0	0	0	0	0	0	0	0	0	0	0	24063313	
334	1	G	7	N	2500	2	1	260	83	19	17	21	0	0	0	0	0	0	0	0	0	0	0	0	24064124	
335	1	G	8	N	2500	6	40	309	96	23	17	23	0	0	0	0	0	0	0	0	0	0	0	0	24076729	
336	1	G	8	N	2500	2	1	171	71	15	14	22	0	0	0	0	0	0	0	0	0	0	0	0	24078149	
337	1	G	8	N	2500	2	1	109	49	16	16	25	0	0	0	0	0	0	0	0	0	0	0	0	24081253	
338	1	G	8	N	2500	6	40	252	103	25	20	24	0	0	0	0	0	0	0	0	0	0	0	0	24081674	
339	1	G	8	N	2500	2	1	135	62	16	15	24	0	0	0	0	0	0	0	0	0	0	0	0	24081706	
340	1	G	8	N	2500	2	1	187	86	25	17	26	0	0	0	0	0	0	0	0	0	0	0	0	24083125	
341	1	G	10	N	2500	6	40	305	128	42	30	42	0	0	0	0	0	0	0	0	0	0	0	0	24105901	
342	1	G	10	N	2500	6	40	367	133	37	27	46	0	0	0	0	0	0	0	0	0	0	0	0	24107758	
343	1	G	10	N	2500	6	40	257	141	40	33	46	0	0	0	0	0	0	0	0	0	0	0	0	24108288	
344	1	G	10	N	2500	0	40	329	129	35	30	42	0	0	0	0	0	0	0	0	0	0	0	0	24108647	
345	1	G	10	N	2500	0	40	297	130	36	32	50	0	0	0	0	0	0	0	0	0	0	0	0	24108709	
346	1	G	10	N	2500	0	40	201	131	38	29	42	0	0	0	0	0	0	0	0	0	0	0	0	24108756	
347	1	G	10	N	2500	0	1	164	98	34	25	31	0	0	0	0	0	0	0	0	0	0	0	0	24109130	
348	1	G	10	N	2500	0	40	344	142	43	32	47	0	0	0	0	0	0	0	0	0	0	0	0	24109333	
349	1	G	10	N	2500	0	1	65	12	2	2	5	0	0	0	0	0	0	0	0	0	0	0	0	24109458	
350	1	G	10	N	2500	0	40	342	143	37	31	47	0	0	0	0	0	0	0	0	0	0	0	0	24110066	
351	1	G	10	N	2500	0	40	342	137	37	32	45	0	0	0	0	0	0	0	0	0	0	0	0	24110098	
352	1	G	10	N	2500	0	1	153	74	20	19	31	0	0	0	0	0	0	0	0	0	0	0	0	24110222	
353	1	G	10	N	2500	0	40	365	130	34	28	42	0	0	0	0	0	0	0	0	0	0	0	0	24110566	
354	1	G	10	N	2500	0	40	211	120	43	34	47	0	0	0	0	0	0	0	0	0	0	0	0	24111580	
355	1	G	10	N	2500	0	1	163	37	5	5	8	0	0	0	0	0	0	0	0	0	0	0	0	24111907	
356	1	G	10	N	2500	0	40	212	128	35	31	48	0	0	0	0	0	0	0	0	0	0	0	0	24112048	
357	1	G	11	N	2500	6	40	334	149	39	33	52	0	0	0	0	0	0	0	0	0	0	0	0	24120097	
358	1	G	11	N	2500	2	1	56	15	10	2	3	0	0	0	0	0	0	0	0	0	0	0	0	24120113	
359	1	G	11	N	2500	6	40	328	135	37	30	44	0	0	0	0	0	0	0	0	0	0	0	0	24122250	
360	1	G	11	N	2500	6	40	349	144	42	32	46	0	0	0	0	0	0	0	0	0	0	0	0	24122375	
361	1	G	12	N	2500	2	1	66	24	9	3	4	0	0	0	0	0	0	0	0	0	0	0	0	24134496	
362	1	G	12	N	2500	2	1	104	28	16	3	5	0	0	0	0	0	0	0	0	0	0	0	0	24135042	
363	1	G	12	N	2500	2	1	51	13	6	4	5	0	0	0	0	0	0	0	0	0	0	0	0	24137678	
364	1	G	12	N	2500	2	1	141	84	63	34	36	0	0	0	0	0	0	0	0	0	0	0	0	24137678	
365	1	G	12	N	2500	2	1	122	32	20	12	16	0	0	0	0	0	0	0	0	0	0	0	0	24137678	
366	1	G	12	N	2500	2	1	236	75	14	12	15	0	0	0	0	0	0	0	0	0	0	0	0	24137772	
367	1	G	12	N	2500	6	40	225	106	30	23	38	0	0	0	0	0	0	0	0	0	0	0	0	24138926	
368	1	G	12	N	2500	6	40	222	107	30	27	37	0	0	0	0	0	0	0	0	0	0	0	0	24140892	
369	1	H	1	N	2500	2	1	119	51	13	9	25	0	0	0	0	0	0	0	0	0	0	0	0	24153263	
370	1	H	1	N	2500	2	1	72	17	7	5	7	0	0	0	0	0	0	0	0	0	0	0	0	24153357	
371	1	H	1	N	2500	2	1	112	68	30	12	13	0	0	0	0	0	0	0	0	0	0	0	0	24153965	
372	1	H	1	N	2500	2	1	83	46	29	9	11	0	0	0	0	0	0	0	0	0	0	0	0	24157662	
373	1	H	2	N	2500	6	40	342	124	37	32	52	0	0	0	0	0	0	0	0	0	0	0	0	24165727	
374	1	H	2	N	2500	2	1	196	96	27	21	30	0	0	0	0	0	0	0	0	0	0	0	0	24165993	
375	1	H	2	N	2500	6	40	263	123	31	28	39	0	0	0	0	0	0	0	0	0	0	0	0	24166117	
376	1	H	2	N	2500	2	1	228	69	17	12	18	0	0	0	0	0	0	0	0	0	0	0	0	24166570	
377	1	H	2	N	2500	2	1	73	14	2	2	4	0	0	0	0	0	0	0	0	0	0	0	0	24166882	
378	1	H	2	N	2500	6	40	243	119	38	29	44	0	0	0	0	0	0	0	0	0	0	0	0	24166991	
379	1	H	2	N	2500	0	1	185	102	28	23	31	0	0	0	0	0	0	0	0	0	0	0	0	24167007	
380	1	H	2	N	2500	0	40	179	124	40	36	44	0	0	0	0	0	0	0	0	0	0	0	0	24168208	
381	1	H	2	N	2500	0	1	124	78	29	24	38	0	0	0	0	0	0	0	0	0	0	0	0	24168411	
382	1	H	2	N	2500	0	1	226	75	16	13	20	0	0	0	0	0	0	0	0	0	0	0	0	24168925	
383	1	H	2	N	2500	0	40	326	118	29	25	36	0	0	0	0	0	0	0	0	0	0	0	0	24170080	
384	1	H	3	N	2500	6	40	309	94	29	22	33	0	0	0	0	0	0	0	0	0	0	0	0	24179674	
385	1	H	3	N	2500	2	1	96	34	41	46	99	0	0	0	0	0	0	0	0	0	0	0	0	24186413	
386	1	H	4	N	2500	2	1	197	87	34	28	45	0	0	0	0	0	0	0	0	0	0	0	0	24194041	
387	1	H	4	N	2500	2	1	76	32	20	4	7	0	0	0	0	0	0	0	0	0	0	0	0	24194509	
388	1	H	4	N	2500	2	1	73	19	11	3	4	0	0	0	0	0	0	0	0	0	0	0	0	24194587	
389	1	H	4	N	2500	6	40	315	115	32	25	41	0	0	0	0	0	0	0	0	0	0	0	0	24195009	
390	1	H	4	N	2500	6	40	338	119	33	27	37	0	0	0	0	0	0	0	0	0	0	0	0	24195024	
391	1	H	4	N	2500	2	1	67	21	14	3	5	0	0	0	0	0	0	0	0	0	0	0	0	24198238	
392	1	H	5	N	2500	2	1	208	47	6	6	9	0	0	0	0	0	0	0	0	0	0	0	0	24212403	
393	1	H	6	N	2500	6	40	198	111	31	26	38	0	0	0	0	0	0	0	0	0	0	0	0	24223853	
394	1	H	6	N	2500	6	40	329	116	32	29	40	0	0	0	0	0	0	0	0	0	0	0	0	24224212	
395	1	H	6	N	2500	6	40	321	139	44	37	57	0	0	0	0	0	0	0	0	0	0	0	0	24224851	
396	1	H	6	N	2500	0	40	361	160	44	41	58	0	0	0	0	0	0	0	0	0	0	0	0	24224976	
397	1	H	6	N	2500	0	40	296	142	45	36	50	0	0	0	0	0	0	0	0	0	0	0	0	24225787	
398	1	H	6	N	2500	0	40	294	132	42	35	59	0	0	0	0	0	0	0	0	0	0	0	0	24225897	
399	1	H	6	N	2500	0	40	340	122	37	31	49	0	0	0	0	0	0	0	0	0	0	0	0	24226177	
400	1	H	6	N	2500	0	1	117	51	8	9	18	0	0	0	0	0	0	0	0	0	0	0	0	24226271	
401	1	H	6	N	2500	0	40	362	133	36	32	53	0	0	0	0	0	0	0	0	0	0	0	0	24226489	
402	1	H	6	N	2500	0	1	53	17	0	1	3	0	0	0	0	0	0	0	0	0	0	0	0	24226521	
403	1	H	6	N	2500	0	40	215	138	45	37	50	0	0	0	0	0	0	0	0	0	0	0	0	24226786	
404	1	H	6	N	2500	0	40	333	129	34	29	43	0	0	0	0	0	0	0	0	0	0	0	0	24226957	
405	1	H	6	N	2500	0	40	231	110	34	27	42	0	0	0	0	0	0	0	0	0	0	0	0	24228190	
406	1	H	6	N	2500	0	1	195	110	28	26	39	0	0	0	0	0	0	0	0	0	0	0	0	24228205	
407	1	H	6	N	2500	0	40	243	120	34	31	44	0	0	0	0	0	0	0	0	0	0	0	0	24228315	
408	1	H	6	N	2500	0	40	406	151	40	34	57	0	0	0	0	0	0	0	0	0	0	0	0	24228408	
409	1	H	6	N	2500	0	40	222	115	31	25	41	0	0	0	0	0	0	0	0	0	0	0	0	24229407	
410	1	H	6	N	2500	0	40	313	112	29	27	37	0	0	0	0	0	0	0	0	0	0	0	0	24229500	
411	1	H	6	N	2500	0	40	242	133	44	37	54	0	0	0	0	0	0	0	0	0	0	0	0	24229812	
412	1	H	6	N	2500	0	40	296	102	26	21	33	0	0	0	0	0	0	0	0	0	0	0	0	24230249	
413	1	H	7	N	2500	6	40	335	119	30	28	47	0	0	0	0	0	0	0	0	0	0	0	0	24240155	
414	1	H	7	N	2500	6	40	351	124	37	30	45	0	0	0	0	0	0	0	0	0	0	0	0	24241902	
415	1	H	8	N	2500	6	40	236	145	45	34	44	0	0	0	0	0	0	0	0	0	0	0	0	24252261	
416	1	H	8	N	2500	6	40	290	116	35	25	38	0	0	0	0	0	0	0	0	0	0	0	0	24253540	
417	1	H	8	N	2500	2	1	111	32	4	4	6	0	0	0	0	0	0	0	0	0	0	0	0	24254164	
418	1	H	8	N	2500	6	40	264	142	44	32	40	0	0	0	0	0	0	0	0	0	0	0	0	24254211	
419	1	H	8	N	2500	0	40	308	106	28	21	29	0	0	0	0	0	0	0	0	0	0	0	0	24254257	
420	1	H	8	N	2500	0	40	307	124	37	30	39	0	0	0	0	0	0	0	0	0	0	0	0	24254679	
421	1	H	8	N	2500	0	1	173	111	33	26	35	0	0	0	0	0	0	0	0	0	0	0	0	24254803	
422	1	H	8	N	2500	0	1	73	30	12	4	4	0	0	0	0	0	0	0	0	0	0	0	0	24255006	
423	1	H	8	N	2500	0	40	379	139	38	29	40	0	0	0	0	0	0	0	0	0	0	0	0	24255365	
424	1	H	8	N	2500	0	40	247	101	35	27	35	0	0	0	0	0	0	0	0	0	0	0	0	24255537	
425	1	H	8	N	2500	0	40	328	146	42	32	48	0	0	0	0	0	0	0	0	0	0	0	0	24255833	
426	1	H	8	N	2500	0	40	210	109	32	24	34	0	0	0	0	0	0	0	0	0	0	0	0	24256176	
427	1	H	8	N	2500	0	40	259	116	36	28	39	0	0	0	0	0	0	0	0	0	0	0	0	24256208	
428	1	H	8	N	2500	0	40	283	113	37	26	35	0	0	0	0	0	0	0	0	0	0	0	0	24256332	
429	1	H	8	N	2500	0	40	261	123	39	30	45	0	0	0	0	0	0	0	0	0	0	0	0	24256520	
430	1	H	8	N	2500	0	40	289	103	28	22	30	0	0	0	0	0	0	0	0	0	0	0	0	24256754	
431	1	H	8	N	2500	0	40	309	121	31	24	36	0	0	0	0	0	0	0	0	0	0	0	0	24257112	
432	1	H	8	N	2500	0	1	193	110	28	24	31	0	0	0	0	0	0	0	0	0	0	0	0	24257924	
433	1	H	9	N	2500	2	1	71	15	8	5	6	0	0	0	0	0	0	0	0	0	0	0	0	24269764	
434	1	H	10	N	2500	2	1	213	77	17	15	23	0	0	0	0	0	0	0	0	0	0	0	0	24280918	
435	1	H	10	N	2500	6	40	375	111	29	19	29	0	0	0	0	0	0	0	0	0	0	0	0	24280965	
436	1	H	10	N	2500	6	40	246	97	23	19	28	0	0	0	0	0	0	0	0	0	0	0	0	24281136	
437	1	H	10	N	2500	6	40	252	95	26	23	32	0	0	0	0	0	0	0	0	0	0	0	0	24281480	
438	1	H	10	N	2500	0	1	114	60	12	10	14	0	0	0	0	0	0	0	0	0	0	0	0	24281558	
439	1	H	10	N	2500	0	1	77	30	25	7	6	0	0	0	0	0	0	0	0	0	0	0	0	24281682	
440	1	H	10	N	2500	0	1	50	15	13	3	3	0	0	0	0	0	0	0	0	0	0	0	0	24282026	
441	1	H	10	N	2500	0	1	210	57	11	9	12	0	0	0	0	0	0	0	0	0	0	0	0	24282104	
442	1	H	10	N	2500	0	1	184	53	10	7	14	0	0	0	0	0	0	0	0	0	0	0	0	24282213	
443	1	H	10	N	2500	0	1	135	52	34	15	14	0	0	0	0	0	0	0	0	0	0	0	0	24282478	
444	1	H	10	N	2500	0	2	211	113	77	39	39	0	0	0	0	0	0	0	0	0	0	0	0	24282478	
445	1	H	10	N	2500	0	1	126	45	28	12	17	0	0	0	0	0	0	0	0	0	0	0	0	24282478	
446	1	H	10	N	2500	0	1	97	21	5	5	9	0	0	0	0	0	0	0	0	0	0	0	0	24283274	
447	1	H	10	N	2500	0	1	123	63	16	12	16	0	0	0	0	0	0	0	0	0	0	0	0	24283367	
448	1	H	10	N	2500	0	40	280	109	28	25	37	0	0	0	0	0	0	0	0	0	0	0	0	24283523	
449	1	H	10	N	2500	0	40	293	96	25	21	33	0	0	0	0	0	0	0	0	0	0	0	0	24284147	
450	1	H	10	N	2500	0	1	205	58	10	10	17	0	0	0	0	0	0	0	0	0	0	0	0	24284444	
451	1	H	10	N	2500	0	40	305	101	25	19	29	0	0	0	0	0	0	0	0	0	0	0	0	24284709	
452	1	H	10	N	2500	0	1	172	89	25	18	29	0	0	0	0	0	0	0	0	0	0	0	0	24285380	
453	1	H	10	N	2500	0	1	74	16	10	2	3	0	0	0	0	0	0	0	0	0	0	0	0	24286113	
454	1	H	10	N	2500	0	1	196	54	11	9	14	0	0	0	0	0	0	0	0	0	0	0	0	24286706	
455	1	H	11	N	2500	6	40	248	104	25	22	29	0	0	0	0	0	0	0	0	0	0	0	0	24295473	
456	1	H	11	N	2500	2	1	53	16	7	3	4	0	0	0	0	0	0	0	0	0	0	0	0	24301323	
457	1	H	12	N	2500	2	1	110	29	19	7	8	0	0	0	0	0	0	0	0	0	0	0	0	24310854	
458	1	H	12	N	2500	2	1	175	105	29	23	32	0	0	0	0	0	0	0	0	0	0	0	0	24312134	
459	1	H	12	N	2500	2	1	135	30	9	13	23	0	0	0	0	0	0	0	0	0	0	0	0	24312570	
460	1	H	12	N	2500	6	40	326	120	31	24	41	0	0	0	0	0	0	0	0	0	0	0	0	24314442	
461	1	H	12	N	2500	6	40	229	139	42	33	48	0	0	0	0	0	0	0	0	0	0	0	0	24314676	
462	1	H	12	N	2500	6	40	227	113	34	26	38	0	0	0	0	0	0	0	0	0	0	0	0	24314910	
463	1	H	12	N	2500	0	40	357	133	37	29	45	0	0	0	0	0	0	0	0	0	0	0	0	24314973	
464	1	H	12	N	2500	0	40	327	124	34	28	38	0	0	0	0	0	0	0	0	0	0	0	0	24314973	
465	1	H	12	N	2500	0	40	392	144	41	31	48	0	0	0	0	0	0	0	0	0	0	0	0	24315098	
466	1	H	12	N	2500	0	40	310	105	25	21	29	0	0	0	0	0	0	0	0	0	0	0	0	24315191	
467	1	H	12	N	2500	0	40	180	122	36	31	47	0	0	0	0	0	0	0	0	0	0	0	0	24315488	
468	1	H	12	N	2500	0	40	288	92	20	15	26	0	0	0	0	0	0	0	0	0	0	0	0	24315503	
469	1	H	12	N	2500	0	1	229	95	23	21	32	0	0	0	0	0	0	0	0	0	0	0	0	24315737	
470	1	H	12	N	2500	0	1	166	77	22	20	26	0	0	0	0	0	0	0	0	0	0	0	0	24315987	
471	1	H	12	N	2500	0	40	312	108	26	20	32	0	0	0	0	0	0	0	0	0	0	0	0	24316377	
472	1	H	12	N	2500	0	40	334	144	46	36	50	0	0	0	0	0	0	0	0	0	0	0	0	24316845	


Threshold source: EXT,  value 50
Min TOF = 50
EXT signal gain 1.6
Green signal gain 3.0
Yellow signal gain 3.0
Red signal gain 3.0
Green PMT voltage 700
Yellow PMT voltage 700
Red PMT voltage 900
Signal multipliers: 1.0,1.0,1.0,1.0
C:\Users\unionbio\Desktop\COPAS Templates\USE for L4 dispense4.csv