Id	Plate	Row	Column	Clog	Scan rate	Status sort	Status sel	TOF	EXT	Green	Yellow	Red	PH Ext	PW Ext	PC Ext	PH Green	PW Green	PCGreen	PH Yellow	PW Yellow	PCYellow	PH Red	PW Red	PCRed	Time Stamp	
0	1	A	1	N	2500	2	1	188	89	30	27	34	0	0	0	0	0	0	0	0	0	0	0	0	35788421	
1	1	A	2	N	2500	6	40	407	170	48	37	54	0	0	0	0	0	0	0	0	0	0	0	0	35798327	
2	1	A	2	N	2500	6	40	332	130	34	28	41	0	0	0	0	0	0	0	0	0	0	0	0	35798343	
3	1	A	2	N	2500	6	40	348	133	39	29	41	0	0	0	0	0	0	0	0	0	0	0	0	35799497	
4	1	A	2	N	2500	0	40	446	175	50	36	53	0	0	0	0	0	0	0	0	0	0	0	0	35799528	
5	1	A	2	N	2500	0	40	396	163	47	34	51	0	0	0	0	0	0	0	0	0	0	0	0	35799575	
6	1	A	2	N	2500	0	40	238	131	45	34	50	0	0	0	0	0	0	0	0	0	0	0	0	35799809	
7	1	A	2	N	2500	0	40	346	128	38	26	44	0	0	0	0	0	0	0	0	0	0	0	0	35800090	
8	1	A	2	N	2500	0	40	466	161	42	30	42	0	0	0	0	0	0	0	0	0	0	0	0	35800324	
9	1	A	2	N	2500	0	40	288	92	24	19	29	0	0	0	0	0	0	0	0	0	0	0	0	35800464	
10	1	A	2	N	2500	0	2	163	129	43	29	40	0	0	0	0	0	0	0	0	0	0	0	0	35800495	
11	1	A	2	N	2500	0	40	228	148	50	35	50	0	0	0	0	0	0	0	0	0	0	0	0	35800542	
12	1	A	2	N	2500	0	40	230	131	37	28	40	0	0	0	0	0	0	0	0	0	0	0	0	35800792	
13	1	A	2	N	2500	0	40	355	135	36	32	42	0	0	0	0	0	0	0	0	0	0	0	0	35800823	
14	1	A	2	N	2500	0	40	256	162	45	38	54	0	0	0	0	0	0	0	0	0	0	0	0	35800854	
15	1	A	2	N	2500	0	40	383	164	46	34	51	0	0	0	0	0	0	0	0	0	0	0	0	35800901	
16	1	A	2	N	2500	0	40	208	135	35	29	43	0	0	0	0	0	0	0	0	0	0	0	0	35801088	
17	1	A	2	N	2500	0	40	360	146	42	28	44	0	0	0	0	0	0	0	0	0	0	0	0	35801166	
18	1	A	2	N	2500	0	40	309	140	41	28	38	0	0	0	0	0	0	0	0	0	0	0	0	35801197	
19	1	A	2	N	2500	0	40	293	132	44	34	46	0	0	0	0	0	0	0	0	0	0	0	0	35801213	
20	1	A	2	N	2500	0	40	204	111	28	22	30	0	0	0	0	0	0	0	0	0	0	0	0	35801275	
21	1	A	2	N	2500	0	40	203	141	39	31	43	0	0	0	0	0	0	0	0	0	0	0	0	35801478	
22	1	A	2	N	2500	0	40	221	118	35	24	33	0	0	0	0	0	0	0	0	0	0	0	0	35801509	
23	1	A	2	N	2500	0	2	149	131	50	35	50	0	0	0	0	0	0	0	0	0	0	0	0	35801572	
24	1	A	2	N	2500	0	1	79	30	5	4	7	0	0	0	0	0	0	0	0	0	0	0	0	35801572	
25	1	A	2	N	2500	0	40	285	93	22	17	31	0	0	0	0	0	0	0	0	0	0	0	0	35801603	
26	1	A	2	N	2500	0	40	371	104	23	17	25	0	0	0	0	0	0	0	0	0	0	0	0	35801619	
27	1	A	2	N	2500	0	40	350	143	39	28	43	0	0	0	0	0	0	0	0	0	0	0	0	35801868	
28	1	A	2	N	2500	0	40	300	134	39	31	44	0	0	0	0	0	0	0	0	0	0	0	0	35801931	
29	1	A	2	N	2500	0	40	233	141	46	33	48	0	0	0	0	0	0	0	0	0	0	0	0	35802071	
30	1	A	2	N	2500	0	40	298	138	38	29	47	0	0	0	0	0	0	0	0	0	0	0	0	35802258	
31	1	A	2	N	2500	0	40	320	115	32	23	37	0	0	0	0	0	0	0	0	0	0	0	0	35802274	
32	1	A	2	N	2500	0	40	180	117	31	22	33	0	0	0	0	0	0	0	0	0	0	0	0	35802305	
33	1	A	2	N	2500	0	40	377	140	35	26	39	0	0	0	0	0	0	0	0	0	0	0	0	35802305	
34	1	A	2	N	2500	0	40	378	147	43	32	47	0	0	0	0	0	0	0	0	0	0	0	0	35802633	
35	1	A	2	N	2500	0	40	411	160	41	32	52	0	0	0	0	0	0	0	0	0	0	0	0	35802742	
36	1	A	2	N	2500	0	1	198	108	32	23	37	0	0	0	0	0	0	0	0	0	0	0	0	35802929	
37	1	A	2	N	2500	0	1	177	88	21	18	27	0	0	0	0	0	0	0	0	0	0	0	0	35802929	
38	1	A	2	N	2500	0	40	197	150	43	34	46	0	0	0	0	0	0	0	0	0	0	0	0	35802976	
39	1	A	2	N	2500	0	40	219	143	39	31	47	0	0	0	0	0	0	0	0	0	0	0	0	35803069	
40	1	A	2	N	2500	0	40	382	146	40	33	50	0	0	0	0	0	0	0	0	0	0	0	0	35803101	
41	1	A	2	N	2500	0	1	278	82	17	14	24	0	0	0	0	0	0	0	0	0	0	0	0	35803147	
42	1	A	2	N	2500	0	40	254	122	37	28	36	0	0	0	0	0	0	0	0	0	0	0	0	35803600	
43	1	A	2	N	2500	0	40	264	151	43	31	47	0	0	0	0	0	0	0	0	0	0	0	0	35803849	
44	1	A	2	N	2500	0	40	361	133	30	26	41	0	0	0	0	0	0	0	0	0	0	0	0	35804146	
45	1	A	2	N	2500	0	40	382	160	48	34	53	0	0	0	0	0	0	0	0	0	0	0	0	35804458	
46	1	A	2	N	2500	0	40	238	107	32	25	39	0	0	0	0	0	0	0	0	0	0	0	0	35804614	
47	1	A	2	N	2500	0	40	203	155	51	35	49	0	0	0	0	0	0	0	0	0	0	0	0	35804661	
48	1	A	2	N	2500	0	40	355	142	43	30	42	0	0	0	0	0	0	0	0	0	0	0	0	35805285	
49	1	A	3	N	2500	6	40	372	154	42	32	48	0	0	0	0	0	0	0	0	0	0	0	0	35818123	
50	1	A	4	N	2500	6	40	350	124	28	25	41	0	0	0	0	0	0	0	0	0	0	0	0	35827078	
51	1	A	4	N	2500	6	40	193	125	39	28	43	0	0	0	0	0	0	0	0	0	0	0	0	35827390	
52	1	A	4	N	2500	6	40	302	185	45	37	52	0	0	0	0	0	0	0	0	0	0	0	0	35828123	
53	1	A	4	N	2500	0	40	186	137	36	29	40	0	0	0	0	0	0	0	0	0	0	0	0	35829293	
54	1	A	4	N	2500	0	1	99	30	4	4	5	0	0	0	0	0	0	0	0	0	0	0	0	35829761	
55	1	A	4	N	2500	0	40	399	135	34	26	41	0	0	0	0	0	0	0	0	0	0	0	0	35829964	
56	1	A	4	N	2500	0	40	367	126	34	25	40	0	0	0	0	0	0	0	0	0	0	0	0	35829979	
57	1	A	4	N	2500	0	40	202	132	36	29	40	0	0	0	0	0	0	0	0	0	0	0	0	35830229	
58	1	A	4	N	2500	0	40	206	118	34	25	32	0	0	0	0	0	0	0	0	0	0	0	0	35830276	
59	1	A	4	N	2500	0	1	174	86	21	17	26	0	0	0	0	0	0	0	0	0	0	0	0	35830291	
60	1	A	4	N	2500	0	40	333	111	25	20	33	0	0	0	0	0	0	0	0	0	0	0	0	35830307	
61	1	A	4	N	2500	0	40	396	147	35	29	38	0	0	0	0	0	0	0	0	0	0	0	0	35830338	
62	1	A	4	N	2500	0	40	312	135	32	27	42	0	0	0	0	0	0	0	0	0	0	0	0	35830479	
63	1	A	4	N	2500	0	40	168	127	39	28	40	0	0	0	0	0	0	0	0	0	0	0	0	35830650	
64	1	A	4	N	2500	0	40	402	148	36	30	49	0	0	0	0	0	0	0	0	0	0	0	0	35830947	
65	1	A	4	N	2500	0	2	146	127	44	32	47	0	0	0	0	0	0	0	0	0	0	0	0	35831196	
66	1	A	4	N	2500	0	1	93	23	4	3	6	0	0	0	0	0	0	0	0	0	0	0	0	35831368	
67	1	A	4	N	2500	0	40	213	156	47	34	48	0	0	0	0	0	0	0	0	0	0	0	0	35831586	
68	1	A	4	N	2500	0	1	220	102	21	20	30	0	0	0	0	0	0	0	0	0	0	0	0	35831773	
69	1	A	4	N	2500	0	40	371	157	41	32	48	0	0	0	0	0	0	0	0	0	0	0	0	35831867	
70	1	A	4	N	2500	0	40	329	154	38	31	49	0	0	0	0	0	0	0	0	0	0	0	0	35832241	
71	1	A	4	N	2500	0	40	372	127	32	24	36	0	0	0	0	0	0	0	0	0	0	0	0	35832460	
72	1	A	4	N	2500	0	40	422	176	40	32	54	0	0	0	0	0	0	0	0	0	0	0	0	35833474	
73	1	A	6	N	2500	6	40	277	91	25	19	33	0	0	0	0	0	0	0	0	0	0	0	0	35856687	
74	1	A	6	N	2500	6	40	432	186	43	31	51	0	0	0	0	0	0	0	0	0	0	0	0	35857030	
75	1	A	6	N	2500	6	40	331	113	29	21	31	0	0	0	0	0	0	0	0	0	0	0	0	35858668	
76	1	A	6	N	2500	0	1	120	66	12	11	15	0	0	0	0	0	0	0	0	0	0	0	0	35859947	
77	1	A	6	N	2500	0	1	172	85	20	15	22	0	0	0	0	0	0	0	0	0	0	0	0	35860181	
78	1	A	6	N	2500	0	1	236	94	24	17	22	0	0	0	0	0	0	0	0	0	0	0	0	35860493	
79	1	A	6	N	2500	0	40	287	108	26	20	25	0	0	0	0	0	0	0	0	0	0	0	0	35860649	
80	1	A	6	N	2500	0	1	193	100	23	16	23	0	0	0	0	0	0	0	0	0	0	0	0	35860743	
81	1	A	6	N	2500	0	40	337	111	30	21	32	0	0	0	0	0	0	0	0	0	0	0	0	35860867	
82	1	A	6	N	2500	0	40	368	126	29	24	32	0	0	0	0	0	0	0	0	0	0	0	0	35861008	
83	1	A	6	N	2500	0	40	298	100	26	18	29	0	0	0	0	0	0	0	0	0	0	0	0	35861725	
84	1	A	6	N	2500	0	1	262	83	18	14	23	0	0	0	0	0	0	0	0	0	0	0	0	35861819	
85	1	A	8	N	2500	6	40	207	143	38	29	41	0	0	0	0	0	0	0	0	0	0	0	0	35884564	
86	1	A	8	N	2500	6	40	180	135	36	28	41	0	0	0	0	0	0	0	0	0	0	0	0	35884658	
87	1	A	8	N	2500	6	40	344	150	39	28	40	0	0	0	0	0	0	0	0	0	0	0	0	35886155	
88	1	A	8	N	2500	0	40	285	122	33	26	40	0	0	0	0	0	0	0	0	0	0	0	0	35886186	
89	1	A	8	N	2500	0	40	204	143	42	27	37	0	0	0	0	0	0	0	0	0	0	0	0	35886405	
90	1	A	8	N	2500	0	40	183	117	40	29	37	0	0	0	0	0	0	0	0	0	0	0	0	35887029	
91	1	A	8	N	2500	0	40	316	171	53	35	49	0	0	0	0	0	0	0	0	0	0	0	0	35887840	
92	1	A	8	N	2500	0	1	172	99	26	19	29	0	0	0	0	0	0	0	0	0	0	0	0	35887887	
93	1	A	8	N	2500	0	40	367	162	40	29	40	0	0	0	0	0	0	0	0	0	0	0	0	35888214	
94	1	A	8	N	2500	0	40	363	149	42	29	44	0	0	0	0	0	0	0	0	0	0	0	0	35888417	
95	1	A	8	N	2500	0	40	302	147	44	31	47	0	0	0	0	0	0	0	0	0	0	0	0	35889244	
96	1	A	8	N	2500	0	1	156	84	20	16	22	0	0	0	0	0	0	0	0	0	0	0	0	35889915	
97	1	A	8	N	2500	0	1	69	32	7	7	10	0	0	0	0	0	0	0	0	0	0	0	0	35891787	
98	1	A	10	N	2500	6	40	433	169	51	35	52	0	0	0	0	0	0	0	0	0	0	0	0	35913923	
99	1	A	10	N	2500	6	40	416	170	50	33	49	0	0	0	0	0	0	0	0	0	0	0	0	35914266	
100	1	A	10	N	2500	6	40	331	119	32	23	35	0	0	0	0	0	0	0	0	0	0	0	0	35914547	
101	1	A	10	N	2500	0	40	268	93	25	19	31	0	0	0	0	0	0	0	0	0	0	0	0	35914937	
102	1	A	10	N	2500	0	40	239	143	39	30	46	0	0	0	0	0	0	0	0	0	0	0	0	35915577	
103	1	A	10	N	2500	0	40	306	105	26	21	32	0	0	0	0	0	0	0	0	0	0	0	0	35915920	
104	1	A	10	N	2500	0	40	340	149	39	30	46	0	0	0	0	0	0	0	0	0	0	0	0	35916092	
105	1	A	10	N	2500	0	40	272	90	24	19	29	0	0	0	0	0	0	0	0	0	0	0	0	35916248	
106	1	A	10	N	2500	0	40	362	157	42	33	48	0	0	0	0	0	0	0	0	0	0	0	0	35916700	
107	1	A	10	N	2500	0	1	226	73	18	17	27	0	0	0	0	0	0	0	0	0	0	0	0	35917012	
108	1	A	10	N	2500	0	1	140	35	5	5	7	0	0	0	0	0	0	0	0	0	0	0	0	35917074	
109	1	A	10	N	2500	0	40	322	111	27	22	31	0	0	0	0	0	0	0	0	0	0	0	0	35917137	
110	1	A	10	N	2500	0	1	104	44	9	7	9	0	0	0	0	0	0	0	0	0	0	0	0	35917262	
111	1	A	10	N	2500	0	40	284	159	38	30	47	0	0	0	0	0	0	0	0	0	0	0	0	35917293	
112	1	A	10	N	2500	0	1	102	21	4	3	6	0	0	0	0	0	0	0	0	0	0	0	0	35917293	
113	1	A	10	N	2500	0	40	216	116	33	26	44	0	0	0	0	0	0	0	0	0	0	0	0	35917340	
114	1	A	10	N	2500	0	40	351	113	27	22	31	0	0	0	0	0	0	0	0	0	0	0	0	35917683	
115	1	A	10	N	2500	0	40	222	110	31	24	32	0	0	0	0	0	0	0	0	0	0	0	0	35918213	
116	1	A	10	N	2500	0	40	341	109	24	19	25	0	0	0	0	0	0	0	0	0	0	0	0	35918494	
117	1	A	10	N	2500	0	40	286	110	30	25	38	0	0	0	0	0	0	0	0	0	0	0	0	35918822	
118	1	A	10	N	2500	0	40	213	126	34	29	45	0	0	0	0	0	0	0	0	0	0	0	0	35919149	
119	1	A	10	N	2500	0	1	240	89	21	20	28	0	0	0	0	0	0	0	0	0	0	0	0	35919149	
120	1	A	10	N	2500	0	1	206	59	11	9	14	0	0	0	0	0	0	0	0	0	0	0	0	35919461	
121	1	A	12	N	2500	6	40	397	127	32	22	31	0	0	0	0	0	0	0	0	0	0	0	0	35943828	
122	1	A	12	N	2500	6	40	216	121	28	22	29	0	0	0	0	0	0	0	0	0	0	0	0	35943828	
123	1	A	12	N	2500	2	1	143	36	10	7	9	0	0	0	0	0	0	0	0	0	0	0	0	35946059	
124	1	A	12	N	2500	2	1	165	52	12	11	17	0	0	0	0	0	0	0	0	0	0	0	0	35946059	
125	1	A	12	N	2500	2	1	171	47	10	7	13	0	0	0	0	0	0	0	0	0	0	0	0	35946652	
126	1	A	12	N	2500	6	40	406	151	35	26	37	0	0	0	0	0	0	0	0	0	0	0	0	35947042	
127	1	A	12	N	2500	0	40	330	128	31	23	31	0	0	0	0	0	0	0	0	0	0	0	0	35947370	
128	1	B	2	N	2500	2	1	190	57	16	12	21	0	0	0	0	0	0	0	0	0	0	0	0	35973281	
129	1	B	2	N	2500	6	40	305	138	39	29	41	0	0	0	0	0	0	0	0	0	0	0	0	35973484	
130	1	B	2	N	2500	6	40	279	103	27	23	34	0	0	0	0	0	0	0	0	0	0	0	0	35973858	
131	1	B	2	N	2500	2	1	212	91	22	20	26	0	0	0	0	0	0	0	0	0	0	0	0	35973952	
132	1	B	2	N	2500	8	40	281	115	32	26	38	0	0	0	0	0	0	0	0	0	0	0	0	35973968	
133	1	B	2	N	2500	6	40	203	125	33	27	46	0	0	0	0	0	0	0	0	0	0	0	0	35974732	
134	1	B	2	N	2500	0	40	236	98	32	24	36	0	0	0	0	0	0	0	0	0	0	0	0	35975574	
135	1	B	2	N	2500	0	40	218	111	32	29	45	0	0	0	0	0	0	0	0	0	0	0	0	35975574	
136	1	B	2	N	2500	0	1	212	89	30	24	36	0	0	0	0	0	0	0	0	0	0	0	0	35975793	
137	1	B	2	N	2500	0	40	276	99	27	20	30	0	0	0	0	0	0	0	0	0	0	0	0	35975840	
138	1	B	2	N	2500	0	40	307	119	29	26	36	0	0	0	0	0	0	0	0	0	0	0	0	35975886	
139	1	B	2	N	2500	0	40	346	136	40	28	42	0	0	0	0	0	0	0	0	0	0	0	0	35976011	
140	1	B	2	N	2500	0	40	330	114	34	23	34	0	0	0	0	0	0	0	0	0	0	0	0	35976120	
141	1	B	2	N	2500	0	40	286	140	47	36	53	0	0	0	0	0	0	0	0	0	0	0	0	35976183	
142	1	B	2	N	2500	0	40	277	96	23	18	25	0	0	0	0	0	0	0	0	0	0	0	0	35976308	
143	1	B	2	N	2500	0	40	316	136	42	30	46	0	0	0	0	0	0	0	0	0	0	0	0	35976308	
144	1	B	2	N	2500	0	1	240	73	16	11	21	0	0	0	0	0	0	0	0	0	0	0	0	35976323	
145	1	B	2	N	2500	0	1	148	82	25	20	27	0	0	0	0	0	0	0	0	0	0	0	0	35976339	
146	1	B	2	N	2500	0	40	257	126	39	28	40	0	0	0	0	0	0	0	0	0	0	0	0	35976854	
147	1	B	2	N	2500	0	1	189	78	19	15	22	0	0	0	0	0	0	0	0	0	0	0	0	35976869	
148	1	B	2	N	2500	0	40	284	174	49	38	52	0	0	0	0	0	0	0	0	0	0	0	0	35977400	
149	1	B	2	N	2500	0	40	458	192	50	37	48	0	0	0	0	0	0	0	0	0	0	0	0	35977602	
150	1	B	2	N	2500	0	40	176	116	36	26	41	0	0	0	0	0	0	0	0	0	0	0	0	35977774	
151	1	B	2	N	2500	0	40	309	117	30	25	39	0	0	0	0	0	0	0	0	0	0	0	0	35977836	
152	1	B	2	N	2500	0	40	280	102	29	22	36	0	0	0	0	0	0	0	0	0	0	0	0	35978070	
153	1	B	2	N	2500	0	40	279	94	26	21	33	0	0	0	0	0	0	0	0	0	0	0	0	35978819	
154	1	B	2	N	2500	0	1	59	26	25	31	60	0	0	0	0	0	0	0	0	0	0	0	0	35979194	
155	1	B	2	N	2500	0	40	294	107	25	20	32	0	0	0	0	0	0	0	0	0	0	0	0	35979287	
156	1	B	3	N	2500	2	1	133	58	12	11	17	0	0	0	0	0	0	0	0	0	0	0	0	35987743	
157	1	B	3	N	2500	6	40	306	112	27	22	34	0	0	0	0	0	0	0	0	0	0	0	0	35992922	
158	1	B	4	N	2500	6	40	245	114	34	28	44	0	0	0	0	0	0	0	0	0	0	0	0	36001455	
159	1	B	4	N	2500	6	40	304	111	30	22	35	0	0	0	0	0	0	0	0	0	0	0	0	36001829	
160	1	B	4	N	2500	2	1	181	101	24	20	29	0	0	0	0	0	0	0	0	0	0	0	0	36002641	
161	1	B	4	N	2500	2	1	170	103	26	22	33	0	0	0	0	0	0	0	0	0	0	0	0	36003140	
162	1	B	4	N	2500	6	40	209	115	32	23	32	0	0	0	0	0	0	0	0	0	0	0	0	36003374	
163	1	B	4	N	2500	0	40	265	150	45	35	46	0	0	0	0	0	0	0	0	0	0	0	0	36003655	
164	1	B	4	N	2500	0	40	266	119	30	24	35	0	0	0	0	0	0	0	0	0	0	0	0	36004247	
165	1	B	4	N	2500	0	1	122	58	13	10	17	0	0	0	0	0	0	0	0	0	0	0	0	36004247	
166	1	B	4	N	2500	0	1	124	77	23	16	23	0	0	0	0	0	0	0	0	0	0	0	0	36004747	
167	1	B	4	N	2500	0	1	240	96	32	25	35	0	0	0	0	0	0	0	0	0	0	0	0	36004840	
168	1	B	4	N	2500	0	1	164	109	29	26	32	0	0	0	0	0	0	0	0	0	0	0	0	36004887	
169	1	B	4	N	2500	0	40	309	101	23	19	28	0	0	0	0	0	0	0	0	0	0	0	0	36004903	
170	1	B	4	N	2500	0	40	210	110	32	23	31	0	0	0	0	0	0	0	0	0	0	0	0	36005277	
171	1	B	4	N	2500	0	1	235	85	19	16	20	0	0	0	0	0	0	0	0	0	0	0	0	36005355	
172	1	B	4	N	2500	0	40	257	123	29	25	34	0	0	0	0	0	0	0	0	0	0	0	0	36005495	
173	1	B	4	N	2500	0	1	174	109	30	21	32	0	0	0	0	0	0	0	0	0	0	0	0	36005792	
174	1	B	4	N	2500	0	40	386	144	38	28	44	0	0	0	0	0	0	0	0	0	0	0	0	36005932	
175	1	B	4	N	2500	0	40	293	89	20	16	27	0	0	0	0	0	0	0	0	0	0	0	0	36006057	
176	1	B	4	N	2500	0	40	311	100	28	20	25	0	0	0	0	0	0	0	0	0	0	0	0	36006275	
177	1	B	4	N	2500	0	40	295	130	40	29	37	0	0	0	0	0	0	0	0	0	0	0	0	36006307	
178	1	B	4	N	2500	0	40	246	117	36	25	34	0	0	0	0	0	0	0	0	0	0	0	0	36006790	
179	1	B	4	N	2500	0	40	339	126	33	23	42	0	0	0	0	0	0	0	0	0	0	0	0	36006790	
180	1	B	4	N	2500	0	40	211	117	35	26	41	0	0	0	0	0	0	0	0	0	0	0	0	36006962	
181	1	B	4	N	2500	0	40	296	116	28	22	30	0	0	0	0	0	0	0	0	0	0	0	0	36006993	
182	1	B	4	N	2500	0	40	206	109	25	22	31	0	0	0	0	0	0	0	0	0	0	0	0	36007118	
183	1	B	4	N	2500	0	40	412	137	34	24	29	0	0	0	0	0	0	0	0	0	0	0	0	36008163	
184	1	B	4	N	2500	0	40	324	116	30	22	32	0	0	0	0	0	0	0	0	0	0	0	0	36008288	
185	1	B	5	N	2500	6	40	285	92	26	19	26	0	0	0	0	0	0	0	0	0	0	0	0	36018365	
186	1	B	5	N	2500	6	40	341	126	31	25	36	0	0	0	0	0	0	0	0	0	0	0	0	36020549	
187	1	B	6	N	2500	6	40	232	122	45	32	42	0	0	0	0	0	0	0	0	0	0	0	0	36030830	
188	1	B	6	N	2500	2	1	177	54	13	12	21	0	0	0	0	0	0	0	0	0	0	0	0	36030923	
189	1	B	6	N	2500	2	1	86	43	11	9	13	0	0	0	0	0	0	0	0	0	0	0	0	36030923	
190	1	B	6	N	2500	6	40	274	111	31	25	36	0	0	0	0	0	0	0	0	0	0	0	0	36032639	
191	1	B	6	N	2500	6	40	225	112	29	24	35	0	0	0	0	0	0	0	0	0	0	0	0	36032702	
192	1	B	6	N	2500	0	40	319	112	32	25	36	0	0	0	0	0	0	0	0	0	0	0	0	36033404	
193	1	B	6	N	2500	0	40	394	142	44	32	44	0	0	0	0	0	0	0	0	0	0	0	0	36033950	
194	1	B	6	N	2500	0	40	284	115	32	24	34	0	0	0	0	0	0	0	0	0	0	0	0	36033981	
195	1	B	6	N	2500	0	1	54	11	1	1	2	0	0	0	0	0	0	0	0	0	0	0	0	36034324	
196	1	B	6	N	2500	0	40	320	165	47	38	51	0	0	0	0	0	0	0	0	0	0	0	0	36034855	
197	1	B	6	N	2500	0	1	90	19	3	2	5	0	0	0	0	0	0	0	0	0	0	0	0	36034979	
198	1	B	6	N	2500	0	40	285	97	22	19	29	0	0	0	0	0	0	0	0	0	0	0	0	36035260	
199	1	B	6	N	2500	0	40	330	130	37	27	36	0	0	0	0	0	0	0	0	0	0	0	0	36035416	
200	1	B	6	N	2500	0	1	156	102	23	20	25	0	0	0	0	0	0	0	0	0	0	0	0	36035525	
201	1	B	6	N	2500	0	40	233	127	36	27	43	0	0	0	0	0	0	0	0	0	0	0	0	36036274	
202	1	B	6	N	2500	0	40	299	136	35	30	42	0	0	0	0	0	0	0	0	0	0	0	0	36036461	
203	1	B	7	N	2500	2	1	199	98	32	25	35	0	0	0	0	0	0	0	0	0	0	0	0	36046945	
204	1	B	8	N	2500	6	40	418	168	44	34	54	0	0	0	0	0	0	0	0	0	0	0	0	36059019	
205	1	B	8	N	2500	6	40	337	129	34	28	40	0	0	0	0	0	0	0	0	0	0	0	0	36059347	
206	1	B	8	N	2500	6	40	359	145	39	29	48	0	0	0	0	0	0	0	0	0	0	0	0	36059347	
207	1	B	8	N	2500	0	40	326	116	36	25	36	0	0	0	0	0	0	0	0	0	0	0	0	36059815	
208	1	B	8	N	2500	0	40	320	117	31	22	37	0	0	0	0	0	0	0	0	0	0	0	0	36060407	
209	1	B	8	N	2500	0	40	248	138	34	28	40	0	0	0	0	0	0	0	0	0	0	0	0	36061063	
210	1	B	8	N	2500	0	40	339	136	40	29	43	0	0	0	0	0	0	0	0	0	0	0	0	36061234	
211	1	B	8	N	2500	0	40	229	156	48	35	50	0	0	0	0	0	0	0	0	0	0	0	0	36061297	
212	1	B	8	N	2500	0	40	353	135	39	32	45	0	0	0	0	0	0	0	0	0	0	0	0	36061390	
213	1	B	8	N	2500	0	40	313	118	31	23	34	0	0	0	0	0	0	0	0	0	0	0	0	36061889	
214	1	B	8	N	2500	0	40	200	134	38	28	37	0	0	0	0	0	0	0	0	0	0	0	0	36062030	
215	1	B	8	N	2500	0	40	372	159	41	32	42	0	0	0	0	0	0	0	0	0	0	0	0	36062248	
216	1	B	8	N	2500	0	1	219	103	29	20	28	0	0	0	0	0	0	0	0	0	0	0	0	36062389	
217	1	B	8	N	2500	0	40	379	154	46	32	44	0	0	0	0	0	0	0	0	0	0	0	0	36062482	
218	1	B	8	N	2500	0	40	277	117	26	23	32	0	0	0	0	0	0	0	0	0	0	0	0	36062513	
219	1	B	8	N	2500	0	40	322	122	34	25	35	0	0	0	0	0	0	0	0	0	0	0	0	36062654	
220	1	B	8	N	2500	0	40	333	112	34	27	37	0	0	0	0	0	0	0	0	0	0	0	0	36062701	
221	1	B	8	N	2500	0	1	184	101	37	31	41	0	0	0	0	0	0	0	0	0	0	0	0	36062747	
222	1	B	8	N	2500	0	40	510	212	53	40	52	0	0	0	0	0	0	0	0	0	0	0	0	36062779	
223	1	B	8	N	2500	0	1	256	72	14	13	21	0	0	0	0	0	0	0	0	0	0	0	0	36063137	
224	1	B	8	N	2500	0	40	329	129	40	27	43	0	0	0	0	0	0	0	0	0	0	0	0	36063169	
225	1	B	8	N	2500	0	40	313	124	41	30	42	0	0	0	0	0	0	0	0	0	0	0	0	36063200	
226	1	B	8	N	2500	0	40	205	138	42	30	40	0	0	0	0	0	0	0	0	0	0	0	0	36063215	
227	1	B	8	N	2500	0	1	118	33	6	4	8	0	0	0	0	0	0	0	0	0	0	0	0	36063434	
228	1	B	8	N	2500	0	40	364	136	38	29	42	0	0	0	0	0	0	0	0	0	0	0	0	36063449	
229	1	B	8	N	2500	0	40	399	146	38	27	43	0	0	0	0	0	0	0	0	0	0	0	0	36063964	
230	1	B	8	N	2500	0	40	322	126	35	26	34	0	0	0	0	0	0	0	0	0	0	0	0	36064151	
231	1	B	8	N	2500	0	40	343	119	36	24	38	0	0	0	0	0	0	0	0	0	0	0	0	36064198	
232	1	B	8	N	2500	0	40	246	151	52	38	53	0	0	0	0	0	0	0	0	0	0	0	0	36064307	
233	1	B	8	N	2500	0	40	436	175	43	34	47	0	0	0	0	0	0	0	0	0	0	0	0	36064682	
234	1	B	8	N	2500	0	40	224	146	48	33	43	0	0	0	0	0	0	0	0	0	0	0	0	36064838	
235	1	B	8	N	2500	0	40	425	185	55	38	50	0	0	0	0	0	0	0	0	0	0	0	0	36064963	
236	1	B	8	N	2500	0	40	359	131	32	25	37	0	0	0	0	0	0	0	0	0	0	0	0	36066133	
237	1	B	10	N	2500	6	40	307	163	46	35	51	0	0	0	0	0	0	0	0	0	0	0	0	36087754	
238	1	B	10	N	2500	6	40	214	142	45	31	44	0	0	0	0	0	0	0	0	0	0	0	0	36087817	
239	1	B	10	N	2500	2	1	167	62	14	13	17	0	0	0	0	0	0	0	0	0	0	0	0	36087832	
240	1	B	10	N	2500	6	40	244	156	49	40	57	0	0	0	0	0	0	0	0	0	0	0	0	36087863	
241	1	B	10	N	2500	0	40	218	146	46	31	45	0	0	0	0	0	0	0	0	0	0	0	0	36088035	
242	1	B	10	N	2500	0	40	238	120	32	26	35	0	0	0	0	0	0	0	0	0	0	0	0	36088191	
243	1	B	10	N	2500	0	40	247	154	38	33	45	0	0	0	0	0	0	0	0	0	0	0	0	36088877	
244	1	B	10	N	2500	0	40	324	133	38	28	34	0	0	0	0	0	0	0	0	0	0	0	0	36089408	
245	1	B	10	N	2500	0	40	298	184	60	42	54	0	0	0	0	0	0	0	0	0	0	0	0	36089611	
246	1	B	10	N	2500	0	40	360	140	42	30	45	0	0	0	0	0	0	0	0	0	0	0	0	36089704	
247	1	B	10	N	2500	0	40	459	168	45	36	56	0	0	0	0	0	0	0	0	0	0	0	0	36090125	
248	1	B	10	N	2500	0	40	361	139	41	29	41	0	0	0	0	0	0	0	0	0	0	0	0	36090313	
249	1	B	10	N	2500	0	40	403	173	49	36	52	0	0	0	0	0	0	0	0	0	0	0	0	36090391	
250	1	B	10	N	2500	0	40	332	132	37	27	40	0	0	0	0	0	0	0	0	0	0	0	0	36090578	
251	1	B	10	N	2500	0	40	415	170	46	34	49	0	0	0	0	0	0	0	0	0	0	0	0	36090765	
252	1	B	10	N	2500	0	1	527	272	84	67	97	0	0	0	0	0	0	0	0	0	0	0	0	36090781	
253	1	B	10	N	2500	0	40	207	119	31	24	34	0	0	0	0	0	0	0	0	0	0	0	0	36090859	
254	1	B	10	N	2500	0	40	340	141	40	32	46	0	0	0	0	0	0	0	0	0	0	0	0	36091249	
255	1	B	10	N	2500	0	40	498	177	45	35	49	0	0	0	0	0	0	0	0	0	0	0	0	36091264	
256	1	B	10	N	2500	0	1	197	98	34	33	54	0	0	0	0	0	0	0	0	0	0	0	0	36091514	
257	1	B	10	N	2500	0	40	336	125	32	27	35	0	0	0	0	0	0	0	0	0	0	0	0	36091529	
258	1	B	10	N	2500	0	40	336	151	43	32	45	0	0	0	0	0	0	0	0	0	0	0	0	36091701	
259	1	B	10	N	2500	0	40	246	150	45	35	47	0	0	0	0	0	0	0	0	0	0	0	0	36091826	
260	1	B	10	N	2500	0	40	362	145	43	31	43	0	0	0	0	0	0	0	0	0	0	0	0	36091904	
261	1	B	10	N	2500	0	40	368	154	44	33	52	0	0	0	0	0	0	0	0	0	0	0	0	36091966	
262	1	B	10	N	2500	0	40	217	139	38	31	47	0	0	0	0	0	0	0	0	0	0	0	0	36092138	
263	1	B	10	N	2500	0	40	364	155	41	32	46	0	0	0	0	0	0	0	0	0	0	0	0	36092263	
264	1	B	10	N	2500	0	1	60	34	67	77	88	0	0	0	0	0	0	0	0	0	0	0	0	36092387	
265	1	B	10	N	2500	0	40	280	181	51	39	55	0	0	0	0	0	0	0	0	0	0	0	0	36092434	
266	1	B	10	N	2500	0	40	329	119	32	26	38	0	0	0	0	0	0	0	0	0	0	0	0	36092528	
267	1	B	10	N	2500	0	40	246	172	48	36	53	0	0	0	0	0	0	0	0	0	0	0	0	36092559	
268	1	B	10	N	2500	0	40	399	165	42	33	46	0	0	0	0	0	0	0	0	0	0	0	0	36092637	
269	1	B	10	N	2500	0	40	393	142	39	31	49	0	0	0	0	0	0	0	0	0	0	0	0	36092684	
270	1	B	10	N	2500	0	40	228	127	35	29	42	0	0	0	0	0	0	0	0	0	0	0	0	36092715	
271	1	B	10	N	2500	0	40	351	145	45	32	49	0	0	0	0	0	0	0	0	0	0	0	0	36092746	
272	1	B	10	N	2500	0	40	268	147	38	32	47	0	0	0	0	0	0	0	0	0	0	0	0	36092793	
273	1	B	10	N	2500	0	40	295	171	48	35	43	0	0	0	0	0	0	0	0	0	0	0	0	36093074	
274	1	B	10	N	2500	0	40	255	177	53	39	55	0	0	0	0	0	0	0	0	0	0	0	0	36093261	
275	1	B	10	N	2500	0	1	105	36	8	6	10	0	0	0	0	0	0	0	0	0	0	0	0	36093760	
276	1	B	10	N	2500	0	40	370	163	47	36	50	0	0	0	0	0	0	0	0	0	0	0	0	36094431	
277	1	B	10	N	2500	0	40	334	124	35	28	45	0	0	0	0	0	0	0	0	0	0	0	0	36094805	
278	1	B	11	N	2500	6	40	181	139	43	31	43	0	0	0	0	0	0	0	0	0	0	0	0	36106942	
279	1	B	12	N	2500	6	40	356	135	35	26	39	0	0	0	0	0	0	0	0	0	0	0	0	36116755	
280	1	B	12	N	2500	6	40	264	145	37	28	36	0	0	0	0	0	0	0	0	0	0	0	0	36117160	
281	1	B	12	N	2500	6	40	343	143	33	26	36	0	0	0	0	0	0	0	0	0	0	0	0	36117691	
282	1	B	12	N	2500	0	1	123	37	9	8	13	0	0	0	0	0	0	0	0	0	0	0	0	36118174	
283	1	B	12	N	2500	0	1	215	74	18	14	20	0	0	0	0	0	0	0	0	0	0	0	0	36118174	
284	1	B	12	N	2500	0	1	196	56	12	10	19	0	0	0	0	0	0	0	0	0	0	0	0	36118705	
285	1	B	12	N	2500	0	40	316	133	35	24	32	0	0	0	0	0	0	0	0	0	0	0	0	36118705	
286	1	B	12	N	2500	0	40	188	135	33	27	39	0	0	0	0	0	0	0	0	0	0	0	0	36119220	
287	1	B	12	N	2500	0	40	191	123	29	21	32	0	0	0	0	0	0	0	0	0	0	0	0	36119329	
288	1	B	12	N	2500	0	40	349	131	32	24	33	0	0	0	0	0	0	0	0	0	0	0	0	36119625	
289	1	B	12	N	2500	0	1	208	85	17	14	21	0	0	0	0	0	0	0	0	0	0	0	0	36119781	
290	1	B	12	N	2500	0	40	198	110	33	24	33	0	0	0	0	0	0	0	0	0	0	0	0	36119797	
291	1	B	12	N	2500	0	40	426	164	42	29	39	0	0	0	0	0	0	0	0	0	0	0	0	36119828	
292	1	B	12	N	2500	0	1	265	80	16	12	19	0	0	0	0	0	0	0	0	0	0	0	0	36120218	
293	1	B	12	N	2500	0	40	183	129	34	25	30	0	0	0	0	0	0	0	0	0	0	0	0	36120421	
294	1	B	12	N	2500	0	1	173	91	23	20	28	0	0	0	0	0	0	0	0	0	0	0	0	36120546	
295	1	B	12	N	2500	0	40	324	127	32	22	34	0	0	0	0	0	0	0	0	0	0	0	0	36120577	
296	1	B	12	N	2500	0	1	194	107	24	19	25	0	0	0	0	0	0	0	0	0	0	0	0	36120826	
297	1	B	12	N	2500	0	1	148	73	19	15	19	0	0	0	0	0	0	0	0	0	0	0	0	36121060	
298	1	B	12	N	2500	0	40	294	121	26	24	29	0	0	0	0	0	0	0	0	0	0	0	0	36121092	
299	1	B	12	N	2500	0	40	311	109	27	21	30	0	0	0	0	0	0	0	0	0	0	0	0	36121248	
300	1	B	12	N	2500	0	40	366	149	39	27	40	0	0	0	0	0	0	0	0	0	0	0	0	36121294	
301	1	B	12	N	2500	0	40	303	99	27	19	35	0	0	0	0	0	0	0	0	0	0	0	0	36121294	
302	1	B	12	N	2500	0	1	169	98	35	24	32	0	0	0	0	0	0	0	0	0	0	0	0	36121310	
303	1	B	12	N	2500	0	40	355	133	32	25	33	0	0	0	0	0	0	0	0	0	0	0	0	36121310	
304	1	B	12	N	2500	0	40	297	110	27	20	28	0	0	0	0	0	0	0	0	0	0	0	0	36121388	
305	1	B	12	N	2500	0	1	122	30	7	5	9	0	0	0	0	0	0	0	0	0	0	0	0	36121450	
306	1	B	12	N	2500	0	1	135	62	14	12	16	0	0	0	0	0	0	0	0	0	0	0	0	36121450	
307	1	B	12	N	2500	0	40	227	120	37	26	35	0	0	0	0	0	0	0	0	0	0	0	0	36121513	
308	1	B	12	N	2500	0	40	354	150	36	25	40	0	0	0	0	0	0	0	0	0	0	0	0	36121560	
309	1	B	12	N	2500	0	40	347	125	34	25	36	0	0	0	0	0	0	0	0	0	0	0	0	36121653	
310	1	B	12	N	2500	0	40	249	130	35	28	36	0	0	0	0	0	0	0	0	0	0	0	0	36121716	
311	1	B	12	N	2500	0	1	242	93	19	14	24	0	0	0	0	0	0	0	0	0	0	0	0	36121965	
312	1	B	12	N	2500	0	1	167	118	30	25	32	0	0	0	0	0	0	0	0	0	0	0	0	36122246	
313	1	B	12	N	2500	0	40	344	123	29	22	33	0	0	0	0	0	0	0	0	0	0	0	0	36122246	
314	1	B	12	N	2500	0	40	276	156	41	32	47	0	0	0	0	0	0	0	0	0	0	0	0	36122262	
315	1	B	12	N	2500	0	40	294	143	39	33	43	0	0	0	0	0	0	0	0	0	0	0	0	36122277	
316	1	B	12	N	2500	0	40	207	119	29	24	35	0	0	0	0	0	0	0	0	0	0	0	0	36122340	
317	1	B	12	N	2500	0	40	226	110	24	19	27	0	0	0	0	0	0	0	0	0	0	0	0	36122386	
318	1	B	12	N	2500	0	40	235	101	21	15	21	0	0	0	0	0	0	0	0	0	0	0	0	36122480	
319	1	B	12	N	2500	0	40	240	129	31	25	39	0	0	0	0	0	0	0	0	0	0	0	0	36122496	
320	1	B	12	N	2500	0	40	328	120	28	20	31	0	0	0	0	0	0	0	0	0	0	0	0	36122652	
321	1	B	12	N	2500	0	40	195	120	30	23	35	0	0	0	0	0	0	0	0	0	0	0	0	36122776	
322	1	B	12	N	2500	0	40	388	119	24	19	29	0	0	0	0	0	0	0	0	0	0	0	0	36122886	
323	1	B	12	N	2500	0	40	397	134	32	21	36	0	0	0	0	0	0	0	0	0	0	0	0	36123104	
324	1	B	12	N	2500	0	40	319	106	19	17	20	0	0	0	0	0	0	0	0	0	0	0	0	36123135	
325	1	B	12	N	2500	0	1	258	80	17	15	21	0	0	0	0	0	0	0	0	0	0	0	0	36123182	
326	1	B	12	N	2500	0	1	194	79	14	12	15	0	0	0	0	0	0	0	0	0	0	0	0	36123541	
327	1	B	12	N	2500	0	40	309	105	28	20	32	0	0	0	0	0	0	0	0	0	0	0	0	36123634	
328	1	C	2	N	2500	2	1	93	65	34	14	16	0	0	0	0	0	0	0	0	0	0	0	0	36146800	
329	1	C	2	N	2500	2	1	152	98	23	21	28	0	0	0	0	0	0	0	0	0	0	0	0	36146847	
330	1	C	2	N	2500	2	1	76	17	8	3	2	0	0	0	0	0	0	0	0	0	0	0	0	36146956	
331	1	C	2	N	2500	2	1	68	15	8	5	6	0	0	0	0	0	0	0	0	0	0	0	0	36146972	
332	1	C	2	N	2500	2	1	159	46	20	9	12	0	0	0	0	0	0	0	0	0	0	0	0	36147315	
333	1	C	2	N	2500	2	1	54	11	7	1	3	0	0	0	0	0	0	0	0	0	0	0	0	36147721	
334	1	C	2	N	2500	2	1	198	101	30	25	35	0	0	0	0	0	0	0	0	0	0	0	0	36148407	
335	1	C	2	N	2500	2	1	53	22	17	4	5	0	0	0	0	0	0	0	0	0	0	0	0	36148470	
336	1	C	2	N	2500	2	1	64	28	15	8	8	0	0	0	0	0	0	0	0	0	0	0	0	36148828	
337	1	C	2	N	2500	2	1	78	47	30	6	11	0	0	0	0	0	0	0	0	0	0	0	0	36148828	
338	1	C	2	N	2500	2	1	84	20	18	3	3	0	0	0	0	0	0	0	0	0	0	0	0	36149187	
339	1	C	2	N	2500	2	1	240	76	14	12	19	0	0	0	0	0	0	0	0	0	0	0	0	36149421	
340	1	C	2	N	2500	6	40	322	135	38	27	37	0	0	0	0	0	0	0	0	0	0	0	0	36149905	
341	1	C	2	N	2500	2	1	148	57	29	9	11	0	0	0	0	0	0	0	0	0	0	0	0	36150264	
342	1	C	2	N	2500	2	1	137	52	12	11	14	0	0	0	0	0	0	0	0	0	0	0	0	36150264	
343	1	C	2	N	2500	2	1	120	27	5	6	7	0	0	0	0	0	0	0	0	0	0	0	0	36150264	
344	1	C	2	N	2500	6	40	367	155	44	31	44	0	0	0	0	0	0	0	0	0	0	0	0	36150279	
345	1	C	2	N	2500	2	1	258	68	16	11	16	0	0	0	0	0	0	0	0	0	0	0	0	36150654	
346	1	C	2	N	2500	6	40	423	176	48	34	50	0	0	0	0	0	0	0	0	0	0	0	0	36151090	
347	1	C	2	N	2500	0	1	157	96	30	22	29	0	0	0	0	0	0	0	0	0	0	0	0	36151402	
348	1	C	2	N	2500	0	40	361	170	45	33	49	0	0	0	0	0	0	0	0	0	0	0	0	36151512	
349	1	C	2	N	2500	0	40	341	132	36	27	42	0	0	0	0	0	0	0	0	0	0	0	0	36151870	
350	1	C	2	N	2500	0	40	310	134	37	28	37	0	0	0	0	0	0	0	0	0	0	0	0	36151995	
351	1	C	2	N	2500	0	40	351	142	40	31	41	0	0	0	0	0	0	0	0	0	0	0	0	36152557	
352	1	C	2	N	2500	0	40	329	148	48	34	44	0	0	0	0	0	0	0	0	0	0	0	0	36152728	
353	1	C	2	N	2500	0	40	275	101	28	20	26	0	0	0	0	0	0	0	0	0	0	0	0	36153820	
354	1	C	3	N	2500	6	40	400	162	40	28	38	0	0	0	0	0	0	0	0	0	0	0	0	36162790	
355	1	C	3	N	2500	2	1	51	16	7	4	4	0	0	0	0	0	0	0	0	0	0	0	0	36168250	
356	1	C	3	N	2500	2	1	51	17	11	6	5	0	0	0	0	0	0	0	0	0	0	0	0	36168250	
357	1	C	4	N	2500	2	1	123	50	12	8	14	0	0	0	0	0	0	0	0	0	0	0	0	36175723	
358	1	C	4	N	2500	2	1	221	69	14	11	16	0	0	0	0	0	0	0	0	0	0	0	0	36176612	
359	1	C	4	N	2500	2	1	110	37	5	4	6	0	0	0	0	0	0	0	0	0	0	0	0	36177423	
360	1	C	4	N	2500	6	40	351	134	38	29	44	0	0	0	0	0	0	0	0	0	0	0	0	36177985	
361	1	C	4	N	2500	2	1	171	70	17	13	20	0	0	0	0	0	0	0	0	0	0	0	0	36178422	
362	1	C	4	N	2500	6	40	346	142	33	27	43	0	0	0	0	0	0	0	0	0	0	0	0	36178656	
363	1	C	4	N	2500	6	40	229	132	37	28	42	0	0	0	0	0	0	0	0	0	0	0	0	36178718	
364	1	C	4	N	2500	0	40	216	119	33	24	34	0	0	0	0	0	0	0	0	0	0	0	0	36180013	
365	1	C	4	N	2500	0	40	238	107	27	24	34	0	0	0	0	0	0	0	0	0	0	0	0	36180231	
366	1	C	4	N	2500	0	40	176	119	32	28	41	0	0	0	0	0	0	0	0	0	0	0	0	36180231	
367	1	C	4	N	2500	0	40	332	114	33	23	31	0	0	0	0	0	0	0	0	0	0	0	0	36180434	
368	1	C	4	N	2500	0	1	274	77	17	13	23	0	0	0	0	0	0	0	0	0	0	0	0	36180559	
369	1	C	4	N	2500	0	40	386	155	40	30	44	0	0	0	0	0	0	0	0	0	0	0	0	36180637	
370	1	C	4	N	2500	0	40	267	164	49	36	47	0	0	0	0	0	0	0	0	0	0	0	0	36180964	
371	1	C	4	N	2500	0	1	107	27	4	4	7	0	0	0	0	0	0	0	0	0	0	0	0	36181089	
372	1	C	4	N	2500	0	1	88	44	9	8	11	0	0	0	0	0	0	0	0	0	0	0	0	36181089	
373	1	C	5	N	2500	6	40	258	154	37	32	49	0	0	0	0	0	0	0	0	0	0	0	0	36197064	
374	1	C	6	N	2500	2	1	71	18	9	3	3	0	0	0	0	0	0	0	0	0	0	0	0	36204458	
375	1	C	6	N	2500	2	1	63	21	12	5	7	0	0	0	0	0	0	0	0	0	0	0	0	36204723	
376	1	C	6	N	2500	6	40	298	135	34	30	40	0	0	0	0	0	0	0	0	0	0	0	0	36204801	
377	1	C	6	N	2500	6	40	283	116	42	28	42	0	0	0	0	0	0	0	0	0	0	0	0	36204988	
378	1	C	6	N	2500	2	1	50	13	7	4	5	0	0	0	0	0	0	0	0	0	0	0	0	36205160	
379	1	C	6	N	2500	2	1	61	16	10	3	3	0	0	0	0	0	0	0	0	0	0	0	0	36205176	
380	1	C	6	N	2500	2	1	128	34	7	6	11	0	0	0	0	0	0	0	0	0	0	0	0	36205191	
381	1	C	6	N	2500	6	40	334	117	34	23	36	0	0	0	0	0	0	0	0	0	0	0	0	36205628	
382	1	C	6	N	2500	0	40	297	118	33	25	36	0	0	0	0	0	0	0	0	0	0	0	0	36206689	
383	1	C	6	N	2500	0	40	301	93	18	15	19	0	0	0	0	0	0	0	0	0	0	0	0	36206860	
384	1	C	6	N	2500	0	1	57	17	10	6	7	0	0	0	0	0	0	0	0	0	0	0	0	36207297	
385	1	C	6	N	2500	0	40	370	152	40	30	43	0	0	0	0	0	0	0	0	0	0	0	0	36207297	
386	1	C	6	N	2500	0	1	58	19	3	2	6	0	0	0	0	0	0	0	0	0	0	0	0	36207500	
387	1	C	6	N	2500	0	40	310	115	28	23	31	0	0	0	0	0	0	0	0	0	0	0	0	36207828	
388	1	C	6	N	2500	0	40	315	120	31	24	40	0	0	0	0	0	0	0	0	0	0	0	0	36207937	
389	1	C	6	N	2500	0	1	108	52	10	9	12	0	0	0	0	0	0	0	0	0	0	0	0	36207999	
390	1	C	6	N	2500	0	40	223	132	34	29	43	0	0	0	0	0	0	0	0	0	0	0	0	36208046	
391	1	C	6	N	2500	0	40	237	125	37	29	40	0	0	0	0	0	0	0	0	0	0	0	0	36208358	
392	1	C	6	N	2500	0	40	332	139	36	28	44	0	0	0	0	0	0	0	0	0	0	0	0	36208358	
393	1	C	6	N	2500	0	40	340	153	43	32	42	0	0	0	0	0	0	0	0	0	0	0	0	36208686	
394	1	C	6	N	2500	0	40	250	106	25	21	32	0	0	0	0	0	0	0	0	0	0	0	0	36208966	
395	1	C	6	N	2500	0	40	352	132	36	26	37	0	0	0	0	0	0	0	0	0	0	0	0	36209622	
396	1	C	6	N	2500	0	40	189	112	31	25	36	0	0	0	0	0	0	0	0	0	0	0	0	36209840	
397	1	C	6	N	2500	0	40	349	131	33	27	37	0	0	0	0	0	0	0	0	0	0	0	0	36210246	
398	1	C	6	N	2500	0	1	54	21	26	35	62	0	0	0	0	0	0	0	0	0	0	0	0	36211026	
399	1	C	6	N	2500	0	40	258	134	37	24	38	0	0	0	0	0	0	0	0	0	0	0	0	36211073	
400	1	C	6	N	2500	0	40	326	139	31	26	36	0	0	0	0	0	0	0	0	0	0	0	0	36211213	
401	1	C	6	N	2500	0	40	233	111	30	22	32	0	0	0	0	0	0	0	0	0	0	0	0	36211587	
402	1	C	7	N	2500	2	1	51	19	6	8	18	0	0	0	0	0	0	0	0	0	0	0	0	36218545	
403	1	C	7	N	2500	6	40	298	125	36	27	37	0	0	0	0	0	0	0	0	0	0	0	0	36223350	
404	1	C	7	N	2500	2	1	95	24	14	9	12	0	0	0	0	0	0	0	0	0	0	0	0	36223818	
405	1	C	7	N	2500	2	1	70	29	17	8	9	0	0	0	0	0	0	0	0	0	0	0	0	36223818	
406	1	C	7	N	2500	2	1	54	25	19	7	8	0	0	0	0	0	0	0	0	0	0	0	0	36225471	
407	1	C	8	N	2500	6	40	238	120	36	30	47	0	0	0	0	0	0	0	0	0	0	0	0	36233303	
408	1	C	8	N	2500	6	40	350	128	37	25	41	0	0	0	0	0	0	0	0	0	0	0	0	36233505	
409	1	C	8	N	2500	2	1	62	26	18	5	5	0	0	0	0	0	0	0	0	0	0	0	0	36233708	
410	1	C	8	N	2500	2	1	90	40	28	7	9	0	0	0	0	0	0	0	0	0	0	0	0	36233817	
411	1	C	8	N	2500	2	1	191	83	19	16	20	0	0	0	0	0	0	0	0	0	0	0	0	36233849	
412	1	C	8	N	2500	2	1	59	17	13	2	3	0	0	0	0	0	0	0	0	0	0	0	0	36233973	
413	1	C	8	N	2500	2	1	68	25	21	9	8	0	0	0	0	0	0	0	0	0	0	0	0	36234114	
414	1	C	8	N	2500	2	1	99	48	39	18	18	0	0	0	0	0	0	0	0	0	0	0	0	36234114	
415	1	C	8	N	2500	6	40	314	129	36	28	42	0	0	0	0	0	0	0	0	0	0	0	0	36234145	
416	1	C	8	N	2500	0	1	57	18	13	3	3	0	0	0	0	0	0	0	0	0	0	0	0	36234395	
417	1	C	8	N	2500	0	40	296	128	39	32	45	0	0	0	0	0	0	0	0	0	0	0	0	36234660	
418	1	C	8	N	2500	0	1	181	93	21	17	25	0	0	0	0	0	0	0	0	0	0	0	0	36235065	
419	1	C	8	N	2500	0	1	71	22	10	3	3	0	0	0	0	0	0	0	0	0	0	0	0	36235097	
420	1	C	8	N	2500	0	40	313	112	33	22	34	0	0	0	0	0	0	0	0	0	0	0	0	36235175	
421	1	C	8	N	2500	0	1	57	12	5	5	12	0	0	0	0	0	0	0	0	0	0	0	0	36235206	
422	1	C	8	N	2500	0	1	77	22	12	3	4	0	0	0	0	0	0	0	0	0	0	0	0	36235440	
423	1	C	8	N	2500	0	40	270	112	27	23	32	0	0	0	0	0	0	0	0	0	0	0	0	36235643	
424	1	C	8	N	2500	0	40	294	103	30	21	28	0	0	0	0	0	0	0	0	0	0	0	0	36235705	
425	1	C	8	N	2500	0	40	274	112	40	30	36	0	0	0	0	0	0	0	0	0	0	0	0	36235783	
426	1	C	8	N	2500	0	1	126	33	6	5	9	0	0	0	0	0	0	0	0	0	0	0	0	36236079	
427	1	C	8	N	2500	0	1	193	79	20	21	27	0	0	0	0	0	0	0	0	0	0	0	0	36236251	
428	1	C	8	N	2500	0	40	329	132	38	27	42	0	0	0	0	0	0	0	0	0	0	0	0	36236267	
429	1	C	8	N	2500	0	1	143	94	32	22	32	0	0	0	0	0	0	0	0	0	0	0	0	36236672	
430	1	C	8	N	2500	0	40	312	107	24	21	28	0	0	0	0	0	0	0	0	0	0	0	0	36236969	
431	1	C	8	N	2500	0	40	288	168	55	37	45	0	0	0	0	0	0	0	0	0	0	0	0	36237000	
432	1	C	8	N	2500	0	1	135	80	17	14	17	0	0	0	0	0	0	0	0	0	0	0	0	36237000	
433	1	C	8	N	2500	0	40	274	131	38	31	40	0	0	0	0	0	0	0	0	0	0	0	0	36237187	
434	1	C	8	N	2500	0	40	291	173	54	36	48	0	0	0	0	0	0	0	0	0	0	0	0	36237296	
435	1	C	8	N	2500	0	40	381	144	32	25	37	0	0	0	0	0	0	0	0	0	0	0	0	36237561	
436	1	C	8	N	2500	0	40	180	136	42	34	45	0	0	0	0	0	0	0	0	0	0	0	0	36237655	
437	1	C	8	N	2500	0	40	262	122	36	29	37	0	0	0	0	0	0	0	0	0	0	0	0	36237717	
438	1	C	8	N	2500	0	40	323	142	43	29	40	0	0	0	0	0	0	0	0	0	0	0	0	36237920	
439	1	C	8	N	2500	0	1	225	101	35	28	32	0	0	0	0	0	0	0	0	0	0	0	0	36238061	
440	1	C	8	N	2500	0	40	322	129	38	30	42	0	0	0	0	0	0	0	0	0	0	0	0	36238139	
441	1	C	8	N	2500	0	40	297	109	33	24	35	0	0	0	0	0	0	0	0	0	0	0	0	36238653	
442	1	C	9	N	2500	2	1	177	101	29	21	29	0	0	0	0	0	0	0	0	0	0	0	0	36247358	
443	1	C	9	N	2500	6	40	241	125	33	27	40	0	0	0	0	0	0	0	0	0	0	0	0	36252631	
444	1	C	9	N	2500	6	40	324	141	43	32	42	0	0	0	0	0	0	0	0	0	0	0	0	36252725	
445	1	C	9	N	2500	2	1	52	25	13	18	31	0	0	0	0	0	0	0	0	0	0	0	0	36254877	
446	1	C	10	N	2500	6	40	324	133	41	34	48	0	0	0	0	0	0	0	0	0	0	0	0	36262412	
447	1	C	10	N	2500	2	1	56	20	7	2	3	0	0	0	0	0	0	0	0	0	0	0	0	36262490	
448	1	C	10	N	2500	2	1	198	103	22	20	28	0	0	0	0	0	0	0	0	0	0	0	0	36263145	
449	1	C	10	N	2500	6	40	308	137	37	32	43	0	0	0	0	0	0	0	0	0	0	0	0	36264393	
450	1	C	10	N	2500	6	40	318	114	30	25	35	0	0	0	0	0	0	0	0	0	0	0	0	36264440	
451	1	C	10	N	2500	0	1	165	91	21	15	21	0	0	0	0	0	0	0	0	0	0	0	0	36264783	
452	1	C	10	N	2500	0	1	204	95	25	18	27	0	0	0	0	0	0	0	0	0	0	0	0	36264924	
453	1	C	10	N	2500	0	1	63	24	14	3	4	0	0	0	0	0	0	0	0	0	0	0	0	36265095	
454	1	C	10	N	2500	0	1	197	107	29	20	29	0	0	0	0	0	0	0	0	0	0	0	0	36265173	
455	1	C	10	N	2500	0	40	399	140	36	26	37	0	0	0	0	0	0	0	0	0	0	0	0	36265345	
456	1	C	10	N	2500	0	40	261	134	45	33	48	0	0	0	0	0	0	0	0	0	0	0	0	36265407	
457	1	C	10	N	2500	0	40	304	107	27	21	28	0	0	0	0	0	0	0	0	0	0	0	0	36265407	
458	1	C	10	N	2500	0	40	198	129	42	31	44	0	0	0	0	0	0	0	0	0	0	0	0	36265423	
459	1	C	10	N	2500	0	40	277	122	36	27	36	0	0	0	0	0	0	0	0	0	0	0	0	36265423	
460	1	C	10	N	2500	0	1	185	107	34	24	28	0	0	0	0	0	0	0	0	0	0	0	0	36265423	
461	1	C	10	N	2500	0	1	54	23	10	3	5	0	0	0	0	0	0	0	0	0	0	0	0	36266156	
462	1	C	10	N	2500	0	40	337	111	29	22	32	0	0	0	0	0	0	0	0	0	0	0	0	36266156	
463	1	C	10	N	2500	0	40	236	112	30	22	29	0	0	0	0	0	0	0	0	0	0	0	0	36266187	
464	1	C	10	N	2500	0	40	193	123	25	24	35	0	0	0	0	0	0	0	0	0	0	0	0	36266281	
465	1	C	10	N	2500	0	40	296	101	21	17	27	0	0	0	0	0	0	0	0	0	0	0	0	36266343	
466	1	C	10	N	2500	0	40	402	154	37	29	44	0	0	0	0	0	0	0	0	0	0	0	0	36266421	
467	1	C	10	N	2500	0	1	228	96	24	20	30	0	0	0	0	0	0	0	0	0	0	0	0	36266499	
468	1	C	10	N	2500	0	1	57	16	13	3	3	0	0	0	0	0	0	0	0	0	0	0	0	36266577	
469	1	C	10	N	2500	0	1	184	108	27	22	32	0	0	0	0	0	0	0	0	0	0	0	0	36266921	
470	1	C	10	N	2500	0	40	388	150	37	30	43	0	0	0	0	0	0	0	0	0	0	0	0	36267014	
471	1	C	10	N	2500	0	40	208	128	40	29	42	0	0	0	0	0	0	0	0	0	0	0	0	36267451	
472	1	C	10	N	2500	0	40	310	142	43	30	41	0	0	0	0	0	0	0	0	0	0	0	0	36267763	
473	1	C	10	N	2500	0	40	312	114	35	25	37	0	0	0	0	0	0	0	0	0	0	0	0	36267841	
474	1	C	10	N	2500	0	1	135	65	16	14	23	0	0	0	0	0	0	0	0	0	0	0	0	36267981	
475	1	C	10	N	2500	0	1	181	111	29	22	28	0	0	0	0	0	0	0	0	0	0	0	0	36268106	
476	1	C	10	N	2500	0	40	309	119	33	25	37	0	0	0	0	0	0	0	0	0	0	0	0	36268122	
477	1	C	10	N	2500	0	40	397	156	38	28	45	0	0	0	0	0	0	0	0	0	0	0	0	36268356	
478	1	C	10	N	2500	0	40	237	124	44	32	39	0	0	0	0	0	0	0	0	0	0	0	0	36268559	
479	1	C	10	N	2500	0	1	230	95	28	20	30	0	0	0	0	0	0	0	0	0	0	0	0	36268699	
480	1	C	10	N	2500	0	40	317	94	21	16	22	0	0	0	0	0	0	0	0	0	0	0	0	36269339	
481	1	C	11	N	2500	2	1	79	21	12	7	10	0	0	0	0	0	0	0	0	0	0	0	0	36280212	
482	1	C	12	N	2500	6	40	333	117	31	24	35	0	0	0	0	0	0	0	0	0	0	0	0	36290726	
483	1	C	12	N	2500	6	40	472	171	45	33	43	0	0	0	0	0	0	0	0	0	0	0	0	36290851	
484	1	C	12	N	2500	2	1	83	43	21	4	6	0	0	0	0	0	0	0	0	0	0	0	0	36291522	
485	1	C	12	N	2500	6	40	265	111	35	26	35	0	0	0	0	0	0	0	0	0	0	0	0	36291787	
486	1	C	12	N	2500	0	40	186	121	36	24	32	0	0	0	0	0	0	0	0	0	0	0	0	36293113	
487	1	C	12	N	2500	0	40	222	140	39	26	35	0	0	0	0	0	0	0	0	0	0	0	0	36293300	
488	1	C	12	N	2500	0	40	318	144	35	28	37	0	0	0	0	0	0	0	0	0	0	0	0	36293456	
489	1	C	12	N	2500	0	40	353	148	43	31	42	0	0	0	0	0	0	0	0	0	0	0	0	36293472	
490	1	C	12	N	2500	0	40	322	125	34	25	40	0	0	0	0	0	0	0	0	0	0	0	0	36293721	
491	1	C	12	N	2500	0	1	252	89	19	15	21	0	0	0	0	0	0	0	0	0	0	0	0	36294158	
492	1	C	12	N	2500	0	40	236	109	27	21	28	0	0	0	0	0	0	0	0	0	0	0	0	36294174	
493	1	C	12	N	2500	0	40	338	123	35	27	37	0	0	0	0	0	0	0	0	0	0	0	0	36294455	
494	1	C	12	N	2500	0	40	213	112	33	25	34	0	0	0	0	0	0	0	0	0	0	0	0	36294657	
495	1	C	12	N	2500	0	1	152	81	28	23	36	0	0	0	0	0	0	0	0	0	0	0	0	36295157	
496	1	C	12	N	2500	0	40	359	129	40	27	39	0	0	0	0	0	0	0	0	0	0	0	0	36295391	
497	1	C	12	N	2500	0	40	331	117	31	23	33	0	0	0	0	0	0	0	0	0	0	0	0	36295437	
498	1	C	12	N	2500	0	40	308	109	31	22	30	0	0	0	0	0	0	0	0	0	0	0	0	36295515	
499	1	C	12	N	2500	0	40	207	141	38	29	38	0	0	0	0	0	0	0	0	0	0	0	0	36295625	
500	1	C	12	N	2500	0	40	259	127	38	26	35	0	0	0	0	0	0	0	0	0	0	0	0	36295656	
501	1	C	12	N	2500	0	40	315	135	42	34	47	0	0	0	0	0	0	0	0	0	0	0	0	36295687	
502	1	C	12	N	2500	0	40	297	125	31	25	36	0	0	0	0	0	0	0	0	0	0	0	0	36295734	
503	1	C	12	N	2500	0	40	361	130	38	25	38	0	0	0	0	0	0	0	0	0	0	0	0	36295859	
504	1	C	12	N	2500	0	40	303	105	23	19	27	0	0	0	0	0	0	0	0	0	0	0	0	36296015	
505	1	C	12	N	2500	0	40	340	122	31	25	36	0	0	0	0	0	0	0	0	0	0	0	0	36296015	
506	1	C	12	N	2500	0	40	470	187	53	38	49	0	0	0	0	0	0	0	0	0	0	0	0	36296061	
507	1	C	12	N	2500	0	40	289	97	23	16	23	0	0	0	0	0	0	0	0	0	0	0	0	36296061	
508	1	C	12	N	2500	0	40	238	133	38	27	37	0	0	0	0	0	0	0	0	0	0	0	0	36296093	
509	1	C	12	N	2500	0	40	247	140	48	35	49	0	0	0	0	0	0	0	0	0	0	0	0	36296171	
510	1	C	12	N	2500	0	40	262	132	37	28	34	0	0	0	0	0	0	0	0	0	0	0	0	36296202	
511	1	C	12	N	2500	0	40	209	107	27	20	28	0	0	0	0	0	0	0	0	0	0	0	0	36296264	
512	1	C	12	N	2500	0	40	326	121	29	23	35	0	0	0	0	0	0	0	0	0	0	0	0	36296280	
513	1	C	12	N	2500	0	40	323	134	35	27	38	0	0	0	0	0	0	0	0	0	0	0	0	36296327	
514	1	C	12	N	2500	0	40	259	94	21	17	26	0	0	0	0	0	0	0	0	0	0	0	0	36296389	
515	1	C	12	N	2500	0	40	329	120	34	25	36	0	0	0	0	0	0	0	0	0	0	0	0	36296498	
516	1	C	12	N	2500	0	40	235	161	48	34	48	0	0	0	0	0	0	0	0	0	0	0	0	36296717	
517	1	C	12	N	2500	0	40	282	108	26	18	26	0	0	0	0	0	0	0	0	0	0	0	0	36296810	
518	1	C	12	N	2500	0	40	412	133	34	24	38	0	0	0	0	0	0	0	0	0	0	0	0	36296904	
519	1	C	12	N	2500	0	40	213	120	41	30	40	0	0	0	0	0	0	0	0	0	0	0	0	36296919	
520	1	C	12	N	2500	0	1	211	77	15	13	18	0	0	0	0	0	0	0	0	0	0	0	0	36297013	
521	1	C	12	N	2500	0	40	324	114	34	23	35	0	0	0	0	0	0	0	0	0	0	0	0	36297122	
522	1	C	12	N	2500	0	1	161	99	26	23	32	0	0	0	0	0	0	0	0	0	0	0	0	36297231	
523	1	C	12	N	2500	0	40	269	103	24	18	29	0	0	0	0	0	0	0	0	0	0	0	0	36297247	
524	1	C	12	N	2500	0	1	217	92	22	18	23	0	0	0	0	0	0	0	0	0	0	0	0	36297403	
525	1	C	12	N	2500	0	40	269	157	41	36	54	0	0	0	0	0	0	0	0	0	0	0	0	36297746	
526	1	C	12	N	2500	0	40	352	138	37	29	40	0	0	0	0	0	0	0	0	0	0	0	0	36298121	
527	1	D	1	N	2500	2	1	78	26	15	3	3	0	0	0	0	0	0	0	0	0	0	0	0	36310086	
528	1	D	1	N	2500	2	1	200	44	6	1	3	0	0	0	0	0	0	0	0	0	0	0	0	36311724	
529	1	D	2	N	2500	2	1	168	70	14	14	18	0	0	0	0	0	0	0	0	0	0	0	0	36321037	
530	1	D	2	N	2500	2	1	159	87	24	17	25	0	0	0	0	0	0	0	0	0	0	0	0	36322566	
531	1	D	2	N	2500	2	1	73	35	20	23	46	0	0	0	0	0	0	0	0	0	0	0	0	36322925	
532	1	D	2	N	2500	2	1	55	25	9	2	3	0	0	0	0	0	0	0	0	0	0	0	0	36322925	
533	1	D	2	N	2500	6	40	331	107	30	23	35	0	0	0	0	0	0	0	0	0	0	0	0	36323970	
534	1	D	2	N	2500	6	40	385	137	32	24	33	0	0	0	0	0	0	0	0	0	0	0	0	36324157	
535	1	D	2	N	2500	6	40	378	137	40	27	38	0	0	0	0	0	0	0	0	0	0	0	0	36324266	
536	1	D	2	N	2500	0	1	121	50	11	10	15	0	0	0	0	0	0	0	0	0	0	0	0	36324360	
537	1	D	2	N	2500	0	1	186	106	26	21	30	0	0	0	0	0	0	0	0	0	0	0	0	36324937	
538	1	D	2	N	2500	0	1	168	111	33	23	30	0	0	0	0	0	0	0	0	0	0	0	0	36325530	
539	1	D	2	N	2500	0	1	151	75	19	16	26	0	0	0	0	0	0	0	0	0	0	0	0	36325608	
540	1	D	2	N	2500	0	1	222	79	23	19	24	0	0	0	0	0	0	0	0	0	0	0	0	36326232	
541	1	D	2	N	2500	0	40	323	100	25	20	30	0	0	0	0	0	0	0	0	0	0	0	0	36326591	
542	1	D	2	N	2500	0	40	340	129	34	27	36	0	0	0	0	0	0	0	0	0	0	0	0	36326856	
543	1	D	4	N	2500	6	40	315	115	28	23	30	0	0	0	0	0	0	0	0	0	0	0	0	36351364	
544	1	D	4	N	2500	2	1	193	86	19	15	21	0	0	0	0	0	0	0	0	0	0	0	0	36351988	
545	1	D	4	N	2500	6	40	206	144	44	31	41	0	0	0	0	0	0	0	0	0	0	0	0	36352097	
546	1	D	4	N	2500	6	40	337	133	41	26	37	0	0	0	0	0	0	0	0	0	0	0	0	36352159	
547	1	D	4	N	2500	0	40	336	127	31	23	32	0	0	0	0	0	0	0	0	0	0	0	0	36352268	
548	1	D	4	N	2500	0	40	341	137	38	28	36	0	0	0	0	0	0	0	0	0	0	0	0	36352627	
549	1	D	4	N	2500	0	40	309	103	32	21	28	0	0	0	0	0	0	0	0	0	0	0	0	36352924	
550	1	D	4	N	2500	0	40	306	93	19	16	25	0	0	0	0	0	0	0	0	0	0	0	0	36352955	
551	1	D	4	N	2500	0	40	238	111	26	19	31	0	0	0	0	0	0	0	0	0	0	0	0	36353033	
552	1	D	4	N	2500	0	40	352	139	37	26	37	0	0	0	0	0	0	0	0	0	0	0	0	36353080	
553	1	D	4	N	2500	0	1	166	86	19	15	22	0	0	0	0	0	0	0	0	0	0	0	0	36353345	
554	1	D	4	N	2500	0	40	289	100	20	16	25	0	0	0	0	0	0	0	0	0	0	0	0	36353688	
555	1	D	4	N	2500	0	40	245	123	31	25	41	0	0	0	0	0	0	0	0	0	0	0	0	36353750	
556	1	D	4	N	2500	0	40	331	116	33	24	35	0	0	0	0	0	0	0	0	0	0	0	0	36354265	
557	1	D	4	N	2500	0	1	129	41	11	9	16	0	0	0	0	0	0	0	0	0	0	0	0	36354452	
558	1	D	4	N	2500	0	40	188	125	40	27	35	0	0	0	0	0	0	0	0	0	0	0	0	36354515	
559	1	D	4	N	2500	0	1	226	64	13	13	20	0	0	0	0	0	0	0	0	0	0	0	0	36354811	
560	1	D	4	N	2500	0	40	227	124	27	21	29	0	0	0	0	0	0	0	0	0	0	0	0	36354952	
561	1	D	4	N	2500	0	40	312	124	29	22	28	0	0	0	0	0	0	0	0	0	0	0	0	36355061	
562	1	D	4	N	2500	0	40	270	114	28	25	33	0	0	0	0	0	0	0	0	0	0	0	0	36355201	
563	1	D	4	N	2500	0	40	232	121	34	22	32	0	0	0	0	0	0	0	0	0	0	0	0	36355888	
564	1	D	4	N	2500	0	1	273	81	22	14	20	0	0	0	0	0	0	0	0	0	0	0	0	36355950	
565	1	D	4	N	2500	0	40	449	166	43	28	37	0	0	0	0	0	0	0	0	0	0	0	0	36356106	
566	1	D	4	N	2500	0	40	403	150	36	26	37	0	0	0	0	0	0	0	0	0	0	0	0	36356200	
567	1	D	6	N	2500	2	1	241	97	24	19	26	0	0	0	0	0	0	0	0	0	0	0	0	36381440	
568	1	D	6	N	2500	6	40	389	164	42	33	45	0	0	0	0	0	0	0	0	0	0	0	0	36382564	
569	1	D	6	N	2500	2	1	208	101	25	19	28	0	0	0	0	0	0	0	0	0	0	0	0	36382907	
570	1	D	6	N	2500	2	1	232	91	32	25	31	0	0	0	0	0	0	0	0	0	0	0	0	36383406	
571	1	D	6	N	2500	6	40	423	156	48	34	54	0	0	0	0	0	0	0	0	0	0	0	0	36384030	
572	1	D	6	N	2500	6	40	311	93	21	17	28	0	0	0	0	0	0	0	0	0	0	0	0	36384576	
573	1	D	6	N	2500	0	1	106	21	3	2	4	0	0	0	0	0	0	0	0	0	0	0	0	36384763	
574	1	D	8	N	2500	2	1	105	27	15	9	9	0	0	0	0	0	0	0	0	0	0	0	0	36408148	
575	1	D	8	N	2500	2	1	68	25	17	8	10	0	0	0	0	0	0	0	0	0	0	0	0	36408148	
576	1	D	8	N	2500	2	1	53	12	7	3	4	0	0	0	0	0	0	0	0	0	0	0	0	36408818	
577	1	D	8	N	2500	2	1	65	16	11	3	2	0	0	0	0	0	0	0	0	0	0	0	0	36409411	
578	1	D	8	N	2500	6	40	278	120	32	23	33	0	0	0	0	0	0	0	0	0	0	0	0	36409754	
579	1	D	8	N	2500	2	1	155	79	20	17	22	0	0	0	0	0	0	0	0	0	0	0	0	36409817	
580	1	D	8	N	2500	6	40	365	147	37	29	45	0	0	0	0	0	0	0	0	0	0	0	0	36409895	
581	1	D	8	N	2500	6	40	241	147	41	36	53	0	0	0	0	0	0	0	0	0	0	0	0	36410254	
582	1	D	8	N	2500	0	40	449	192	57	39	53	0	0	0	0	0	0	0	0	0	0	0	0	36410768	
583	1	D	8	N	2500	0	1	158	117	32	28	40	0	0	0	0	0	0	0	0	0	0	0	0	36411018	
584	1	D	8	N	2500	0	40	362	141	38	30	42	0	0	0	0	0	0	0	0	0	0	0	0	36411517	
585	1	D	8	N	2500	0	40	224	129	37	28	36	0	0	0	0	0	0	0	0	0	0	0	0	36411533	
586	1	D	8	N	2500	0	40	298	92	19	14	23	0	0	0	0	0	0	0	0	0	0	0	0	36411876	
587	1	D	8	N	2500	0	40	351	124	31	22	32	0	0	0	0	0	0	0	0	0	0	0	0	36412141	
588	1	D	8	N	2500	0	40	406	167	51	36	50	0	0	0	0	0	0	0	0	0	0	0	0	36412375	
589	1	D	8	N	2500	0	40	287	101	24	18	29	0	0	0	0	0	0	0	0	0	0	0	0	36412391	
590	1	D	8	N	2500	0	40	235	148	48	32	47	0	0	0	0	0	0	0	0	0	0	0	0	36412640	
591	1	D	8	N	2500	0	40	293	124	34	25	36	0	0	0	0	0	0	0	0	0	0	0	0	36413155	
592	1	D	8	N	2500	0	40	398	127	32	22	37	0	0	0	0	0	0	0	0	0	0	0	0	36413171	
593	1	D	8	N	2500	0	1	53	17	7	11	19	0	0	0	0	0	0	0	0	0	0	0	0	36414076	
594	1	D	9	N	2500	2	1	69	41	26	5	6	0	0	0	0	0	0	0	0	0	0	0	0	36422422	
595	1	D	9	N	2500	6	40	320	110	30	22	29	0	0	0	0	0	0	0	0	0	0	0	0	36427351	
596	1	D	10	N	2500	6	40	526	212	60	40	52	0	0	0	0	0	0	0	0	0	0	0	0	36436961	
597	1	D	10	N	2500	6	40	253	131	35	28	38	0	0	0	0	0	0	0	0	0	0	0	0	36437195	
598	1	D	10	N	2500	8	40	395	166	45	35	51	0	0	0	0	0	0	0	0	0	0	0	0	36437678	
599	1	D	10	N	2500	8	40	314	118	31	24	37	0	0	0	0	0	0	0	0	0	0	0	0	36437678	
600	1	D	10	N	2500	6	40	258	132	40	33	45	0	0	0	0	0	0	0	0	0	0	0	0	36438505	
601	1	D	10	N	2500	0	40	332	125	32	26	41	0	0	0	0	0	0	0	0	0	0	0	0	36438692	
602	1	D	10	N	2500	0	40	325	131	38	28	38	0	0	0	0	0	0	0	0	0	0	0	0	36439270	
603	1	D	10	N	2500	0	40	375	155	42	32	45	0	0	0	0	0	0	0	0	0	0	0	0	36439317	
604	1	D	10	N	2500	0	1	69	22	13	8	8	0	0	0	0	0	0	0	0	0	0	0	0	36439332	
605	1	D	10	N	2500	0	40	274	136	44	32	48	0	0	0	0	0	0	0	0	0	0	0	0	36440128	
606	1	D	10	N	2500	0	40	209	130	35	30	40	0	0	0	0	0	0	0	0	0	0	0	0	36440253	
607	1	D	10	N	2500	0	40	314	106	26	21	32	0	0	0	0	0	0	0	0	0	0	0	0	36440284	
608	1	D	10	N	2500	0	40	363	149	35	28	39	0	0	0	0	0	0	0	0	0	0	0	0	36440393	
609	1	D	10	N	2500	0	1	165	83	26	19	27	0	0	0	0	0	0	0	0	0	0	0	0	36440455	
610	1	D	10	N	2500	0	40	325	106	25	19	28	0	0	0	0	0	0	0	0	0	0	0	0	36440580	
611	1	D	10	N	2500	0	1	63	25	15	5	6	0	0	0	0	0	0	0	0	0	0	0	0	36440611	
612	1	D	10	N	2500	0	40	257	158	46	39	57	0	0	0	0	0	0	0	0	0	0	0	0	36441064	
613	1	D	10	N	2500	0	40	283	126	40	28	39	0	0	0	0	0	0	0	0	0	0	0	0	36441516	
614	1	D	10	N	2500	0	40	356	138	41	28	42	0	0	0	0	0	0	0	0	0	0	0	0	36442203	
615	1	D	10	N	2500	0	40	340	211	52	41	55	0	0	0	0	0	0	0	0	0	0	0	0	36442203	
616	1	D	10	N	2500	0	40	379	154	46	32	41	0	0	0	0	0	0	0	0	0	0	0	0	36442234	
617	1	D	10	N	2500	0	40	476	214	57	40	55	0	0	0	0	0	0	0	0	0	0	0	0	36442499	
618	1	D	10	N	2500	0	40	475	167	37	29	45	0	0	0	0	0	0	0	0	0	0	0	0	36443185	
619	1	D	10	N	2500	0	40	340	127	30	26	38	0	0	0	0	0	0	0	0	0	0	0	0	36443217	
620	1	D	10	N	2500	0	40	367	158	42	32	47	0	0	0	0	0	0	0	0	0	0	0	0	36443482	
621	1	D	11	N	2500	2	1	64	26	15	8	10	0	0	0	0	0	0	0	0	0	0	0	0	36450517	
622	1	D	11	N	2500	2	1	65	32	23	7	9	0	0	0	0	0	0	0	0	0	0	0	0	36451360	
623	1	D	11	N	2500	33	1	81	27	15	7	4	0	0	0	0	0	0	0	0	0	0	0	0	36451360	
624	1	D	11	N	2500	2	1	74	24	12	2	4	0	0	0	0	0	0	0	0	0	0	0	0	36454417	
625	1	D	12	N	2500	2	1	118	57	10	9	13	0	0	0	0	0	0	0	0	0	0	0	0	36466492	
626	1	D	12	N	2500	2	1	51	12	3	4	7	0	0	0	0	0	0	0	0	0	0	0	0	36466882	
627	1	D	12	N	2500	2	1	129	49	9	9	17	0	0	0	0	0	0	0	0	0	0	0	0	36468067	
628	1	D	12	N	2500	2	1	104	40	5	5	8	0	0	0	0	0	0	0	0	0	0	0	0	36469128	
629	1	D	12	N	2500	2	1	232	73	13	11	20	0	0	0	0	0	0	0	0	0	0	0	0	36470719	
630	1	E	1	N	2500	2	1	66	24	14	3	4	0	0	0	0	0	0	0	0	0	0	0	0	36481171	
631	1	E	1	N	2500	2	1	108	60	45	8	10	0	0	0	0	0	0	0	0	0	0	0	0	36482279	
632	1	E	1	N	2500	2	1	94	41	22	14	15	0	0	0	0	0	0	0	0	0	0	0	0	36486132	
633	1	E	2	N	2500	6	40	304	101	26	20	31	0	0	0	0	0	0	0	0	0	0	0	0	36495804	
634	1	E	2	N	2500	2	1	146	93	23	18	22	0	0	0	0	0	0	0	0	0	0	0	0	36495913	
635	1	E	2	N	2500	2	1	152	99	34	26	33	0	0	0	0	0	0	0	0	0	0	0	0	36496069	
636	1	E	2	N	2500	2	1	206	88	18	15	24	0	0	0	0	0	0	0	0	0	0	0	0	36496116	
637	1	E	2	N	2500	2	1	158	42	8	8	13	0	0	0	0	0	0	0	0	0	0	0	0	36496179	
638	1	E	2	N	2500	2	1	263	79	16	15	23	0	0	0	0	0	0	0	0	0	0	0	0	36497505	
639	1	E	2	N	2500	2	1	164	100	28	20	27	0	0	0	0	0	0	0	0	0	0	0	0	36497536	
640	1	E	2	N	2500	2	1	209	104	25	23	32	0	0	0	0	0	0	0	0	0	0	0	0	36498285	
641	1	E	2	N	2500	2	1	100	60	16	15	25	0	0	0	0	0	0	0	0	0	0	0	0	36498612	
642	1	E	2	N	2500	2	1	182	106	29	21	30	0	0	0	0	0	0	0	0	0	0	0	0	36498659	
643	1	E	2	N	2500	6	40	216	109	25	21	31	0	0	0	0	0	0	0	0	0	0	0	0	36499033	
644	1	E	2	N	2500	6	40	307	92	21	17	25	0	0	0	0	0	0	0	0	0	0	0	0	36499033	
645	1	E	2	N	2500	0	40	278	118	34	23	35	0	0	0	0	0	0	0	0	0	0	0	0	36499096	
646	1	E	2	N	2500	0	1	152	88	21	16	24	0	0	0	0	0	0	0	0	0	0	0	0	36499096	
647	1	E	2	N	2500	0	1	159	106	31	23	28	0	0	0	0	0	0	0	0	0	0	0	0	36499408	
648	1	E	2	N	2500	0	40	282	90	20	16	28	0	0	0	0	0	0	0	0	0	0	0	0	36499486	
649	1	E	2	N	2500	0	40	301	113	27	23	32	0	0	0	0	0	0	0	0	0	0	0	0	36499486	
650	1	E	2	N	2500	0	40	241	109	25	23	32	0	0	0	0	0	0	0	0	0	0	0	0	36499517	
651	1	E	2	N	2500	0	40	297	84	15	13	22	0	0	0	0	0	0	0	0	0	0	0	0	36499845	
652	1	E	2	N	2500	0	40	292	115	27	22	29	0	0	0	0	0	0	0	0	0	0	0	0	36500656	
653	1	E	2	N	2500	0	40	298	115	32	22	34	0	0	0	0	0	0	0	0	0	0	0	0	36500718	
654	1	E	2	N	2500	0	40	438	150	37	28	35	0	0	0	0	0	0	0	0	0	0	0	0	36500937	
655	1	E	2	N	2500	0	40	301	95	21	18	21	0	0	0	0	0	0	0	0	0	0	0	0	36501202	
656	1	E	2	N	2500	0	40	333	116	24	19	30	0	0	0	0	0	0	0	0	0	0	0	0	36501327	
657	1	E	2	N	2500	0	40	367	143	34	26	41	0	0	0	0	0	0	0	0	0	0	0	0	36501919	
658	1	E	4	N	2500	6	40	200	124	42	31	45	0	0	0	0	0	0	0	0	0	0	0	0	36525288	
659	1	E	4	N	2500	6	40	310	114	27	22	32	0	0	0	0	0	0	0	0	0	0	0	0	36526583	
660	1	E	4	N	2500	6	40	340	118	32	25	36	0	0	0	0	0	0	0	0	0	0	0	0	36527223	
661	1	E	4	N	2500	0	40	267	118	39	26	34	0	0	0	0	0	0	0	0	0	0	0	0	36529422	
662	1	E	4	N	2500	0	40	301	120	26	21	31	0	0	0	0	0	0	0	0	0	0	0	0	36529609	
663	1	E	4	N	2500	0	40	322	108	29	21	35	0	0	0	0	0	0	0	0	0	0	0	0	36529890	
664	1	E	4	N	2500	0	1	167	87	21	18	24	0	0	0	0	0	0	0	0	0	0	0	0	36530779	
665	1	E	6	N	2500	6	40	300	114	31	24	36	0	0	0	0	0	0	0	0	0	0	0	0	36553322	
666	1	E	6	N	2500	2	1	107	52	27	14	16	0	0	0	0	0	0	0	0	0	0	0	0	36553680	
667	1	E	6	N	2500	2	1	57	20	10	6	10	0	0	0	0	0	0	0	0	0	0	0	0	36553805	
668	1	E	6	N	2500	2	1	57	17	11	4	5	0	0	0	0	0	0	0	0	0	0	0	0	36553977	
669	1	E	6	N	2500	2	1	82	22	11	8	8	0	0	0	0	0	0	0	0	0	0	0	0	36554024	
670	1	E	6	N	2500	2	1	67	25	20	5	5	0	0	0	0	0	0	0	0	0	0	0	0	36554460	
671	1	E	6	N	2500	6	40	229	137	41	30	47	0	0	0	0	0	0	0	0	0	0	0	0	36554554	
672	1	E	6	N	2500	6	40	356	127	31	27	38	0	0	0	0	0	0	0	0	0	0	0	0	36554632	
673	1	E	6	N	2500	0	40	316	109	32	22	37	0	0	0	0	0	0	0	0	0	0	0	0	36554897	
674	1	E	6	N	2500	0	40	315	102	25	21	30	0	0	0	0	0	0	0	0	0	0	0	0	36555630	
675	1	E	6	N	2500	0	40	228	147	47	34	49	0	0	0	0	0	0	0	0	0	0	0	0	36555958	
676	1	E	6	N	2500	0	40	371	152	44	33	50	0	0	0	0	0	0	0	0	0	0	0	0	36556676	
677	1	E	6	N	2500	0	40	333	123	32	25	39	0	0	0	0	0	0	0	0	0	0	0	0	36556863	
678	1	E	6	N	2500	0	1	147	102	33	24	34	0	0	0	0	0	0	0	0	0	0	0	0	36557019	
679	1	E	6	N	2500	0	40	385	118	25	21	32	0	0	0	0	0	0	0	0	0	0	0	0	36557222	
680	1	E	6	N	2500	0	1	67	20	2	2	3	0	0	0	0	0	0	0	0	0	0	0	0	36557222	
681	1	E	6	N	2500	0	1	60	13	4	5	11	0	0	0	0	0	0	0	0	0	0	0	0	36559328	
682	1	E	7	N	2500	6	40	340	130	37	28	38	0	0	0	0	0	0	0	0	0	0	0	0	36572073	
683	1	E	8	N	2500	2	1	68	21	14	6	8	0	0	0	0	0	0	0	0	0	0	0	0	36582072	
684	1	E	8	N	2500	2	1	66	14	8	3	3	0	0	0	0	0	0	0	0	0	0	0	0	36582384	
685	1	E	8	N	2500	2	1	64	12	7	3	3	0	0	0	0	0	0	0	0	0	0	0	0	36582431	
686	1	E	8	N	2500	2	1	51	18	9	5	6	0	0	0	0	0	0	0	0	0	0	0	0	36582556	
687	1	E	8	N	2500	2	1	110	35	16	4	5	0	0	0	0	0	0	0	0	0	0	0	0	36582618	
688	1	E	8	N	2500	2	1	84	22	12	3	4	0	0	0	0	0	0	0	0	0	0	0	0	36582837	
689	1	E	8	N	2500	2	1	62	30	22	8	9	0	0	0	0	0	0	0	0	0	0	0	0	36583430	
690	1	E	8	N	2500	6	40	296	145	48	35	50	0	0	0	0	0	0	0	0	0	0	0	0	36583461	
691	1	E	8	N	2500	2	1	83	28	22	6	8	0	0	0	0	0	0	0	0	0	0	0	0	36583539	
692	1	E	8	N	2500	2	1	74	17	9	3	6	0	0	0	0	0	0	0	0	0	0	0	0	36583570	
693	1	E	8	N	2500	6	40	364	135	32	27	42	0	0	0	0	0	0	0	0	0	0	0	0	36583679	
694	1	E	8	N	2500	2	1	93	29	18	11	15	0	0	0	0	0	0	0	0	0	0	0	0	36583742	
695	1	E	8	N	2500	2	1	52	13	9	3	3	0	0	0	0	0	0	0	0	0	0	0	0	36583788	
696	1	E	8	N	2500	2	1	84	46	28	10	12	0	0	0	0	0	0	0	0	0	0	0	0	36584678	
697	1	E	8	N	2500	8	40	217	113	29	24	34	0	0	0	0	0	0	0	0	0	0	0	0	36584818	
698	1	E	8	N	2500	8	40	357	143	41	31	47	0	0	0	0	0	0	0	0	0	0	0	0	36584818	
699	1	E	8	N	2500	6	40	243	116	39	29	43	0	0	0	0	0	0	0	0	0	0	0	0	36585161	
700	1	E	8	N	2500	0	1	53	10	6	3	2	0	0	0	0	0	0	0	0	0	0	0	0	36585255	
701	1	E	8	N	2500	0	40	236	99	28	25	38	0	0	0	0	0	0	0	0	0	0	0	0	36585442	
702	1	E	8	N	2500	0	40	214	144	47	42	59	0	0	0	0	0	0	0	0	0	0	0	0	36585442	
703	1	E	8	N	2500	0	40	319	113	33	25	39	0	0	0	0	0	0	0	0	0	0	0	0	36585582	
704	1	E	8	N	2500	0	40	302	97	23	19	32	0	0	0	0	0	0	0	0	0	0	0	0	36585707	
705	1	E	8	N	2500	0	40	313	122	31	25	38	0	0	0	0	0	0	0	0	0	0	0	0	36585738	
706	1	E	8	N	2500	0	40	284	137	36	30	45	0	0	0	0	0	0	0	0	0	0	0	0	36585770	
707	1	E	8	N	2500	0	40	248	129	37	31	43	0	0	0	0	0	0	0	0	0	0	0	0	36586394	
708	1	E	8	N	2500	0	40	295	96	27	20	31	0	0	0	0	0	0	0	0	0	0	0	0	36586940	
709	1	E	8	N	2500	0	40	335	157	50	36	52	0	0	0	0	0	0	0	0	0	0	0	0	36586971	
710	1	E	8	N	2500	0	40	341	157	42	32	51	0	0	0	0	0	0	0	0	0	0	0	0	36586986	
711	1	E	8	N	2500	0	1	55	11	4	6	11	0	0	0	0	0	0	0	0	0	0	0	0	36587158	
712	1	E	8	N	2500	0	40	308	114	31	25	38	0	0	0	0	0	0	0	0	0	0	0	0	36587267	
713	1	E	8	N	2500	0	40	248	141	36	30	46	0	0	0	0	0	0	0	0	0	0	0	0	36587283	
714	1	E	8	N	2500	0	40	355	129	40	30	41	0	0	0	0	0	0	0	0	0	0	0	0	36587345	
715	1	E	8	N	2500	0	40	323	127	38	29	39	0	0	0	0	0	0	0	0	0	0	0	0	36587782	
716	1	E	8	N	2500	0	40	349	145	44	33	49	0	0	0	0	0	0	0	0	0	0	0	0	36587985	
717	1	E	8	N	2500	0	40	190	137	42	29	43	0	0	0	0	0	0	0	0	0	0	0	0	36588749	
718	1	E	8	N	2500	0	40	370	135	31	25	38	0	0	0	0	0	0	0	0	0	0	0	0	36589342	
719	1	E	9	N	2500	6	40	357	146	43	30	46	0	0	0	0	0	0	0	0	0	0	0	0	36596814	
720	1	E	9	N	2500	2	1	56	13	8	5	5	0	0	0	0	0	0	0	0	0	0	0	0	36603179	
721	1	E	10	N	2500	6	40	353	154	49	37	46	0	0	0	0	0	0	0	0	0	0	0	0	36610854	
722	1	E	10	N	2500	2	1	378	98	20	16	24	0	0	0	0	0	0	0	0	0	0	0	0	36611650	
723	1	E	10	N	2500	2	1	129	65	44	20	25	0	0	0	0	0	0	0	0	0	0	0	0	36611744	
724	1	E	10	N	2500	6	40	310	117	34	24	33	0	0	0	0	0	0	0	0	0	0	0	0	36611853	
725	1	E	10	N	2500	2	1	121	35	23	8	9	0	0	0	0	0	0	0	0	0	0	0	0	36612134	
726	1	E	10	N	2500	2	1	90	38	24	9	9	0	0	0	0	0	0	0	0	0	0	0	0	36612134	
727	1	E	10	N	2500	2	1	64	21	13	5	7	0	0	0	0	0	0	0	0	0	0	0	0	36612383	
728	1	E	10	N	2500	2	1	60	21	11	5	6	0	0	0	0	0	0	0	0	0	0	0	0	36612383	
729	1	E	10	N	2500	6	40	349	127	31	23	32	0	0	0	0	0	0	0	0	0	0	0	0	36613460	
730	1	E	10	N	2500	0	40	381	140	35	27	41	0	0	0	0	0	0	0	0	0	0	0	0	36613694	
731	1	E	10	N	2500	0	40	304	95	26	18	26	0	0	0	0	0	0	0	0	0	0	0	0	36613694	
732	1	E	10	N	2500	0	40	258	108	26	20	33	0	0	0	0	0	0	0	0	0	0	0	0	36613772	
733	1	E	10	N	2500	0	40	333	112	24	17	27	0	0	0	0	0	0	0	0	0	0	0	0	36614068	
734	1	E	10	N	2500	0	1	172	107	28	23	36	0	0	0	0	0	0	0	0	0	0	0	0	36614099	
735	1	E	10	N	2500	0	1	140	57	10	10	16	0	0	0	0	0	0	0	0	0	0	0	0	36614193	
736	1	E	10	N	2500	0	40	251	161	48	35	52	0	0	0	0	0	0	0	0	0	0	0	0	36614255	
737	1	E	10	N	2500	0	1	169	52	9	8	13	0	0	0	0	0	0	0	0	0	0	0	0	36614364	
738	1	E	10	N	2500	0	1	57	23	14	3	5	0	0	0	0	0	0	0	0	0	0	0	0	36614801	
739	1	E	10	N	2500	0	1	264	77	19	14	19	0	0	0	0	0	0	0	0	0	0	0	0	36614864	
740	1	E	10	N	2500	0	40	233	125	33	28	39	0	0	0	0	0	0	0	0	0	0	0	0	36614988	
741	1	E	10	N	2500	0	40	301	90	20	16	26	0	0	0	0	0	0	0	0	0	0	0	0	36615644	
742	1	E	10	N	2500	0	40	436	162	42	30	47	0	0	0	0	0	0	0	0	0	0	0	0	36616424	
743	1	E	10	N	2500	0	40	294	126	33	26	37	0	0	0	0	0	0	0	0	0	0	0	0	36616502	
744	1	E	10	N	2500	0	40	276	109	32	27	40	0	0	0	0	0	0	0	0	0	0	0	0	36616689	
745	1	E	10	N	2500	0	40	365	130	32	25	35	0	0	0	0	0	0	0	0	0	0	0	0	36617016	
746	1	E	10	N	2500	0	40	347	139	37	27	32	0	0	0	0	0	0	0	0	0	0	0	0	36617406	
747	1	E	10	N	2500	0	40	324	131	39	27	40	0	0	0	0	0	0	0	0	0	0	0	0	36617500	
748	1	E	11	N	2500	2	1	70	26	19	3	2	0	0	0	0	0	0	0	0	0	0	0	0	36625877	
749	1	E	11	N	2500	6	40	245	132	33	28	41	0	0	0	0	0	0	0	0	0	0	0	0	36630136	
750	1	E	12	N	2500	6	40	306	113	28	24	29	0	0	0	0	0	0	0	0	0	0	0	0	36642273	
751	1	E	12	N	2500	6	40	283	122	31	25	35	0	0	0	0	0	0	0	0	0	0	0	0	36642476	
752	1	E	12	N	2500	2	1	252	90	20	18	31	0	0	0	0	0	0	0	0	0	0	0	0	36642569	
753	1	E	12	N	2500	2	1	213	77	22	20	27	0	0	0	0	0	0	0	0	0	0	0	0	36642741	
754	1	E	12	N	2500	6	40	323	107	27	24	38	0	0	0	0	0	0	0	0	0	0	0	0	36643536	
755	1	E	12	N	2500	0	40	315	122	32	26	39	0	0	0	0	0	0	0	0	0	0	0	0	36645627	
756	1	E	12	N	2500	0	40	358	128	36	29	38	0	0	0	0	0	0	0	0	0	0	0	0	36645814	
757	1	F	1	N	2500	6	40	315	107	27	22	31	0	0	0	0	0	0	0	0	0	0	0	0	36661040	
758	1	F	2	N	2500	2	1	185	75	26	23	34	0	0	0	0	0	0	0	0	0	0	0	0	36671117	
759	1	F	2	N	2500	2	1	51	14	2	2	5	0	0	0	0	0	0	0	0	0	0	0	0	36671492	
760	1	F	2	N	2500	2	1	248	70	15	14	23	0	0	0	0	0	0	0	0	0	0	0	0	36672163	
761	1	F	2	N	2500	2	1	167	79	19	18	29	0	0	0	0	0	0	0	0	0	0	0	0	36672459	
762	1	F	2	N	2500	6	40	209	109	27	24	35	0	0	0	0	0	0	0	0	0	0	0	0	36673192	
763	1	F	2	N	2500	6	40	333	121	32	23	33	0	0	0	0	0	0	0	0	0	0	0	0	36673333	
764	1	F	2	N	2500	6	40	416	159	42	33	51	0	0	0	0	0	0	0	0	0	0	0	0	36673442	
765	1	F	2	N	2500	0	1	164	59	15	12	17	0	0	0	0	0	0	0	0	0	0	0	0	36673473	
766	1	F	2	N	2500	0	1	93	57	22	15	20	0	0	0	0	0	0	0	0	0	0	0	0	36673473	
767	1	F	2	N	2500	0	40	234	134	43	31	43	0	0	0	0	0	0	0	0	0	0	0	0	36673489	
768	1	F	2	N	2500	0	40	294	163	46	35	45	0	0	0	0	0	0	0	0	0	0	0	0	36674440	
769	1	F	2	N	2500	0	1	50	9	1	1	1	0	0	0	0	0	0	0	0	0	0	0	0	36674752	
770	1	F	2	N	2500	0	1	115	84	24	21	29	0	0	0	0	0	0	0	0	0	0	0	0	36674752	
771	1	F	2	N	2500	0	40	384	150	40	32	47	0	0	0	0	0	0	0	0	0	0	0	0	36674752	
772	1	F	2	N	2500	0	1	122	32	6	7	12	0	0	0	0	0	0	0	0	0	0	0	0	36675033	
773	1	F	2	N	2500	0	40	365	133	35	25	37	0	0	0	0	0	0	0	0	0	0	0	0	36675189	
774	1	F	2	N	2500	0	40	316	143	35	29	43	0	0	0	0	0	0	0	0	0	0	0	0	36675283	
775	1	F	2	N	2500	0	40	216	111	30	23	33	0	0	0	0	0	0	0	0	0	0	0	0	36675345	
776	1	F	2	N	2500	0	40	202	110	33	25	35	0	0	0	0	0	0	0	0	0	0	0	0	36675797	
777	1	F	2	N	2500	0	1	227	67	13	13	18	0	0	0	0	0	0	0	0	0	0	0	0	36676858	
778	1	F	3	N	2500	6	40	260	117	30	22	32	0	0	0	0	0	0	0	0	0	0	0	0	36686327	
779	1	F	3	N	2500	6	40	221	120	26	22	34	0	0	0	0	0	0	0	0	0	0	0	0	36686873	
780	1	F	3	N	2500	6	40	244	114	27	23	34	0	0	0	0	0	0	0	0	0	0	0	0	36691585	
781	1	F	4	N	2500	6	40	309	121	30	25	39	0	0	0	0	0	0	0	0	0	0	0	0	36698948	
782	1	F	4	N	2500	6	40	304	107	31	23	36	0	0	0	0	0	0	0	0	0	0	0	0	36700617	
783	1	F	4	N	2500	2	1	159	100	20	17	25	0	0	0	0	0	0	0	0	0	0	0	0	36701756	
784	1	F	4	N	2500	6	40	263	104	29	22	31	0	0	0	0	0	0	0	0	0	0	0	0	36703019	
785	1	F	4	N	2500	0	40	231	115	31	23	34	0	0	0	0	0	0	0	0	0	0	0	0	36703409	
786	1	F	4	N	2500	0	40	237	108	28	22	30	0	0	0	0	0	0	0	0	0	0	0	0	36703737	
787	1	F	4	N	2500	0	40	307	119	35	25	30	0	0	0	0	0	0	0	0	0	0	0	0	36703877	
788	1	F	4	N	2500	0	40	265	129	38	27	41	0	0	0	0	0	0	0	0	0	0	0	0	36704033	
789	1	F	4	N	2500	0	40	390	161	47	33	45	0	0	0	0	0	0	0	0	0	0	0	0	36705406	
790	1	F	6	N	2500	2	1	61	26	10	13	27	0	0	0	0	0	0	0	0	0	0	0	0	36728198	
791	1	F	6	N	2500	6	40	275	131	38	29	40	0	0	0	0	0	0	0	0	0	0	0	0	36728775	
792	1	F	6	N	2500	6	40	385	161	42	34	48	0	0	0	0	0	0	0	0	0	0	0	0	36729602	
793	1	F	6	N	2500	2	1	199	100	24	19	27	0	0	0	0	0	0	0	0	0	0	0	0	36729976	
794	1	F	6	N	2500	6	40	332	126	37	27	36	0	0	0	0	0	0	0	0	0	0	0	0	36730319	
795	1	F	6	N	2500	0	40	340	171	46	35	50	0	0	0	0	0	0	0	0	0	0	0	0	36730351	
796	1	F	6	N	2500	0	1	68	15	4	6	11	0	0	0	0	0	0	0	0	0	0	0	0	36730460	
797	1	F	6	N	2500	0	40	277	89	23	18	29	0	0	0	0	0	0	0	0	0	0	0	0	36730553	
798	1	F	6	N	2500	0	1	222	81	16	15	20	0	0	0	0	0	0	0	0	0	0	0	0	36730585	
799	1	F	6	N	2500	0	40	346	123	28	23	35	0	0	0	0	0	0	0	0	0	0	0	0	36730897	
800	1	F	6	N	2500	0	40	207	128	36	26	39	0	0	0	0	0	0	0	0	0	0	0	0	36731614	
801	1	F	6	N	2500	0	40	278	143	36	29	41	0	0	0	0	0	0	0	0	0	0	0	0	36731833	
802	1	F	6	N	2500	0	40	349	131	34	28	37	0	0	0	0	0	0	0	0	0	0	0	0	36731833	
803	1	F	6	N	2500	0	40	316	89	20	14	21	0	0	0	0	0	0	0	0	0	0	0	0	36732410	
804	1	F	6	N	2500	0	40	332	131	33	27	40	0	0	0	0	0	0	0	0	0	0	0	0	36732472	
805	1	F	6	N	2500	0	40	269	147	44	34	49	0	0	0	0	0	0	0	0	0	0	0	0	36732706	
806	1	F	6	N	2500	0	40	411	155	37	28	35	0	0	0	0	0	0	0	0	0	0	0	0	36732956	
807	1	F	6	N	2500	0	40	239	117	31	27	40	0	0	0	0	0	0	0	0	0	0	0	0	36733471	
808	1	F	6	N	2500	0	1	185	113	29	24	34	0	0	0	0	0	0	0	0	0	0	0	0	36733783	
809	1	F	6	N	2500	0	40	319	119	31	23	38	0	0	0	0	0	0	0	0	0	0	0	0	36734438	
810	1	F	7	N	2500	6	40	336	133	40	29	44	0	0	0	0	0	0	0	0	0	0	0	0	36746107	
811	1	F	7	N	2500	6	40	224	120	30	27	37	0	0	0	0	0	0	0	0	0	0	0	0	36747932	
812	1	F	8	N	2500	6	40	238	106	27	23	31	0	0	0	0	0	0	0	0	0	0	0	0	36757339	
813	1	F	8	N	2500	6	40	177	135	36	29	40	0	0	0	0	0	0	0	0	0	0	0	0	36758134	
814	1	F	8	N	2500	2	1	53	12	2	2	7	0	0	0	0	0	0	0	0	0	0	0	0	36758306	
815	1	F	8	N	2500	6	40	335	116	32	26	37	0	0	0	0	0	0	0	0	0	0	0	0	36758789	
816	1	F	8	N	2500	0	40	280	92	25	18	27	0	0	0	0	0	0	0	0	0	0	0	0	36759023	
817	1	F	8	N	2500	0	1	162	93	22	19	29	0	0	0	0	0	0	0	0	0	0	0	0	36759101	
818	1	F	8	N	2500	0	1	51	15	2	2	4	0	0	0	0	0	0	0	0	0	0	0	0	36759257	
819	1	F	8	N	2500	0	40	265	117	39	30	43	0	0	0	0	0	0	0	0	0	0	0	0	36759382	
820	1	F	8	N	2500	0	40	227	125	40	29	40	0	0	0	0	0	0	0	0	0	0	0	0	36759460	
821	1	F	8	N	2500	0	40	289	104	27	23	35	0	0	0	0	0	0	0	0	0	0	0	0	36759507	
822	1	F	8	N	2500	0	40	324	119	31	24	38	0	0	0	0	0	0	0	0	0	0	0	0	36759601	
823	1	F	8	N	2500	0	1	124	25	6	5	6	0	0	0	0	0	0	0	0	0	0	0	0	36759632	
824	1	F	8	N	2500	0	1	154	73	24	18	21	0	0	0	0	0	0	0	0	0	0	0	0	36759632	
825	1	F	8	N	2500	0	40	314	140	44	31	39	0	0	0	0	0	0	0	0	0	0	0	0	36759803	
826	1	F	8	N	2500	0	40	329	125	36	27	36	0	0	0	0	0	0	0	0	0	0	0	0	36759819	
827	1	F	8	N	2500	0	40	289	90	23	19	31	0	0	0	0	0	0	0	0	0	0	0	0	36760303	
828	1	F	8	N	2500	0	1	69	29	6	5	9	0	0	0	0	0	0	0	0	0	0	0	0	36760427	
829	1	F	8	N	2500	0	40	311	125	39	29	43	0	0	0	0	0	0	0	0	0	0	0	0	36760568	
830	1	F	8	N	2500	0	40	386	160	42	33	49	0	0	0	0	0	0	0	0	0	0	0	0	36760927	
831	1	F	8	N	2500	0	40	361	136	37	31	39	0	0	0	0	0	0	0	0	0	0	0	0	36760973	
832	1	F	8	N	2500	0	40	308	124	34	27	41	0	0	0	0	0	0	0	0	0	0	0	0	36761098	
833	1	F	8	N	2500	0	40	343	119	32	25	36	0	0	0	0	0	0	0	0	0	0	0	0	36761114	
834	1	F	8	N	2500	0	40	180	115	30	24	34	0	0	0	0	0	0	0	0	0	0	0	0	36761192	
835	1	F	8	N	2500	0	40	184	118	39	26	38	0	0	0	0	0	0	0	0	0	0	0	0	36761285	
836	1	F	8	N	2500	0	40	261	127	47	31	41	0	0	0	0	0	0	0	0	0	0	0	0	36761379	
837	1	F	8	N	2500	0	40	355	140	35	27	38	0	0	0	0	0	0	0	0	0	0	0	0	36761597	
838	1	F	8	N	2500	0	40	212	133	43	34	47	0	0	0	0	0	0	0	0	0	0	0	0	36761613	
839	1	F	8	N	2500	0	40	221	136	44	32	41	0	0	0	0	0	0	0	0	0	0	0	0	36761675	
840	1	F	8	N	2500	0	1	157	121	41	29	40	0	0	0	0	0	0	0	0	0	0	0	0	36761691	
841	1	F	8	N	2500	0	40	217	105	23	20	32	0	0	0	0	0	0	0	0	0	0	0	0	36762065	
842	1	F	8	N	2500	0	40	347	121	31	23	33	0	0	0	0	0	0	0	0	0	0	0	0	36762518	
843	1	F	8	N	2500	0	40	291	98	29	21	30	0	0	0	0	0	0	0	0	0	0	0	0	36762970	
844	1	F	8	N	2500	0	40	336	127	33	27	39	0	0	0	0	0	0	0	0	0	0	0	0	36763235	
845	1	F	10	N	2500	2	1	50	10	6	3	3	0	0	0	0	0	0	0	0	0	0	0	0	36785481	
846	1	F	10	N	2500	2	1	53	15	6	4	6	0	0	0	0	0	0	0	0	0	0	0	0	36785481	
847	1	F	10	N	2500	2	1	104	41	21	8	12	0	0	0	0	0	0	0	0	0	0	0	0	36785762	
848	1	F	10	N	2500	2	1	266	85	23	17	23	0	0	0	0	0	0	0	0	0	0	0	0	36785949	
849	1	F	10	N	2500	2	1	136	65	17	12	18	0	0	0	0	0	0	0	0	0	0	0	0	36786152	
850	1	F	10	N	2500	2	1	235	84	22	17	28	0	0	0	0	0	0	0	0	0	0	0	0	36787119	
851	1	F	10	N	2500	2	1	56	17	8	2	3	0	0	0	0	0	0	0	0	0	0	0	0	36787806	
852	1	F	10	N	2500	6	40	324	86	18	14	21	0	0	0	0	0	0	0	0	0	0	0	0	36788055	
853	1	F	10	N	2500	6	40	251	125	37	28	42	0	0	0	0	0	0	0	0	0	0	0	0	36788118	
854	1	F	10	N	2500	6	40	332	114	28	23	39	0	0	0	0	0	0	0	0	0	0	0	0	36788211	
855	1	F	10	N	2500	0	40	344	132	36	28	39	0	0	0	0	0	0	0	0	0	0	0	0	36788274	
856	1	F	10	N	2500	0	40	304	113	31	26	41	0	0	0	0	0	0	0	0	0	0	0	0	36788336	
857	1	F	10	N	2500	0	40	264	111	31	24	36	0	0	0	0	0	0	0	0	0	0	0	0	36788383	
858	1	F	10	N	2500	0	40	301	102	32	24	35	0	0	0	0	0	0	0	0	0	0	0	0	36788414	
859	1	F	10	N	2500	0	40	291	97	31	20	30	0	0	0	0	0	0	0	0	0	0	0	0	36788804	
860	1	F	10	N	2500	0	40	259	98	23	21	38	0	0	0	0	0	0	0	0	0	0	0	0	36788976	
861	1	F	10	N	2500	0	1	181	111	32	25	33	0	0	0	0	0	0	0	0	0	0	0	0	36789756	
862	1	F	10	N	2500	0	40	367	129	31	25	39	0	0	0	0	0	0	0	0	0	0	0	0	36789787	
863	1	F	10	N	2500	0	40	306	86	18	15	25	0	0	0	0	0	0	0	0	0	0	0	0	36789834	
864	1	F	10	N	2500	0	40	209	144	48	34	45	0	0	0	0	0	0	0	0	0	0	0	0	36789865	
865	1	F	10	N	2500	0	40	271	107	27	24	37	0	0	0	0	0	0	0	0	0	0	0	0	36790005	
866	1	F	10	N	2500	0	40	413	149	43	31	46	0	0	0	0	0	0	0	0	0	0	0	0	36790317	
867	1	F	10	N	2500	0	40	295	139	34	27	40	0	0	0	0	0	0	0	0	0	0	0	0	36790395	
868	1	F	10	N	2500	0	1	170	85	20	16	23	0	0	0	0	0	0	0	0	0	0	0	0	36790988	
869	1	F	10	N	2500	0	40	320	110	26	23	33	0	0	0	0	0	0	0	0	0	0	0	0	36791362	
870	1	F	10	N	2500	0	40	375	124	27	22	34	0	0	0	0	0	0	0	0	0	0	0	0	36791581	
871	1	F	10	N	2500	0	40	352	118	28	22	36	0	0	0	0	0	0	0	0	0	0	0	0	36792189	
872	1	F	11	N	2500	6	40	294	120	38	27	38	0	0	0	0	0	0	0	0	0	0	0	0	36802111	
873	1	F	11	N	2500	6	40	317	131	41	29	42	0	0	0	0	0	0	0	0	0	0	0	0	36803265	
874	1	F	11	N	2500	6	40	334	114	28	23	36	0	0	0	0	0	0	0	0	0	0	0	0	36805044	
875	1	F	12	N	2500	2	1	75	23	12	8	8	0	0	0	0	0	0	0	0	0	0	0	0	36813904	
876	1	F	12	N	2500	2	1	64	20	10	5	5	0	0	0	0	0	0	0	0	0	0	0	0	36814372	
877	1	F	12	N	2500	2	1	161	62	15	14	18	0	0	0	0	0	0	0	0	0	0	0	0	36815106	
878	1	F	12	N	2500	2	1	85	30	15	4	6	0	0	0	0	0	0	0	0	0	0	0	0	36815574	
879	1	F	12	N	2500	2	1	93	39	21	6	7	0	0	0	0	0	0	0	0	0	0	0	0	36815574	
880	1	F	12	N	2500	2	1	59	20	11	5	4	0	0	0	0	0	0	0	0	0	0	0	0	36816556	
881	1	F	12	N	2500	6	40	285	95	27	18	28	0	0	0	0	0	0	0	0	0	0	0	0	36816619	
882	1	F	12	N	2500	2	1	130	71	54	20	23	0	0	0	0	0	0	0	0	0	0	0	0	36817336	
883	1	F	12	N	2500	6	40	211	134	41	28	40	0	0	0	0	0	0	0	0	0	0	0	0	36817898	
884	1	F	12	N	2500	6	40	201	116	27	20	30	0	0	0	0	0	0	0	0	0	0	0	0	36819708	
885	1	F	12	N	2500	0	1	161	69	17	13	17	0	0	0	0	0	0	0	0	0	0	0	0	36819957	
886	1	G	1	N	2500	2	1	77	30	16	11	15	0	0	0	0	0	0	0	0	0	0	0	0	36829567	
887	1	G	1	N	2500	2	1	81	38	24	9	11	0	0	0	0	0	0	0	0	0	0	0	0	36830378	
888	1	G	1	N	2500	2	1	89	27	24	7	7	0	0	0	0	0	0	0	0	0	0	0	0	36830612	
889	1	G	1	N	2500	2	1	150	97	63	18	26	0	0	0	0	0	0	0	0	0	0	0	0	36832624	
890	1	G	1	N	2500	2	1	129	34	17	10	15	0	0	0	0	0	0	0	0	0	0	0	0	36834637	
891	1	G	2	N	2500	2	1	165	55	11	10	17	0	0	0	0	0	0	0	0	0	0	0	0	36845167	
892	1	G	2	N	2500	6	40	257	102	28	25	35	0	0	0	0	0	0	0	0	0	0	0	0	36846259	
893	1	G	2	N	2500	2	1	191	76	15	15	26	0	0	0	0	0	0	0	0	0	0	0	0	36847179	
894	1	G	2	N	2500	6	40	334	110	24	20	29	0	0	0	0	0	0	0	0	0	0	0	0	36848646	
895	1	G	2	N	2500	6	40	294	142	35	28	44	0	0	0	0	0	0	0	0	0	0	0	0	36849987	
896	1	G	4	N	2500	6	40	342	137	40	27	42	0	0	0	0	0	0	0	0	0	0	0	0	36874152	
897	1	G	4	N	2500	6	40	338	109	29	22	34	0	0	0	0	0	0	0	0	0	0	0	0	36874339	
898	1	G	4	N	2500	6	40	186	118	39	30	46	0	0	0	0	0	0	0	0	0	0	0	0	36875493	
899	1	G	4	N	2500	0	40	330	112	33	23	39	0	0	0	0	0	0	0	0	0	0	0	0	36875992	
900	1	G	4	N	2500	0	40	348	145	46	33	52	0	0	0	0	0	0	0	0	0	0	0	0	36876039	
901	1	G	4	N	2500	0	40	366	125	31	26	40	0	0	0	0	0	0	0	0	0	0	0	0	36876585	
902	1	G	4	N	2500	0	40	459	152	36	29	44	0	0	0	0	0	0	0	0	0	0	0	0	36876663	
903	1	G	4	N	2500	0	1	77	16	3	3	5	0	0	0	0	0	0	0	0	0	0	0	0	36876726	
904	1	G	4	N	2500	0	1	224	89	23	18	26	0	0	0	0	0	0	0	0	0	0	0	0	36876726	
905	1	G	4	N	2500	0	40	319	116	33	25	37	0	0	0	0	0	0	0	0	0	0	0	0	36876897	
906	1	G	4	N	2500	0	40	218	104	30	23	33	0	0	0	0	0	0	0	0	0	0	0	0	36876897	
907	1	G	4	N	2500	0	1	167	107	33	25	35	0	0	0	0	0	0	0	0	0	0	0	0	36877599	
908	1	G	4	N	2500	0	40	339	126	31	27	37	0	0	0	0	0	0	0	0	0	0	0	0	36877849	
909	1	G	4	N	2500	0	40	271	126	35	27	37	0	0	0	0	0	0	0	0	0	0	0	0	36878020	
910	1	G	4	N	2500	0	1	157	92	22	19	28	0	0	0	0	0	0	0	0	0	0	0	0	36878052	
911	1	G	4	N	2500	0	40	308	110	27	24	36	0	0	0	0	0	0	0	0	0	0	0	0	36878878	
912	1	G	5	N	2500	6	40	259	95	25	22	33	0	0	0	0	0	0	0	0	0	0	0	0	36892138	
913	1	G	6	N	2500	2	1	197	69	16	11	19	0	0	0	0	0	0	0	0	0	0	0	0	36901499	
914	1	G	6	N	2500	2	1	145	30	4	3	4	0	0	0	0	0	0	0	0	0	0	0	0	36901701	
915	1	G	6	N	2500	2	1	139	96	30	22	31	0	0	0	0	0	0	0	0	0	0	0	0	36901951	
916	1	G	6	N	2500	2	1	249	62	15	11	19	0	0	0	0	0	0	0	0	0	0	0	0	36902934	
917	1	G	6	N	2500	2	1	169	92	22	18	23	0	0	0	0	0	0	0	0	0	0	0	0	36903059	
918	1	G	6	N	2500	2	1	174	85	23	18	24	0	0	0	0	0	0	0	0	0	0	0	0	36903558	
919	1	G	6	N	2500	6	40	376	115	36	26	38	0	0	0	0	0	0	0	0	0	0	0	0	36903761	
920	1	G	6	N	2500	6	40	313	109	31	23	33	0	0	0	0	0	0	0	0	0	0	0	0	36904026	
921	1	G	6	N	2500	2	1	232	83	22	16	25	0	0	0	0	0	0	0	0	0	0	0	0	36904775	
922	1	G	6	N	2500	2	1	143	96	27	19	25	0	0	0	0	0	0	0	0	0	0	0	0	36904962	
923	1	G	6	N	2500	2	1	137	73	15	14	16	0	0	0	0	0	0	0	0	0	0	0	0	36904977	
924	1	G	6	N	2500	8	40	314	102	25	20	30	0	0	0	0	0	0	0	0	0	0	0	0	36905196	
925	1	G	6	N	2500	6	40	307	106	32	23	34	0	0	0	0	0	0	0	0	0	0	0	0	36905321	
926	1	G	6	N	2500	0	40	285	96	23	19	34	0	0	0	0	0	0	0	0	0	0	0	0	36905461	
927	1	G	6	N	2500	0	1	255	77	16	14	21	0	0	0	0	0	0	0	0	0	0	0	0	36905586	
928	1	G	6	N	2500	0	40	239	103	29	23	35	0	0	0	0	0	0	0	0	0	0	0	0	36906678	
929	1	G	6	N	2500	0	1	74	27	3	2	3	0	0	0	0	0	0	0	0	0	0	0	0	36906740	
930	1	G	6	N	2500	0	1	543	262	83	59	78	0	0	0	0	0	0	0	0	0	0	0	0	36908597	
931	1	G	8	N	2500	2	1	73	29	9	11	20	0	0	0	0	0	0	0	0	0	0	0	0	36930374	
932	1	G	8	N	2500	2	1	251	81	16	13	22	0	0	0	0	0	0	0	0	0	0	0	0	36930452	
933	1	G	8	N	2500	6	40	309	123	28	22	30	0	0	0	0	0	0	0	0	0	0	0	0	36932121	
934	1	G	8	N	2500	2	1	83	28	4	3	6	0	0	0	0	0	0	0	0	0	0	0	0	36932496	
935	1	G	8	N	2500	6	40	286	98	24	19	26	0	0	0	0	0	0	0	0	0	0	0	0	36932979	
936	1	G	8	N	2500	2	1	190	82	24	18	27	0	0	0	0	0	0	0	0	0	0	0	0	36933229	
937	1	G	8	N	2500	6	40	299	111	22	19	25	0	0	0	0	0	0	0	0	0	0	0	0	36933697	
938	1	G	8	N	2500	0	1	73	20	5	6	12	0	0	0	0	0	0	0	0	0	0	0	0	36934071	
939	1	G	8	N	2500	0	40	195	114	31	22	29	0	0	0	0	0	0	0	0	0	0	0	0	36934087	
940	1	G	8	N	2500	0	1	233	70	13	11	16	0	0	0	0	0	0	0	0	0	0	0	0	36934711	
941	1	G	8	N	2500	0	1	186	89	21	17	24	0	0	0	0	0	0	0	0	0	0	0	0	36934789	
942	1	G	8	N	2500	0	1	192	55	10	7	14	0	0	0	0	0	0	0	0	0	0	0	0	36934805	
943	1	G	8	N	2500	0	1	108	35	7	6	9	0	0	0	0	0	0	0	0	0	0	0	0	36934898	
944	1	G	8	N	2500	0	1	70	24	6	6	14	0	0	0	0	0	0	0	0	0	0	0	0	36935522	
945	1	G	8	N	2500	0	1	257	80	16	14	22	0	0	0	0	0	0	0	0	0	0	0	0	36936677	
946	1	G	8	N	2500	0	1	163	55	10	8	12	0	0	0	0	0	0	0	0	0	0	0	0	36937519	
947	1	G	9	N	2500	2	1	139	28	7	7	15	0	0	0	0	0	0	0	0	0	0	0	0	36949016	
948	1	G	9	N	2500	6	40	315	112	27	26	40	0	0	0	0	0	0	0	0	0	0	0	0	36949437	
949	1	G	9	N	2500	2	1	162	87	18	15	21	0	0	0	0	0	0	0	0	0	0	0	0	36950108	
950	1	G	9	N	2500	2	1	144	72	16	14	19	0	0	0	0	0	0	0	0	0	0	0	0	36950405	
951	1	G	10	N	2500	6	40	425	154	41	32	40	0	0	0	0	0	0	0	0	0	0	0	0	36959109	
952	1	G	10	N	2500	6	40	349	129	40	31	42	0	0	0	0	0	0	0	0	0	0	0	0	36959281	
953	1	G	10	N	2500	6	40	333	138	39	33	47	0	0	0	0	0	0	0	0	0	0	0	0	36959297	
954	1	G	10	N	2500	0	40	373	141	42	30	44	0	0	0	0	0	0	0	0	0	0	0	0	36959577	
955	1	G	10	N	2500	0	40	245	122	33	28	42	0	0	0	0	0	0	0	0	0	0	0	0	36959952	
956	1	G	10	N	2500	0	40	300	127	32	26	38	0	0	0	0	0	0	0	0	0	0	0	0	36960155	
957	1	G	10	N	2500	0	40	329	132	42	33	52	0	0	0	0	0	0	0	0	0	0	0	0	36960857	
958	1	G	10	N	2500	0	40	345	149	46	32	53	0	0	0	0	0	0	0	0	0	0	0	0	36961122	
959	1	G	10	N	2500	0	40	332	148	45	35	45	0	0	0	0	0	0	0	0	0	0	0	0	36961387	
960	1	G	10	N	2500	0	40	314	124	31	26	36	0	0	0	0	0	0	0	0	0	0	0	0	36961715	
961	1	G	10	N	2500	0	40	306	109	29	25	35	0	0	0	0	0	0	0	0	0	0	0	0	36962557	
962	1	G	10	N	2500	0	40	422	155	43	31	48	0	0	0	0	0	0	0	0	0	0	0	0	36962588	
963	1	G	10	N	2500	0	40	333	142	36	28	42	0	0	0	0	0	0	0	0	0	0	0	0	36962822	
964	1	G	10	N	2500	0	40	301	147	39	35	56	0	0	0	0	0	0	0	0	0	0	0	0	36962885	
965	1	G	10	N	2500	0	40	336	116	32	25	41	0	0	0	0	0	0	0	0	0	0	0	0	36963150	
966	1	G	10	N	2500	0	40	415	177	45	37	57	0	0	0	0	0	0	0	0	0	0	0	0	36963337	
967	1	G	10	N	2500	0	40	230	147	42	33	44	0	0	0	0	0	0	0	0	0	0	0	0	36963477	
968	1	G	10	N	2500	0	40	357	152	40	32	49	0	0	0	0	0	0	0	0	0	0	0	0	36963509	
969	1	G	10	N	2500	0	40	226	119	39	32	46	0	0	0	0	0	0	0	0	0	0	0	0	36963571	
970	1	G	10	N	2500	0	40	293	144	38	31	47	0	0	0	0	0	0	0	0	0	0	0	0	36963961	
971	1	G	10	N	2500	0	40	349	140	38	30	49	0	0	0	0	0	0	0	0	0	0	0	0	36964148	
972	1	G	10	N	2500	0	40	332	127	42	29	41	0	0	0	0	0	0	0	0	0	0	0	0	36964195	
973	1	G	10	N	2500	0	40	228	142	43	32	43	0	0	0	0	0	0	0	0	0	0	0	0	36964211	
974	1	G	10	N	2500	0	40	364	139	38	30	46	0	0	0	0	0	0	0	0	0	0	0	0	36964382	
975	1	G	10	N	2500	0	40	305	154	47	39	54	0	0	0	0	0	0	0	0	0	0	0	0	36964507	
976	1	G	10	N	2500	0	40	280	140	45	35	55	0	0	0	0	0	0	0	0	0	0	0	0	36965334	
977	1	G	11	N	2500	6	40	223	133	40	30	43	0	0	0	0	0	0	0	0	0	0	0	0	36973071	
978	1	G	11	N	2500	6	40	204	129	43	33	46	0	0	0	0	0	0	0	0	0	0	0	0	36976301	
979	1	G	11	N	2500	6	40	290	90	18	14	22	0	0	0	0	0	0	0	0	0	0	0	0	36977627	
980	1	G	11	N	2500	0	40	346	127	31	28	36	0	0	0	0	0	0	0	0	0	0	0	0	36979857	
981	1	G	12	N	2500	2	1	220	94	20	19	28	0	0	0	0	0	0	0	0	0	0	0	0	36987221	
982	1	G	12	N	2500	6	40	316	134	38	28	41	0	0	0	0	0	0	0	0	0	0	0	0	36989015	
983	1	G	12	N	2500	6	40	327	116	32	24	36	0	0	0	0	0	0	0	0	0	0	0	0	36989171	
984	1	G	12	N	2500	6	40	328	146	37	29	39	0	0	0	0	0	0	0	0	0	0	0	0	36990107	
985	1	G	12	N	2500	0	40	381	152	45	30	43	0	0	0	0	0	0	0	0	0	0	0	0	36990200	
986	1	G	12	N	2500	0	40	165	121	47	35	48	0	0	0	0	0	0	0	0	0	0	0	0	36990465	
987	1	G	12	N	2500	0	40	283	144	41	34	51	0	0	0	0	0	0	0	0	0	0	0	0	36990481	
988	1	G	12	N	2500	0	40	289	98	24	19	26	0	0	0	0	0	0	0	0	0	0	0	0	36990528	
989	1	G	12	N	2500	0	40	225	134	44	29	40	0	0	0	0	0	0	0	0	0	0	0	0	36991011	
990	1	G	12	N	2500	0	40	314	113	29	23	37	0	0	0	0	0	0	0	0	0	0	0	0	36991620	
991	1	G	12	N	2500	0	1	154	87	16	15	22	0	0	0	0	0	0	0	0	0	0	0	0	36992181	
992	1	G	12	N	2500	0	40	250	149	43	31	42	0	0	0	0	0	0	0	0	0	0	0	0	36992213	
993	1	G	12	N	2500	0	1	240	91	22	17	24	0	0	0	0	0	0	0	0	0	0	0	0	36992306	
994	1	G	12	N	2500	0	40	402	153	35	27	44	0	0	0	0	0	0	0	0	0	0	0	0	36992540	
995	1	G	12	N	2500	0	40	385	115	25	20	28	0	0	0	0	0	0	0	0	0	0	0	0	36992618	
996	1	G	12	N	2500	0	40	184	116	34	26	36	0	0	0	0	0	0	0	0	0	0	0	0	36992868	
997	1	G	12	N	2500	0	1	58	11	1	1	1	0	0	0	0	0	0	0	0	0	0	0	0	36992915	
998	1	G	12	N	2500	0	1	133	97	29	24	35	0	0	0	0	0	0	0	0	0	0	0	0	36992915	
999	1	G	12	N	2500	0	40	316	127	37	27	36	0	0	0	0	0	0	0	0	0	0	0	0	36993117	
1000	1	G	12	N	2500	0	40	309	104	28	21	32	0	0	0	0	0	0	0	0	0	0	0	0	36993320	
1001	1	H	1	N	2500	6	40	441	180	53	37	50	0	0	0	0	0	0	0	0	0	0	0	0	37008452	
1002	1	H	2	N	2500	2	1	180	86	19	14	20	0	0	0	0	0	0	0	0	0	0	0	0	37018858	
1003	1	H	2	N	2500	2	1	221	72	20	17	27	0	0	0	0	0	0	0	0	0	0	0	0	37019856	
1004	1	H	2	N	2500	6	40	293	109	30	24	36	0	0	0	0	0	0	0	0	0	0	0	0	37020698	
1005	1	H	2	N	2500	6	40	428	166	52	38	54	0	0	0	0	0	0	0	0	0	0	0	0	37020839	
1006	1	H	2	N	2500	6	40	369	111	27	22	29	0	0	0	0	0	0	0	0	0	0	0	0	37020917	
1007	1	H	2	N	2500	0	40	335	108	29	21	33	0	0	0	0	0	0	0	0	0	0	0	0	37021494	
1008	1	H	2	N	2500	0	40	317	123	32	26	36	0	0	0	0	0	0	0	0	0	0	0	0	37023662	
1009	1	H	3	N	2500	2	1	156	103	33	25	37	0	0	0	0	0	0	0	0	0	0	0	0	37034504	
1010	1	H	4	N	2500	6	40	290	113	31	26	38	0	0	0	0	0	0	0	0	0	0	0	0	37047125	
1011	1	H	4	N	2500	2	1	224	71	14	12	17	0	0	0	0	0	0	0	0	0	0	0	0	37049590	
1012	1	H	4	N	2500	6	40	343	164	50	36	46	0	0	0	0	0	0	0	0	0	0	0	0	37050151	
1013	1	H	5	N	2500	2	1	251	68	14	14	24	0	0	0	0	0	0	0	0	0	0	0	0	37065252	
1014	1	H	5	N	2500	2	1	78	39	8	7	10	0	0	0	0	0	0	0	0	0	0	0	0	37067748	
1015	1	H	6	N	2500	6	40	375	153	40	33	45	0	0	0	0	0	0	0	0	0	0	0	0	37075688	
1016	1	H	6	N	2500	2	1	62	21	13	2	4	0	0	0	0	0	0	0	0	0	0	0	0	37076827	
1017	1	H	6	N	2500	6	40	271	156	48	36	52	0	0	0	0	0	0	0	0	0	0	0	0	37078028	
1018	1	H	6	N	2500	6	40	187	130	41	32	46	0	0	0	0	0	0	0	0	0	0	0	0	37078075	
1019	1	H	6	N	2500	0	40	349	128	33	28	45	0	0	0	0	0	0	0	0	0	0	0	0	37078106	
1020	1	H	6	N	2500	0	40	355	128	37	29	46	0	0	0	0	0	0	0	0	0	0	0	0	37078465	
1021	1	H	6	N	2500	0	40	181	119	41	37	52	0	0	0	0	0	0	0	0	0	0	0	0	37078746	
1022	1	H	6	N	2500	0	1	67	12	1	1	1	0	0	0	0	0	0	0	0	0	0	0	0	37078777	
1023	1	H	6	N	2500	0	1	62	29	14	3	5	0	0	0	0	0	0	0	0	0	0	0	0	37079058	
1024	1	H	6	N	2500	0	40	334	133	34	29	42	0	0	0	0	0	0	0	0	0	0	0	0	37079058	
1025	1	H	6	N	2500	0	1	191	99	39	33	43	0	0	0	0	0	0	0	0	0	0	0	0	37079308	
1026	1	H	6	N	2500	0	40	308	112	30	25	35	0	0	0	0	0	0	0	0	0	0	0	0	37079963	
1027	1	H	6	N	2500	0	1	196	101	24	22	37	0	0	0	0	0	0	0	0	0	0	0	0	37080212	
1028	1	H	6	N	2500	0	40	313	91	21	18	26	0	0	0	0	0	0	0	0	0	0	0	0	37080212	
1029	1	H	6	N	2500	0	40	200	118	27	26	37	0	0	0	0	0	0	0	0	0	0	0	0	37080446	
1030	1	H	6	N	2500	0	40	497	204	45	34	54	0	0	0	0	0	0	0	0	0	0	0	0	37080634	
1031	1	H	6	N	2500	0	40	217	126	36	29	40	0	0	0	0	0	0	0	0	0	0	0	0	37081055	
1032	1	H	6	N	2500	0	40	379	140	37	30	47	0	0	0	0	0	0	0	0	0	0	0	0	37081273	
1033	1	H	6	N	2500	0	40	330	152	46	35	48	0	0	0	0	0	0	0	0	0	0	0	0	37081414	
1034	1	H	6	N	2500	0	1	65	28	15	10	10	0	0	0	0	0	0	0	0	0	0	0	0	37082443	
1035	1	H	7	N	2500	6	40	416	167	49	38	57	0	0	0	0	0	0	0	0	0	0	0	0	37092755	
1036	1	H	7	N	2500	2	1	174	108	31	22	30	0	0	0	0	0	0	0	0	0	0	0	0	37094642	
1037	1	H	8	N	2500	6	40	264	95	26	20	24	0	0	0	0	0	0	0	0	0	0	0	0	37104439	
1038	1	H	8	N	2500	6	40	286	140	42	31	41	0	0	0	0	0	0	0	0	0	0	0	0	37104502	
1039	1	H	8	N	2500	2	1	210	105	34	24	35	0	0	0	0	0	0	0	0	0	0	0	0	37104782	
1040	1	H	8	N	2500	6	40	257	154	48	34	41	0	0	0	0	0	0	0	0	0	0	0	0	37104892	
1041	1	H	8	N	2500	0	1	133	32	5	4	7	0	0	0	0	0	0	0	0	0	0	0	0	37105032	
1042	1	H	8	N	2500	0	40	314	132	37	29	43	0	0	0	0	0	0	0	0	0	0	0	0	37105250	
1043	1	H	8	N	2500	0	1	149	34	7	5	6	0	0	0	0	0	0	0	0	0	0	0	0	37105297	
1044	1	H	8	N	2500	0	40	290	150	42	32	48	0	0	0	0	0	0	0	0	0	0	0	0	37105453	
1045	1	H	8	N	2500	0	40	342	127	39	27	42	0	0	0	0	0	0	0	0	0	0	0	0	37105578	
1046	1	H	8	N	2500	0	40	318	108	26	21	31	0	0	0	0	0	0	0	0	0	0	0	0	37105625	
1047	1	H	8	N	2500	0	1	256	81	17	15	21	0	0	0	0	0	0	0	0	0	0	0	0	37106592	
1048	1	H	8	N	2500	0	40	206	118	29	22	27	0	0	0	0	0	0	0	0	0	0	0	0	37107076	
1049	1	H	8	N	2500	0	40	212	120	37	25	34	0	0	0	0	0	0	0	0	0	0	0	0	37107310	
1050	1	H	8	N	2500	0	40	195	131	34	25	35	0	0	0	0	0	0	0	0	0	0	0	0	37107559	
1051	1	H	8	N	2500	0	40	274	101	28	21	29	0	0	0	0	0	0	0	0	0	0	0	0	37107840	
1052	1	H	8	N	2500	0	40	320	122	30	23	37	0	0	0	0	0	0	0	0	0	0	0	0	37108136	
1053	1	H	8	N	2500	0	40	335	148	40	28	47	0	0	0	0	0	0	0	0	0	0	0	0	37108682	
1054	1	H	8	N	2500	0	40	309	140	48	31	44	0	0	0	0	0	0	0	0	0	0	0	0	37109041	
1055	1	H	8	N	2500	0	40	309	121	34	25	38	0	0	0	0	0	0	0	0	0	0	0	0	37109275	
1056	1	H	8	N	2500	0	40	434	137	36	25	36	0	0	0	0	0	0	0	0	0	0	0	0	37109431	
1057	1	H	8	N	2500	0	40	308	114	28	21	34	0	0	0	0	0	0	0	0	0	0	0	0	37109930	
1058	1	H	8	N	2500	0	40	293	105	29	22	31	0	0	0	0	0	0	0	0	0	0	0	0	37110227	
1059	1	H	9	N	2500	2	1	190	105	27	22	31	0	0	0	0	0	0	0	0	0	0	0	0	37118479	
1060	1	H	10	N	2500	2	1	53	11	8	1	1	0	0	0	0	0	0	0	0	0	0	0	0	37134485	
1061	1	H	10	N	2500	2	1	181	64	12	12	19	0	0	0	0	0	0	0	0	0	0	0	0	37134579	
1062	1	H	10	N	2500	2	1	163	39	7	6	11	0	0	0	0	0	0	0	0	0	0	0	0	37135936	
1063	1	H	10	N	2500	2	1	74	16	5	6	10	0	0	0	0	0	0	0	0	0	0	0	0	37136763	
1064	1	H	10	N	2500	2	1	235	65	14	13	20	0	0	0	0	0	0	0	0	0	0	0	0	37136965	
1065	1	H	10	N	2500	2	1	163	69	11	11	20	0	0	0	0	0	0	0	0	0	0	0	0	37137543	
1066	1	H	10	N	2500	2	1	156	72	14	15	21	0	0	0	0	0	0	0	0	0	0	0	0	37137948	
1067	1	H	10	N	2500	2	1	100	21	6	7	14	0	0	0	0	0	0	0	0	0	0	0	0	37140444	
1068	1	H	12	N	2500	2	1	160	65	16	16	27	0	0	0	0	0	0	0	0	0	0	0	0	37162425	
1069	1	H	12	N	2500	2	1	151	122	45	33	48	0	0	0	0	0	0	0	0	0	0	0	0	37163127	
1070	1	H	12	N	2500	6	40	287	130	37	31	44	0	0	0	0	0	0	0	0	0	0	0	0	37163173	
1071	1	H	12	N	2500	6	40	231	126	34	30	40	0	0	0	0	0	0	0	0	0	0	0	0	37164141	
1072	1	H	12	N	2500	6	40	199	130	44	33	49	0	0	0	0	0	0	0	0	0	0	0	0	37164733	
1073	1	H	12	N	2500	0	1	148	110	38	28	35	0	0	0	0	0	0	0	0	0	0	0	0	37164952	
1074	1	H	12	N	2500	0	40	225	115	35	28	36	0	0	0	0	0	0	0	0	0	0	0	0	37164999	
1075	1	H	12	N	2500	0	40	312	109	34	25	37	0	0	0	0	0	0	0	0	0	0	0	0	37165201	
1076	1	H	12	N	2500	0	40	186	134	36	32	46	0	0	0	0	0	0	0	0	0	0	0	0	37165264	
1077	1	H	12	N	2500	0	40	325	115	34	24	37	0	0	0	0	0	0	0	0	0	0	0	0	37165295	
1078	1	H	12	N	2500	0	40	366	132	35	30	43	0	0	0	0	0	0	0	0	0	0	0	0	37165311	
1079	1	H	12	N	2500	0	40	259	114	31	27	33	0	0	0	0	0	0	0	0	0	0	0	0	37165467	
1080	1	H	12	N	2500	0	40	304	108	34	23	35	0	0	0	0	0	0	0	0	0	0	0	0	37165498	
1081	1	H	12	N	2500	0	40	304	121	31	25	34	0	0	0	0	0	0	0	0	0	0	0	0	37165545	
1082	1	H	12	N	2500	0	1	240	94	31	23	34	0	0	0	0	0	0	0	0	0	0	0	0	37165654	
1083	1	H	12	N	2500	0	1	208	89	29	22	27	0	0	0	0	0	0	0	0	0	0	0	0	37166028	
1084	1	H	12	N	2500	0	40	303	106	31	22	32	0	0	0	0	0	0	0	0	0	0	0	0	37166059	
1085	1	H	12	N	2500	0	1	135	86	21	20	23	0	0	0	0	0	0	0	0	0	0	0	0	37166262	
1086	1	H	12	N	2500	0	40	257	114	33	28	41	0	0	0	0	0	0	0	0	0	0	0	0	37166574	
1087	1	H	12	N	2500	0	40	344	118	37	27	43	0	0	0	0	0	0	0	0	0	0	0	0	37166668	
1088	1	H	12	N	2500	0	40	199	126	41	29	42	0	0	0	0	0	0	0	0	0	0	0	0	37166668	
1089	1	H	12	N	2500	0	40	344	121	30	24	34	0	0	0	0	0	0	0	0	0	0	0	0	37166761	
1090	1	H	12	N	2500	0	40	296	141	46	34	51	0	0	0	0	0	0	0	0	0	0	0	0	37166855	
1091	1	H	12	N	2500	0	40	242	137	43	32	41	0	0	0	0	0	0	0	0	0	0	0	0	37167011	
1092	1	H	12	N	2500	0	40	228	120	34	27	37	0	0	0	0	0	0	0	0	0	0	0	0	37167198	
1093	1	H	12	N	2500	0	40	360	130	33	28	42	0	0	0	0	0	0	0	0	0	0	0	0	37167276	
1094	1	H	12	N	2500	0	40	364	119	28	22	35	0	0	0	0	0	0	0	0	0	0	0	0	37167323	
1095	1	H	12	N	2500	0	40	317	122	36	26	46	0	0	0	0	0	0	0	0	0	0	0	0	37167417	
1096	1	H	12	N	2500	0	40	338	117	30	24	38	0	0	0	0	0	0	0	0	0	0	0	0	37167417	
1097	1	H	12	N	2500	0	40	345	123	38	26	42	0	0	0	0	0	0	0	0	0	0	0	0	37167588	
1098	1	H	12	N	2500	0	1	270	66	13	12	22	0	0	0	0	0	0	0	0	0	0	0	0	37167619	
1099	1	H	12	N	2500	0	40	242	139	43	34	40	0	0	0	0	0	0	0	0	0	0	0	0	37167635	
1100	1	H	12	N	2500	0	1	752	401	195	259	481	0	0	0	0	0	0	0	0	0	0	0	0	37167760	
1101	1	H	12	N	2500	0	40	442	149	42	27	36	0	0	0	0	0	0	0	0	0	0	0	0	37167775	
1102	1	H	12	N	2500	0	40	351	136	36	30	43	0	0	0	0	0	0	0	0	0	0	0	0	37167791	
1103	1	H	12	N	2500	0	40	314	102	24	17	26	0	0	0	0	0	0	0	0	0	0	0	0	37167978	
1104	1	H	12	N	2500	0	40	283	142	34	30	45	0	0	0	0	0	0	0	0	0	0	0	0	37167994	
1105	1	H	12	N	2500	0	40	341	123	34	27	37	0	0	0	0	0	0	0	0	0	0	0	0	37168072	
1106	1	H	12	N	2500	0	40	239	130	33	28	42	0	0	0	0	0	0	0	0	0	0	0	0	37168087	
1107	1	H	12	N	2500	0	40	253	116	29	25	37	0	0	0	0	0	0	0	0	0	0	0	0	37168165	
1108	1	H	12	N	2500	0	40	318	108	25	20	31	0	0	0	0	0	0	0	0	0	0	0	0	37168259	
1109	1	H	12	N	2500	0	40	197	123	41	30	45	0	0	0	0	0	0	0	0	0	0	0	0	37168368	
1110	1	H	12	N	2500	0	40	421	171	45	36	53	0	0	0	0	0	0	0	0	0	0	0	0	37168384	
1111	1	H	12	N	2500	0	40	303	110	29	23	33	0	0	0	0	0	0	0	0	0	0	0	0	37168571	
1112	1	H	12	N	2500	0	40	316	105	28	20	28	0	0	0	0	0	0	0	0	0	0	0	0	37168602	
1113	1	H	12	N	2500	0	40	290	92	22	17	27	0	0	0	0	0	0	0	0	0	0	0	0	37168805	
1114	1	H	12	N	2500	0	40	451	175	45	33	48	0	0	0	0	0	0	0	0	0	0	0	0	37168836	
1115	1	H	12	N	2500	0	40	376	134	31	27	41	0	0	0	0	0	0	0	0	0	0	0	0	37169179	
1116	1	H	12	N	2500	0	1	160	52	12	11	16	0	0	0	0	0	0	0	0	0	0	0	0	37169289	
1117	1	H	12	N	2500	0	1	114	58	15	13	20	0	0	0	0	0	0	0	0	0	0	0	0	37169289	


Threshold source: EXT,  value 50
Min TOF = 50
EXT signal gain 1.6
Green signal gain 3.0
Yellow signal gain 3.0
Red signal gain 3.0
Green PMT voltage 700
Yellow PMT voltage 700
Red PMT voltage 900
Signal multipliers: 1.0,1.0,1.0,1.0
C:\Users\unionbio\Desktop\COPAS Templates\USE for L4 dispense4.csv