Id	Plate	Row	Column	Clog	Scan rate	Status sort	Status sel	TOF	EXT	Green	Yellow	Red	PH Ext	PW Ext	PC Ext	PH Green	PW Green	PCGreen	PH Yellow	PW Yellow	PCYellow	PH Red	PW Red	PCRed	Time Stamp	
0	1	A	1	N	2500	6	40	283	144	42	34	47	0	0	0	0	0	0	0	0	0	0	0	0	33607641	
1	1	A	1	N	2500	6	40	335	128	34	27	34	0	0	0	0	0	0	0	0	0	0	0	0	33609404	
2	1	A	1	N	2500	6	40	355	134	36	27	36	0	0	0	0	0	0	0	0	0	0	0	0	33610215	
3	1	A	2	N	2500	6	40	366	150	44	34	55	0	0	0	0	0	0	0	0	0	0	0	0	33619435	
4	1	A	2	N	2500	6	40	313	116	38	26	41	0	0	0	0	0	0	0	0	0	0	0	0	33619544	
5	1	A	2	N	2500	6	40	266	146	38	32	47	0	0	0	0	0	0	0	0	0	0	0	0	33620121	
6	1	A	2	N	2500	0	40	374	159	45	36	49	0	0	0	0	0	0	0	0	0	0	0	0	33620776	
7	1	A	2	N	2500	0	40	362	139	38	30	44	0	0	0	0	0	0	0	0	0	0	0	0	33621135	
8	1	A	2	N	2500	0	40	366	145	47	35	46	0	0	0	0	0	0	0	0	0	0	0	0	33621166	
9	1	A	2	N	2500	0	40	340	136	37	32	45	0	0	0	0	0	0	0	0	0	0	0	0	33622399	
10	1	A	2	N	2500	0	40	357	148	41	35	50	0	0	0	0	0	0	0	0	0	0	0	0	33622586	
11	1	A	2	N	2500	0	40	456	178	57	43	66	0	0	0	0	0	0	0	0	0	0	0	0	33622913	
12	1	A	2	N	2500	0	40	179	137	48	36	52	0	0	0	0	0	0	0	0	0	0	0	0	33622960	
13	1	A	2	N	2500	0	40	234	153	40	34	50	0	0	0	0	0	0	0	0	0	0	0	0	33623584	
14	1	A	2	N	2500	0	40	305	172	55	44	64	0	0	0	0	0	0	0	0	0	0	0	0	33624208	
15	1	A	2	N	2500	0	40	259	133	36	34	44	0	0	0	0	0	0	0	0	0	0	0	0	33624286	
16	1	A	2	N	2500	0	1	210	104	38	27	40	0	0	0	0	0	0	0	0	0	0	0	0	33624489	
17	1	A	2	N	2500	0	40	372	150	43	35	55	0	0	0	0	0	0	0	0	0	0	0	0	33624505	
18	1	A	2	N	2500	0	40	300	106	31	24	35	0	0	0	0	0	0	0	0	0	0	0	0	33624520	
19	1	A	2	N	2500	0	40	423	180	59	45	61	0	0	0	0	0	0	0	0	0	0	0	0	33624801	
20	1	A	2	N	2500	0	40	271	164	55	47	67	0	0	0	0	0	0	0	0	0	0	0	0	33624941	
21	1	A	2	N	2500	0	40	233	144	39	35	46	0	0	0	0	0	0	0	0	0	0	0	0	33625113	
22	1	A	2	N	2500	0	40	280	133	37	32	45	0	0	0	0	0	0	0	0	0	0	0	0	33625129	
23	1	A	4	N	2500	6	40	215	130	37	29	40	0	0	0	0	0	0	0	0	0	0	0	0	33648482	
24	1	A	4	N	2500	6	40	404	149	41	34	44	0	0	0	0	0	0	0	0	0	0	0	0	33648872	
25	1	A	4	N	2500	6	40	342	140	42	39	54	0	0	0	0	0	0	0	0	0	0	0	0	33648919	
26	1	A	4	N	2500	0	2	159	131	38	34	45	0	0	0	0	0	0	0	0	0	0	0	0	33650011	
27	1	A	4	N	2500	0	40	238	131	47	37	47	0	0	0	0	0	0	0	0	0	0	0	0	33650042	
28	1	A	4	N	2500	0	40	206	150	45	35	48	0	0	0	0	0	0	0	0	0	0	0	0	33650385	
29	1	A	4	N	2500	0	40	265	147	39	34	48	0	0	0	0	0	0	0	0	0	0	0	0	33650837	
30	1	A	4	N	2500	0	40	323	133	39	34	49	0	0	0	0	0	0	0	0	0	0	0	0	33650947	
31	1	A	4	N	2500	0	40	389	130	31	26	37	0	0	0	0	0	0	0	0	0	0	0	0	33651274	
32	1	A	4	N	2500	0	40	249	139	47	39	57	0	0	0	0	0	0	0	0	0	0	0	0	33651571	
33	1	A	4	N	2500	0	40	352	169	46	38	60	0	0	0	0	0	0	0	0	0	0	0	0	33651727	
34	1	A	4	N	2500	0	40	359	144	42	37	56	0	0	0	0	0	0	0	0	0	0	0	0	33653037	
35	1	A	4	N	2500	0	40	215	137	46	35	45	0	0	0	0	0	0	0	0	0	0	0	0	33653349	
36	1	A	4	N	2500	0	40	285	111	27	21	34	0	0	0	0	0	0	0	0	0	0	0	0	33653833	
37	1	A	4	N	2500	0	40	272	125	35	33	49	0	0	0	0	0	0	0	0	0	0	0	0	33653864	
38	1	A	4	N	2500	0	40	219	110	37	32	42	0	0	0	0	0	0	0	0	0	0	0	0	33654925	
39	1	A	5	N	2500	6	40	366	144	41	37	56	0	0	0	0	0	0	0	0	0	0	0	0	33662584	
40	1	A	6	N	2500	6	40	381	176	50	44	65	0	0	0	0	0	0	0	0	0	0	0	0	33677326	
41	1	A	6	N	2500	6	40	206	115	46	35	48	0	0	0	0	0	0	0	0	0	0	0	0	33677825	
42	1	A	6	N	2500	6	40	338	151	47	38	56	0	0	0	0	0	0	0	0	0	0	0	0	33677997	
43	1	A	6	N	2500	0	40	393	154	42	34	51	0	0	0	0	0	0	0	0	0	0	0	0	33679058	
44	1	A	6	N	2500	0	40	303	162	48	45	65	0	0	0	0	0	0	0	0	0	0	0	0	33679588	
45	1	A	6	N	2500	0	1	74	13	2	2	4	0	0	0	0	0	0	0	0	0	0	0	0	33680025	
46	1	A	6	N	2500	0	1	130	67	24	17	26	0	0	0	0	0	0	0	0	0	0	0	0	33680025	
47	1	A	6	N	2500	0	1	178	107	25	21	30	0	0	0	0	0	0	0	0	0	0	0	0	33680290	
48	1	A	6	N	2500	0	40	186	139	58	43	62	0	0	0	0	0	0	0	0	0	0	0	0	33680961	
49	1	A	6	N	2500	0	40	385	152	43	35	58	0	0	0	0	0	0	0	0	0	0	0	0	33681491	
50	1	A	6	N	2500	0	40	278	204	64	66	99	0	0	0	0	0	0	0	0	0	0	0	0	33682131	
51	1	A	6	N	2500	0	40	285	172	52	39	51	0	0	0	0	0	0	0	0	0	0	0	0	33682568	
52	1	A	6	N	2500	0	40	268	158	49	38	53	0	0	0	0	0	0	0	0	0	0	0	0	33683114	
53	1	A	6	N	2500	0	1	177	104	25	25	45	0	0	0	0	0	0	0	0	0	0	0	0	33683145	
54	1	A	8	N	2500	2	1	98	26	11	16	37	0	0	0	0	0	0	0	0	0	0	0	0	33707637	
55	1	A	8	N	2500	6	40	410	165	44	33	55	0	0	0	0	0	0	0	0	0	0	0	0	33708526	
56	1	A	8	N	2500	2	1	120	35	9	7	9	0	0	0	0	0	0	0	0	0	0	0	0	33708994	
57	1	A	8	N	2500	6	40	408	160	44	36	54	0	0	0	0	0	0	0	0	0	0	0	0	33709041	
58	1	A	8	N	2500	6	40	394	159	52	41	61	0	0	0	0	0	0	0	0	0	0	0	0	33709369	
59	1	A	8	N	2500	0	40	196	126	41	35	52	0	0	0	0	0	0	0	0	0	0	0	0	33710149	
60	1	A	8	N	2500	0	40	354	149	39	33	48	0	0	0	0	0	0	0	0	0	0	0	0	33710539	
61	1	A	8	N	2500	0	40	354	179	53	44	60	0	0	0	0	0	0	0	0	0	0	0	0	33710617	
62	1	A	8	N	2500	0	40	360	169	49	38	54	0	0	0	0	0	0	0	0	0	0	0	0	33710679	
63	1	A	8	N	2500	0	1	277	86	16	12	21	0	0	0	0	0	0	0	0	0	0	0	0	33711475	
64	1	A	9	N	2500	2	2	268	190	70	62	98	0	0	0	0	0	0	0	0	0	0	0	0	33726591	
65	1	A	10	N	2500	6	40	409	166	57	47	68	0	0	0	0	0	0	0	0	0	0	0	0	33735171	
66	1	A	10	N	2500	2	1	61	13	2	2	3	0	0	0	0	0	0	0	0	0	0	0	0	33735686	
67	1	A	10	N	2500	10	40	282	153	50	46	63	0	0	0	0	0	0	0	0	0	0	0	0	33735686	
68	1	A	10	N	2500	6	40	344	139	41	34	50	0	0	0	0	0	0	0	0	0	0	0	0	33736357	
69	1	A	10	N	2500	6	40	341	126	34	27	40	0	0	0	0	0	0	0	0	0	0	0	0	33736591	
70	1	A	10	N	2500	0	40	355	138	39	35	45	0	0	0	0	0	0	0	0	0	0	0	0	33736840	
71	1	A	10	N	2500	0	40	338	128	37	36	54	0	0	0	0	0	0	0	0	0	0	0	0	33737121	
72	1	A	10	N	2500	0	1	167	77	24	19	28	0	0	0	0	0	0	0	0	0	0	0	0	33737121	
73	1	A	10	N	2500	0	1	97	19	4	5	7	0	0	0	0	0	0	0	0	0	0	0	0	33737121	
74	1	A	10	N	2500	0	40	402	175	58	48	68	0	0	0	0	0	0	0	0	0	0	0	0	33737371	
75	1	A	10	N	2500	0	40	333	138	40	33	50	0	0	0	0	0	0	0	0	0	0	0	0	33737589	
76	1	A	10	N	2500	0	40	348	145	46	39	54	0	0	0	0	0	0	0	0	0	0	0	0	33738057	
77	1	A	10	N	2500	0	40	342	131	36	34	50	0	0	0	0	0	0	0	0	0	0	0	0	33738088	
78	1	A	10	N	2500	0	40	390	164	49	44	61	0	0	0	0	0	0	0	0	0	0	0	0	33738291	
79	1	A	10	N	2500	0	40	185	135	39	34	52	0	0	0	0	0	0	0	0	0	0	0	0	33738478	
80	1	A	10	N	2500	0	40	317	136	43	32	43	0	0	0	0	0	0	0	0	0	0	0	0	33738556	
81	1	A	10	N	2500	0	40	349	165	46	41	59	0	0	0	0	0	0	0	0	0	0	0	0	33738572	
82	1	A	10	N	2500	0	40	393	172	51	45	67	0	0	0	0	0	0	0	0	0	0	0	0	33738634	
83	1	A	10	N	2500	0	40	399	141	39	35	51	0	0	0	0	0	0	0	0	0	0	0	0	33738884	
84	1	A	10	N	2500	0	40	344	139	36	30	44	0	0	0	0	0	0	0	0	0	0	0	0	33739477	
85	1	A	10	N	2500	0	1	178	50	9	8	13	0	0	0	0	0	0	0	0	0	0	0	0	33739508	
86	1	A	10	N	2500	0	40	358	137	39	32	48	0	0	0	0	0	0	0	0	0	0	0	0	33739602	
87	1	A	10	N	2500	0	40	345	122	28	24	36	0	0	0	0	0	0	0	0	0	0	0	0	33739602	
88	1	A	10	N	2500	0	40	180	120	33	29	41	0	0	0	0	0	0	0	0	0	0	0	0	33739633	
89	1	A	10	N	2500	0	40	275	132	35	32	42	0	0	0	0	0	0	0	0	0	0	0	0	33739804	
90	1	A	10	N	2500	0	40	359	139	36	27	39	0	0	0	0	0	0	0	0	0	0	0	0	33739836	
91	1	A	10	N	2500	0	40	487	192	60	56	96	0	0	0	0	0	0	0	0	0	0	0	0	33740101	
92	1	A	10	N	2500	0	2	280	193	74	62	85	0	0	0	0	0	0	0	0	0	0	0	0	33740241	
93	1	A	10	N	2500	0	40	393	171	52	48	67	0	0	0	0	0	0	0	0	0	0	0	0	33740382	
94	1	A	10	N	2500	0	40	340	141	46	36	61	0	0	0	0	0	0	0	0	0	0	0	0	33740491	
95	1	A	10	N	2500	0	1	123	54	11	11	20	0	0	0	0	0	0	0	0	0	0	0	0	33740865	
96	1	A	10	N	2500	0	40	261	151	41	36	49	0	0	0	0	0	0	0	0	0	0	0	0	33741146	
97	1	A	10	N	2500	0	40	375	147	38	34	56	0	0	0	0	0	0	0	0	0	0	0	0	33741552	
98	1	A	10	N	2500	0	40	227	147	42	37	56	0	0	0	0	0	0	0	0	0	0	0	0	33742098	
99	1	A	11	N	2500	6	40	173	159	56	48	66	0	0	0	0	0	0	0	0	0	0	0	0	33751130	
100	1	A	11	N	2500	6	40	207	124	38	34	48	0	0	0	0	0	0	0	0	0	0	0	0	33753595	
101	1	A	12	N	2500	6	40	302	137	43	33	41	0	0	0	0	0	0	0	0	0	0	0	0	33763813	
102	1	A	12	N	2500	6	40	371	162	53	39	53	0	0	0	0	0	0	0	0	0	0	0	0	33764234	
103	1	A	12	N	2500	6	40	314	158	48	37	53	0	0	0	0	0	0	0	0	0	0	0	0	33764640	
104	1	A	12	N	2500	0	40	379	161	50	41	57	0	0	0	0	0	0	0	0	0	0	0	0	33765466	
105	1	A	12	N	2500	0	40	253	115	42	32	47	0	0	0	0	0	0	0	0	0	0	0	0	33765482	
106	1	A	12	N	2500	0	40	271	119	35	30	46	0	0	0	0	0	0	0	0	0	0	0	0	33765700	
107	1	A	12	N	2500	0	40	204	135	47	42	56	0	0	0	0	0	0	0	0	0	0	0	0	33766558	
108	1	A	12	N	2500	0	40	370	152	40	36	50	0	0	0	0	0	0	0	0	0	0	0	0	33766683	
109	1	A	12	N	2500	0	40	423	181	54	48	77	0	0	0	0	0	0	0	0	0	0	0	0	33766933	
110	1	A	12	N	2500	0	1	220	100	34	30	40	0	0	0	0	0	0	0	0	0	0	0	0	33767073	
111	1	A	12	N	2500	0	1	149	44	9	7	10	0	0	0	0	0	0	0	0	0	0	0	0	33767167	
112	1	A	12	N	2500	0	40	355	138	34	32	45	0	0	0	0	0	0	0	0	0	0	0	0	33767385	
113	1	A	12	N	2500	0	40	451	176	52	51	83	0	0	0	0	0	0	0	0	0	0	0	0	33767541	
114	1	A	12	N	2500	0	40	321	147	44	33	42	0	0	0	0	0	0	0	0	0	0	0	0	33767588	
115	1	A	12	N	2500	0	40	218	116	35	29	40	0	0	0	0	0	0	0	0	0	0	0	0	33767744	
116	1	A	12	N	2500	0	40	235	109	26	24	38	0	0	0	0	0	0	0	0	0	0	0	0	33767822	
117	1	A	12	N	2500	0	40	321	145	47	39	54	0	0	0	0	0	0	0	0	0	0	0	0	33768306	
118	1	A	12	N	2500	0	40	234	132	39	35	50	0	0	0	0	0	0	0	0	0	0	0	0	33768446	
119	1	A	12	N	2500	0	40	349	134	39	29	44	0	0	0	0	0	0	0	0	0	0	0	0	33768727	
120	1	A	12	N	2500	0	40	199	126	40	32	48	0	0	0	0	0	0	0	0	0	0	0	0	33768758	
121	1	A	12	N	2500	0	1	95	22	6	6	13	0	0	0	0	0	0	0	0	0	0	0	0	33768914	
122	1	A	12	N	2500	0	40	212	150	51	40	49	0	0	0	0	0	0	0	0	0	0	0	0	33769226	
123	1	A	12	N	2500	0	40	416	177	51	40	55	0	0	0	0	0	0	0	0	0	0	0	0	33769304	
124	1	A	12	N	2500	0	40	355	153	46	35	52	0	0	0	0	0	0	0	0	0	0	0	0	33770209	
125	1	B	1	N	2500	2	1	228	60	9	9	13	0	0	0	0	0	0	0	0	0	0	0	0	33781410	
126	1	B	2	N	2500	6	40	238	160	46	35	50	0	0	0	0	0	0	0	0	0	0	0	0	33793858	
127	1	B	2	N	2500	6	40	287	99	29	22	32	0	0	0	0	0	0	0	0	0	0	0	0	33794826	
128	1	B	2	N	2500	6	40	270	148	52	34	47	0	0	0	0	0	0	0	0	0	0	0	0	33794982	
129	1	B	2	N	2500	0	40	335	164	49	46	65	0	0	0	0	0	0	0	0	0	0	0	0	33795403	
130	1	B	2	N	2500	0	1	147	106	29	26	35	0	0	0	0	0	0	0	0	0	0	0	0	33797181	
131	1	B	2	N	2500	0	40	388	163	49	39	56	0	0	0	0	0	0	0	0	0	0	0	0	33797368	
132	1	B	2	N	2500	0	40	396	167	47	42	65	0	0	0	0	0	0	0	0	0	0	0	0	33798008	
133	1	B	2	N	2500	0	40	469	199	64	49	73	0	0	0	0	0	0	0	0	0	0	0	0	33798570	
134	1	B	2	N	2500	0	40	372	152	45	32	43	0	0	0	0	0	0	0	0	0	0	0	0	33798991	
135	1	B	2	N	2500	0	1	176	77	16	13	20	0	0	0	0	0	0	0	0	0	0	0	0	33799022	
136	1	B	2	N	2500	0	40	440	199	59	48	71	0	0	0	0	0	0	0	0	0	0	0	0	33799178	
137	1	B	2	N	2500	0	40	477	206	63	52	69	0	0	0	0	0	0	0	0	0	0	0	0	33799443	
138	1	B	2	N	2500	0	40	374	165	52	39	50	0	0	0	0	0	0	0	0	0	0	0	0	33800130	
139	1	B	2	N	2500	0	40	262	170	53	43	61	0	0	0	0	0	0	0	0	0	0	0	0	33800192	
140	1	B	4	N	2500	6	40	327	159	64	61	92	0	0	0	0	0	0	0	0	0	0	0	0	33822687	
141	1	B	4	N	2500	6	40	250	173	49	44	61	0	0	0	0	0	0	0	0	0	0	0	0	33822890	
142	1	B	4	N	2500	6	40	304	114	30	27	38	0	0	0	0	0	0	0	0	0	0	0	0	33823124	
143	1	B	4	N	2500	0	40	380	166	49	41	54	0	0	0	0	0	0	0	0	0	0	0	0	33823421	
144	1	B	4	N	2500	0	40	313	170	57	47	74	0	0	0	0	0	0	0	0	0	0	0	0	33823499	
145	1	B	4	N	2500	0	40	172	132	41	38	49	0	0	0	0	0	0	0	0	0	0	0	0	33823764	
146	1	B	4	N	2500	0	1	184	39	8	8	16	0	0	0	0	0	0	0	0	0	0	0	0	33824013	
147	1	B	4	N	2500	0	40	230	151	48	36	53	0	0	0	0	0	0	0	0	0	0	0	0	33824013	
148	1	B	4	N	2500	0	40	312	119	33	25	41	0	0	0	0	0	0	0	0	0	0	0	0	33824107	
149	1	B	4	N	2500	0	40	540	200	60	57	96	0	0	0	0	0	0	0	0	0	0	0	0	33824778	
150	1	B	4	N	2500	0	40	365	165	46	42	58	0	0	0	0	0	0	0	0	0	0	0	0	33825168	
151	1	B	4	N	2500	0	40	379	166	49	44	63	0	0	0	0	0	0	0	0	0	0	0	0	33825589	
152	1	B	4	N	2500	0	40	263	154	47	35	51	0	0	0	0	0	0	0	0	0	0	0	0	33825761	
153	1	B	4	N	2500	0	2	489	209	69	55	85	0	0	0	0	0	0	0	0	0	0	0	0	33825792	
154	1	B	4	N	2500	0	1	127	23	11	15	41	0	0	0	0	0	0	0	0	0	0	0	0	33825792	
155	1	B	4	N	2500	0	40	350	155	45	40	62	0	0	0	0	0	0	0	0	0	0	0	0	33825807	
156	1	B	4	N	2500	0	40	215	135	42	39	59	0	0	0	0	0	0	0	0	0	0	0	0	33825979	
157	1	B	4	N	2500	0	40	249	159	59	54	79	0	0	0	0	0	0	0	0	0	0	0	0	33826041	
158	1	B	4	N	2500	0	40	284	150	41	36	50	0	0	0	0	0	0	0	0	0	0	0	0	33826806	
159	1	B	4	N	2500	0	40	316	137	37	31	44	0	0	0	0	0	0	0	0	0	0	0	0	33826946	
160	1	B	4	N	2500	0	40	211	152	48	38	53	0	0	0	0	0	0	0	0	0	0	0	0	33826977	
161	1	B	4	N	2500	0	40	214	154	49	39	55	0	0	0	0	0	0	0	0	0	0	0	0	33827133	
162	1	B	4	N	2500	0	40	384	197	62	52	70	0	0	0	0	0	0	0	0	0	0	0	0	33827211	
163	1	B	4	N	2500	0	40	349	132	39	28	47	0	0	0	0	0	0	0	0	0	0	0	0	33827227	
164	1	B	4	N	2500	0	40	409	168	49	44	69	0	0	0	0	0	0	0	0	0	0	0	0	33827492	
165	1	B	4	N	2500	0	40	353	139	39	31	49	0	0	0	0	0	0	0	0	0	0	0	0	33827539	
166	1	B	4	N	2500	0	40	320	146	42	30	44	0	0	0	0	0	0	0	0	0	0	0	0	33827633	
167	1	B	4	N	2500	0	2	332	205	76	72	131	0	0	0	0	0	0	0	0	0	0	0	0	33827913	
168	1	B	4	N	2500	0	40	422	177	49	45	66	0	0	0	0	0	0	0	0	0	0	0	0	33827960	
169	1	B	4	N	2500	0	40	392	181	56	51	66	0	0	0	0	0	0	0	0	0	0	0	0	33828116	
170	1	B	4	N	2500	0	40	193	144	45	37	52	0	0	0	0	0	0	0	0	0	0	0	0	33828319	
171	1	B	4	N	2500	0	40	348	154	47	42	59	0	0	0	0	0	0	0	0	0	0	0	0	33828350	
172	1	B	6	N	2500	6	40	187	128	39	30	41	0	0	0	0	0	0	0	0	0	0	0	0	33852452	
173	1	B	6	N	2500	2	1	105	46	23	2	6	0	0	0	0	0	0	0	0	0	0	0	0	33852561	
174	1	B	6	N	2500	6	40	239	146	44	35	44	0	0	0	0	0	0	0	0	0	0	0	0	33852795	
175	1	B	6	N	2500	6	40	331	128	36	23	39	0	0	0	0	0	0	0	0	0	0	0	0	33852811	
176	1	B	6	N	2500	0	40	299	145	39	34	44	0	0	0	0	0	0	0	0	0	0	0	0	33852967	
177	1	B	6	N	2500	0	1	86	22	6	9	20	0	0	0	0	0	0	0	0	0	0	0	0	33853076	
178	1	B	6	N	2500	0	40	389	161	47	39	61	0	0	0	0	0	0	0	0	0	0	0	0	33854480	
179	1	B	6	N	2500	0	40	234	160	55	45	64	0	0	0	0	0	0	0	0	0	0	0	0	33854574	
180	1	B	6	N	2500	0	40	321	120	29	24	36	0	0	0	0	0	0	0	0	0	0	0	0	33854964	
181	1	B	6	N	2500	0	40	312	136	36	33	42	0	0	0	0	0	0	0	0	0	0	0	0	33855057	
182	1	B	6	N	2500	0	40	200	136	36	34	51	0	0	0	0	0	0	0	0	0	0	0	0	33855385	
183	1	B	6	N	2500	0	40	339	131	35	28	43	0	0	0	0	0	0	0	0	0	0	0	0	33855681	
184	1	B	6	N	2500	0	40	399	163	46	44	71	0	0	0	0	0	0	0	0	0	0	0	0	33856118	
185	1	B	6	N	2500	0	40	332	140	37	34	51	0	0	0	0	0	0	0	0	0	0	0	0	33856383	
186	1	B	6	N	2500	0	1	62	11	3	3	5	0	0	0	0	0	0	0	0	0	0	0	0	33856508	
187	1	B	6	N	2500	0	40	297	146	42	36	50	0	0	0	0	0	0	0	0	0	0	0	0	33856711	
188	1	B	6	N	2500	0	40	249	117	32	25	32	0	0	0	0	0	0	0	0	0	0	0	0	33856945	
189	1	B	6	N	2500	0	40	290	106	30	21	36	0	0	0	0	0	0	0	0	0	0	0	0	33858209	
190	1	B	7	N	2500	6	40	307	153	44	34	45	0	0	0	0	0	0	0	0	0	0	0	0	33870798	
191	1	B	8	N	2500	6	40	222	157	52	39	0	0	0	0	0	0	0	0	0	0	0	0	0	33880189	
192	1	B	8	N	2500	6	40	291	172	54	45	0	0	0	0	0	0	0	0	0	0	0	0	0	33880189	
193	1	B	8	N	2500	6	40	309	127	33	27	38	0	0	0	0	0	0	0	0	0	0	0	0	33880641	
194	1	B	8	N	2500	0	1	172	115	39	28	40	0	0	0	0	0	0	0	0	0	0	0	0	33880688	
195	1	B	8	N	2500	0	40	233	138	39	30	42	0	0	0	0	0	0	0	0	0	0	0	0	33880719	
196	1	B	8	N	2500	0	40	341	149	42	32	45	0	0	0	0	0	0	0	0	0	0	0	0	33880829	
197	1	B	8	N	2500	0	40	373	164	46	37	58	0	0	0	0	0	0	0	0	0	0	0	0	33880860	
198	1	B	8	N	2500	0	40	299	93	22	19	34	0	0	0	0	0	0	0	0	0	0	0	0	33880907	
199	1	B	8	N	2500	0	40	418	185	62	55	89	0	0	0	0	0	0	0	0	0	0	0	0	33880922	
200	1	B	8	N	2500	0	40	375	158	47	41	64	0	0	0	0	0	0	0	0	0	0	0	0	33880938	
201	1	B	8	N	2500	0	40	334	153	46	34	57	0	0	0	0	0	0	0	0	0	0	0	0	33880969	
202	1	B	8	N	2500	0	40	251	127	44	34	48	0	0	0	0	0	0	0	0	0	0	0	0	33881016	
203	1	B	8	N	2500	0	40	264	131	37	34	42	0	0	0	0	0	0	0	0	0	0	0	0	33882014	
204	1	B	8	N	2500	0	1	232	76	19	23	42	0	0	0	0	0	0	0	0	0	0	0	0	33882030	
205	1	B	8	N	2500	0	1	56	11	4	6	13	0	0	0	0	0	0	0	0	0	0	0	0	33882077	
206	1	B	8	N	2500	0	1	70	17	5	7	16	0	0	0	0	0	0	0	0	0	0	0	0	33882482	
207	1	B	8	N	2500	0	40	236	151	44	38	48	0	0	0	0	0	0	0	0	0	0	0	0	33882529	
208	1	B	8	N	2500	0	40	343	160	47	39	53	0	0	0	0	0	0	0	0	0	0	0	0	33882732	
209	1	B	8	N	2500	0	1	55	17	9	10	14	0	0	0	0	0	0	0	0	0	0	0	0	33882950	
210	1	B	8	N	2500	0	1	191	95	38	34	41	0	0	0	0	0	0	0	0	0	0	0	0	33883028	
211	1	B	8	N	2500	0	40	165	138	43	35	45	0	0	0	0	0	0	0	0	0	0	0	0	33883122	
212	1	B	8	N	2500	0	1	117	25	5	6	12	0	0	0	0	0	0	0	0	0	0	0	0	33883184	
213	1	B	8	N	2500	0	40	389	168	48	39	49	0	0	0	0	0	0	0	0	0	0	0	0	33883293	
214	1	B	8	N	2500	0	1	54	23	6	7	15	0	0	0	0	0	0	0	0	0	0	0	0	33883418	
215	1	B	8	N	2500	0	40	345	148	42	35	48	0	0	0	0	0	0	0	0	0	0	0	0	33883434	
216	1	B	8	N	2500	0	40	256	182	64	54	75	0	0	0	0	0	0	0	0	0	0	0	0	33883449	
217	1	B	8	N	2500	0	40	265	109	29	22	32	0	0	0	0	0	0	0	0	0	0	0	0	33883683	
218	1	B	8	N	2500	0	40	277	167	51	41	56	0	0	0	0	0	0	0	0	0	0	0	0	33883715	
219	1	B	8	N	2500	0	1	87	16	5	7	15	0	0	0	0	0	0	0	0	0	0	0	0	33883761	
220	1	B	8	N	2500	0	40	349	148	41	38	50	0	0	0	0	0	0	0	0	0	0	0	0	33883824	
221	1	B	8	N	2500	0	40	465	200	59	47	69	0	0	0	0	0	0	0	0	0	0	0	0	33883871	
222	1	B	8	N	2500	0	40	222	126	52	46	68	0	0	0	0	0	0	0	0	0	0	0	0	33884307	
223	1	B	8	N	2500	0	1	59	11	4	6	15	0	0	0	0	0	0	0	0	0	0	0	0	33884448	
224	1	B	8	N	2500	0	40	184	141	44	36	47	0	0	0	0	0	0	0	0	0	0	0	0	33884479	
225	1	B	8	N	2500	0	1	114	35	9	8	11	0	0	0	0	0	0	0	0	0	0	0	0	33884557	
226	1	B	8	N	2500	0	40	285	116	32	28	39	0	0	0	0	0	0	0	0	0	0	0	0	33884557	
227	1	B	8	N	2500	0	40	257	125	40	31	49	0	0	0	0	0	0	0	0	0	0	0	0	33884635	
228	1	B	8	N	2500	0	40	231	149	47	39	51	0	0	0	0	0	0	0	0	0	0	0	0	33884791	
229	1	B	8	N	2500	0	40	367	159	44	34	47	0	0	0	0	0	0	0	0	0	0	0	0	33884807	
230	1	B	8	N	2500	0	40	312	160	51	48	69	0	0	0	0	0	0	0	0	0	0	0	0	33884853	
231	1	B	8	N	2500	0	40	370	166	49	41	58	0	0	0	0	0	0	0	0	0	0	0	0	33884853	
232	1	B	8	N	2500	0	40	198	148	37	30	40	0	0	0	0	0	0	0	0	0	0	0	0	33884931	
233	1	B	8	N	2500	0	40	325	163	54	50	66	0	0	0	0	0	0	0	0	0	0	0	0	33885056	
234	1	B	8	N	2500	0	40	375	169	49	39	57	0	0	0	0	0	0	0	0	0	0	0	0	33885384	
235	1	B	8	N	2500	0	40	348	152	51	41	56	0	0	0	0	0	0	0	0	0	0	0	0	33885665	
236	1	B	8	N	2500	0	40	378	167	52	41	60	0	0	0	0	0	0	0	0	0	0	0	0	33885696	
237	1	B	8	N	2500	0	40	336	136	37	31	49	0	0	0	0	0	0	0	0	0	0	0	0	33886257	
238	1	B	8	N	2500	0	40	221	140	41	29	44	0	0	0	0	0	0	0	0	0	0	0	0	33887178	
239	1	B	8	N	2500	0	40	344	141	40	35	50	0	0	0	0	0	0	0	0	0	0	0	0	33887396	
240	1	B	9	N	2500	6	40	355	161	43	34	43	0	0	0	0	0	0	0	0	0	0	0	0	33899939	
241	1	B	9	N	2500	6	40	247	161	50	46	66	0	0	0	0	0	0	0	0	0	0	0	0	33900141	
242	1	B	10	N	2500	6	40	308	111	32	24	35	0	0	0	0	0	0	0	0	0	0	0	0	33911592	
243	1	B	10	N	2500	6	40	293	122	35	28	42	0	0	0	0	0	0	0	0	0	0	0	0	33913433	
244	1	B	12	N	2500	6	40	359	146	36	30	44	0	0	0	0	0	0	0	0	0	0	0	0	33938939	
245	1	B	12	N	2500	6	40	327	113	30	20	31	0	0	0	0	0	0	0	0	0	0	0	0	33939391	
246	1	B	12	N	2500	6	40	383	161	39	35	51	0	0	0	0	0	0	0	0	0	0	0	0	33939937	
247	1	B	12	N	2500	0	40	408	185	50	43	61	0	0	0	0	0	0	0	0	0	0	0	0	33940015	
248	1	B	12	N	2500	0	2	455	217	69	50	67	0	0	0	0	0	0	0	0	0	0	0	0	33940670	
249	1	B	12	N	2500	0	40	230	166	48	36	47	0	0	0	0	0	0	0	0	0	0	0	0	33941419	
250	1	B	12	N	2500	0	40	398	173	43	37	49	0	0	0	0	0	0	0	0	0	0	0	0	33941482	
251	1	B	12	N	2500	0	1	55	10	5	6	15	0	0	0	0	0	0	0	0	0	0	0	0	33941560	
252	1	B	12	N	2500	0	40	368	159	45	37	51	0	0	0	0	0	0	0	0	0	0	0	0	33942043	
253	1	B	12	N	2500	0	1	108	26	11	15	38	0	0	0	0	0	0	0	0	0	0	0	0	33942433	
254	1	B	12	N	2500	0	40	335	159	42	36	48	0	0	0	0	0	0	0	0	0	0	0	0	33942464	
255	1	B	12	N	2500	0	40	425	180	54	43	65	0	0	0	0	0	0	0	0	0	0	0	0	33942574	
256	1	B	12	N	2500	0	40	351	156	54	34	46	0	0	0	0	0	0	0	0	0	0	0	0	33942808	
257	1	B	12	N	2500	0	40	318	155	43	33	46	0	0	0	0	0	0	0	0	0	0	0	0	33943042	
258	1	B	12	N	2500	0	40	397	195	59	45	62	0	0	0	0	0	0	0	0	0	0	0	0	33943260	
259	1	B	12	N	2500	0	1	77	19	4	3	7	0	0	0	0	0	0	0	0	0	0	0	0	33943338	
260	1	B	12	N	2500	0	40	271	133	34	28	41	0	0	0	0	0	0	0	0	0	0	0	0	33943338	
261	1	B	12	N	2500	0	40	485	205	60	46	65	0	0	0	0	0	0	0	0	0	0	0	0	33943837	
262	1	B	12	N	2500	0	40	243	155	43	34	42	0	0	0	0	0	0	0	0	0	0	0	0	33943868	
263	1	B	12	N	2500	0	1	82	18	8	11	30	0	0	0	0	0	0	0	0	0	0	0	0	33945460	
264	1	C	1	N	2500	6	40	384	182	46	40	59	0	0	0	0	0	0	0	0	0	0	0	0	33954055	
265	1	C	2	N	2500	6	40	276	148	43	36	47	0	0	0	0	0	0	0	0	0	0	0	0	33969312	
266	1	C	2	N	2500	6	40	376	166	45	35	45	0	0	0	0	0	0	0	0	0	0	0	0	33970061	
267	1	C	2	N	2500	6	40	260	152	42	35	49	0	0	0	0	0	0	0	0	0	0	0	0	33970217	
268	1	C	2	N	2500	0	40	235	144	47	36	48	0	0	0	0	0	0	0	0	0	0	0	0	33970997	
269	1	C	2	N	2500	0	40	371	156	42	36	54	0	0	0	0	0	0	0	0	0	0	0	0	33971621	
270	1	C	2	N	2500	0	40	394	161	47	38	54	0	0	0	0	0	0	0	0	0	0	0	0	33971652	
271	1	C	2	N	2500	0	40	305	160	44	34	47	0	0	0	0	0	0	0	0	0	0	0	0	33971746	
272	1	C	2	N	2500	0	40	375	149	39	32	42	0	0	0	0	0	0	0	0	0	0	0	0	33971917	
273	1	C	2	N	2500	0	1	111	49	15	16	26	0	0	0	0	0	0	0	0	0	0	0	0	33972198	
274	1	C	2	N	2500	0	40	373	162	47	34	51	0	0	0	0	0	0	0	0	0	0	0	0	33972245	
275	1	C	2	N	2500	0	40	370	154	41	37	46	0	0	0	0	0	0	0	0	0	0	0	0	33972401	
276	1	C	2	N	2500	0	40	377	151	42	31	51	0	0	0	0	0	0	0	0	0	0	0	0	33973368	
277	1	C	2	N	2500	0	1	169	68	12	11	16	0	0	0	0	0	0	0	0	0	0	0	0	33973633	
278	1	C	2	N	2500	0	40	422	178	53	45	67	0	0	0	0	0	0	0	0	0	0	0	0	33973945	
279	1	C	2	N	2500	0	40	351	157	49	40	55	0	0	0	0	0	0	0	0	0	0	0	0	33973945	
280	1	C	2	N	2500	0	40	384	172	47	41	54	0	0	0	0	0	0	0	0	0	0	0	0	33974507	
281	1	C	3	N	2500	6	40	356	154	42	37	52	0	0	0	0	0	0	0	0	0	0	0	0	33987314	
282	1	C	3	N	2500	6	40	383	153	43	34	44	0	0	0	0	0	0	0	0	0	0	0	0	33990341	
283	1	C	4	N	2500	2	1	98	29	7	8	15	0	0	0	0	0	0	0	0	0	0	0	0	34000091	
284	1	C	4	N	2500	6	40	373	141	35	34	47	0	0	0	0	0	0	0	0	0	0	0	0	34000543	
285	1	C	4	N	2500	6	40	205	158	49	45	69	0	0	0	0	0	0	0	0	0	0	0	0	34000684	
286	1	C	4	N	2500	2	1	113	42	32	34	81	0	0	0	0	0	0	0	0	0	0	0	0	34000996	
287	1	C	4	N	2500	6	40	264	134	49	46	69	0	0	0	0	0	0	0	0	0	0	0	0	34001386	
288	1	C	4	N	2500	0	40	430	172	48	42	59	0	0	0	0	0	0	0	0	0	0	0	0	34001526	
289	1	C	4	N	2500	0	40	347	179	48	46	68	0	0	0	0	0	0	0	0	0	0	0	0	34001885	
290	1	C	4	N	2500	0	40	286	175	48	42	63	0	0	0	0	0	0	0	0	0	0	0	0	34002556	
291	1	C	4	N	2500	0	40	365	145	40	35	57	0	0	0	0	0	0	0	0	0	0	0	0	34002868	
292	1	C	6	N	2500	2	1	86	59	9	11	24	0	0	0	0	0	0	0	0	0	0	0	0	34026283	
293	1	C	6	N	2500	6	40	227	149	45	36	47	0	0	0	0	0	0	0	0	0	0	0	0	34026829	
294	1	C	6	N	2500	6	40	228	145	49	38	54	0	0	0	0	0	0	0	0	0	0	0	0	34027531	
295	1	C	6	N	2500	6	40	356	149	55	35	47	0	0	0	0	0	0	0	0	0	0	0	0	34027594	
296	1	C	6	N	2500	0	40	284	127	46	35	52	0	0	0	0	0	0	0	0	0	0	0	0	34027765	
297	1	C	6	N	2500	0	40	396	153	45	33	50	0	0	0	0	0	0	0	0	0	0	0	0	34027812	
298	1	C	6	N	2500	0	40	342	150	42	33	49	0	0	0	0	0	0	0	0	0	0	0	0	34027906	
299	1	C	6	N	2500	0	1	58	25	20	25	66	0	0	0	0	0	0	0	0	0	0	0	0	34028701	
300	1	C	6	N	2500	0	40	391	166	46	38	56	0	0	0	0	0	0	0	0	0	0	0	0	34028998	
301	1	C	6	N	2500	0	40	341	144	41	33	48	0	0	0	0	0	0	0	0	0	0	0	0	34029559	
302	1	C	6	N	2500	0	40	375	149	48	35	50	0	0	0	0	0	0	0	0	0	0	0	0	34029637	
303	1	C	6	N	2500	0	40	314	116	33	23	32	0	0	0	0	0	0	0	0	0	0	0	0	34029824	
304	1	C	6	N	2500	0	1	167	117	35	30	44	0	0	0	0	0	0	0	0	0	0	0	0	34030355	
305	1	C	6	N	2500	0	40	366	148	44	33	49	0	0	0	0	0	0	0	0	0	0	0	0	34031852	
306	1	C	6	N	2500	0	40	239	121	34	28	40	0	0	0	0	0	0	0	0	0	0	0	0	34032055	
307	1	C	6	N	2500	0	40	224	133	43	35	51	0	0	0	0	0	0	0	0	0	0	0	0	34032320	
308	1	C	6	N	2500	0	1	285	79	21	18	26	0	0	0	0	0	0	0	0	0	0	0	0	34033475	
309	1	C	7	N	2500	2	1	71	30	13	1	3	0	0	0	0	0	0	0	0	0	0	0	0	34047468	
310	1	C	8	N	2500	6	40	379	151	46	41	61	0	0	0	0	0	0	0	0	0	0	0	0	34054909	
311	1	C	8	N	2500	2	1	60	26	55	65	84	0	0	0	0	0	0	0	0	0	0	0	0	34055065	
312	1	C	8	N	2500	6	40	253	166	58	57	91	0	0	0	0	0	0	0	0	0	0	0	0	34055221	
313	1	C	8	N	2500	6	40	255	161	52	43	60	0	0	0	0	0	0	0	0	0	0	0	0	34055643	
314	1	C	8	N	2500	0	40	398	184	56	51	75	0	0	0	0	0	0	0	0	0	0	0	0	34055767	
315	1	C	8	N	2500	0	40	364	195	63	62	93	0	0	0	0	0	0	0	0	0	0	0	0	34056017	
316	1	C	8	N	2500	0	40	258	99	25	26	39	0	0	0	0	0	0	0	0	0	0	0	0	34056033	
317	1	C	8	N	2500	0	40	295	121	36	31	46	0	0	0	0	0	0	0	0	0	0	0	0	34056189	
318	1	C	8	N	2500	0	40	456	196	59	49	68	0	0	0	0	0	0	0	0	0	0	0	0	34056220	
319	1	C	8	N	2500	0	40	310	128	35	32	42	0	0	0	0	0	0	0	0	0	0	0	0	34056735	
320	1	C	8	N	2500	0	40	511	221	64	56	79	0	0	0	0	0	0	0	0	0	0	0	0	34057187	
321	1	C	8	N	2500	0	40	272	131	46	40	52	0	0	0	0	0	0	0	0	0	0	0	0	34057187	
322	1	C	8	N	2500	0	40	264	148	50	46	68	0	0	0	0	0	0	0	0	0	0	0	0	34057468	
323	1	C	8	N	2500	0	40	427	212	63	56	77	0	0	0	0	0	0	0	0	0	0	0	0	34057639	
324	1	C	8	N	2500	0	40	404	172	50	42	62	0	0	0	0	0	0	0	0	0	0	0	0	34058201	
325	1	C	8	N	2500	0	2	508	226	66	57	87	0	0	0	0	0	0	0	0	0	0	0	0	34058357	
326	1	C	8	N	2500	0	40	334	151	43	38	54	0	0	0	0	0	0	0	0	0	0	0	0	34058544	
327	1	C	8	N	2500	0	40	399	170	53	44	63	0	0	0	0	0	0	0	0	0	0	0	0	34058622	
328	1	C	8	N	2500	0	40	214	188	68	56	77	0	0	0	0	0	0	0	0	0	0	0	0	34058716	
329	1	C	8	N	2500	0	40	215	133	38	34	47	0	0	0	0	0	0	0	0	0	0	0	0	34058887	
330	1	C	8	N	2500	0	40	394	158	43	37	47	0	0	0	0	0	0	0	0	0	0	0	0	34058903	
331	1	C	8	N	2500	0	1	60	10	5	6	18	0	0	0	0	0	0	0	0	0	0	0	0	34058919	
332	1	C	8	N	2500	0	40	363	159	44	36	50	0	0	0	0	0	0	0	0	0	0	0	0	34059496	
333	1	C	8	N	2500	0	40	174	167	54	52	70	0	0	0	0	0	0	0	0	0	0	0	0	34059808	
334	1	C	8	N	2500	0	40	215	145	44	43	61	0	0	0	0	0	0	0	0	0	0	0	0	34059870	
335	1	C	8	N	2500	0	1	56	12	3	5	14	0	0	0	0	0	0	0	0	0	0	0	0	34060011	
336	1	C	8	N	2500	0	40	202	140	39	34	48	0	0	0	0	0	0	0	0	0	0	0	0	34060276	
337	1	C	8	N	2500	0	40	305	177	58	49	66	0	0	0	0	0	0	0	0	0	0	0	0	34060494	
338	1	C	8	N	2500	0	2	278	228	81	78	136	0	0	0	0	0	0	0	0	0	0	0	0	34060541	
339	1	C	8	N	2500	0	40	380	165	51	41	64	0	0	0	0	0	0	0	0	0	0	0	0	34060728	
340	1	C	8	N	2500	0	40	427	158	48	44	79	0	0	0	0	0	0	0	0	0	0	0	0	34061883	
341	1	C	8	N	2500	0	40	183	139	39	35	47	0	0	0	0	0	0	0	0	0	0	0	0	34062241	
342	1	C	10	N	2500	6	40	295	166	50	42	59	0	0	0	0	0	0	0	0	0	0	0	0	34084003	
343	1	C	10	N	2500	6	40	213	108	31	24	35	0	0	0	0	0	0	0	0	0	0	0	0	34084471	
344	1	C	10	N	2500	6	40	364	191	57	53	81	0	0	0	0	0	0	0	0	0	0	0	0	34085220	
345	1	C	10	N	2500	0	40	386	144	44	29	45	0	0	0	0	0	0	0	0	0	0	0	0	34085423	
346	1	C	10	N	2500	0	40	361	148	46	32	47	0	0	0	0	0	0	0	0	0	0	0	0	34086016	
347	1	C	10	N	2500	0	40	366	148	42	37	55	0	0	0	0	0	0	0	0	0	0	0	0	34086265	
348	1	C	10	N	2500	0	40	380	156	42	32	49	0	0	0	0	0	0	0	0	0	0	0	0	34086359	
349	1	C	10	N	2500	0	40	387	167	50	43	66	0	0	0	0	0	0	0	0	0	0	0	0	34086453	
350	1	C	10	N	2500	0	40	311	117	36	25	41	0	0	0	0	0	0	0	0	0	0	0	0	34086843	
351	1	C	10	N	2500	0	40	372	143	41	34	46	0	0	0	0	0	0	0	0	0	0	0	0	34086858	
352	1	C	10	N	2500	0	1	194	102	27	20	29	0	0	0	0	0	0	0	0	0	0	0	0	34086889	
353	1	C	10	N	2500	0	40	220	133	45	35	44	0	0	0	0	0	0	0	0	0	0	0	0	34086952	
354	1	C	10	N	2500	0	40	397	156	51	42	53	0	0	0	0	0	0	0	0	0	0	0	0	34087389	
355	1	C	10	N	2500	0	40	301	93	18	16	25	0	0	0	0	0	0	0	0	0	0	0	0	34087420	
356	1	C	10	N	2500	0	40	335	123	36	27	41	0	0	0	0	0	0	0	0	0	0	0	0	34087623	
357	1	C	10	N	2500	0	1	57	11	2	2	3	0	0	0	0	0	0	0	0	0	0	0	0	34087747	
358	1	C	10	N	2500	0	1	58	21	6	7	16	0	0	0	0	0	0	0	0	0	0	0	0	34087794	
359	1	C	10	N	2500	0	40	361	147	47	35	50	0	0	0	0	0	0	0	0	0	0	0	0	34087810	
360	1	C	10	N	2500	0	40	448	187	49	41	64	0	0	0	0	0	0	0	0	0	0	0	0	34088231	
361	1	C	10	N	2500	0	40	376	155	40	27	46	0	0	0	0	0	0	0	0	0	0	0	0	34088293	
362	1	C	10	N	2500	0	1	55	34	13	14	28	0	0	0	0	0	0	0	0	0	0	0	0	34088325	
363	1	C	10	N	2500	0	1	73	50	17	16	33	0	0	0	0	0	0	0	0	0	0	0	0	34088325	
364	1	C	10	N	2500	0	40	252	156	46	37	53	0	0	0	0	0	0	0	0	0	0	0	0	34088403	
365	1	C	10	N	2500	0	40	251	135	42	32	44	0	0	0	0	0	0	0	0	0	0	0	0	34088590	
366	1	C	10	N	2500	0	40	299	115	37	30	46	0	0	0	0	0	0	0	0	0	0	0	0	34089058	
367	1	C	10	N	2500	0	40	466	191	52	40	50	0	0	0	0	0	0	0	0	0	0	0	0	34089167	
368	1	C	10	N	2500	0	40	406	164	46	39	53	0	0	0	0	0	0	0	0	0	0	0	0	34090197	
369	1	C	10	N	2500	0	40	197	133	37	30	42	0	0	0	0	0	0	0	0	0	0	0	0	34090290	
370	1	C	10	N	2500	0	40	369	162	50	38	55	0	0	0	0	0	0	0	0	0	0	0	0	34090368	
371	1	C	11	N	2500	2	1	64	23	3	3	4	0	0	0	0	0	0	0	0	0	0	0	0	34098933	
372	1	C	11	N	2500	2	2	137	131	74	80	150	0	0	0	0	0	0	0	0	0	0	0	0	34103347	
373	1	C	11	N	2500	2	1	103	89	50	52	99	0	0	0	0	0	0	0	0	0	0	0	0	34103347	
374	1	C	11	N	2500	2	1	66	43	14	14	33	0	0	0	0	0	0	0	0	0	0	0	0	34103347	
375	1	C	12	N	2500	6	40	317	136	38	37	52	0	0	0	0	0	0	0	0	0	0	0	0	34112536	
376	1	C	12	N	2500	2	1	212	90	30	22	36	0	0	0	0	0	0	0	0	0	0	0	0	34113004	
377	1	C	12	N	2500	6	40	268	163	48	46	69	0	0	0	0	0	0	0	0	0	0	0	0	34113082	
378	1	C	12	N	2500	2	1	86	73	33	33	72	0	0	0	0	0	0	0	0	0	0	0	0	34113175	
379	1	C	12	N	2500	2	1	52	15	2	2	5	0	0	0	0	0	0	0	0	0	0	0	0	34113175	
380	1	C	12	N	2500	6	40	228	150	47	41	61	0	0	0	0	0	0	0	0	0	0	0	0	34113487	
381	1	C	12	N	2500	0	40	335	166	65	64	93	0	0	0	0	0	0	0	0	0	0	0	0	34113768	
382	1	C	12	N	2500	0	40	292	178	56	55	86	0	0	0	0	0	0	0	0	0	0	0	0	34113784	
383	1	C	12	N	2500	0	40	344	140	36	31	50	0	0	0	0	0	0	0	0	0	0	0	0	34113846	
384	1	C	12	N	2500	0	40	230	150	47	36	49	0	0	0	0	0	0	0	0	0	0	0	0	34113955	
385	1	C	12	N	2500	0	40	381	143	43	41	58	0	0	0	0	0	0	0	0	0	0	0	0	34114158	
386	1	C	12	N	2500	0	40	195	121	47	41	56	0	0	0	0	0	0	0	0	0	0	0	0	34114221	
387	1	C	12	N	2500	0	1	208	74	17	13	19	0	0	0	0	0	0	0	0	0	0	0	0	34114564	
388	1	C	12	N	2500	0	40	449	185	53	47	76	0	0	0	0	0	0	0	0	0	0	0	0	34114689	
389	1	C	12	N	2500	0	40	345	143	45	43	59	0	0	0	0	0	0	0	0	0	0	0	0	34115125	
390	1	C	12	N	2500	0	40	214	186	69	66	94	0	0	0	0	0	0	0	0	0	0	0	0	34115188	
391	1	C	12	N	2500	0	40	365	122	27	24	33	0	0	0	0	0	0	0	0	0	0	0	0	34115281	
392	1	C	12	N	2500	0	40	348	141	43	36	48	0	0	0	0	0	0	0	0	0	0	0	0	34115281	
393	1	C	12	N	2500	0	40	225	130	51	43	62	0	0	0	0	0	0	0	0	0	0	0	0	34115500	
394	1	C	12	N	2500	0	40	323	142	46	35	54	0	0	0	0	0	0	0	0	0	0	0	0	34115578	
395	1	C	12	N	2500	0	40	386	186	55	55	87	0	0	0	0	0	0	0	0	0	0	0	0	34115921	
396	1	C	12	N	2500	0	40	244	147	40	40	57	0	0	0	0	0	0	0	0	0	0	0	0	34116264	
397	1	C	12	N	2500	0	1	60	36	16	18	39	0	0	0	0	0	0	0	0	0	0	0	0	34116639	
398	1	C	12	N	2500	0	1	59	29	9	9	18	0	0	0	0	0	0	0	0	0	0	0	0	34116639	
399	1	C	12	N	2500	0	1	70	40	18	18	38	0	0	0	0	0	0	0	0	0	0	0	0	34116639	
400	1	C	12	N	2500	0	1	135	105	42	45	81	0	0	0	0	0	0	0	0	0	0	0	0	34116732	
401	1	C	12	N	2500	0	40	223	118	48	43	58	0	0	0	0	0	0	0	0	0	0	0	0	34116841	
402	1	C	12	N	2500	0	40	413	186	52	49	75	0	0	0	0	0	0	0	0	0	0	0	0	34116951	
403	1	C	12	N	2500	0	40	385	151	45	41	67	0	0	0	0	0	0	0	0	0	0	0	0	34117060	
404	1	C	12	N	2500	0	40	248	167	51	47	68	0	0	0	0	0	0	0	0	0	0	0	0	34117278	
405	1	C	12	N	2500	0	1	84	23	4	3	5	0	0	0	0	0	0	0	0	0	0	0	0	34117356	
406	1	C	12	N	2500	0	40	303	163	59	52	73	0	0	0	0	0	0	0	0	0	0	0	0	34117575	
407	1	C	12	N	2500	0	40	370	149	46	41	60	0	0	0	0	0	0	0	0	0	0	0	0	34117793	
408	1	C	12	N	2500	0	40	318	149	41	36	52	0	0	0	0	0	0	0	0	0	0	0	0	34118167	
409	1	C	12	N	2500	0	40	378	142	44	38	57	0	0	0	0	0	0	0	0	0	0	0	0	34118573	
410	1	C	12	N	2500	0	40	200	130	33	30	43	0	0	0	0	0	0	0	0	0	0	0	0	34118635	
411	1	C	12	N	2500	0	40	366	151	45	39	60	0	0	0	0	0	0	0	0	0	0	0	0	34118698	
412	1	C	12	N	2500	0	1	62	58	21	20	42	0	0	0	0	0	0	0	0	0	0	0	0	34119213	
413	1	C	12	N	2500	0	1	60	28	9	9	18	0	0	0	0	0	0	0	0	0	0	0	0	34119415	
414	1	C	12	N	2500	0	1	209	86	22	19	31	0	0	0	0	0	0	0	0	0	0	0	0	34119525	
415	1	D	1	N	2500	6	40	285	145	38	35	54	0	0	0	0	0	0	0	0	0	0	0	0	34133081	
416	1	D	2	N	2500	6	40	302	153	44	39	52	0	0	0	0	0	0	0	0	0	0	0	0	34142722	
417	1	D	2	N	2500	6	40	371	146	41	38	55	0	0	0	0	0	0	0	0	0	0	0	0	34143361	
418	1	D	2	N	2500	6	40	424	192	60	51	73	0	0	0	0	0	0	0	0	0	0	0	0	34143439	
419	1	D	2	N	2500	0	40	356	143	46	37	59	0	0	0	0	0	0	0	0	0	0	0	0	34143939	
420	1	D	2	N	2500	0	40	386	163	46	43	61	0	0	0	0	0	0	0	0	0	0	0	0	34144282	
421	1	D	2	N	2500	0	2	433	203	72	52	74	0	0	0	0	0	0	0	0	0	0	0	0	34144422	
422	1	D	2	N	2500	0	40	391	157	47	40	57	0	0	0	0	0	0	0	0	0	0	0	0	34144656	
423	1	D	2	N	2500	0	40	421	177	57	43	61	0	0	0	0	0	0	0	0	0	0	0	0	34144859	
424	1	D	2	N	2500	0	40	431	179	52	40	62	0	0	0	0	0	0	0	0	0	0	0	0	34144984	
425	1	D	2	N	2500	0	1	93	66	22	20	29	0	0	0	0	0	0	0	0	0	0	0	0	34145764	
426	1	D	2	N	2500	0	1	128	61	17	18	27	0	0	0	0	0	0	0	0	0	0	0	0	34145764	
427	1	D	2	N	2500	0	40	313	121	36	29	38	0	0	0	0	0	0	0	0	0	0	0	0	34145889	
428	1	D	2	N	2500	0	40	466	211	62	49	71	0	0	0	0	0	0	0	0	0	0	0	0	34145982	
429	1	D	2	N	2500	0	40	429	195	61	54	71	0	0	0	0	0	0	0	0	0	0	0	0	34146247	
430	1	D	2	N	2500	0	40	344	148	42	36	54	0	0	0	0	0	0	0	0	0	0	0	0	34146528	
431	1	D	2	N	2500	0	40	331	194	61	54	74	0	0	0	0	0	0	0	0	0	0	0	0	34146591	
432	1	D	2	N	2500	0	40	455	206	63	55	82	0	0	0	0	0	0	0	0	0	0	0	0	34147183	
433	1	D	2	N	2500	0	40	203	170	64	57	79	0	0	0	0	0	0	0	0	0	0	0	0	34147183	
434	1	D	2	N	2500	0	40	507	201	56	49	79	0	0	0	0	0	0	0	0	0	0	0	0	34147308	
435	1	D	2	N	2500	0	2	400	198	70	73	116	0	0	0	0	0	0	0	0	0	0	0	0	34147480	
436	1	D	2	N	2500	0	40	245	121	37	34	46	0	0	0	0	0	0	0	0	0	0	0	0	34147495	
437	1	D	2	N	2500	0	40	304	155	52	39	61	0	0	0	0	0	0	0	0	0	0	0	0	34147511	
438	1	D	2	N	2500	0	2	243	162	95	144	334	0	0	0	0	0	0	0	0	0	0	0	0	34147698	
439	1	D	2	N	2500	0	2	419	228	74	60	80	0	0	0	0	0	0	0	0	0	0	0	0	34147792	
440	1	D	2	N	2500	0	40	329	139	39	31	46	0	0	0	0	0	0	0	0	0	0	0	0	34147792	
441	1	D	2	N	2500	0	40	305	146	41	34	48	0	0	0	0	0	0	0	0	0	0	0	0	34147807	
442	1	D	2	N	2500	0	2	427	207	66	58	86	0	0	0	0	0	0	0	0	0	0	0	0	34147979	
443	1	D	2	N	2500	0	40	220	145	38	31	45	0	0	0	0	0	0	0	0	0	0	0	0	34148073	
444	1	D	2	N	2500	0	40	366	143	38	33	46	0	0	0	0	0	0	0	0	0	0	0	0	34148463	
445	1	D	2	N	2500	0	40	354	162	53	38	56	0	0	0	0	0	0	0	0	0	0	0	0	34148681	
446	1	D	2	N	2500	0	40	287	162	54	43	65	0	0	0	0	0	0	0	0	0	0	0	0	34148743	
447	1	D	2	N	2500	0	1	53	12	4	5	13	0	0	0	0	0	0	0	0	0	0	0	0	34149055	
448	1	D	2	N	2500	0	40	358	160	45	37	49	0	0	0	0	0	0	0	0	0	0	0	0	34149289	
449	1	D	4	N	2500	6	40	333	113	28	24	35	0	0	0	0	0	0	0	0	0	0	0	0	34172892	
450	1	D	4	N	2500	6	40	361	148	42	39	58	0	0	0	0	0	0	0	0	0	0	0	0	34173938	
451	1	D	4	N	2500	6	40	174	143	43	37	54	0	0	0	0	0	0	0	0	0	0	0	0	34174328	
452	1	D	4	N	2500	0	1	102	30	6	5	11	0	0	0	0	0	0	0	0	0	0	0	0	34174577	
453	1	D	4	N	2500	0	1	146	75	17	17	25	0	0	0	0	0	0	0	0	0	0	0	0	34174702	
454	1	D	4	N	2500	0	40	359	146	39	32	48	0	0	0	0	0	0	0	0	0	0	0	0	34174796	
455	1	D	4	N	2500	0	1	259	60	14	12	20	0	0	0	0	0	0	0	0	0	0	0	0	34175201	
456	1	D	4	N	2500	0	40	306	141	39	28	43	0	0	0	0	0	0	0	0	0	0	0	0	34175591	
457	1	D	4	N	2500	0	40	201	141	35	29	41	0	0	0	0	0	0	0	0	0	0	0	0	34176262	
458	1	D	4	N	2500	0	40	258	144	39	32	47	0	0	0	0	0	0	0	0	0	0	0	0	34176356	
459	1	D	6	N	2500	6	40	168	128	44	31	43	0	0	0	0	0	0	0	0	0	0	0	0	34200224	
460	1	D	6	N	2500	6	40	264	139	46	41	49	0	0	0	0	0	0	0	0	0	0	0	0	34202189	
461	1	D	6	N	2500	2	1	153	34	12	12	16	0	0	0	0	0	0	0	0	0	0	0	0	34202657	
462	1	D	6	N	2500	8	40	270	127	39	35	57	0	0	0	0	0	0	0	0	0	0	0	0	34202657	
463	1	D	6	N	2500	8	40	234	140	40	33	47	0	0	0	0	0	0	0	0	0	0	0	0	34202657	
464	1	D	6	N	2500	6	40	424	184	53	49	68	0	0	0	0	0	0	0	0	0	0	0	0	34203078	
465	1	D	6	N	2500	0	40	347	144	45	40	62	0	0	0	0	0	0	0	0	0	0	0	0	34203718	
466	1	D	6	N	2500	0	2	448	217	68	67	120	0	0	0	0	0	0	0	0	0	0	0	0	34203812	
467	1	D	6	N	2500	0	40	238	129	34	29	46	0	0	0	0	0	0	0	0	0	0	0	0	34203936	
468	1	D	6	N	2500	0	40	388	170	47	44	71	0	0	0	0	0	0	0	0	0	0	0	0	34204326	
469	1	D	6	N	2500	0	40	335	146	40	35	50	0	0	0	0	0	0	0	0	0	0	0	0	34204467	
470	1	D	6	N	2500	0	1	83	19	8	12	32	0	0	0	0	0	0	0	0	0	0	0	0	34204935	
471	1	D	6	N	2500	0	40	422	200	62	48	65	0	0	0	0	0	0	0	0	0	0	0	0	34204966	
472	1	D	6	N	2500	0	40	341	157	48	39	58	0	0	0	0	0	0	0	0	0	0	0	0	34204982	
473	1	D	6	N	2500	0	40	321	149	41	37	49	0	0	0	0	0	0	0	0	0	0	0	0	34205013	
474	1	D	6	N	2500	0	40	383	169	51	43	60	0	0	0	0	0	0	0	0	0	0	0	0	34205169	
475	1	D	6	N	2500	0	40	416	185	58	48	77	0	0	0	0	0	0	0	0	0	0	0	0	34205309	
476	1	D	6	N	2500	0	1	59	10	5	7	21	0	0	0	0	0	0	0	0	0	0	0	0	34205309	
477	1	D	6	N	2500	0	40	448	176	49	42	62	0	0	0	0	0	0	0	0	0	0	0	0	34205309	
478	1	D	6	N	2500	0	40	370	151	40	32	47	0	0	0	0	0	0	0	0	0	0	0	0	34205606	
479	1	D	8	N	2500	6	40	287	177	54	42	56	0	0	0	0	0	0	0	0	0	0	0	0	34228881	
480	1	D	8	N	2500	6	40	225	129	38	31	44	0	0	0	0	0	0	0	0	0	0	0	0	34229598	
481	1	D	8	N	2500	6	40	393	117	32	26	37	0	0	0	0	0	0	0	0	0	0	0	0	34230550	
482	1	D	8	N	2500	0	40	407	173	49	43	66	0	0	0	0	0	0	0	0	0	0	0	0	34231252	
483	1	D	8	N	2500	0	40	299	132	37	28	42	0	0	0	0	0	0	0	0	0	0	0	0	34231611	
484	1	D	8	N	2500	0	40	248	169	59	60	96	0	0	0	0	0	0	0	0	0	0	0	0	34231938	
485	1	D	8	N	2500	0	2	479	195	66	54	88	0	0	0	0	0	0	0	0	0	0	0	0	34232968	
486	1	D	8	N	2500	0	1	137	73	26	21	30	0	0	0	0	0	0	0	0	0	0	0	0	34235433	
487	1	D	10	N	2500	6	40	341	121	28	23	43	0	0	0	0	0	0	0	0	0	0	0	0	34258224	
488	1	D	10	N	2500	6	40	424	160	44	35	52	0	0	0	0	0	0	0	0	0	0	0	0	34258412	
489	1	D	10	N	2500	6	40	251	144	56	49	71	0	0	0	0	0	0	0	0	0	0	0	0	34258833	
490	1	D	10	N	2500	0	40	247	116	29	29	44	0	0	0	0	0	0	0	0	0	0	0	0	34258958	
491	1	D	10	N	2500	0	40	249	129	32	31	44	0	0	0	0	0	0	0	0	0	0	0	0	34259987	
492	1	D	10	N	2500	0	40	304	171	48	45	63	0	0	0	0	0	0	0	0	0	0	0	0	34260174	
493	1	D	10	N	2500	0	40	451	198	58	46	65	0	0	0	0	0	0	0	0	0	0	0	0	34260252	
494	1	D	10	N	2500	0	40	433	183	55	50	73	0	0	0	0	0	0	0	0	0	0	0	0	34260315	
495	1	D	10	N	2500	0	40	211	145	37	31	44	0	0	0	0	0	0	0	0	0	0	0	0	34260393	
496	1	D	10	N	2500	0	1	484	251	83	72	88	0	0	0	0	0	0	0	0	0	0	0	0	34260486	
497	1	D	10	N	2500	0	2	161	132	43	34	50	0	0	0	0	0	0	0	0	0	0	0	0	34261110	
498	1	D	10	N	2500	0	40	424	155	44	42	70	0	0	0	0	0	0	0	0	0	0	0	0	34261329	
499	1	D	10	N	2500	0	40	335	134	41	38	54	0	0	0	0	0	0	0	0	0	0	0	0	34261376	
500	1	D	10	N	2500	0	40	388	155	39	34	54	0	0	0	0	0	0	0	0	0	0	0	0	34262343	
501	1	D	10	N	2500	0	1	182	67	14	14	19	0	0	0	0	0	0	0	0	0	0	0	0	34263014	
502	1	D	10	N	2500	0	40	330	147	42	36	55	0	0	0	0	0	0	0	0	0	0	0	0	34263045	
503	1	D	10	N	2500	0	40	520	206	56	50	69	0	0	0	0	0	0	0	0	0	0	0	0	34263076	
504	1	D	12	N	2500	2	1	199	188	66	60	89	0	0	0	0	0	0	0	0	0	0	0	0	34286944	
505	1	D	12	N	2500	6	40	425	200	64	54	79	0	0	0	0	0	0	0	0	0	0	0	0	34287147	
506	1	D	12	N	2500	2	2	228	193	74	62	84	0	0	0	0	0	0	0	0	0	0	0	0	34287334	
507	1	D	12	N	2500	6	40	255	180	57	51	75	0	0	0	0	0	0	0	0	0	0	0	0	34287553	
508	1	D	12	N	2500	2	2	504	221	67	58	84	0	0	0	0	0	0	0	0	0	0	0	0	34287646	
509	1	D	12	N	2500	2	2	420	201	66	53	79	0	0	0	0	0	0	0	0	0	0	0	0	34287787	
510	1	D	12	N	2500	6	40	369	149	42	36	59	0	0	0	0	0	0	0	0	0	0	0	0	34288411	
511	1	D	12	N	2500	0	40	256	164	47	46	67	0	0	0	0	0	0	0	0	0	0	0	0	34288629	
512	1	D	12	N	2500	0	40	311	109	32	27	40	0	0	0	0	0	0	0	0	0	0	0	0	34289035	
513	1	D	12	N	2500	0	2	345	208	85	69	83	0	0	0	0	0	0	0	0	0	0	0	0	34289612	
514	1	D	12	N	2500	0	1	87	18	10	15	42	0	0	0	0	0	0	0	0	0	0	0	0	34289659	
515	1	D	12	N	2500	0	40	496	186	50	41	62	0	0	0	0	0	0	0	0	0	0	0	0	34289830	
516	1	D	12	N	2500	0	40	330	162	55	47	72	0	0	0	0	0	0	0	0	0	0	0	0	34290017	
517	1	D	12	N	2500	0	2	519	210	66	62	107	0	0	0	0	0	0	0	0	0	0	0	0	34290049	
518	1	D	12	N	2500	0	2	377	195	68	52	77	0	0	0	0	0	0	0	0	0	0	0	0	34290127	
519	1	D	12	N	2500	0	40	443	199	56	48	73	0	0	0	0	0	0	0	0	0	0	0	0	34290345	
520	1	D	12	N	2500	0	40	482	206	64	48	73	0	0	0	0	0	0	0	0	0	0	0	0	34290454	
521	1	D	12	N	2500	0	40	285	104	28	26	33	0	0	0	0	0	0	0	0	0	0	0	0	34290719	
522	1	D	12	N	2500	0	40	350	192	57	53	74	0	0	0	0	0	0	0	0	0	0	0	0	34290891	
523	1	D	12	N	2500	0	1	186	181	60	57	83	0	0	0	0	0	0	0	0	0	0	0	0	34291078	
524	1	D	12	N	2500	0	40	416	171	54	41	61	0	0	0	0	0	0	0	0	0	0	0	0	34291468	
525	1	D	12	N	2500	0	40	381	181	49	44	60	0	0	0	0	0	0	0	0	0	0	0	0	34291468	
526	1	D	12	N	2500	0	40	220	150	47	45	58	0	0	0	0	0	0	0	0	0	0	0	0	34291562	
527	1	D	12	N	2500	0	2	426	210	71	59	88	0	0	0	0	0	0	0	0	0	0	0	0	34292201	
528	1	E	1	N	2500	2	2	430	206	69	57	72	0	0	0	0	0	0	0	0	0	0	0	0	34307006	
529	1	E	1	N	2500	6	40	405	182	62	51	71	0	0	0	0	0	0	0	0	0	0	0	0	34307099	
530	1	E	2	N	2500	6	40	331	153	47	38	56	0	0	0	0	0	0	0	0	0	0	0	0	34317832	
531	1	E	2	N	2500	6	40	310	113	29	23	34	0	0	0	0	0	0	0	0	0	0	0	0	34318066	
532	1	E	2	N	2500	2	1	79	14	7	9	24	0	0	0	0	0	0	0	0	0	0	0	0	34318331	
533	1	E	2	N	2500	8	40	449	193	60	47	64	0	0	0	0	0	0	0	0	0	0	0	0	34318331	
534	1	E	2	N	2500	2	1	109	43	8	8	12	0	0	0	0	0	0	0	0	0	0	0	0	34318378	
535	1	E	2	N	2500	2	1	222	97	37	30	39	0	0	0	0	0	0	0	0	0	0	0	0	34318441	
536	1	E	2	N	2500	6	40	168	138	56	40	56	0	0	0	0	0	0	0	0	0	0	0	0	34318815	
537	1	E	2	N	2500	0	40	360	157	42	36	54	0	0	0	0	0	0	0	0	0	0	0	0	34318924	
538	1	E	2	N	2500	0	40	476	198	61	52	80	0	0	0	0	0	0	0	0	0	0	0	0	34319267	
539	1	E	2	N	2500	0	40	542	202	59	50	78	0	0	0	0	0	0	0	0	0	0	0	0	34319267	
540	1	E	2	N	2500	0	1	204	100	23	21	33	0	0	0	0	0	0	0	0	0	0	0	0	34320172	
541	1	E	2	N	2500	0	40	323	123	39	25	41	0	0	0	0	0	0	0	0	0	0	0	0	34320328	
542	1	E	2	N	2500	0	40	289	189	62	50	73	0	0	0	0	0	0	0	0	0	0	0	0	34320469	
543	1	E	2	N	2500	0	40	325	126	42	31	39	0	0	0	0	0	0	0	0	0	0	0	0	34320843	
544	1	E	2	N	2500	0	40	358	148	49	36	52	0	0	0	0	0	0	0	0	0	0	0	0	34320890	
545	1	E	2	N	2500	0	40	280	147	43	34	44	0	0	0	0	0	0	0	0	0	0	0	0	34321186	
546	1	E	2	N	2500	0	2	525	194	66	52	72	0	0	0	0	0	0	0	0	0	0	0	0	34321639	
547	1	E	2	N	2500	0	1	121	66	16	14	20	0	0	0	0	0	0	0	0	0	0	0	0	34322153	
548	1	E	2	N	2500	0	40	370	160	48	40	53	0	0	0	0	0	0	0	0	0	0	0	0	34323058	
549	1	E	2	N	2500	0	40	231	127	35	30	40	0	0	0	0	0	0	0	0	0	0	0	0	34323152	
550	1	E	2	N	2500	0	40	352	156	42	33	45	0	0	0	0	0	0	0	0	0	0	0	0	34323823	
551	1	E	4	N	2500	6	40	329	129	37	30	47	0	0	0	0	0	0	0	0	0	0	0	0	34345366	
552	1	E	4	N	2500	6	40	271	137	32	28	42	0	0	0	0	0	0	0	0	0	0	0	0	34345553	
553	1	E	4	N	2500	2	1	211	103	33	31	42	0	0	0	0	0	0	0	0	0	0	0	0	34346131	
554	1	E	4	N	2500	6	40	333	126	35	26	40	0	0	0	0	0	0	0	0	0	0	0	0	34347971	
555	1	E	4	N	2500	0	40	333	127	40	32	46	0	0	0	0	0	0	0	0	0	0	0	0	34347971	
556	1	E	4	N	2500	0	40	330	168	48	42	61	0	0	0	0	0	0	0	0	0	0	0	0	34348486	
557	1	E	4	N	2500	0	40	357	138	42	30	46	0	0	0	0	0	0	0	0	0	0	0	0	34349219	
558	1	E	4	N	2500	0	40	428	179	59	48	70	0	0	0	0	0	0	0	0	0	0	0	0	34349313	
559	1	E	4	N	2500	0	40	416	166	52	43	62	0	0	0	0	0	0	0	0	0	0	0	0	34349625	
560	1	E	4	N	2500	0	40	197	150	44	40	56	0	0	0	0	0	0	0	0	0	0	0	0	34349719	
561	1	E	4	N	2500	0	40	426	152	44	40	58	0	0	0	0	0	0	0	0	0	0	0	0	34350202	
562	1	E	4	N	2500	0	40	308	142	45	34	48	0	0	0	0	0	0	0	0	0	0	0	0	34350296	
563	1	E	4	N	2500	0	40	298	138	37	33	49	0	0	0	0	0	0	0	0	0	0	0	0	34350358	
564	1	E	4	N	2500	0	40	422	143	43	34	53	0	0	0	0	0	0	0	0	0	0	0	0	34350577	
565	1	E	4	N	2500	0	40	359	132	34	28	40	0	0	0	0	0	0	0	0	0	0	0	0	34350733	
566	1	E	4	N	2500	0	40	437	179	55	51	74	0	0	0	0	0	0	0	0	0	0	0	0	34350811	
567	1	E	4	N	2500	0	40	250	142	47	37	51	0	0	0	0	0	0	0	0	0	0	0	0	34351107	
568	1	E	4	N	2500	0	40	466	189	55	51	79	0	0	0	0	0	0	0	0	0	0	0	0	34351481	
569	1	E	4	N	2500	0	40	361	146	43	34	49	0	0	0	0	0	0	0	0	0	0	0	0	34351793	
570	1	E	4	N	2500	0	40	182	141	42	38	58	0	0	0	0	0	0	0	0	0	0	0	0	34351809	
571	1	E	4	N	2500	0	40	360	150	46	37	54	0	0	0	0	0	0	0	0	0	0	0	0	34351856	
572	1	E	4	N	2500	0	40	235	151	46	38	55	0	0	0	0	0	0	0	0	0	0	0	0	34352527	
573	1	E	5	N	2500	6	40	376	152	42	38	57	0	0	0	0	0	0	0	0	0	0	0	0	34366442	
574	1	E	6	N	2500	2	1	55	19	3	3	6	0	0	0	0	0	0	0	0	0	0	0	0	34375381	
575	1	E	6	N	2500	6	40	319	133	42	40	55	0	0	0	0	0	0	0	0	0	0	0	0	34375771	
576	1	E	6	N	2500	6	40	354	152	46	37	58	0	0	0	0	0	0	0	0	0	0	0	0	34376285	
577	1	E	6	N	2500	2	1	108	58	14	12	20	0	0	0	0	0	0	0	0	0	0	0	0	34376379	
578	1	E	6	N	2500	2	1	79	36	8	9	17	0	0	0	0	0	0	0	0	0	0	0	0	34376769	
579	1	E	6	N	2500	2	1	62	32	13	12	22	0	0	0	0	0	0	0	0	0	0	0	0	34376769	
580	1	E	6	N	2500	2	1	51	17	3	3	8	0	0	0	0	0	0	0	0	0	0	0	0	34376769	
581	1	E	6	N	2500	6	40	324	108	25	20	29	0	0	0	0	0	0	0	0	0	0	0	0	34376800	
582	1	E	6	N	2500	0	40	329	144	38	33	50	0	0	0	0	0	0	0	0	0	0	0	0	34377034	
583	1	E	6	N	2500	0	40	343	133	37	34	49	0	0	0	0	0	0	0	0	0	0	0	0	34377565	
584	1	E	6	N	2500	0	40	240	140	41	33	46	0	0	0	0	0	0	0	0	0	0	0	0	34377955	
585	1	E	6	N	2500	0	1	59	15	3	3	6	0	0	0	0	0	0	0	0	0	0	0	0	34379312	
586	1	E	6	N	2500	0	40	406	181	59	51	83	0	0	0	0	0	0	0	0	0	0	0	0	34380061	
587	1	E	6	N	2500	0	40	222	113	26	21	31	0	0	0	0	0	0	0	0	0	0	0	0	34380357	
588	1	E	6	N	2500	0	40	225	147	38	33	46	0	0	0	0	0	0	0	0	0	0	0	0	34380622	
589	1	E	6	N	2500	0	1	95	32	7	7	17	0	0	0	0	0	0	0	0	0	0	0	0	34380809	
590	1	E	8	N	2500	6	40	253	130	32	27	39	0	0	0	0	0	0	0	0	0	0	0	0	34403055	
591	1	E	8	N	2500	6	40	212	131	36	36	56	0	0	0	0	0	0	0	0	0	0	0	0	34403196	
592	1	E	8	N	2500	6	40	268	159	45	43	63	0	0	0	0	0	0	0	0	0	0	0	0	34403742	
593	1	E	8	N	2500	0	40	344	140	39	30	43	0	0	0	0	0	0	0	0	0	0	0	0	34404038	
594	1	E	8	N	2500	0	40	353	150	40	31	49	0	0	0	0	0	0	0	0	0	0	0	0	34404163	
595	1	E	8	N	2500	0	40	374	146	38	33	45	0	0	0	0	0	0	0	0	0	0	0	0	34404178	
596	1	E	8	N	2500	0	40	400	176	50	44	62	0	0	0	0	0	0	0	0	0	0	0	0	34404912	
597	1	E	8	N	2500	0	40	469	192	51	44	65	0	0	0	0	0	0	0	0	0	0	0	0	34404990	
598	1	E	8	N	2500	0	1	55	10	2	4	12	0	0	0	0	0	0	0	0	0	0	0	0	34405021	
599	1	E	8	N	2500	0	40	411	178	50	45	67	0	0	0	0	0	0	0	0	0	0	0	0	34405208	
600	1	E	8	N	2500	0	40	447	205	59	53	75	0	0	0	0	0	0	0	0	0	0	0	0	34405208	
601	1	E	8	N	2500	0	40	225	105	38	33	44	0	0	0	0	0	0	0	0	0	0	0	0	34405458	
602	1	E	8	N	2500	0	40	284	154	51	44	60	0	0	0	0	0	0	0	0	0	0	0	0	34405504	
603	1	E	8	N	2500	0	40	467	224	64	58	89	0	0	0	0	0	0	0	0	0	0	0	0	34405504	
604	1	E	8	N	2500	0	40	340	153	46	38	51	0	0	0	0	0	0	0	0	0	0	0	0	34406378	
605	1	E	8	N	2500	0	40	329	173	55	39	52	0	0	0	0	0	0	0	0	0	0	0	0	34406378	
606	1	E	8	N	2500	0	40	469	185	51	47	73	0	0	0	0	0	0	0	0	0	0	0	0	34406394	
607	1	E	8	N	2500	0	40	390	144	38	34	48	0	0	0	0	0	0	0	0	0	0	0	0	34406752	
608	1	E	8	N	2500	0	40	297	164	48	38	51	0	0	0	0	0	0	0	0	0	0	0	0	34406768	
609	1	E	8	N	2500	0	40	378	149	40	38	55	0	0	0	0	0	0	0	0	0	0	0	0	34407080	
610	1	E	8	N	2500	0	1	66	17	6	7	13	0	0	0	0	0	0	0	0	0	0	0	0	34407376	
611	1	E	8	N	2500	0	40	325	163	43	36	51	0	0	0	0	0	0	0	0	0	0	0	0	34407392	
612	1	E	8	N	2500	0	40	335	100	23	20	31	0	0	0	0	0	0	0	0	0	0	0	0	34407392	
613	1	E	8	N	2500	0	40	359	154	48	41	68	0	0	0	0	0	0	0	0	0	0	0	0	34407408	
614	1	E	8	N	2500	0	1	54	10	2	4	8	0	0	0	0	0	0	0	0	0	0	0	0	34407408	
615	1	E	8	N	2500	0	40	402	147	39	29	43	0	0	0	0	0	0	0	0	0	0	0	0	34407532	
616	1	E	8	N	2500	0	40	363	139	35	29	42	0	0	0	0	0	0	0	0	0	0	0	0	34407844	
617	1	E	8	N	2500	0	40	382	151	38	34	49	0	0	0	0	0	0	0	0	0	0	0	0	34407860	
618	1	E	8	N	2500	0	40	220	152	44	36	52	0	0	0	0	0	0	0	0	0	0	0	0	34408000	
619	1	E	8	N	2500	0	40	353	155	54	39	61	0	0	0	0	0	0	0	0	0	0	0	0	34408156	
620	1	E	8	N	2500	0	40	391	146	42	33	52	0	0	0	0	0	0	0	0	0	0	0	0	34408203	
621	1	E	8	N	2500	0	40	263	146	39	35	48	0	0	0	0	0	0	0	0	0	0	0	0	34408250	
622	1	E	8	N	2500	0	1	140	93	29	24	36	0	0	0	0	0	0	0	0	0	0	0	0	34408297	
623	1	E	8	N	2500	0	1	78	40	13	13	19	0	0	0	0	0	0	0	0	0	0	0	0	34408297	
624	1	E	8	N	2500	0	40	362	181	48	38	58	0	0	0	0	0	0	0	0	0	0	0	0	34408328	
625	1	E	8	N	2500	0	40	449	172	50	41	61	0	0	0	0	0	0	0	0	0	0	0	0	34408328	
626	1	E	8	N	2500	0	40	211	146	40	38	47	0	0	0	0	0	0	0	0	0	0	0	0	34408359	
627	1	E	8	N	2500	0	40	247	178	55	51	77	0	0	0	0	0	0	0	0	0	0	0	0	34408375	
628	1	E	8	N	2500	0	40	375	144	38	28	42	0	0	0	0	0	0	0	0	0	0	0	0	34408375	
629	1	E	8	N	2500	0	1	57	15	5	6	14	0	0	0	0	0	0	0	0	0	0	0	0	34408406	
630	1	E	8	N	2500	0	40	191	143	41	33	48	0	0	0	0	0	0	0	0	0	0	0	0	34408422	
631	1	E	8	N	2500	0	40	417	164	44	37	48	0	0	0	0	0	0	0	0	0	0	0	0	34408578	
632	1	E	8	N	2500	0	40	379	163	41	36	53	0	0	0	0	0	0	0	0	0	0	0	0	34408609	
633	1	E	8	N	2500	0	40	304	161	45	45	60	0	0	0	0	0	0	0	0	0	0	0	0	34408624	
634	1	E	8	N	2500	0	1	50	9	2	4	9	0	0	0	0	0	0	0	0	0	0	0	0	34408687	
635	1	E	8	N	2500	0	40	233	136	40	40	58	0	0	0	0	0	0	0	0	0	0	0	0	34408905	
636	1	E	8	N	2500	0	40	358	136	40	31	44	0	0	0	0	0	0	0	0	0	0	0	0	34409170	
637	1	E	8	N	2500	0	1	75	14	5	7	19	0	0	0	0	0	0	0	0	0	0	0	0	34409467	
638	1	E	8	N	2500	0	1	67	12	4	5	13	0	0	0	0	0	0	0	0	0	0	0	0	34410184	
639	1	E	9	N	2500	6	40	365	146	38	29	38	0	0	0	0	0	0	0	0	0	0	0	0	34419591	
640	1	E	9	N	2500	2	1	120	29	13	21	58	0	0	0	0	0	0	0	0	0	0	0	0	34422649	
641	1	E	10	N	2500	6	40	353	147	45	35	48	0	0	0	0	0	0	0	0	0	0	0	0	34432726	
642	1	E	10	N	2500	6	40	220	172	52	50	66	0	0	0	0	0	0	0	0	0	0	0	0	34433241	
643	1	E	10	N	2500	6	40	394	166	49	42	63	0	0	0	0	0	0	0	0	0	0	0	0	34433865	
644	1	E	10	N	2500	0	40	376	160	46	42	60	0	0	0	0	0	0	0	0	0	0	0	0	34433881	
645	1	E	10	N	2500	0	40	379	173	50	41	62	0	0	0	0	0	0	0	0	0	0	0	0	34434380	
646	1	E	10	N	2500	0	40	321	162	45	38	60	0	0	0	0	0	0	0	0	0	0	0	0	34434957	
647	1	E	10	N	2500	0	40	172	167	57	54	79	0	0	0	0	0	0	0	0	0	0	0	0	34435129	
648	1	E	10	N	2500	0	40	286	154	52	46	63	0	0	0	0	0	0	0	0	0	0	0	0	34435878	
649	1	E	10	N	2500	0	40	417	197	59	56	89	0	0	0	0	0	0	0	0	0	0	0	0	34436034	
650	1	E	10	N	2500	0	40	425	143	39	33	52	0	0	0	0	0	0	0	0	0	0	0	0	34436392	
651	1	E	10	N	2500	0	1	109	22	9	14	33	0	0	0	0	0	0	0	0	0	0	0	0	34436720	
652	1	E	10	N	2500	0	40	426	184	57	48	64	0	0	0	0	0	0	0	0	0	0	0	0	34436720	
653	1	E	10	N	2500	0	40	390	167	55	44	68	0	0	0	0	0	0	0	0	0	0	0	0	34436782	
654	1	E	10	N	2500	0	40	408	182	58	49	68	0	0	0	0	0	0	0	0	0	0	0	0	34437094	
655	1	E	10	N	2500	0	40	347	143	40	36	52	0	0	0	0	0	0	0	0	0	0	0	0	34437438	
656	1	E	10	N	2500	0	1	163	92	27	23	34	0	0	0	0	0	0	0	0	0	0	0	0	34439029	
657	1	E	11	N	2500	2	1	55	33	12	16	36	0	0	0	0	0	0	0	0	0	0	0	0	34452195	
658	1	E	12	N	2500	6	40	215	141	49	39	54	0	0	0	0	0	0	0	0	0	0	0	0	34460728	
659	1	E	12	N	2500	6	40	191	141	45	41	57	0	0	0	0	0	0	0	0	0	0	0	0	34461508	
660	1	E	12	N	2500	6	40	327	192	62	51	68	0	0	0	0	0	0	0	0	0	0	0	0	34461680	
661	1	E	12	N	2500	0	40	220	134	48	36	53	0	0	0	0	0	0	0	0	0	0	0	0	34462460	
662	1	E	12	N	2500	0	1	50	19	4	5	14	0	0	0	0	0	0	0	0	0	0	0	0	34462710	
663	1	E	12	N	2500	0	40	355	150	40	32	46	0	0	0	0	0	0	0	0	0	0	0	0	34462788	
664	1	E	12	N	2500	0	40	207	140	45	38	57	0	0	0	0	0	0	0	0	0	0	0	0	34463380	
665	1	E	12	N	2500	0	40	398	168	46	38	51	0	0	0	0	0	0	0	0	0	0	0	0	34463505	
666	1	E	12	N	2500	0	40	277	126	34	29	43	0	0	0	0	0	0	0	0	0	0	0	0	34463817	
667	1	E	12	N	2500	0	40	277	128	42	35	49	0	0	0	0	0	0	0	0	0	0	0	0	34464675	
668	1	E	12	N	2500	0	40	406	185	58	48	78	0	0	0	0	0	0	0	0	0	0	0	0	34465159	
669	1	E	12	N	2500	0	40	387	168	46	43	61	0	0	0	0	0	0	0	0	0	0	0	0	34465549	
670	1	E	12	N	2500	0	40	351	136	36	30	45	0	0	0	0	0	0	0	0	0	0	0	0	34465580	
671	1	E	12	N	2500	0	40	386	147	41	33	47	0	0	0	0	0	0	0	0	0	0	0	0	34465783	
672	1	E	12	N	2500	0	40	211	146	45	33	48	0	0	0	0	0	0	0	0	0	0	0	0	34465970	
673	1	E	12	N	2500	0	40	335	156	47	41	58	0	0	0	0	0	0	0	0	0	0	0	0	34466110	
674	1	E	12	N	2500	0	40	342	135	37	32	47	0	0	0	0	0	0	0	0	0	0	0	0	34466313	
675	1	F	1	N	2500	6	40	425	152	43	39	55	0	0	0	0	0	0	0	0	0	0	0	0	34477764	
676	1	F	2	N	2500	6	40	378	145	41	33	48	0	0	0	0	0	0	0	0	0	0	0	0	34491164	
677	1	F	2	N	2500	6	40	414	168	51	49	79	0	0	0	0	0	0	0	0	0	0	0	0	34491367	
678	1	F	2	N	2500	6	40	182	127	37	35	48	0	0	0	0	0	0	0	0	0	0	0	0	34491476	
679	1	F	2	N	2500	0	40	255	101	27	22	36	0	0	0	0	0	0	0	0	0	0	0	0	34492194	
680	1	F	2	N	2500	0	40	219	129	40	32	44	0	0	0	0	0	0	0	0	0	0	0	0	34492303	
681	1	F	2	N	2500	0	40	315	130	33	27	41	0	0	0	0	0	0	0	0	0	0	0	0	34492443	
682	1	F	2	N	2500	0	40	326	125	38	31	46	0	0	0	0	0	0	0	0	0	0	0	0	34492552	
683	1	F	2	N	2500	0	40	240	137	41	36	54	0	0	0	0	0	0	0	0	0	0	0	0	34492802	
684	1	F	2	N	2500	0	40	342	111	30	22	32	0	0	0	0	0	0	0	0	0	0	0	0	34492958	
685	1	F	2	N	2500	0	40	248	117	31	25	38	0	0	0	0	0	0	0	0	0	0	0	0	34493067	
686	1	F	2	N	2500	0	40	358	151	39	32	49	0	0	0	0	0	0	0	0	0	0	0	0	34493192	
687	1	F	2	N	2500	0	40	355	151	46	40	54	0	0	0	0	0	0	0	0	0	0	0	0	34493410	
688	1	F	2	N	2500	0	40	384	193	51	45	60	0	0	0	0	0	0	0	0	0	0	0	0	34493426	
689	1	F	2	N	2500	0	40	358	150	39	30	45	0	0	0	0	0	0	0	0	0	0	0	0	34493566	
690	1	F	2	N	2500	0	40	358	117	27	22	33	0	0	0	0	0	0	0	0	0	0	0	0	34493707	
691	1	F	2	N	2500	0	40	263	153	51	41	62	0	0	0	0	0	0	0	0	0	0	0	0	34493816	
692	1	F	2	N	2500	0	40	382	147	35	30	44	0	0	0	0	0	0	0	0	0	0	0	0	34493847	
693	1	F	2	N	2500	0	40	283	183	60	53	73	0	0	0	0	0	0	0	0	0	0	0	0	34493956	
694	1	F	2	N	2500	0	40	289	85	21	17	23	0	0	0	0	0	0	0	0	0	0	0	0	34494112	
695	1	F	2	N	2500	0	40	547	214	65	53	69	0	0	0	0	0	0	0	0	0	0	0	0	34494144	
696	1	F	2	N	2500	0	40	341	138	35	31	44	0	0	0	0	0	0	0	0	0	0	0	0	34494175	
697	1	F	2	N	2500	0	40	370	136	34	28	40	0	0	0	0	0	0	0	0	0	0	0	0	34494175	
698	1	F	2	N	2500	0	40	292	169	49	47	68	0	0	0	0	0	0	0	0	0	0	0	0	34494190	
699	1	F	2	N	2500	0	40	321	149	50	43	62	0	0	0	0	0	0	0	0	0	0	0	0	34494222	
700	1	F	2	N	2500	0	40	370	126	33	28	43	0	0	0	0	0	0	0	0	0	0	0	0	34494237	
701	1	F	2	N	2500	0	40	346	172	53	50	80	0	0	0	0	0	0	0	0	0	0	0	0	34494253	
702	1	F	2	N	2500	0	40	309	159	47	41	59	0	0	0	0	0	0	0	0	0	0	0	0	34494268	
703	1	F	2	N	2500	0	1	87	17	2	3	5	0	0	0	0	0	0	0	0	0	0	0	0	34494346	
704	1	F	2	N	2500	0	40	212	151	47	35	51	0	0	0	0	0	0	0	0	0	0	0	0	34494658	
705	1	F	2	N	2500	0	40	207	145	51	38	53	0	0	0	0	0	0	0	0	0	0	0	0	34494877	
706	1	F	2	N	2500	0	40	428	165	56	49	71	0	0	0	0	0	0	0	0	0	0	0	0	34494924	
707	1	F	2	N	2500	0	40	322	120	28	25	37	0	0	0	0	0	0	0	0	0	0	0	0	34494939	
708	1	F	2	N	2500	0	40	303	169	39	34	51	0	0	0	0	0	0	0	0	0	0	0	0	34495158	
709	1	F	2	N	2500	0	40	329	129	41	34	46	0	0	0	0	0	0	0	0	0	0	0	0	34495236	
710	1	F	2	N	2500	0	40	236	166	51	46	61	0	0	0	0	0	0	0	0	0	0	0	0	34495329	
711	1	F	2	N	2500	0	40	186	114	31	27	36	0	0	0	0	0	0	0	0	0	0	0	0	34495345	
712	1	F	2	N	2500	0	40	193	118	37	29	41	0	0	0	0	0	0	0	0	0	0	0	0	34495438	
713	1	F	2	N	2500	0	40	381	149	39	35	49	0	0	0	0	0	0	0	0	0	0	0	0	34495548	
714	1	F	2	N	2500	0	40	433	184	51	45	59	0	0	0	0	0	0	0	0	0	0	0	0	34495563	
715	1	F	2	N	2500	0	1	601	208	56	49	82	0	0	0	0	0	0	0	0	0	0	0	0	34495579	
716	1	F	2	N	2500	0	40	333	151	41	29	46	0	0	0	0	0	0	0	0	0	0	0	0	34495594	
717	1	F	2	N	2500	0	40	338	142	41	34	49	0	0	0	0	0	0	0	0	0	0	0	0	34495626	
718	1	F	2	N	2500	0	40	223	155	49	43	61	0	0	0	0	0	0	0	0	0	0	0	0	34495657	
719	1	F	2	N	2500	0	2	402	224	73	67	89	0	0	0	0	0	0	0	0	0	0	0	0	34495735	
720	1	F	2	N	2500	0	40	380	155	38	33	48	0	0	0	0	0	0	0	0	0	0	0	0	34495782	
721	1	F	2	N	2500	0	40	381	152	44	38	53	0	0	0	0	0	0	0	0	0	0	0	0	34495813	
722	1	F	2	N	2500	0	40	465	201	63	56	90	0	0	0	0	0	0	0	0	0	0	0	0	34495813	
723	1	F	2	N	2500	0	40	248	166	44	32	49	0	0	0	0	0	0	0	0	0	0	0	0	34495844	
724	1	F	2	N	2500	0	40	184	139	44	32	45	0	0	0	0	0	0	0	0	0	0	0	0	34495953	
725	1	F	2	N	2500	0	40	362	143	37	28	41	0	0	0	0	0	0	0	0	0	0	0	0	34496062	
726	1	F	2	N	2500	0	40	258	144	35	31	43	0	0	0	0	0	0	0	0	0	0	0	0	34496094	
727	1	F	2	N	2500	0	40	261	200	68	65	102	0	0	0	0	0	0	0	0	0	0	0	0	34496406	
728	1	F	2	N	2500	0	40	360	139	42	34	52	0	0	0	0	0	0	0	0	0	0	0	0	34496499	
729	1	F	2	N	2500	0	40	325	118	34	25	39	0	0	0	0	0	0	0	0	0	0	0	0	34496608	
730	1	F	2	N	2500	0	1	220	97	33	31	39	0	0	0	0	0	0	0	0	0	0	0	0	34496874	
731	1	F	2	N	2500	0	40	399	168	52	42	58	0	0	0	0	0	0	0	0	0	0	0	0	34497045	
732	1	F	2	N	2500	0	40	337	147	44	36	50	0	0	0	0	0	0	0	0	0	0	0	0	34497326	
733	1	F	2	N	2500	0	40	334	144	37	30	44	0	0	0	0	0	0	0	0	0	0	0	0	34497763	
734	1	F	2	N	2500	0	40	385	144	36	29	45	0	0	0	0	0	0	0	0	0	0	0	0	34497825	
735	1	F	2	N	2500	0	40	249	137	45	35	42	0	0	0	0	0	0	0	0	0	0	0	0	34498122	
736	1	F	3	N	2500	6	40	408	214	60	56	80	0	0	0	0	0	0	0	0	0	0	0	0	34511163	
737	1	F	4	N	2500	6	40	375	168	51	38	53	0	0	0	0	0	0	0	0	0	0	0	0	34521288	
738	1	F	4	N	2500	6	40	444	204	60	52	72	0	0	0	0	0	0	0	0	0	0	0	0	34521335	
739	1	F	4	N	2500	2	1	86	27	12	17	40	0	0	0	0	0	0	0	0	0	0	0	0	34521444	
740	1	F	4	N	2500	8	40	353	150	49	31	46	0	0	0	0	0	0	0	0	0	0	0	0	34521444	
741	1	F	4	N	2500	6	40	403	173	51	41	56	0	0	0	0	0	0	0	0	0	0	0	0	34522286	
742	1	F	4	N	2500	0	40	405	159	48	36	48	0	0	0	0	0	0	0	0	0	0	0	0	34522286	
743	1	F	4	N	2500	0	40	292	110	31	21	31	0	0	0	0	0	0	0	0	0	0	0	0	34522458	
744	1	F	4	N	2500	0	40	413	184	53	43	64	0	0	0	0	0	0	0	0	0	0	0	0	34522895	
745	1	F	4	N	2500	0	40	221	150	51	45	62	0	0	0	0	0	0	0	0	0	0	0	0	34523175	
746	1	F	4	N	2500	0	1	485	142	48	45	61	0	0	0	0	0	0	0	0	0	0	0	0	34523207	
747	1	F	4	N	2500	0	40	394	177	54	41	58	0	0	0	0	0	0	0	0	0	0	0	0	34523347	
748	1	F	4	N	2500	0	40	416	184	58	44	63	0	0	0	0	0	0	0	0	0	0	0	0	34523409	
749	1	F	4	N	2500	0	40	377	170	54	41	55	0	0	0	0	0	0	0	0	0	0	0	0	34524252	
750	1	F	4	N	2500	0	1	69	19	7	10	28	0	0	0	0	0	0	0	0	0	0	0	0	34524455	
751	1	F	4	N	2500	0	40	217	137	36	33	45	0	0	0	0	0	0	0	0	0	0	0	0	34524486	
752	1	F	4	N	2500	0	40	223	148	43	35	47	0	0	0	0	0	0	0	0	0	0	0	0	34524626	
753	1	F	4	N	2500	0	40	342	150	43	34	46	0	0	0	0	0	0	0	0	0	0	0	0	34524673	
754	1	F	4	N	2500	0	40	264	174	53	36	48	0	0	0	0	0	0	0	0	0	0	0	0	34524907	
755	1	F	4	N	2500	0	40	348	140	39	31	46	0	0	0	0	0	0	0	0	0	0	0	0	34525001	
756	1	F	4	N	2500	0	40	399	180	49	39	53	0	0	0	0	0	0	0	0	0	0	0	0	34525297	
757	1	F	4	N	2500	0	40	455	162	48	35	50	0	0	0	0	0	0	0	0	0	0	0	0	34525796	
758	1	F	4	N	2500	0	1	137	65	14	11	19	0	0	0	0	0	0	0	0	0	0	0	0	34526904	
759	1	F	4	N	2500	0	40	354	157	45	37	48	0	0	0	0	0	0	0	0	0	0	0	0	34526904	
760	1	F	5	N	2500	6	40	400	165	45	40	61	0	0	0	0	0	0	0	0	0	0	0	0	34534470	
761	1	F	6	N	2500	6	40	398	169	51	47	70	0	0	0	0	0	0	0	0	0	0	0	0	34548666	
762	1	F	6	N	2500	6	40	353	147	43	36	50	0	0	0	0	0	0	0	0	0	0	0	0	34548713	
763	1	F	6	N	2500	2	1	239	78	15	13	17	0	0	0	0	0	0	0	0	0	0	0	0	34548728	
764	1	F	6	N	2500	2	1	130	91	28	25	40	0	0	0	0	0	0	0	0	0	0	0	0	34548915	
765	1	F	6	N	2500	6	40	194	112	42	34	48	0	0	0	0	0	0	0	0	0	0	0	0	34549321	
766	1	F	6	N	2500	0	1	58	14	3	3	6	0	0	0	0	0	0	0	0	0	0	0	0	34549680	
767	1	F	6	N	2500	0	40	406	174	51	45	64	0	0	0	0	0	0	0	0	0	0	0	0	34550210	
768	1	F	6	N	2500	0	40	252	148	47	39	48	0	0	0	0	0	0	0	0	0	0	0	0	34550475	
769	1	F	6	N	2500	0	40	288	141	41	37	54	0	0	0	0	0	0	0	0	0	0	0	0	34550694	
770	1	F	6	N	2500	0	40	227	154	50	40	54	0	0	0	0	0	0	0	0	0	0	0	0	34550928	
771	1	F	6	N	2500	0	40	205	120	35	28	41	0	0	0	0	0	0	0	0	0	0	0	0	34551021	
772	1	F	6	N	2500	0	40	213	106	44	38	48	0	0	0	0	0	0	0	0	0	0	0	0	34551240	
773	1	F	6	N	2500	0	2	439	211	66	60	84	0	0	0	0	0	0	0	0	0	0	0	0	34551349	
774	1	F	6	N	2500	0	40	271	135	45	34	48	0	0	0	0	0	0	0	0	0	0	0	0	34551645	
775	1	F	6	N	2500	0	1	179	110	35	25	40	0	0	0	0	0	0	0	0	0	0	0	0	34551770	
776	1	F	6	N	2500	0	40	341	163	51	43	57	0	0	0	0	0	0	0	0	0	0	0	0	34551911	
777	1	F	6	N	2500	0	1	52	26	9	10	20	0	0	0	0	0	0	0	0	0	0	0	0	34551911	
778	1	F	6	N	2500	0	1	251	94	26	20	30	0	0	0	0	0	0	0	0	0	0	0	0	34552129	
779	1	F	6	N	2500	0	40	227	149	43	36	53	0	0	0	0	0	0	0	0	0	0	0	0	34552145	
780	1	F	6	N	2500	0	40	263	100	27	21	31	0	0	0	0	0	0	0	0	0	0	0	0	34552254	
781	1	F	6	N	2500	0	2	466	205	68	53	68	0	0	0	0	0	0	0	0	0	0	0	0	34552379	
782	1	F	6	N	2500	0	40	212	106	29	26	45	0	0	0	0	0	0	0	0	0	0	0	0	34552503	
783	1	F	6	N	2500	0	40	277	165	49	47	63	0	0	0	0	0	0	0	0	0	0	0	0	34553174	
784	1	F	6	N	2500	0	40	230	119	50	39	53	0	0	0	0	0	0	0	0	0	0	0	0	34553439	
785	1	F	6	N	2500	0	40	286	185	56	47	64	0	0	0	0	0	0	0	0	0	0	0	0	34553471	
786	1	F	6	N	2500	0	40	354	160	44	37	55	0	0	0	0	0	0	0	0	0	0	0	0	34553564	
787	1	F	6	N	2500	0	40	444	190	52	44	60	0	0	0	0	0	0	0	0	0	0	0	0	34553658	
788	1	F	6	N	2500	0	1	52	27	7	7	15	0	0	0	0	0	0	0	0	0	0	0	0	34554890	
789	1	F	7	N	2500	2	1	51	9	0	0	1	0	0	0	0	0	0	0	0	0	0	0	0	34564281	
790	1	F	7	N	2500	2	1	55	21	3	4	9	0	0	0	0	0	0	0	0	0	0	0	0	34567651	
791	1	F	7	N	2500	2	1	68	38	10	10	20	0	0	0	0	0	0	0	0	0	0	0	0	34569429	
792	1	F	8	N	2500	6	40	332	131	36	31	44	0	0	0	0	0	0	0	0	0	0	0	0	34577198	
793	1	F	8	N	2500	6	40	276	139	36	32	45	0	0	0	0	0	0	0	0	0	0	0	0	34578119	
794	1	F	8	N	2500	6	40	200	140	41	31	39	0	0	0	0	0	0	0	0	0	0	0	0	34578477	
795	1	F	8	N	2500	0	2	332	197	69	56	79	0	0	0	0	0	0	0	0	0	0	0	0	34578571	
796	1	F	8	N	2500	0	40	350	188	63	52	64	0	0	0	0	0	0	0	0	0	0	0	0	34578665	
797	1	F	8	N	2500	0	40	335	127	34	26	33	0	0	0	0	0	0	0	0	0	0	0	0	34578743	
798	1	F	8	N	2500	0	40	250	135	41	37	60	0	0	0	0	0	0	0	0	0	0	0	0	34578914	
799	1	F	8	N	2500	0	40	347	147	39	33	47	0	0	0	0	0	0	0	0	0	0	0	0	34579055	
800	1	F	8	N	2500	0	40	299	157	52	43	57	0	0	0	0	0	0	0	0	0	0	0	0	34579055	
801	1	F	8	N	2500	0	40	262	127	38	30	46	0	0	0	0	0	0	0	0	0	0	0	0	34579257	
802	1	F	8	N	2500	0	40	261	152	41	37	53	0	0	0	0	0	0	0	0	0	0	0	0	34579585	
803	1	F	8	N	2500	0	40	259	161	49	45	64	0	0	0	0	0	0	0	0	0	0	0	0	34579788	
804	1	F	8	N	2500	0	40	363	136	34	29	40	0	0	0	0	0	0	0	0	0	0	0	0	34579897	
805	1	F	8	N	2500	0	40	348	175	59	49	65	0	0	0	0	0	0	0	0	0	0	0	0	34579959	
806	1	F	8	N	2500	0	40	322	121	40	38	57	0	0	0	0	0	0	0	0	0	0	0	0	34580037	
807	1	F	8	N	2500	0	1	63	58	18	19	26	0	0	0	0	0	0	0	0	0	0	0	0	34580037	
808	1	F	8	N	2500	0	40	272	138	34	28	36	0	0	0	0	0	0	0	0	0	0	0	0	34580162	
809	1	F	8	N	2500	0	40	346	153	47	38	54	0	0	0	0	0	0	0	0	0	0	0	0	34580193	
810	1	F	8	N	2500	0	2	487	239	82	64	82	0	0	0	0	0	0	0	0	0	0	0	0	34580209	
811	1	F	8	N	2500	0	2	388	210	70	55	69	0	0	0	0	0	0	0	0	0	0	0	0	34580443	
812	1	F	8	N	2500	0	40	335	149	37	31	45	0	0	0	0	0	0	0	0	0	0	0	0	34580724	
813	1	F	8	N	2500	0	2	463	212	66	56	74	0	0	0	0	0	0	0	0	0	0	0	0	34580786	
814	1	F	8	N	2500	0	40	405	178	52	41	56	0	0	0	0	0	0	0	0	0	0	0	0	34580958	
815	1	F	8	N	2500	0	40	299	161	49	43	63	0	0	0	0	0	0	0	0	0	0	0	0	34581067	
816	1	F	8	N	2500	0	1	63	14	4	6	14	0	0	0	0	0	0	0	0	0	0	0	0	34581301	
817	1	F	8	N	2500	0	40	335	131	35	30	41	0	0	0	0	0	0	0	0	0	0	0	0	34581457	
818	1	F	8	N	2500	0	40	376	148	43	35	51	0	0	0	0	0	0	0	0	0	0	0	0	34581519	
819	1	F	8	N	2500	0	40	294	131	39	33	47	0	0	0	0	0	0	0	0	0	0	0	0	34581941	
820	1	F	8	N	2500	0	40	394	173	50	42	59	0	0	0	0	0	0	0	0	0	0	0	0	34582393	
821	1	F	8	N	2500	0	40	334	150	41	32	45	0	0	0	0	0	0	0	0	0	0	0	0	34582409	
822	1	F	8	N	2500	0	40	312	166	51	41	58	0	0	0	0	0	0	0	0	0	0	0	0	34582471	
823	1	F	8	N	2500	0	40	451	207	65	53	76	0	0	0	0	0	0	0	0	0	0	0	0	34582502	
824	1	F	8	N	2500	0	40	413	156	48	37	53	0	0	0	0	0	0	0	0	0	0	0	0	34582518	
825	1	F	8	N	2500	0	40	434	188	57	50	73	0	0	0	0	0	0	0	0	0	0	0	0	34582643	
826	1	F	8	N	2500	0	40	220	151	55	44	60	0	0	0	0	0	0	0	0	0	0	0	0	34582658	
827	1	F	8	N	2500	0	40	334	139	36	32	47	0	0	0	0	0	0	0	0	0	0	0	0	34582752	
828	1	F	8	N	2500	0	40	398	161	45	35	58	0	0	0	0	0	0	0	0	0	0	0	0	34582830	
829	1	F	8	N	2500	0	40	404	180	60	49	66	0	0	0	0	0	0	0	0	0	0	0	0	34582845	
830	1	F	8	N	2500	0	40	204	149	37	33	47	0	0	0	0	0	0	0	0	0	0	0	0	34583282	
831	1	F	8	N	2500	0	40	429	180	54	47	64	0	0	0	0	0	0	0	0	0	0	0	0	34583345	
832	1	F	8	N	2500	0	40	331	137	41	29	41	0	0	0	0	0	0	0	0	0	0	0	0	34583750	
833	1	F	8	N	2500	0	40	401	159	44	38	51	0	0	0	0	0	0	0	0	0	0	0	0	34583859	
834	1	F	9	N	2500	6	40	262	143	41	34	43	0	0	0	0	0	0	0	0	0	0	0	0	34596339	
835	1	F	10	N	2500	6	40	220	115	43	36	42	0	0	0	0	0	0	0	0	0	0	0	0	34606947	
836	1	F	10	N	2500	2	1	56	11	2	2	3	0	0	0	0	0	0	0	0	0	0	0	0	34608726	
837	1	F	10	N	2500	6	40	284	205	67	56	81	0	0	0	0	0	0	0	0	0	0	0	0	34609974	
838	1	F	10	N	2500	6	40	323	128	36	31	44	0	0	0	0	0	0	0	0	0	0	0	0	34609989	
839	1	F	10	N	2500	0	40	198	124	42	37	57	0	0	0	0	0	0	0	0	0	0	0	0	34610333	
840	1	F	10	N	2500	0	40	453	187	52	39	54	0	0	0	0	0	0	0	0	0	0	0	0	34610832	
841	1	F	10	N	2500	0	40	462	193	64	53	82	0	0	0	0	0	0	0	0	0	0	0	0	34611066	
842	1	F	12	N	2500	6	40	188	128	42	30	40	0	0	0	0	0	0	0	0	0	0	0	0	34634918	
843	1	F	12	N	2500	6	40	294	129	36	28	45	0	0	0	0	0	0	0	0	0	0	0	0	34635199	
844	1	F	12	N	2500	2	2	483	208	69	57	79	0	0	0	0	0	0	0	0	0	0	0	0	34635433	
845	1	F	12	N	2500	6	40	417	184	58	42	58	0	0	0	0	0	0	0	0	0	0	0	0	34637399	
846	1	F	12	N	2500	0	40	376	162	45	33	51	0	0	0	0	0	0	0	0	0	0	0	0	34637726	
847	1	F	12	N	2500	0	40	228	144	52	39	54	0	0	0	0	0	0	0	0	0	0	0	0	34637851	
848	1	F	12	N	2500	0	40	261	149	47	39	56	0	0	0	0	0	0	0	0	0	0	0	0	34637992	
849	1	F	12	N	2500	0	40	241	149	44	30	42	0	0	0	0	0	0	0	0	0	0	0	0	34638070	
850	1	F	12	N	2500	0	40	307	153	52	44	67	0	0	0	0	0	0	0	0	0	0	0	0	34638382	
851	1	F	12	N	2500	0	40	227	150	47	36	50	0	0	0	0	0	0	0	0	0	0	0	0	34638694	
852	1	F	12	N	2500	0	1	233	73	14	13	20	0	0	0	0	0	0	0	0	0	0	0	0	34639380	
853	1	F	12	N	2500	0	40	255	128	38	33	48	0	0	0	0	0	0	0	0	0	0	0	0	34639458	
854	1	F	12	N	2500	0	40	332	144	43	34	51	0	0	0	0	0	0	0	0	0	0	0	0	34639879	
855	1	F	12	N	2500	0	40	351	127	32	27	46	0	0	0	0	0	0	0	0	0	0	0	0	34640176	
856	1	F	12	N	2500	0	40	349	134	39	27	43	0	0	0	0	0	0	0	0	0	0	0	0	34640800	
857	1	G	1	N	2500	2	1	144	30	7	9	19	0	0	0	0	0	0	0	0	0	0	0	0	34655604	
858	1	G	2	N	2500	6	40	387	137	40	29	40	0	0	0	0	0	0	0	0	0	0	0	0	34665058	
859	1	G	2	N	2500	2	2	298	207	70	55	76	0	0	0	0	0	0	0	0	0	0	0	0	34665416	
860	1	G	2	N	2500	6	40	263	122	37	30	45	0	0	0	0	0	0	0	0	0	0	0	0	34665432	
861	1	G	2	N	2500	6	40	210	151	57	47	70	0	0	0	0	0	0	0	0	0	0	0	0	34665510	
862	1	G	2	N	2500	0	40	224	162	47	41	54	0	0	0	0	0	0	0	0	0	0	0	0	34665962	
863	1	G	2	N	2500	0	40	184	146	46	42	51	0	0	0	0	0	0	0	0	0	0	0	0	34666696	
864	1	G	2	N	2500	0	40	400	202	63	48	64	0	0	0	0	0	0	0	0	0	0	0	0	34667366	
865	1	G	2	N	2500	0	40	249	120	32	30	44	0	0	0	0	0	0	0	0	0	0	0	0	34667413	
866	1	G	2	N	2500	0	40	309	94	27	20	29	0	0	0	0	0	0	0	0	0	0	0	0	34667569	
867	1	G	2	N	2500	0	40	306	100	27	22	37	0	0	0	0	0	0	0	0	0	0	0	0	34668224	
868	1	G	2	N	2500	0	40	351	163	57	41	55	0	0	0	0	0	0	0	0	0	0	0	0	34668271	
869	1	G	2	N	2500	0	40	303	127	36	26	36	0	0	0	0	0	0	0	0	0	0	0	0	34668287	
870	1	G	2	N	2500	0	40	321	141	39	34	48	0	0	0	0	0	0	0	0	0	0	0	0	34669004	
871	1	G	2	N	2500	0	40	274	97	25	18	25	0	0	0	0	0	0	0	0	0	0	0	0	34669098	
872	1	G	2	N	2500	0	40	410	174	48	37	57	0	0	0	0	0	0	0	0	0	0	0	0	34669160	
873	1	G	2	N	2500	0	40	234	160	59	47	67	0	0	0	0	0	0	0	0	0	0	0	0	34669301	
874	1	G	2	N	2500	0	40	323	132	40	31	45	0	0	0	0	0	0	0	0	0	0	0	0	34670658	
875	1	G	2	N	2500	0	40	445	180	50	38	57	0	0	0	0	0	0	0	0	0	0	0	0	34671391	
876	1	G	2	N	2500	0	40	411	183	53	42	57	0	0	0	0	0	0	0	0	0	0	0	0	34671781	
877	1	G	3	N	2500	2	1	51	14	3	5	13	0	0	0	0	0	0	0	0	0	0	0	0	34681126	
878	1	G	3	N	2500	6	40	202	142	54	38	53	0	0	0	0	0	0	0	0	0	0	0	0	34685884	
879	1	G	4	N	2500	6	40	345	121	30	22	39	0	0	0	0	0	0	0	0	0	0	0	0	34696195	
880	1	G	4	N	2500	6	40	362	165	48	38	52	0	0	0	0	0	0	0	0	0	0	0	0	34696601	
881	1	G	4	N	2500	6	40	434	188	58	45	65	0	0	0	0	0	0	0	0	0	0	0	0	34697131	
882	1	G	4	N	2500	0	40	341	146	37	29	40	0	0	0	0	0	0	0	0	0	0	0	0	34697162	
883	1	G	4	N	2500	0	40	394	163	45	34	51	0	0	0	0	0	0	0	0	0	0	0	0	34698566	
884	1	G	4	N	2500	0	40	237	127	43	30	40	0	0	0	0	0	0	0	0	0	0	0	0	34698629	
885	1	G	4	N	2500	0	40	380	168	46	38	57	0	0	0	0	0	0	0	0	0	0	0	0	34698722	
886	1	G	4	N	2500	0	40	393	171	56	46	62	0	0	0	0	0	0	0	0	0	0	0	0	34698988	
887	1	G	4	N	2500	0	40	428	178	52	43	59	0	0	0	0	0	0	0	0	0	0	0	0	34699424	
888	1	G	4	N	2500	0	40	387	177	54	41	60	0	0	0	0	0	0	0	0	0	0	0	0	34700610	
889	1	G	5	N	2500	6	40	310	180	61	46	64	0	0	0	0	0	0	0	0	0	0	0	0	34713558	
890	1	G	6	N	2500	2	1	151	86	24	17	27	0	0	0	0	0	0	0	0	0	0	0	0	34724930	
891	1	G	6	N	2500	6	40	359	144	47	34	51	0	0	0	0	0	0	0	0	0	0	0	0	34725180	
892	1	G	6	N	2500	6	40	381	168	51	46	65	0	0	0	0	0	0	0	0	0	0	0	0	34725398	
893	1	G	6	N	2500	6	40	350	151	47	40	63	0	0	0	0	0	0	0	0	0	0	0	0	34725398	
894	1	G	6	N	2500	0	40	308	135	44	32	51	0	0	0	0	0	0	0	0	0	0	0	0	34725430	
895	1	G	6	N	2500	0	40	187	132	42	29	41	0	0	0	0	0	0	0	0	0	0	0	0	34725430	
896	1	G	6	N	2500	0	1	55	12	3	4	12	0	0	0	0	0	0	0	0	0	0	0	0	34725445	
897	1	G	6	N	2500	0	40	313	154	45	36	53	0	0	0	0	0	0	0	0	0	0	0	0	34725679	
898	1	G	6	N	2500	0	40	388	157	49	38	54	0	0	0	0	0	0	0	0	0	0	0	0	34725742	
899	1	G	6	N	2500	0	40	294	160	51	45	58	0	0	0	0	0	0	0	0	0	0	0	0	34726022	
900	1	G	6	N	2500	0	2	429	219	71	69	118	0	0	0	0	0	0	0	0	0	0	0	0	34726397	
901	1	G	6	N	2500	0	40	339	143	47	36	46	0	0	0	0	0	0	0	0	0	0	0	0	34726444	
902	1	G	6	N	2500	0	40	275	142	40	30	48	0	0	0	0	0	0	0	0	0	0	0	0	34726600	
903	1	G	6	N	2500	0	40	305	152	48	37	56	0	0	0	0	0	0	0	0	0	0	0	0	34727567	
904	1	G	6	N	2500	0	40	421	169	55	39	53	0	0	0	0	0	0	0	0	0	0	0	0	34727598	
905	1	G	6	N	2500	0	40	324	160	47	38	46	0	0	0	0	0	0	0	0	0	0	0	0	34727676	
906	1	G	6	N	2500	0	40	341	162	48	37	49	0	0	0	0	0	0	0	0	0	0	0	0	34727754	
907	1	G	6	N	2500	0	40	248	136	39	34	47	0	0	0	0	0	0	0	0	0	0	0	0	34728316	
908	1	G	6	N	2500	0	40	430	175	50	44	59	0	0	0	0	0	0	0	0	0	0	0	0	34728784	
909	1	G	7	N	2500	2	1	148	56	16	18	30	0	0	0	0	0	0	0	0	0	0	0	0	34738144	
910	1	G	7	N	2500	6	40	197	128	34	28	39	0	0	0	0	0	0	0	0	0	0	0	0	34742091	
911	1	G	7	N	2500	2	1	134	53	14	12	18	0	0	0	0	0	0	0	0	0	0	0	0	34744150	
912	1	G	8	N	2500	6	40	272	164	44	39	53	0	0	0	0	0	0	0	0	0	0	0	0	34752792	
913	1	G	8	N	2500	2	1	191	63	13	9	15	0	0	0	0	0	0	0	0	0	0	0	0	34753042	
914	1	G	8	N	2500	6	40	416	152	36	28	47	0	0	0	0	0	0	0	0	0	0	0	0	34753572	
915	1	G	8	N	2500	2	1	155	42	12	10	14	0	0	0	0	0	0	0	0	0	0	0	0	34754103	
916	1	G	8	N	2500	8	40	233	101	31	24	32	0	0	0	0	0	0	0	0	0	0	0	0	34754103	
917	1	G	8	N	2500	6	40	242	143	45	35	46	0	0	0	0	0	0	0	0	0	0	0	0	34754274	
918	1	G	8	N	2500	0	40	339	175	61	50	75	0	0	0	0	0	0	0	0	0	0	0	0	34754664	
919	1	G	8	N	2500	0	40	219	142	47	35	53	0	0	0	0	0	0	0	0	0	0	0	0	34754758	
920	1	G	8	N	2500	0	40	397	167	48	43	63	0	0	0	0	0	0	0	0	0	0	0	0	34754992	
921	1	G	8	N	2500	0	40	408	164	48	42	61	0	0	0	0	0	0	0	0	0	0	0	0	34754992	
922	1	G	8	N	2500	0	1	259	75	14	10	17	0	0	0	0	0	0	0	0	0	0	0	0	34755054	
923	1	G	8	N	2500	0	40	242	156	54	41	55	0	0	0	0	0	0	0	0	0	0	0	0	34755085	
924	1	G	8	N	2500	0	40	387	158	46	39	60	0	0	0	0	0	0	0	0	0	0	0	0	34755163	
925	1	G	8	N	2500	0	40	346	197	64	51	74	0	0	0	0	0	0	0	0	0	0	0	0	34755288	
926	1	G	8	N	2500	0	40	376	150	46	34	51	0	0	0	0	0	0	0	0	0	0	0	0	34755351	
927	1	G	8	N	2500	0	40	201	154	47	37	51	0	0	0	0	0	0	0	0	0	0	0	0	34755413	
928	1	G	8	N	2500	0	40	422	155	42	33	47	0	0	0	0	0	0	0	0	0	0	0	0	34755600	
929	1	G	8	N	2500	0	40	236	151	45	35	54	0	0	0	0	0	0	0	0	0	0	0	0	34755787	
930	1	G	8	N	2500	0	40	455	197	58	51	63	0	0	0	0	0	0	0	0	0	0	0	0	34755912	
931	1	G	8	N	2500	0	40	368	157	49	40	53	0	0	0	0	0	0	0	0	0	0	0	0	34756474	
932	1	G	8	N	2500	0	40	386	141	35	32	46	0	0	0	0	0	0	0	0	0	0	0	0	34756567	
933	1	G	8	N	2500	0	40	411	144	38	33	45	0	0	0	0	0	0	0	0	0	0	0	0	34756567	
934	1	G	8	N	2500	0	40	352	123	32	22	34	0	0	0	0	0	0	0	0	0	0	0	0	34756599	
935	1	G	8	N	2500	0	40	293	171	60	44	58	0	0	0	0	0	0	0	0	0	0	0	0	34756864	
936	1	G	8	N	2500	0	40	366	175	58	46	58	0	0	0	0	0	0	0	0	0	0	0	0	34757207	
937	1	G	8	N	2500	0	40	185	122	34	25	37	0	0	0	0	0	0	0	0	0	0	0	0	34757332	
938	1	G	8	N	2500	0	40	265	151	48	43	57	0	0	0	0	0	0	0	0	0	0	0	0	34757909	
939	1	G	8	N	2500	0	1	62	12	1	1	2	0	0	0	0	0	0	0	0	0	0	0	0	34758751	
940	1	G	8	N	2500	0	1	70	20	2	2	4	0	0	0	0	0	0	0	0	0	0	0	0	34758845	
941	1	G	9	N	2500	6	40	204	114	38	26	35	0	0	0	0	0	0	0	0	0	0	0	0	34770826	
942	1	G	10	N	2500	6	40	304	126	32	25	41	0	0	0	0	0	0	0	0	0	0	0	0	34780779	
943	1	G	10	N	2500	6	40	265	142	37	30	47	0	0	0	0	0	0	0	0	0	0	0	0	34780919	
944	1	G	10	N	2500	6	40	337	165	52	38	53	0	0	0	0	0	0	0	0	0	0	0	0	34781028	
945	1	G	10	N	2500	0	40	300	105	25	18	33	0	0	0	0	0	0	0	0	0	0	0	0	34781668	
946	1	G	10	N	2500	0	40	213	137	42	29	44	0	0	0	0	0	0	0	0	0	0	0	0	34782417	
947	1	G	10	N	2500	0	40	343	151	36	32	46	0	0	0	0	0	0	0	0	0	0	0	0	34782666	
948	1	G	10	N	2500	0	40	320	118	31	28	43	0	0	0	0	0	0	0	0	0	0	0	0	34782713	
949	1	G	10	N	2500	0	1	154	70	19	16	23	0	0	0	0	0	0	0	0	0	0	0	0	34783025	
950	1	G	10	N	2500	0	40	308	104	29	22	34	0	0	0	0	0	0	0	0	0	0	0	0	34783056	
951	1	G	10	N	2500	0	40	261	128	34	26	35	0	0	0	0	0	0	0	0	0	0	0	0	34783290	
952	1	G	10	N	2500	0	40	217	140	38	30	40	0	0	0	0	0	0	0	0	0	0	0	0	34783524	
953	1	G	10	N	2500	0	1	110	47	12	11	17	0	0	0	0	0	0	0	0	0	0	0	0	34783665	
954	1	G	10	N	2500	0	1	143	27	9	8	11	0	0	0	0	0	0	0	0	0	0	0	0	34783665	
955	1	G	10	N	2500	0	1	137	29	8	10	22	0	0	0	0	0	0	0	0	0	0	0	0	34784133	
956	1	G	10	N	2500	0	1	164	39	6	4	8	0	0	0	0	0	0	0	0	0	0	0	0	34784460	
957	1	G	10	N	2500	0	1	107	32	10	12	26	0	0	0	0	0	0	0	0	0	0	0	0	34784632	
958	1	G	10	N	2500	0	1	266	86	18	14	21	0	0	0	0	0	0	0	0	0	0	0	0	34784788	
959	1	G	10	N	2500	0	1	82	30	6	5	8	0	0	0	0	0	0	0	0	0	0	0	0	34784897	
960	1	G	10	N	2500	0	1	99	37	9	8	17	0	0	0	0	0	0	0	0	0	0	0	0	34785115	
961	1	G	10	N	2500	0	40	377	147	42	33	48	0	0	0	0	0	0	0	0	0	0	0	0	34785162	
962	1	G	10	N	2500	0	40	272	130	41	31	42	0	0	0	0	0	0	0	0	0	0	0	0	34785162	
963	1	G	10	N	2500	0	40	279	128	44	31	43	0	0	0	0	0	0	0	0	0	0	0	0	34785459	
964	1	G	10	N	2500	0	1	166	86	19	17	24	0	0	0	0	0	0	0	0	0	0	0	0	34785583	
965	1	G	10	N	2500	0	1	249	79	19	12	18	0	0	0	0	0	0	0	0	0	0	0	0	34786145	
966	1	G	10	N	2500	0	1	67	33	7	5	6	0	0	0	0	0	0	0	0	0	0	0	0	34786207	
967	1	G	10	N	2500	0	40	371	151	45	36	54	0	0	0	0	0	0	0	0	0	0	0	0	34786239	
968	1	G	11	N	2500	6	40	365	146	37	28	36	0	0	0	0	0	0	0	0	0	0	0	0	34800294	
969	1	G	12	N	2500	6	40	266	120	39	30	46	0	0	0	0	0	0	0	0	0	0	0	0	34808890	
970	1	G	12	N	2500	6	40	244	141	39	34	48	0	0	0	0	0	0	0	0	0	0	0	0	34809561	
971	1	G	12	N	2500	6	40	320	161	44	40	57	0	0	0	0	0	0	0	0	0	0	0	0	34810091	
972	1	G	12	N	2500	0	40	349	142	45	37	60	0	0	0	0	0	0	0	0	0	0	0	0	34810543	
973	1	G	12	N	2500	0	40	367	189	57	52	77	0	0	0	0	0	0	0	0	0	0	0	0	34810980	
974	1	G	12	N	2500	0	40	345	164	47	36	53	0	0	0	0	0	0	0	0	0	0	0	0	34810980	
975	1	G	12	N	2500	0	40	194	142	43	33	47	0	0	0	0	0	0	0	0	0	0	0	0	34811183	
976	1	G	12	N	2500	0	40	382	162	45	40	60	0	0	0	0	0	0	0	0	0	0	0	0	34811713	
977	1	G	12	N	2500	0	40	394	170	59	49	72	0	0	0	0	0	0	0	0	0	0	0	0	34811760	
978	1	G	12	N	2500	0	40	367	162	48	43	61	0	0	0	0	0	0	0	0	0	0	0	0	34811901	
979	1	G	12	N	2500	0	40	367	154	43	35	51	0	0	0	0	0	0	0	0	0	0	0	0	34812072	
980	1	G	12	N	2500	0	2	460	208	72	55	72	0	0	0	0	0	0	0	0	0	0	0	0	34812181	
981	1	G	12	N	2500	0	40	256	185	59	48	75	0	0	0	0	0	0	0	0	0	0	0	0	34812213	
982	1	G	12	N	2500	0	40	420	172	51	41	55	0	0	0	0	0	0	0	0	0	0	0	0	34812244	
983	1	G	12	N	2500	0	40	342	151	48	41	56	0	0	0	0	0	0	0	0	0	0	0	0	34812291	
984	1	G	12	N	2500	0	40	236	171	65	53	67	0	0	0	0	0	0	0	0	0	0	0	0	34812571	
985	1	G	12	N	2500	0	40	456	216	65	55	75	0	0	0	0	0	0	0	0	0	0	0	0	34812899	
986	1	G	12	N	2500	0	40	390	177	49	46	68	0	0	0	0	0	0	0	0	0	0	0	0	34812915	
987	1	G	12	N	2500	0	40	211	146	46	38	49	0	0	0	0	0	0	0	0	0	0	0	0	34813133	
988	1	G	12	N	2500	0	40	432	200	60	54	81	0	0	0	0	0	0	0	0	0	0	0	0	34813320	
989	1	G	12	N	2500	0	40	327	150	43	35	51	0	0	0	0	0	0	0	0	0	0	0	0	34813445	
990	1	G	12	N	2500	0	40	244	180	64	50	67	0	0	0	0	0	0	0	0	0	0	0	0	34814490	
991	1	G	12	N	2500	0	1	134	35	17	24	63	0	0	0	0	0	0	0	0	0	0	0	0	34815442	
992	1	H	1	N	2500	6	40	379	158	47	37	58	0	0	0	0	0	0	0	0	0	0	0	0	34829825	
993	1	H	1	N	2500	6	40	375	153	49	40	55	0	0	0	0	0	0	0	0	0	0	0	0	34829887	
994	1	H	1	N	2500	2	1	137	35	19	30	66	0	0	0	0	0	0	0	0	0	0	0	0	34831057	
995	1	H	2	N	2500	2	1	81	22	3	3	5	0	0	0	0	0	0	0	0	0	0	0	0	34839684	
996	1	H	2	N	2500	6	40	349	147	44	37	54	0	0	0	0	0	0	0	0	0	0	0	0	34840012	
997	1	H	2	N	2500	6	40	307	107	29	23	33	0	0	0	0	0	0	0	0	0	0	0	0	34840527	
998	1	H	2	N	2500	6	40	276	105	29	25	38	0	0	0	0	0	0	0	0	0	0	0	0	34841166	
999	1	H	2	N	2500	0	1	162	86	16	16	20	0	0	0	0	0	0	0	0	0	0	0	0	34841790	
1000	1	H	2	N	2500	0	40	338	121	34	27	37	0	0	0	0	0	0	0	0	0	0	0	0	34842040	
1001	1	H	2	N	2500	0	1	168	60	11	9	17	0	0	0	0	0	0	0	0	0	0	0	0	34842461	
1002	1	H	2	N	2500	0	40	361	151	44	36	52	0	0	0	0	0	0	0	0	0	0	0	0	34843335	
1003	1	H	2	N	2500	0	40	296	159	46	37	59	0	0	0	0	0	0	0	0	0	0	0	0	34843491	
1004	1	H	2	N	2500	0	40	249	183	57	42	61	0	0	0	0	0	0	0	0	0	0	0	0	34844536	
1005	1	H	2	N	2500	0	40	329	141	45	37	54	0	0	0	0	0	0	0	0	0	0	0	0	34845285	
1006	1	H	3	N	2500	6	40	399	150	38	30	44	0	0	0	0	0	0	0	0	0	0	0	0	34854348	
1007	1	H	3	N	2500	6	40	361	153	42	34	50	0	0	0	0	0	0	0	0	0	0	0	0	34858670	
1008	1	H	3	N	2500	2	1	171	40	19	22	202	0	0	0	0	0	0	0	0	0	0	0	0	34859496	
1009	1	H	4	N	2500	2	1	52	13	2	2	5	0	0	0	0	0	0	0	0	0	0	0	0	34868919	
1010	1	H	4	N	2500	6	40	379	177	55	47	63	0	0	0	0	0	0	0	0	0	0	0	0	34869293	
1011	1	H	4	N	2500	6	40	336	143	44	36	52	0	0	0	0	0	0	0	0	0	0	0	0	34869824	
1012	1	H	4	N	2500	6	40	188	131	37	30	39	0	0	0	0	0	0	0	0	0	0	0	0	34869902	
1013	1	H	4	N	2500	0	40	358	152	50	38	48	0	0	0	0	0	0	0	0	0	0	0	0	34870011	
1014	1	H	4	N	2500	0	40	292	158	54	38	53	0	0	0	0	0	0	0	0	0	0	0	0	34870058	
1015	1	H	4	N	2500	0	2	410	193	67	53	84	0	0	0	0	0	0	0	0	0	0	0	0	34870276	
1016	1	H	4	N	2500	0	40	207	141	48	38	49	0	0	0	0	0	0	0	0	0	0	0	0	34870292	
1017	1	H	4	N	2500	0	40	282	89	22	15	21	0	0	0	0	0	0	0	0	0	0	0	0	34870510	
1018	1	H	4	N	2500	0	1	175	105	31	23	34	0	0	0	0	0	0	0	0	0	0	0	0	34870650	
1019	1	H	4	N	2500	0	40	184	152	46	39	58	0	0	0	0	0	0	0	0	0	0	0	0	34871056	
1020	1	H	4	N	2500	0	40	287	160	49	41	59	0	0	0	0	0	0	0	0	0	0	0	0	34871430	
1021	1	H	4	N	2500	0	40	201	135	40	34	49	0	0	0	0	0	0	0	0	0	0	0	0	34872600	
1022	1	H	4	N	2500	0	40	324	140	43	33	49	0	0	0	0	0	0	0	0	0	0	0	0	34872912	
1023	1	H	4	N	2500	0	40	340	138	40	33	47	0	0	0	0	0	0	0	0	0	0	0	0	34873271	
1024	1	H	5	N	2500	6	40	343	150	43	34	48	0	0	0	0	0	0	0	0	0	0	0	0	34884020	
1025	1	H	5	N	2500	6	40	384	155	42	33	54	0	0	0	0	0	0	0	0	0	0	0	0	34887888	
1026	1	H	6	N	2500	2	1	82	20	8	11	32	0	0	0	0	0	0	0	0	0	0	0	0	34896609	
1027	1	H	6	N	2500	8	40	445	191	51	46	66	0	0	0	0	0	0	0	0	0	0	0	0	34896609	
1028	1	H	6	N	2500	2	1	65	15	2	2	4	0	0	0	0	0	0	0	0	0	0	0	0	34897248	
1029	1	H	6	N	2500	6	40	242	150	40	38	56	0	0	0	0	0	0	0	0	0	0	0	0	34897607	
1030	1	H	6	N	2500	6	40	317	124	35	30	47	0	0	0	0	0	0	0	0	0	0	0	0	34897872	
1031	1	H	6	N	2500	2	1	76	23	11	16	34	0	0	0	0	0	0	0	0	0	0	0	0	34898231	
1032	1	H	6	N	2500	6	40	480	163	46	36	51	0	0	0	0	0	0	0	0	0	0	0	0	34899354	
1033	1	H	6	N	2500	0	40	289	102	27	21	29	0	0	0	0	0	0	0	0	0	0	0	0	34899464	
1034	1	H	6	N	2500	0	1	75	13	6	8	25	0	0	0	0	0	0	0	0	0	0	0	0	34899729	
1035	1	H	6	N	2500	0	1	107	20	9	13	35	0	0	0	0	0	0	0	0	0	0	0	0	34899822	
1036	1	H	6	N	2500	0	40	264	155	61	53	80	0	0	0	0	0	0	0	0	0	0	0	0	34899978	
1037	1	H	6	N	2500	0	40	260	172	46	41	57	0	0	0	0	0	0	0	0	0	0	0	0	34900041	
1038	1	H	6	N	2500	0	1	95	21	12	15	36	0	0	0	0	0	0	0	0	0	0	0	0	34900166	
1039	1	H	6	N	2500	0	40	450	207	64	53	68	0	0	0	0	0	0	0	0	0	0	0	0	34900259	
1040	1	H	6	N	2500	0	40	413	178	47	44	60	0	0	0	0	0	0	0	0	0	0	0	0	34900961	
1041	1	H	6	N	2500	0	40	387	168	57	46	69	0	0	0	0	0	0	0	0	0	0	0	0	34901336	
1042	1	H	6	N	2500	0	40	439	184	49	41	59	0	0	0	0	0	0	0	0	0	0	0	0	34901367	
1043	1	H	6	N	2500	0	40	322	186	66	56	78	0	0	0	0	0	0	0	0	0	0	0	0	34901382	
1044	1	H	6	N	2500	0	40	235	165	45	41	60	0	0	0	0	0	0	0	0	0	0	0	0	34901585	
1045	1	H	6	N	2500	0	40	324	143	40	36	48	0	0	0	0	0	0	0	0	0	0	0	0	34901710	
1046	1	H	6	N	2500	0	40	427	195	59	43	60	0	0	0	0	0	0	0	0	0	0	0	0	34901866	
1047	1	H	6	N	2500	0	40	420	184	51	41	56	0	0	0	0	0	0	0	0	0	0	0	0	34902053	
1048	1	H	6	N	2500	0	40	389	165	45	39	58	0	0	0	0	0	0	0	0	0	0	0	0	34902662	
1049	1	H	6	N	2500	0	1	96	24	11	15	39	0	0	0	0	0	0	0	0	0	0	0	0	34902740	
1050	1	H	6	N	2500	0	40	311	128	38	34	50	0	0	0	0	0	0	0	0	0	0	0	0	34902833	
1051	1	H	6	N	2500	0	40	405	165	49	40	56	0	0	0	0	0	0	0	0	0	0	0	0	34903161	
1052	1	H	6	N	2500	0	40	446	200	57	48	69	0	0	0	0	0	0	0	0	0	0	0	0	34903910	
1053	1	H	7	N	2500	6	40	364	127	31	23	40	0	0	0	0	0	0	0	0	0	0	0	0	34912521	
1054	1	H	7	N	2500	6	40	233	122	31	27	38	0	0	0	0	0	0	0	0	0	0	0	0	34916249	
1055	1	H	7	N	2500	6	40	280	192	54	43	61	0	0	0	0	0	0	0	0	0	0	0	0	34916670	
1056	1	H	7	N	2500	0	1	201	106	25	21	32	0	0	0	0	0	0	0	0	0	0	0	0	34917560	
1057	1	H	8	N	2500	6	40	330	141	43	37	55	0	0	0	0	0	0	0	0	0	0	0	0	34925032	
1058	1	H	8	N	2500	6	40	250	149	46	41	60	0	0	0	0	0	0	0	0	0	0	0	0	34925079	
1059	1	H	8	N	2500	6	40	345	127	34	27	37	0	0	0	0	0	0	0	0	0	0	0	0	34925438	
1060	1	H	8	N	2500	0	40	224	136	51	40	53	0	0	0	0	0	0	0	0	0	0	0	0	34925469	
1061	1	H	8	N	2500	0	40	225	123	39	28	43	0	0	0	0	0	0	0	0	0	0	0	0	34925469	
1062	1	H	8	N	2500	0	40	251	140	37	34	48	0	0	0	0	0	0	0	0	0	0	0	0	34925484	
1063	1	H	8	N	2500	0	40	358	139	37	31	48	0	0	0	0	0	0	0	0	0	0	0	0	34925640	
1064	1	H	8	N	2500	0	40	299	127	39	31	44	0	0	0	0	0	0	0	0	0	0	0	0	34925640	
1065	1	H	8	N	2500	0	40	327	131	36	29	46	0	0	0	0	0	0	0	0	0	0	0	0	34925656	
1066	1	H	8	N	2500	0	40	334	129	36	32	42	0	0	0	0	0	0	0	0	0	0	0	0	34925734	
1067	1	H	8	N	2500	0	40	366	144	49	40	62	0	0	0	0	0	0	0	0	0	0	0	0	34925937	
1068	1	H	8	N	2500	0	1	179	105	27	24	31	0	0	0	0	0	0	0	0	0	0	0	0	34925952	
1069	1	H	8	N	2500	0	40	214	141	40	35	47	0	0	0	0	0	0	0	0	0	0	0	0	34925952	
1070	1	H	8	N	2500	0	40	293	119	33	30	43	0	0	0	0	0	0	0	0	0	0	0	0	34925968	
1071	1	H	8	N	2500	0	40	399	174	63	56	93	0	0	0	0	0	0	0	0	0	0	0	0	34926015	
1072	1	H	8	N	2500	0	40	342	153	50	42	60	0	0	0	0	0	0	0	0	0	0	0	0	34926062	
1073	1	H	8	N	2500	0	40	267	159	44	40	57	0	0	0	0	0	0	0	0	0	0	0	0	34926218	
1074	1	H	8	N	2500	0	40	307	136	52	44	64	0	0	0	0	0	0	0	0	0	0	0	0	34926264	
1075	1	H	8	N	2500	0	40	227	127	40	32	42	0	0	0	0	0	0	0	0	0	0	0	0	34926420	
1076	1	H	8	N	2500	0	40	363	126	32	26	39	0	0	0	0	0	0	0	0	0	0	0	0	34926483	
1077	1	H	8	N	2500	0	1	91	18	4	4	6	0	0	0	0	0	0	0	0	0	0	0	0	34926514	
1078	1	H	8	N	2500	0	1	233	98	30	26	34	0	0	0	0	0	0	0	0	0	0	0	0	34926514	
1079	1	H	8	N	2500	0	40	287	89	18	17	22	0	0	0	0	0	0	0	0	0	0	0	0	34926623	
1080	1	H	8	N	2500	0	40	228	138	46	44	60	0	0	0	0	0	0	0	0	0	0	0	0	34926654	
1081	1	H	8	N	2500	0	1	168	97	32	29	40	0	0	0	0	0	0	0	0	0	0	0	0	34926654	
1082	1	H	8	N	2500	0	40	354	131	37	34	49	0	0	0	0	0	0	0	0	0	0	0	0	34926748	
1083	1	H	8	N	2500	0	40	383	152	51	45	66	0	0	0	0	0	0	0	0	0	0	0	0	34926764	
1084	1	H	8	N	2500	0	40	316	135	42	38	50	0	0	0	0	0	0	0	0	0	0	0	0	34926810	
1085	1	H	8	N	2500	0	40	404	150	48	38	58	0	0	0	0	0	0	0	0	0	0	0	0	34926935	
1086	1	H	8	N	2500	0	40	426	176	53	46	64	0	0	0	0	0	0	0	0	0	0	0	0	34926935	
1087	1	H	8	N	2500	0	40	359	129	32	28	42	0	0	0	0	0	0	0	0	0	0	0	0	34926998	
1088	1	H	8	N	2500	0	40	258	123	47	42	53	0	0	0	0	0	0	0	0	0	0	0	0	34926998	
1089	1	H	8	N	2500	0	40	413	160	49	41	52	0	0	0	0	0	0	0	0	0	0	0	0	34927044	
1090	1	H	8	N	2500	0	2	410	197	69	55	78	0	0	0	0	0	0	0	0	0	0	0	0	34927200	
1091	1	H	8	N	2500	0	40	264	171	55	51	71	0	0	0	0	0	0	0	0	0	0	0	0	34927200	
1092	1	H	8	N	2500	0	40	253	181	66	53	75	0	0	0	0	0	0	0	0	0	0	0	0	34927216	
1093	1	H	8	N	2500	0	40	350	144	42	43	63	0	0	0	0	0	0	0	0	0	0	0	0	34927278	
1094	1	H	8	N	2500	0	40	367	144	42	37	52	0	0	0	0	0	0	0	0	0	0	0	0	34927294	
1095	1	H	8	N	2500	0	2	439	213	68	61	101	0	0	0	0	0	0	0	0	0	0	0	0	34927388	
1096	1	H	8	N	2500	0	40	388	148	44	40	58	0	0	0	0	0	0	0	0	0	0	0	0	34927450	
1097	1	H	8	N	2500	0	40	219	148	50	46	62	0	0	0	0	0	0	0	0	0	0	0	0	34927466	
1098	1	H	8	N	2500	0	40	421	170	50	43	62	0	0	0	0	0	0	0	0	0	0	0	0	34927466	
1099	1	H	8	N	2500	0	40	384	160	56	46	65	0	0	0	0	0	0	0	0	0	0	0	0	34927497	
1100	1	H	8	N	2500	0	40	330	139	41	39	55	0	0	0	0	0	0	0	0	0	0	0	0	34927637	
1101	1	H	8	N	2500	0	40	404	161	48	41	55	0	0	0	0	0	0	0	0	0	0	0	0	34927715	
1102	1	H	8	N	2500	0	40	313	127	33	29	42	0	0	0	0	0	0	0	0	0	0	0	0	34927731	
1103	1	H	8	N	2500	0	40	392	163	49	43	69	0	0	0	0	0	0	0	0	0	0	0	0	34927762	
1104	1	H	8	N	2500	0	40	382	150	44	37	52	0	0	0	0	0	0	0	0	0	0	0	0	34927809	
1105	1	H	8	N	2500	0	40	253	159	48	47	65	0	0	0	0	0	0	0	0	0	0	0	0	34927840	
1106	1	H	8	N	2500	0	40	345	132	38	34	52	0	0	0	0	0	0	0	0	0	0	0	0	34927871	
1107	1	H	8	N	2500	0	40	318	176	60	51	64	0	0	0	0	0	0	0	0	0	0	0	0	34927871	
1108	1	H	8	N	2500	0	40	321	129	38	38	54	0	0	0	0	0	0	0	0	0	0	0	0	34927887	
1109	1	H	8	N	2500	0	40	401	164	52	47	65	0	0	0	0	0	0	0	0	0	0	0	0	34927887	
1110	1	H	8	N	2500	0	40	367	147	39	32	50	0	0	0	0	0	0	0	0	0	0	0	0	34928012	
1111	1	H	8	N	2500	0	40	319	151	47	43	61	0	0	0	0	0	0	0	0	0	0	0	0	34928058	
1112	1	H	8	N	2500	0	40	290	135	40	33	48	0	0	0	0	0	0	0	0	0	0	0	0	34928105	
1113	1	H	8	N	2500	0	40	361	119	34	32	43	0	0	0	0	0	0	0	0	0	0	0	0	34928168	
1114	1	H	8	N	2500	0	40	332	131	39	33	47	0	0	0	0	0	0	0	0	0	0	0	0	34928277	
1115	1	H	8	N	2500	0	40	360	151	50	43	62	0	0	0	0	0	0	0	0	0	0	0	0	34928370	
1116	1	H	8	N	2500	0	40	351	156	50	41	57	0	0	0	0	0	0	0	0	0	0	0	0	34928417	
1117	1	H	8	N	2500	0	40	393	163	45	40	57	0	0	0	0	0	0	0	0	0	0	0	0	34928417	
1118	1	H	8	N	2500	0	40	439	150	38	32	55	0	0	0	0	0	0	0	0	0	0	0	0	34928433	
1119	1	H	8	N	2500	0	40	383	159	47	42	57	0	0	0	0	0	0	0	0	0	0	0	0	34928464	
1120	1	H	8	N	2500	0	40	529	207	60	54	76	0	0	0	0	0	0	0	0	0	0	0	0	34928636	
1121	1	H	8	N	2500	0	40	454	184	56	51	70	0	0	0	0	0	0	0	0	0	0	0	0	34928636	
1122	1	H	8	N	2500	0	40	361	136	44	36	56	0	0	0	0	0	0	0	0	0	0	0	0	34928651	
1123	1	H	8	N	2500	0	1	163	117	32	27	39	0	0	0	0	0	0	0	0	0	0	0	0	34928667	
1124	1	H	8	N	2500	0	40	303	101	27	21	31	0	0	0	0	0	0	0	0	0	0	0	0	34928760	
1125	1	H	8	N	2500	0	40	434	182	60	54	76	0	0	0	0	0	0	0	0	0	0	0	0	34928760	
1126	1	H	8	N	2500	0	40	354	138	41	37	52	0	0	0	0	0	0	0	0	0	0	0	0	34928792	
1127	1	H	8	N	2500	0	40	378	166	56	49	59	0	0	0	0	0	0	0	0	0	0	0	0	34928885	
1128	1	H	8	N	2500	0	40	248	152	46	39	52	0	0	0	0	0	0	0	0	0	0	0	0	34928885	
1129	1	H	8	N	2500	0	40	323	120	34	27	38	0	0	0	0	0	0	0	0	0	0	0	0	34929041	
1130	1	H	8	N	2500	0	1	127	60	11	11	11	0	0	0	0	0	0	0	0	0	0	0	0	34929088	
1131	1	H	8	N	2500	0	40	261	165	47	47	65	0	0	0	0	0	0	0	0	0	0	0	0	34929150	
1132	1	H	8	N	2500	0	1	243	69	15	15	22	0	0	0	0	0	0	0	0	0	0	0	0	34929197	
1133	1	H	8	N	2500	0	40	393	164	49	42	59	0	0	0	0	0	0	0	0	0	0	0	0	34929384	
1134	1	H	8	N	2500	0	40	404	150	48	41	60	0	0	0	0	0	0	0	0	0	0	0	0	34929509	
1135	1	H	8	N	2500	0	40	357	138	46	37	56	0	0	0	0	0	0	0	0	0	0	0	0	34929650	
1136	1	H	8	N	2500	0	40	377	143	42	34	51	0	0	0	0	0	0	0	0	0	0	0	0	34929821	
1137	1	H	8	N	2500	0	40	424	178	56	50	70	0	0	0	0	0	0	0	0	0	0	0	0	34929852	
1138	1	H	8	N	2500	0	40	351	150	50	40	55	0	0	0	0	0	0	0	0	0	0	0	0	34929899	
1139	1	H	8	N	2500	0	1	109	22	8	13	32	0	0	0	0	0	0	0	0	0	0	0	0	34929899	
1140	1	H	8	N	2500	0	40	327	131	37	31	44	0	0	0	0	0	0	0	0	0	0	0	0	34929993	
1141	1	H	8	N	2500	0	40	392	164	45	43	57	0	0	0	0	0	0	0	0	0	0	0	0	34929993	
1142	1	H	8	N	2500	0	40	300	107	29	24	33	0	0	0	0	0	0	0	0	0	0	0	0	34930040	
1143	1	H	8	N	2500	0	40	374	166	52	49	65	0	0	0	0	0	0	0	0	0	0	0	0	34930196	
1144	1	H	8	N	2500	0	40	297	115	32	29	42	0	0	0	0	0	0	0	0	0	0	0	0	34930258	
1145	1	H	8	N	2500	0	40	468	185	56	51	81	0	0	0	0	0	0	0	0	0	0	0	0	34930367	
1146	1	H	8	N	2500	0	40	341	131	37	31	50	0	0	0	0	0	0	0	0	0	0	0	0	34930367	
1147	1	H	8	N	2500	0	40	331	135	43	35	52	0	0	0	0	0	0	0	0	0	0	0	0	34930445	
1148	1	H	8	N	2500	0	40	315	163	57	49	68	0	0	0	0	0	0	0	0	0	0	0	0	34930476	
1149	1	H	8	N	2500	0	40	417	173	52	45	63	0	0	0	0	0	0	0	0	0	0	0	0	34930617	
1150	1	H	8	N	2500	0	40	393	163	53	43	58	0	0	0	0	0	0	0	0	0	0	0	0	34931007	
1151	1	H	8	N	2500	0	40	349	126	35	28	40	0	0	0	0	0	0	0	0	0	0	0	0	34931147	
1152	1	H	8	N	2500	0	40	252	156	44	39	57	0	0	0	0	0	0	0	0	0	0	0	0	34931194	
1153	1	H	8	N	2500	0	40	264	113	38	33	45	0	0	0	0	0	0	0	0	0	0	0	0	34931272	
1154	1	H	8	N	2500	0	40	235	149	47	40	50	0	0	0	0	0	0	0	0	0	0	0	0	34931459	
1155	1	H	8	N	2500	0	40	402	163	55	46	66	0	0	0	0	0	0	0	0	0	0	0	0	34932099	
1156	1	H	9	N	2500	6	40	319	130	44	37	51	0	0	0	0	0	0	0	0	0	0	0	0	34942644	
1157	1	H	9	N	2500	6	40	373	152	44	38	56	0	0	0	0	0	0	0	0	0	0	0	0	34944017	
1158	1	H	9	N	2500	2	1	160	95	33	29	38	0	0	0	0	0	0	0	0	0	0	0	0	34944704	
1159	1	H	9	N	2500	6	40	336	124	36	27	38	0	0	0	0	0	0	0	0	0	0	0	0	34945874	
1160	1	H	10	N	2500	2	2	462	216	71	69	107	0	0	0	0	0	0	0	0	0	0	0	0	34955171	
1161	1	H	10	N	2500	6	40	338	162	48	45	66	0	0	0	0	0	0	0	0	0	0	0	0	34956372	
1162	1	H	10	N	2500	6	40	361	147	42	38	53	0	0	0	0	0	0	0	0	0	0	0	0	34956404	
1163	1	H	10	N	2500	6	40	226	161	56	47	57	0	0	0	0	0	0	0	0	0	0	0	0	34956903	
1164	1	H	10	N	2500	0	40	431	185	57	52	87	0	0	0	0	0	0	0	0	0	0	0	0	34957589	
1165	1	H	10	N	2500	0	40	218	178	65	52	75	0	0	0	0	0	0	0	0	0	0	0	0	34957683	
1166	1	H	10	N	2500	0	2	231	204	74	70	101	0	0	0	0	0	0	0	0	0	0	0	0	34957776	
1167	1	H	10	N	2500	0	40	406	192	58	48	67	0	0	0	0	0	0	0	0	0	0	0	0	34957995	
1168	1	H	10	N	2500	0	40	187	149	44	36	52	0	0	0	0	0	0	0	0	0	0	0	0	34958494	
1169	1	H	10	N	2500	0	40	248	199	69	51	71	0	0	0	0	0	0	0	0	0	0	0	0	34958806	
1170	1	H	10	N	2500	0	40	330	180	56	47	64	0	0	0	0	0	0	0	0	0	0	0	0	34959321	
1171	1	H	10	N	2500	0	40	415	177	47	43	56	0	0	0	0	0	0	0	0	0	0	0	0	34959758	
1172	1	H	10	N	2500	0	40	202	150	50	40	51	0	0	0	0	0	0	0	0	0	0	0	0	34960553	
1173	1	H	10	N	2500	0	1	137	33	9	9	14	0	0	0	0	0	0	0	0	0	0	0	0	34961006	
1174	1	H	11	N	2500	6	40	339	133	36	30	40	0	0	0	0	0	0	0	0	0	0	0	0	34973829	
1175	1	H	12	N	2500	6	40	300	103	32	22	32	0	0	0	0	0	0	0	0	0	0	0	0	34984031	
1176	1	H	12	N	2500	2	1	119	31	7	5	10	0	0	0	0	0	0	0	0	0	0	0	0	34984281	
1177	1	H	12	N	2500	2	1	223	62	12	12	19	0	0	0	0	0	0	0	0	0	0	0	0	34984312	
1178	1	H	12	N	2500	2	1	252	84	22	19	25	0	0	0	0	0	0	0	0	0	0	0	0	34985108	
1179	1	H	12	N	2500	2	1	206	63	13	11	19	0	0	0	0	0	0	0	0	0	0	0	0	34986325	
1180	1	H	12	N	2500	2	1	254	82	23	18	29	0	0	0	0	0	0	0	0	0	0	0	0	34986403	
1181	1	H	12	N	2500	2	1	262	79	23	16	23	0	0	0	0	0	0	0	0	0	0	0	0	34986621	
1182	1	H	12	N	2500	2	1	267	80	21	17	26	0	0	0	0	0	0	0	0	0	0	0	0	34988633	
1183	1	H	12	N	2500	2	1	63	15	4	5	12	0	0	0	0	0	0	0	0	0	0	0	0	34988649	
1184	1	H	12	N	2500	6	40	239	99	24	20	33	0	0	0	0	0	0	0	0	0	0	0	0	34988805	
1185	1	H	12	N	2500	6	40	277	95	22	18	27	0	0	0	0	0	0	0	0	0	0	0	0	34989039	


Threshold source: EXT,  value 50
Min TOF = 50
EXT signal gain 1.6
Green signal gain 3.0
Yellow signal gain 3.0
Red signal gain 3.0
Green PMT voltage 700
Yellow PMT voltage 700
Red PMT voltage 900
Signal multipliers: 1.0,1.0,1.0,1.0
C:\Users\unionbio\Desktop\COPAS Templates\USE for L4 dispense4.csv