Id	Plate	Row	Column	Clog	Scan rate	Status sort	Status sel	TOF	EXT	Green	Yellow	Red	PH Ext	PW Ext	PC Ext	PH Green	PW Green	PCGreen	PH Yellow	PW Yellow	PCYellow	PH Red	PW Red	PCRed	Time Stamp	
0	1	A	1	N	2500	2	1	53	11	5	1	3	0	0	0	0	0	0	0	0	0	0	0	0	15513521	
1	1	A	1	N	2500	6	40	294	176	54	28	39	0	0	0	0	0	0	0	0	0	0	0	0	15513599	
2	1	A	1	N	2500	6	40	251	219	57	33	47	0	0	0	0	0	0	0	0	0	0	0	0	15513692	
3	1	A	1	N	2500	2	1	184	94	22	16	23	0	0	0	0	0	0	0	0	0	0	0	0	15513817	
4	1	A	1	N	2500	2	1	52	12	5	3	3	0	0	0	0	0	0	0	0	0	0	0	0	15513864	
5	1	A	1	N	2500	2	1	76	22	13	2	2	0	0	0	0	0	0	0	0	0	0	0	0	15513973	
6	1	A	1	N	2500	6	40	212	157	47	27	40	0	0	0	0	0	0	0	0	0	0	0	0	15514176	
7	1	A	1	N	2500	0	40	274	176	44	28	44	0	0	0	0	0	0	0	0	0	0	0	0	15514176	
8	1	A	1	N	2500	0	40	350	207	57	34	49	0	0	0	0	0	0	0	0	0	0	0	0	15514457	
9	1	A	1	N	2500	0	40	253	177	45	27	36	0	0	0	0	0	0	0	0	0	0	0	0	15514535	
10	1	A	1	N	2500	0	1	62	25	12	3	3	0	0	0	0	0	0	0	0	0	0	0	0	15514582	
11	1	A	1	N	2500	0	40	345	195	59	29	42	0	0	0	0	0	0	0	0	0	0	0	0	15514956	
12	1	A	1	N	2500	0	40	196	147	71	19	29	0	0	0	0	0	0	0	0	0	0	0	0	15515112	
13	1	A	1	N	2500	0	40	380	213	55	29	42	0	0	0	0	0	0	0	0	0	0	0	0	15515128	
14	1	A	1	N	2500	0	40	222	163	49	26	36	0	0	0	0	0	0	0	0	0	0	0	0	15515596	
15	1	A	1	N	2500	0	1	54	12	6	3	4	0	0	0	0	0	0	0	0	0	0	0	0	15515954	
16	1	A	1	N	2500	0	40	204	116	31	20	25	0	0	0	0	0	0	0	0	0	0	0	0	15516126	
17	1	A	1	N	2500	0	40	288	165	44	27	38	0	0	0	0	0	0	0	0	0	0	0	0	15516157	
18	1	A	1	N	2500	0	1	137	42	8	9	19	0	0	0	0	0	0	0	0	0	0	0	0	15516266	
19	1	A	1	N	2500	0	40	285	157	43	26	33	0	0	0	0	0	0	0	0	0	0	0	0	15516797	
20	1	A	1	N	2500	0	40	370	183	47	29	42	0	0	0	0	0	0	0	0	0	0	0	0	15517421	
21	1	A	1	N	2500	0	40	344	147	31	19	26	0	0	0	0	0	0	0	0	0	0	0	0	15517858	
22	1	A	1	N	2500	0	40	254	197	52	31	47	0	0	0	0	0	0	0	0	0	0	0	0	15518154	
23	1	A	1	N	2500	0	40	406	179	46	28	35	0	0	0	0	0	0	0	0	0	0	0	0	15518513	
24	1	A	1	N	2500	0	1	154	98	23	15	29	0	0	0	0	0	0	0	0	0	0	0	0	15518513	
25	1	A	1	N	2500	0	40	254	149	37	22	32	0	0	0	0	0	0	0	0	0	0	0	0	15518575	
26	1	A	1	N	2500	0	40	323	164	40	25	33	0	0	0	0	0	0	0	0	0	0	0	0	15518606	
27	1	A	1	N	2500	0	40	199	122	33	21	29	0	0	0	0	0	0	0	0	0	0	0	0	15518747	
28	1	A	1	N	2500	0	1	131	37	9	9	19	0	0	0	0	0	0	0	0	0	0	0	0	15518794	
29	1	A	1	N	2500	0	40	244	211	56	33	48	0	0	0	0	0	0	0	0	0	0	0	0	15518918	
30	1	A	1	N	2500	0	40	288	155	47	27	40	0	0	0	0	0	0	0	0	0	0	0	0	15519184	
31	1	A	1	N	2500	0	40	348	160	37	23	31	0	0	0	0	0	0	0	0	0	0	0	0	15519246	
32	1	A	1	N	2500	0	1	66	24	17	5	4	0	0	0	0	0	0	0	0	0	0	0	0	15519402	
33	1	A	1	N	2500	0	40	213	143	37	22	31	0	0	0	0	0	0	0	0	0	0	0	0	15519574	
34	1	A	1	N	2500	0	1	105	55	36	8	8	0	0	0	0	0	0	0	0	0	0	0	0	15519652	
35	1	A	1	N	2500	0	40	221	164	41	24	34	0	0	0	0	0	0	0	0	0	0	0	0	15519652	
36	1	A	1	N	2500	0	40	360	190	45	28	36	0	0	0	0	0	0	0	0	0	0	0	0	15519683	
37	1	A	1	N	2500	0	40	350	150	34	20	26	0	0	0	0	0	0	0	0	0	0	0	0	15520213	
38	1	A	1	N	2500	0	40	214	164	38	23	33	0	0	0	0	0	0	0	0	0	0	0	0	15520276	
39	1	A	1	N	2500	0	40	244	137	40	24	33	0	0	0	0	0	0	0	0	0	0	0	0	15520744	
40	1	B	1	N	2500	6	40	337	207	56	32	46	0	0	0	0	0	0	0	0	0	0	0	0	15527982	
41	1	B	1	N	2500	6	40	429	206	55	31	40	0	0	0	0	0	0	0	0	0	0	0	0	15528388	
42	1	B	1	N	2500	6	40	340	185	54	28	42	0	0	0	0	0	0	0	0	0	0	0	0	15528918	
43	1	B	1	N	2500	0	40	252	143	37	24	32	0	0	0	0	0	0	0	0	0	0	0	0	15529136	
44	1	B	1	N	2500	0	1	165	84	21	16	25	0	0	0	0	0	0	0	0	0	0	0	0	15529542	
45	1	B	1	N	2500	0	40	391	189	51	27	42	0	0	0	0	0	0	0	0	0	0	0	0	15530197	
46	1	B	1	N	2500	0	40	441	216	60	29	43	0	0	0	0	0	0	0	0	0	0	0	0	15530306	
47	1	B	1	N	2500	0	40	415	195	60	30	40	0	0	0	0	0	0	0	0	0	0	0	0	15530587	
48	1	B	1	N	2500	0	40	423	186	43	27	37	0	0	0	0	0	0	0	0	0	0	0	0	15531040	
49	1	B	1	N	2500	0	2	216	119	22	16	25	0	0	0	0	0	0	0	0	0	0	0	0	15531648	
50	1	B	1	N	2500	0	1	114	26	5	5	11	0	0	0	0	0	0	0	0	0	0	0	0	15532147	
51	1	B	1	N	2500	0	40	389	183	44	27	41	0	0	0	0	0	0	0	0	0	0	0	0	15532225	
52	1	B	1	N	2500	0	40	344	204	62	34	47	0	0	0	0	0	0	0	0	0	0	0	0	15532241	
53	1	B	1	N	2500	0	40	355	169	43	23	34	0	0	0	0	0	0	0	0	0	0	0	0	15532646	
54	1	B	1	N	2500	0	40	415	174	40	24	39	0	0	0	0	0	0	0	0	0	0	0	0	15532818	
55	1	B	1	N	2500	0	40	193	148	34	23	30	0	0	0	0	0	0	0	0	0	0	0	0	15533083	
56	1	B	1	N	2500	0	40	325	161	38	22	29	0	0	0	0	0	0	0	0	0	0	0	0	15533114	
57	1	B	1	N	2500	0	1	107	25	5	5	8	0	0	0	0	0	0	0	0	0	0	0	0	15533286	
58	1	B	1	N	2500	0	40	242	164	40	26	34	0	0	0	0	0	0	0	0	0	0	0	0	15533380	
59	1	B	1	N	2500	0	40	368	189	51	29	43	0	0	0	0	0	0	0	0	0	0	0	0	15534004	
60	1	B	1	N	2500	0	1	120	62	21	14	19	0	0	0	0	0	0	0	0	0	0	0	0	15534331	
61	1	C	1	N	2500	6	40	243	174	45	25	32	0	0	0	0	0	0	0	0	0	0	0	0	15541663	
62	1	C	1	N	2500	2	2	207	128	26	17	22	0	0	0	0	0	0	0	0	0	0	0	0	15542474	
63	1	C	1	N	2500	2	1	114	82	25	12	16	0	0	0	0	0	0	0	0	0	0	0	0	15542927	
64	1	C	1	N	2500	6	40	322	146	32	19	23	0	0	0	0	0	0	0	0	0	0	0	0	15543551	
65	1	C	1	N	2500	6	40	218	165	45	27	35	0	0	0	0	0	0	0	0	0	0	0	0	15543613	
66	1	C	1	N	2500	0	40	363	166	39	21	33	0	0	0	0	0	0	0	0	0	0	0	0	15544097	
67	1	C	1	N	2500	0	40	199	159	41	26	36	0	0	0	0	0	0	0	0	0	0	0	0	15544237	
68	1	C	1	N	2500	0	1	137	113	33	18	21	0	0	0	0	0	0	0	0	0	0	0	0	15544471	
69	1	C	1	N	2500	0	40	351	179	42	24	36	0	0	0	0	0	0	0	0	0	0	0	0	15544502	
70	1	C	1	N	2500	0	40	222	170	51	27	36	0	0	0	0	0	0	0	0	0	0	0	0	15544580	
71	1	C	1	N	2500	0	40	430	198	50	32	40	0	0	0	0	0	0	0	0	0	0	0	0	15544736	
72	1	C	1	N	2500	0	40	316	159	42	23	32	0	0	0	0	0	0	0	0	0	0	0	0	15545220	
73	1	C	1	N	2500	0	40	333	170	43	23	29	0	0	0	0	0	0	0	0	0	0	0	0	15545298	
74	1	C	1	N	2500	0	40	277	186	54	29	38	0	0	0	0	0	0	0	0	0	0	0	0	15545548	
75	1	C	1	N	2500	0	40	431	235	56	39	47	0	0	0	0	0	0	0	0	0	0	0	0	15545641	
76	1	C	1	N	2500	0	40	268	230	68	43	58	0	0	0	0	0	0	0	0	0	0	0	0	15545704	
77	1	C	1	N	2500	0	40	442	199	51	31	42	0	0	0	0	0	0	0	0	0	0	0	0	15546187	
78	1	C	1	N	2500	0	40	303	179	55	32	44	0	0	0	0	0	0	0	0	0	0	0	0	15546343	
79	1	C	1	N	2500	0	40	308	190	45	27	38	0	0	0	0	0	0	0	0	0	0	0	0	15546390	
80	1	C	1	N	2500	0	40	392	200	54	32	43	0	0	0	0	0	0	0	0	0	0	0	0	15546421	
81	1	C	1	N	2500	0	1	317	125	32	19	30	0	0	0	0	0	0	0	0	0	0	0	0	15546437	
82	1	C	1	N	2500	0	40	349	183	43	26	37	0	0	0	0	0	0	0	0	0	0	0	0	15546468	
83	1	C	1	N	2500	0	40	194	150	39	23	31	0	0	0	0	0	0	0	0	0	0	0	0	15546546	
84	1	C	1	N	2500	0	1	213	77	17	10	17	0	0	0	0	0	0	0	0	0	0	0	0	15546546	
85	1	C	1	N	2500	0	1	57	25	7	7	12	0	0	0	0	0	0	0	0	0	0	0	0	15546624	
86	1	C	1	N	2500	0	40	330	155	37	23	34	0	0	0	0	0	0	0	0	0	0	0	0	15546796	
87	1	C	1	N	2500	0	40	349	168	40	23	31	0	0	0	0	0	0	0	0	0	0	0	0	15546811	
88	1	C	1	N	2500	0	1	56	14	2	0	1	0	0	0	0	0	0	0	0	0	0	0	0	15546827	
89	1	C	1	N	2500	0	40	197	130	31	18	24	0	0	0	0	0	0	0	0	0	0	0	0	15547544	
90	1	C	1	N	2500	0	2	246	114	24	16	23	0	0	0	0	0	0	0	0	0	0	0	0	15547576	
91	1	C	1	N	2500	0	1	111	29	6	6	11	0	0	0	0	0	0	0	0	0	0	0	0	15547591	
92	1	C	1	N	2500	0	1	210	99	22	14	19	0	0	0	0	0	0	0	0	0	0	0	0	15547747	
93	1	C	1	N	2500	0	40	334	155	33	21	30	0	0	0	0	0	0	0	0	0	0	0	0	15547981	
94	1	C	1	N	2500	0	1	180	128	30	20	26	0	0	0	0	0	0	0	0	0	0	0	0	15548574	
95	1	C	1	N	2500	0	40	213	177	43	27	38	0	0	0	0	0	0	0	0	0	0	0	0	15548605	
96	1	C	1	N	2500	0	1	289	114	24	14	19	0	0	0	0	0	0	0	0	0	0	0	0	15549026	
97	1	C	1	N	2500	0	40	215	164	51	30	39	0	0	0	0	0	0	0	0	0	0	0	0	15549182	
98	1	D	1	N	2500	6	40	367	186	49	28	38	0	0	0	0	0	0	0	0	0	0	0	0	15556686	
99	1	D	1	N	2500	6	40	239	221	56	31	39	0	0	0	0	0	0	0	0	0	0	0	0	15556702	
100	1	D	1	N	2500	6	40	199	119	34	21	28	0	0	0	0	0	0	0	0	0	0	0	0	15556795	
101	1	D	1	N	2500	0	40	289	194	50	26	33	0	0	0	0	0	0	0	0	0	0	0	0	15557138	
102	1	D	1	N	2500	0	40	232	156	39	22	30	0	0	0	0	0	0	0	0	0	0	0	0	15557170	
103	1	D	1	N	2500	0	40	287	192	57	34	42	0	0	0	0	0	0	0	0	0	0	0	0	15557606	
104	1	D	1	N	2500	0	40	355	161	41	23	36	0	0	0	0	0	0	0	0	0	0	0	0	15557762	
105	1	D	1	N	2500	0	40	268	168	45	25	36	0	0	0	0	0	0	0	0	0	0	0	0	15557794	
106	1	D	1	N	2500	0	40	325	232	74	42	56	0	0	0	0	0	0	0	0	0	0	0	0	15558464	
107	1	D	1	N	2500	0	40	218	160	41	25	36	0	0	0	0	0	0	0	0	0	0	0	0	15558761	
108	1	D	1	N	2500	0	40	354	179	45	29	40	0	0	0	0	0	0	0	0	0	0	0	0	15558839	
109	1	D	1	N	2500	0	40	364	176	53	28	44	0	0	0	0	0	0	0	0	0	0	0	0	15559244	
110	1	D	1	N	2500	0	40	213	154	34	24	29	0	0	0	0	0	0	0	0	0	0	0	0	15559556	
111	1	D	1	N	2500	0	40	329	213	66	33	46	0	0	0	0	0	0	0	0	0	0	0	0	15559650	
112	1	D	1	N	2500	0	40	258	179	39	24	28	0	0	0	0	0	0	0	0	0	0	0	0	15559884	
113	1	D	1	N	2500	0	1	58	38	15	14	25	0	0	0	0	0	0	0	0	0	0	0	0	15559900	
114	1	D	1	N	2500	0	40	372	185	51	29	43	0	0	0	0	0	0	0	0	0	0	0	0	15559946	
115	1	D	1	N	2500	0	40	205	149	35	20	24	0	0	0	0	0	0	0	0	0	0	0	0	15560243	
116	1	D	1	N	2500	0	40	419	166	39	22	30	0	0	0	0	0	0	0	0	0	0	0	0	15560290	
117	1	D	1	N	2500	0	40	175	188	50	32	44	0	0	0	0	0	0	0	0	0	0	0	0	15561319	
118	1	D	1	N	2500	0	40	426	240	68	37	45	0	0	0	0	0	0	0	0	0	0	0	0	15561382	
119	1	D	1	N	2500	0	1	480	253	65	36	49	0	0	0	0	0	0	0	0	0	0	0	0	15561725	
120	1	D	1	N	2500	0	40	220	144	39	21	33	0	0	0	0	0	0	0	0	0	0	0	0	15562021	
121	1	D	1	N	2500	0	40	338	162	41	23	34	0	0	0	0	0	0	0	0	0	0	0	0	15562052	
122	1	D	1	N	2500	0	40	217	141	30	19	30	0	0	0	0	0	0	0	0	0	0	0	0	15562552	
123	1	D	1	N	2500	0	40	352	164	39	24	31	0	0	0	0	0	0	0	0	0	0	0	0	15562583	
124	1	D	1	N	2500	0	2	215	111	24	16	26	0	0	0	0	0	0	0	0	0	0	0	0	15562630	
125	1	D	1	N	2500	0	40	236	172	42	27	33	0	0	0	0	0	0	0	0	0	0	0	0	15562957	
126	1	D	1	N	2500	0	40	214	162	41	24	33	0	0	0	0	0	0	0	0	0	0	0	0	15563020	
127	1	D	1	N	2500	0	40	422	217	53	29	44	0	0	0	0	0	0	0	0	0	0	0	0	15563269	
128	1	E	1	N	2500	2	1	131	78	16	11	16	0	0	0	0	0	0	0	0	0	0	0	0	15570133	
129	1	E	1	N	2500	2	1	62	25	8	8	14	0	0	0	0	0	0	0	0	0	0	0	0	15570289	
130	1	E	1	N	2500	6	40	340	139	33	21	29	0	0	0	0	0	0	0	0	0	0	0	0	15570305	
131	1	E	1	N	2500	2	1	264	111	30	17	27	0	0	0	0	0	0	0	0	0	0	0	0	15570414	
132	1	E	1	N	2500	6	40	404	184	50	30	41	0	0	0	0	0	0	0	0	0	0	0	0	15570695	
133	1	E	1	N	2500	6	40	357	170	38	23	34	0	0	0	0	0	0	0	0	0	0	0	0	15570804	
134	1	E	1	N	2500	0	1	78	14	2	0	1	0	0	0	0	0	0	0	0	0	0	0	0	15570851	
135	1	E	1	N	2500	0	40	209	179	53	33	44	0	0	0	0	0	0	0	0	0	0	0	0	15570944	
136	1	E	1	N	2500	0	40	353	181	53	32	39	0	0	0	0	0	0	0	0	0	0	0	0	15570960	
137	1	E	1	N	2500	0	40	302	157	42	29	39	0	0	0	0	0	0	0	0	0	0	0	0	15570976	
138	1	E	1	N	2500	0	40	224	163	43	27	39	0	0	0	0	0	0	0	0	0	0	0	0	15571022	
139	1	E	1	N	2500	0	40	233	170	43	24	31	0	0	0	0	0	0	0	0	0	0	0	0	15571475	
140	1	E	1	N	2500	0	40	376	166	46	27	38	0	0	0	0	0	0	0	0	0	0	0	0	15571740	
141	1	E	1	N	2500	0	40	236	162	51	30	40	0	0	0	0	0	0	0	0	0	0	0	0	15571771	
142	1	E	1	N	2500	0	40	342	185	55	29	39	0	0	0	0	0	0	0	0	0	0	0	0	15572442	
143	1	E	1	N	2500	0	40	437	192	56	32	47	0	0	0	0	0	0	0	0	0	0	0	0	15572645	
144	1	E	1	N	2500	0	40	414	201	50	30	45	0	0	0	0	0	0	0	0	0	0	0	0	15572926	
145	1	E	1	N	2500	0	1	71	30	5	5	12	0	0	0	0	0	0	0	0	0	0	0	0	15573144	
146	1	E	1	N	2500	0	40	244	149	35	24	31	0	0	0	0	0	0	0	0	0	0	0	0	15573409	
147	1	E	1	N	2500	0	40	358	170	46	28	36	0	0	0	0	0	0	0	0	0	0	0	0	15573643	
148	1	E	1	N	2500	0	40	297	156	38	25	36	0	0	0	0	0	0	0	0	0	0	0	0	15573940	
149	1	E	1	N	2500	0	40	352	205	59	35	53	0	0	0	0	0	0	0	0	0	0	0	0	15574049	
150	1	E	1	N	2500	0	40	373	202	58	35	45	0	0	0	0	0	0	0	0	0	0	0	0	15574158	
151	1	E	1	N	2500	0	1	235	234	64	40	53	0	0	0	0	0	0	0	0	0	0	0	0	15574454	
152	1	E	1	N	2500	0	1	179	81	22	15	24	0	0	0	0	0	0	0	0	0	0	0	0	15574642	
153	1	E	1	N	2500	0	40	375	179	48	28	37	0	0	0	0	0	0	0	0	0	0	0	0	15574735	
154	1	E	1	N	2500	0	40	380	188	48	28	37	0	0	0	0	0	0	0	0	0	0	0	0	15574860	
155	1	E	1	N	2500	0	40	311	209	53	31	41	0	0	0	0	0	0	0	0	0	0	0	0	15574876	
156	1	E	1	N	2500	0	40	405	152	39	25	34	0	0	0	0	0	0	0	0	0	0	0	0	15575234	
157	1	E	1	N	2500	0	40	236	172	47	29	44	0	0	0	0	0	0	0	0	0	0	0	0	15575234	
158	1	E	1	N	2500	0	40	206	167	46	24	34	0	0	0	0	0	0	0	0	0	0	0	0	15575266	
159	1	E	1	N	2500	0	40	477	233	61	36	53	0	0	0	0	0	0	0	0	0	0	0	0	15575328	
160	1	E	1	N	2500	0	40	370	162	42	26	39	0	0	0	0	0	0	0	0	0	0	0	0	15575468	
161	1	E	1	N	2500	0	40	241	136	35	22	30	0	0	0	0	0	0	0	0	0	0	0	0	15575468	
162	1	E	1	N	2500	0	40	240	182	51	30	40	0	0	0	0	0	0	0	0	0	0	0	0	15575546	
163	1	E	1	N	2500	0	40	276	151	43	24	33	0	0	0	0	0	0	0	0	0	0	0	0	15575562	
164	1	E	1	N	2500	0	40	311	147	37	21	28	0	0	0	0	0	0	0	0	0	0	0	0	15575624	
165	1	E	1	N	2500	0	40	359	135	31	20	25	0	0	0	0	0	0	0	0	0	0	0	0	15575656	
166	1	E	1	N	2500	0	40	356	175	46	27	43	0	0	0	0	0	0	0	0	0	0	0	0	15576030	
167	1	E	1	N	2500	0	40	367	221	62	36	49	0	0	0	0	0	0	0	0	0	0	0	0	15576124	
168	1	E	1	N	2500	0	40	286	160	43	26	36	0	0	0	0	0	0	0	0	0	0	0	0	15576170	
169	1	E	1	N	2500	0	40	232	148	37	22	29	0	0	0	0	0	0	0	0	0	0	0	0	15576217	
170	1	E	1	N	2500	0	40	239	178	45	27	36	0	0	0	0	0	0	0	0	0	0	0	0	15576295	
171	1	E	1	N	2500	0	40	235	160	42	25	36	0	0	0	0	0	0	0	0	0	0	0	0	15576514	
172	1	E	1	N	2500	0	40	209	155	34	21	31	0	0	0	0	0	0	0	0	0	0	0	0	15576529	
173	1	E	1	N	2500	0	40	314	179	51	29	44	0	0	0	0	0	0	0	0	0	0	0	0	15576654	
174	1	E	1	N	2500	0	40	223	152	47	25	35	0	0	0	0	0	0	0	0	0	0	0	0	15577075	
175	1	E	1	N	2500	0	1	191	79	16	9	14	0	0	0	0	0	0	0	0	0	0	0	0	15577309	
176	1	E	1	N	2500	0	40	207	150	45	26	35	0	0	0	0	0	0	0	0	0	0	0	0	15577356	
177	1	E	1	N	2500	0	40	313	130	28	18	24	0	0	0	0	0	0	0	0	0	0	0	0	15577465	
178	1	E	1	N	2500	0	1	57	23	8	0	1	0	0	0	0	0	0	0	0	0	0	0	0	15577543	
179	1	E	1	N	2500	0	40	381	202	52	29	42	0	0	0	0	0	0	0	0	0	0	0	0	15577684	
180	1	F	1	N	2500	6	40	217	172	48	25	34	0	0	0	0	0	0	0	0	0	0	0	0	15584610	
181	1	F	1	N	2500	6	40	256	142	34	22	30	0	0	0	0	0	0	0	0	0	0	0	0	15585234	
182	1	F	1	N	2500	6	40	274	141	31	19	32	0	0	0	0	0	0	0	0	0	0	0	0	15585780	
183	1	F	1	N	2500	0	1	269	96	17	14	20	0	0	0	0	0	0	0	0	0	0	0	0	15586014	
184	1	F	1	N	2500	0	40	289	172	42	24	34	0	0	0	0	0	0	0	0	0	0	0	0	15586092	
185	1	F	1	N	2500	0	1	143	48	28	15	18	0	0	0	0	0	0	0	0	0	0	0	0	15586154	
186	1	F	1	N	2500	0	1	57	17	9	5	5	0	0	0	0	0	0	0	0	0	0	0	0	15586154	
187	1	F	1	N	2500	0	1	78	24	5	2	4	0	0	0	0	0	0	0	0	0	0	0	0	15586700	
188	1	F	1	N	2500	0	1	161	99	23	15	21	0	0	0	0	0	0	0	0	0	0	0	0	15586700	
189	1	F	1	N	2500	0	1	563	295	80	43	60	0	0	0	0	0	0	0	0	0	0	0	0	15586950	
190	1	F	1	N	2500	0	40	206	125	33	20	31	0	0	0	0	0	0	0	0	0	0	0	0	15587012	
191	1	F	1	N	2500	0	40	202	179	51	30	38	0	0	0	0	0	0	0	0	0	0	0	0	15587324	
192	1	F	1	N	2500	0	40	323	186	47	29	46	0	0	0	0	0	0	0	0	0	0	0	0	15587387	
193	1	F	1	N	2500	0	1	498	184	41	28	38	0	0	0	0	0	0	0	0	0	0	0	0	15587402	
194	1	F	1	N	2500	0	40	387	160	45	24	36	0	0	0	0	0	0	0	0	0	0	0	0	15587746	
195	1	F	1	N	2500	0	40	223	170	45	30	38	0	0	0	0	0	0	0	0	0	0	0	0	15588245	
196	1	F	1	N	2500	0	1	63	23	11	10	14	0	0	0	0	0	0	0	0	0	0	0	0	15588245	
197	1	F	1	N	2500	0	40	262	209	55	37	49	0	0	0	0	0	0	0	0	0	0	0	0	15588385	
198	1	F	1	N	2500	0	1	182	102	25	17	23	0	0	0	0	0	0	0	0	0	0	0	0	15588479	
199	1	F	1	N	2500	0	40	396	174	46	25	39	0	0	0	0	0	0	0	0	0	0	0	0	15588541	
200	1	F	1	N	2500	0	40	219	129	28	19	29	0	0	0	0	0	0	0	0	0	0	0	0	15588682	
201	1	F	1	N	2500	0	40	280	172	41	27	39	0	0	0	0	0	0	0	0	0	0	0	0	15588697	
202	1	F	1	N	2500	0	1	73	22	6	6	13	0	0	0	0	0	0	0	0	0	0	0	0	15588822	
203	1	F	1	N	2500	0	40	373	152	36	21	34	0	0	0	0	0	0	0	0	0	0	0	0	15588947	
204	1	F	1	N	2500	0	40	226	177	46	30	37	0	0	0	0	0	0	0	0	0	0	0	0	15589009	
205	1	F	1	N	2500	0	1	51	11	4	4	10	0	0	0	0	0	0	0	0	0	0	0	0	15589009	
206	1	F	1	N	2500	0	1	289	118	22	15	19	0	0	0	0	0	0	0	0	0	0	0	0	15589072	
207	1	F	1	N	2500	0	40	263	146	39	23	33	0	0	0	0	0	0	0	0	0	0	0	0	15589306	
208	1	F	1	N	2500	0	40	261	168	45	29	39	0	0	0	0	0	0	0	0	0	0	0	0	15589477	
209	1	F	1	N	2500	0	40	211	149	53	30	43	0	0	0	0	0	0	0	0	0	0	0	0	15589680	
210	1	F	1	N	2500	0	40	363	199	54	31	42	0	0	0	0	0	0	0	0	0	0	0	0	15589680	
211	1	F	1	N	2500	0	40	236	126	38	24	34	0	0	0	0	0	0	0	0	0	0	0	0	15589696	
212	1	F	1	N	2500	0	40	358	161	34	19	23	0	0	0	0	0	0	0	0	0	0	0	0	15589742	
213	1	F	1	N	2500	0	40	355	192	50	28	41	0	0	0	0	0	0	0	0	0	0	0	0	15589867	
214	1	F	1	N	2500	0	40	411	202	48	29	40	0	0	0	0	0	0	0	0	0	0	0	0	15590023	
215	1	F	1	N	2500	0	40	257	159	48	25	37	0	0	0	0	0	0	0	0	0	0	0	0	15590429	
216	1	F	1	N	2500	0	40	363	194	49	29	38	0	0	0	0	0	0	0	0	0	0	0	0	15590429	
217	1	F	1	N	2500	0	40	251	167	49	26	40	0	0	0	0	0	0	0	0	0	0	0	0	15590444	
218	1	F	1	N	2500	0	40	409	179	46	27	37	0	0	0	0	0	0	0	0	0	0	0	0	15590585	
219	1	F	1	N	2500	0	40	354	179	43	25	34	0	0	0	0	0	0	0	0	0	0	0	0	15590600	
220	1	F	1	N	2500	0	40	339	194	52	32	42	0	0	0	0	0	0	0	0	0	0	0	0	15590694	
221	1	F	1	N	2500	0	1	75	21	6	5	7	0	0	0	0	0	0	0	0	0	0	0	0	15590741	
222	1	F	1	N	2500	0	40	362	238	67	41	54	0	0	0	0	0	0	0	0	0	0	0	0	15591209	
223	1	F	1	N	2500	0	40	373	203	50	30	42	0	0	0	0	0	0	0	0	0	0	0	0	15591209	
224	1	F	1	N	2500	0	40	364	181	52	28	38	0	0	0	0	0	0	0	0	0	0	0	0	15591349	
225	1	G	1	N	2500	2	1	263	107	26	17	24	0	0	0	0	0	0	0	0	0	0	0	0	15598650	
226	1	G	1	N	2500	6	40	396	164	40	26	42	0	0	0	0	0	0	0	0	0	0	0	0	15599180	
227	1	G	1	N	2500	6	40	201	141	34	21	30	0	0	0	0	0	0	0	0	0	0	0	0	15599274	
228	1	G	1	N	2500	6	40	373	198	56	31	45	0	0	0	0	0	0	0	0	0	0	0	0	15599383	
229	1	G	1	N	2500	0	40	283	155	45	28	37	0	0	0	0	0	0	0	0	0	0	0	0	15599399	
230	1	G	1	N	2500	0	40	238	156	48	28	38	0	0	0	0	0	0	0	0	0	0	0	0	15599414	
231	1	G	1	N	2500	0	1	235	98	25	16	22	0	0	0	0	0	0	0	0	0	0	0	0	15599633	
232	1	G	1	N	2500	0	40	197	121	31	17	27	0	0	0	0	0	0	0	0	0	0	0	0	15599664	
233	1	G	1	N	2500	0	40	260	148	46	24	33	0	0	0	0	0	0	0	0	0	0	0	0	15599711	
234	1	G	1	N	2500	0	40	204	130	40	25	35	0	0	0	0	0	0	0	0	0	0	0	0	15599898	
235	1	G	1	N	2500	0	40	370	175	42	26	40	0	0	0	0	0	0	0	0	0	0	0	0	15599960	
236	1	G	1	N	2500	0	40	188	129	28	20	28	0	0	0	0	0	0	0	0	0	0	0	0	15600116	
237	1	G	1	N	2500	0	1	50	25	8	7	14	0	0	0	0	0	0	0	0	0	0	0	0	15600132	
238	1	G	1	N	2500	0	40	454	197	48	31	48	0	0	0	0	0	0	0	0	0	0	0	0	15600553	
239	1	G	1	N	2500	0	40	187	149	39	21	31	0	0	0	0	0	0	0	0	0	0	0	0	15600616	
240	1	G	1	N	2500	0	40	232	181	45	26	35	0	0	0	0	0	0	0	0	0	0	0	0	15601099	
241	1	G	1	N	2500	0	40	389	231	57	35	48	0	0	0	0	0	0	0	0	0	0	0	0	15601177	
242	1	G	1	N	2500	0	40	365	201	51	31	47	0	0	0	0	0	0	0	0	0	0	0	0	15601287	
243	1	G	1	N	2500	0	40	280	168	44	28	36	0	0	0	0	0	0	0	0	0	0	0	0	15601396	
244	1	G	1	N	2500	0	40	354	181	49	30	41	0	0	0	0	0	0	0	0	0	0	0	0	15601521	
245	1	G	1	N	2500	0	40	395	203	49	31	45	0	0	0	0	0	0	0	0	0	0	0	0	15601583	
246	1	G	1	N	2500	0	40	171	192	50	35	49	0	0	0	0	0	0	0	0	0	0	0	0	15601599	
247	1	G	1	N	2500	0	40	268	162	40	26	33	0	0	0	0	0	0	0	0	0	0	0	0	15601817	
248	1	G	1	N	2500	0	1	207	104	38	24	30	0	0	0	0	0	0	0	0	0	0	0	0	15601957	
249	1	G	1	N	2500	0	40	180	148	39	25	33	0	0	0	0	0	0	0	0	0	0	0	0	15602020	
250	1	G	1	N	2500	0	1	456	141	42	22	33	0	0	0	0	0	0	0	0	0	0	0	0	15602254	
251	1	G	1	N	2500	0	40	199	138	30	19	27	0	0	0	0	0	0	0	0	0	0	0	0	15602301	
252	1	G	1	N	2500	0	40	340	163	38	21	30	0	0	0	0	0	0	0	0	0	0	0	0	15602347	
253	1	G	1	N	2500	0	40	332	165	42	26	38	0	0	0	0	0	0	0	0	0	0	0	0	15602581	
254	1	G	1	N	2500	0	40	239	165	44	26	34	0	0	0	0	0	0	0	0	0	0	0	0	15602940	
255	1	G	1	N	2500	0	40	263	156	43	26	36	0	0	0	0	0	0	0	0	0	0	0	0	15603018	
256	1	G	1	N	2500	0	40	423	172	39	24	32	0	0	0	0	0	0	0	0	0	0	0	0	15603112	
257	1	G	1	N	2500	0	40	370	196	57	32	43	0	0	0	0	0	0	0	0	0	0	0	0	15603143	
258	1	G	1	N	2500	0	40	371	174	49	28	39	0	0	0	0	0	0	0	0	0	0	0	0	15603159	
259	1	G	1	N	2500	0	40	313	229	68	38	56	0	0	0	0	0	0	0	0	0	0	0	0	15603205	
260	1	G	1	N	2500	0	40	216	182	46	26	37	0	0	0	0	0	0	0	0	0	0	0	0	15603221	
261	1	G	1	N	2500	0	40	209	182	48	28	40	0	0	0	0	0	0	0	0	0	0	0	0	15603346	
262	1	G	1	N	2500	0	40	285	189	55	31	43	0	0	0	0	0	0	0	0	0	0	0	0	15603377	
263	1	G	1	N	2500	0	40	267	167	41	27	38	0	0	0	0	0	0	0	0	0	0	0	0	15603549	
264	1	G	1	N	2500	0	40	207	136	33	20	33	0	0	0	0	0	0	0	0	0	0	0	0	15603611	
265	1	G	1	N	2500	0	40	344	160	37	23	34	0	0	0	0	0	0	0	0	0	0	0	0	15603689	
266	1	G	1	N	2500	0	40	234	142	37	25	33	0	0	0	0	0	0	0	0	0	0	0	0	15603736	
267	1	G	1	N	2500	0	40	290	159	47	26	37	0	0	0	0	0	0	0	0	0	0	0	0	15603829	
268	1	G	1	N	2500	0	40	197	168	47	30	39	0	0	0	0	0	0	0	0	0	0	0	0	15603923	
269	1	G	1	N	2500	0	40	360	213	63	37	55	0	0	0	0	0	0	0	0	0	0	0	0	15603939	
270	1	G	1	N	2500	0	40	374	225	54	32	49	0	0	0	0	0	0	0	0	0	0	0	0	15603970	
271	1	G	1	N	2500	0	2	499	236	62	38	54	0	0	0	0	0	0	0	0	0	0	0	0	15604048	
272	1	G	1	N	2500	0	40	222	163	42	26	38	0	0	0	0	0	0	0	0	0	0	0	0	15604110	
273	1	G	1	N	2500	0	40	252	221	54	35	47	0	0	0	0	0	0	0	0	0	0	0	0	15604110	
274	1	G	1	N	2500	0	40	374	182	43	26	44	0	0	0	0	0	0	0	0	0	0	0	0	15604110	
275	1	G	1	N	2500	0	40	349	200	54	31	43	0	0	0	0	0	0	0	0	0	0	0	0	15604126	
276	1	G	1	N	2500	0	1	119	59	12	8	15	0	0	0	0	0	0	0	0	0	0	0	0	15604219	
277	1	G	1	N	2500	0	40	231	141	30	22	28	0	0	0	0	0	0	0	0	0	0	0	0	15604360	
278	1	G	1	N	2500	0	40	381	152	33	22	27	0	0	0	0	0	0	0	0	0	0	0	0	15604407	
279	1	G	1	N	2500	0	40	355	160	42	24	34	0	0	0	0	0	0	0	0	0	0	0	0	15604516	
280	1	G	1	N	2500	0	40	393	155	42	24	38	0	0	0	0	0	0	0	0	0	0	0	0	15604547	
281	1	G	1	N	2500	0	40	202	147	44	24	35	0	0	0	0	0	0	0	0	0	0	0	0	15604578	
282	1	G	1	N	2500	0	40	411	202	58	31	46	0	0	0	0	0	0	0	0	0	0	0	0	15604625	
283	1	G	1	N	2500	0	40	369	159	39	24	35	0	0	0	0	0	0	0	0	0	0	0	0	15604656	
284	1	G	1	N	2500	0	40	298	168	41	26	30	0	0	0	0	0	0	0	0	0	0	0	0	15604812	
285	1	G	1	N	2500	0	40	354	188	53	32	47	0	0	0	0	0	0	0	0	0	0	0	0	15604890	
286	1	G	1	N	2500	0	1	182	61	11	8	14	0	0	0	0	0	0	0	0	0	0	0	0	15605062	
287	1	G	1	N	2500	0	40	279	184	42	25	36	0	0	0	0	0	0	0	0	0	0	0	0	15605077	
288	1	G	1	N	2500	0	40	230	195	49	31	44	0	0	0	0	0	0	0	0	0	0	0	0	15605171	
289	1	G	1	N	2500	0	40	386	165	37	21	33	0	0	0	0	0	0	0	0	0	0	0	0	15605280	
290	1	G	1	N	2500	0	40	355	177	43	24	37	0	0	0	0	0	0	0	0	0	0	0	0	15605343	
291	1	G	1	N	2500	0	40	353	186	47	28	40	0	0	0	0	0	0	0	0	0	0	0	0	15605389	
292	1	G	1	N	2500	0	40	391	154	33	20	30	0	0	0	0	0	0	0	0	0	0	0	0	15605452	
293	1	G	1	N	2500	0	1	143	35	8	7	13	0	0	0	0	0	0	0	0	0	0	0	0	15605467	
294	1	G	1	N	2500	0	40	270	162	34	22	28	0	0	0	0	0	0	0	0	0	0	0	0	15605779	
295	1	G	1	N	2500	0	1	228	85	17	11	18	0	0	0	0	0	0	0	0	0	0	0	0	15606045	
296	1	A	2	N	2500	6	40	178	151	36	22	28	0	0	0	0	0	0	0	0	0	0	0	0	15628462	
297	1	A	2	N	2500	6	40	318	161	42	26	35	0	0	0	0	0	0	0	0	0	0	0	0	15628462	
298	1	A	2	N	2500	6	40	309	158	37	24	33	0	0	0	0	0	0	0	0	0	0	0	0	15629320	
299	1	A	2	N	2500	0	1	88	26	7	7	14	0	0	0	0	0	0	0	0	0	0	0	0	15629632	
300	1	A	2	N	2500	0	1	118	30	6	6	10	0	0	0	0	0	0	0	0	0	0	0	0	15629663	
301	1	A	2	N	2500	0	40	286	179	51	27	42	0	0	0	0	0	0	0	0	0	0	0	0	15629679	
302	1	A	2	N	2500	0	40	290	157	34	23	36	0	0	0	0	0	0	0	0	0	0	0	0	15629679	
303	1	A	2	N	2500	0	1	207	105	34	22	34	0	0	0	0	0	0	0	0	0	0	0	0	15629757	
304	1	A	2	N	2500	0	40	224	139	44	26	32	0	0	0	0	0	0	0	0	0	0	0	0	15630147	
305	1	A	2	N	2500	0	40	414	198	54	33	44	0	0	0	0	0	0	0	0	0	0	0	0	15630334	
306	1	A	2	N	2500	0	40	317	163	44	27	38	0	0	0	0	0	0	0	0	0	0	0	0	15630381	
307	1	A	2	N	2500	0	40	259	165	51	27	36	0	0	0	0	0	0	0	0	0	0	0	0	15630693	
308	1	A	2	N	2500	0	40	423	232	65	37	54	0	0	0	0	0	0	0	0	0	0	0	0	15630755	
309	1	A	2	N	2500	0	1	51	13	1	0	0	0	0	0	0	0	0	0	0	0	0	0	0	15630895	
310	1	A	2	N	2500	0	40	194	149	47	26	35	0	0	0	0	0	0	0	0	0	0	0	0	15631332	
311	1	A	2	N	2500	0	40	230	170	41	25	36	0	0	0	0	0	0	0	0	0	0	0	0	15631535	
312	1	A	2	N	2500	0	1	134	49	13	11	17	0	0	0	0	0	0	0	0	0	0	0	0	15631582	
313	1	A	2	N	2500	0	40	205	160	44	24	34	0	0	0	0	0	0	0	0	0	0	0	0	15631613	
314	1	A	2	N	2500	0	40	340	173	44	24	36	0	0	0	0	0	0	0	0	0	0	0	0	15631738	
315	1	A	2	N	2500	0	1	165	48	10	8	14	0	0	0	0	0	0	0	0	0	0	0	0	15631894	
316	1	A	2	N	2500	0	1	113	27	5	6	10	0	0	0	0	0	0	0	0	0	0	0	0	15631894	
317	1	A	2	N	2500	0	40	228	156	51	31	41	0	0	0	0	0	0	0	0	0	0	0	0	15632019	
318	1	A	2	N	2500	0	40	331	152	37	23	33	0	0	0	0	0	0	0	0	0	0	0	0	15632221	
319	1	A	2	N	2500	0	40	381	176	45	28	39	0	0	0	0	0	0	0	0	0	0	0	0	15632299	
320	1	A	2	N	2500	0	1	334	105	26	16	30	0	0	0	0	0	0	0	0	0	0	0	0	15632658	
321	1	A	2	N	2500	0	40	334	156	41	22	34	0	0	0	0	0	0	0	0	0	0	0	0	15633485	
322	1	A	2	N	2500	0	1	281	99	20	10	17	0	0	0	0	0	0	0	0	0	0	0	0	15633797	
323	1	A	2	N	2500	0	40	293	146	36	25	30	0	0	0	0	0	0	0	0	0	0	0	0	15633937	
324	1	A	2	N	2500	0	40	357	221	55	34	52	0	0	0	0	0	0	0	0	0	0	0	0	15633984	
325	1	A	2	N	2500	0	40	333	151	39	22	34	0	0	0	0	0	0	0	0	0	0	0	0	15633984	
326	1	A	2	N	2500	0	40	257	211	59	32	42	0	0	0	0	0	0	0	0	0	0	0	0	15634171	
327	1	A	2	N	2500	0	40	348	159	39	24	35	0	0	0	0	0	0	0	0	0	0	0	0	15634218	
328	1	A	2	N	2500	0	40	272	151	45	28	40	0	0	0	0	0	0	0	0	0	0	0	0	15634468	
329	1	A	2	N	2500	0	40	217	189	56	34	49	0	0	0	0	0	0	0	0	0	0	0	0	15634546	
330	1	A	2	N	2500	0	40	288	120	28	16	21	0	0	0	0	0	0	0	0	0	0	0	0	15634686	
331	1	A	2	N	2500	0	40	295	200	49	30	41	0	0	0	0	0	0	0	0	0	0	0	0	15635154	
332	1	A	2	N	2500	0	40	201	134	38	21	32	0	0	0	0	0	0	0	0	0	0	0	0	15635482	
333	1	B	2	N	2500	6	40	239	155	51	30	42	0	0	0	0	0	0	0	0	0	0	0	0	15643500	
334	1	B	2	N	2500	2	1	153	138	31	21	26	0	0	0	0	0	0	0	0	0	0	0	0	15643547	
335	1	B	2	N	2500	6	40	363	174	49	28	40	0	0	0	0	0	0	0	0	0	0	0	0	15644358	
336	1	B	2	N	2500	6	40	396	173	40	26	36	0	0	0	0	0	0	0	0	0	0	0	0	15644889	
337	1	B	2	N	2500	0	40	356	202	47	30	44	0	0	0	0	0	0	0	0	0	0	0	0	15644982	
338	1	B	2	N	2500	0	40	254	189	59	32	45	0	0	0	0	0	0	0	0	0	0	0	0	15645091	
339	1	B	2	N	2500	0	40	375	190	51	28	39	0	0	0	0	0	0	0	0	0	0	0	0	15645388	
340	1	B	2	N	2500	0	40	264	150	40	23	31	0	0	0	0	0	0	0	0	0	0	0	0	15645637	
341	1	B	2	N	2500	0	2	153	175	49	34	47	0	0	0	0	0	0	0	0	0	0	0	0	15646480	
342	1	B	2	N	2500	0	40	249	186	46	28	34	0	0	0	0	0	0	0	0	0	0	0	0	15646480	
343	1	B	2	N	2500	0	1	175	118	41	24	30	0	0	0	0	0	0	0	0	0	0	0	0	15646683	
344	1	B	2	N	2500	0	2	207	125	26	16	25	0	0	0	0	0	0	0	0	0	0	0	0	15646698	
345	1	B	2	N	2500	0	40	247	190	51	33	41	0	0	0	0	0	0	0	0	0	0	0	0	15646948	
346	1	B	2	N	2500	0	40	187	145	34	21	29	0	0	0	0	0	0	0	0	0	0	0	0	15647073	
347	1	B	2	N	2500	0	40	235	179	48	28	39	0	0	0	0	0	0	0	0	0	0	0	0	15647463	
348	1	B	2	N	2500	0	40	374	191	45	27	39	0	0	0	0	0	0	0	0	0	0	0	0	15647478	
349	1	B	2	N	2500	0	1	167	88	24	14	20	0	0	0	0	0	0	0	0	0	0	0	0	15647525	
350	1	B	2	N	2500	0	40	276	171	42	26	41	0	0	0	0	0	0	0	0	0	0	0	0	15647525	
351	1	B	2	N	2500	0	40	359	212	67	33	43	0	0	0	0	0	0	0	0	0	0	0	0	15647634	
352	1	B	2	N	2500	0	40	409	200	50	29	42	0	0	0	0	0	0	0	0	0	0	0	0	15647759	
353	1	B	2	N	2500	0	40	245	136	30	20	27	0	0	0	0	0	0	0	0	0	0	0	0	15648040	
354	1	B	2	N	2500	0	40	203	155	36	21	30	0	0	0	0	0	0	0	0	0	0	0	0	15648196	
355	1	B	2	N	2500	0	40	275	150	35	21	27	0	0	0	0	0	0	0	0	0	0	0	0	15648258	
356	1	B	2	N	2500	0	40	336	154	34	19	26	0	0	0	0	0	0	0	0	0	0	0	0	15648352	
357	1	B	2	N	2500	0	1	138	85	24	14	19	0	0	0	0	0	0	0	0	0	0	0	0	15648414	
358	1	B	2	N	2500	0	1	110	37	8	5	6	0	0	0	0	0	0	0	0	0	0	0	0	15648414	
359	1	B	2	N	2500	0	40	373	157	36	23	35	0	0	0	0	0	0	0	0	0	0	0	0	15648648	
360	1	B	2	N	2500	0	40	214	197	51	31	44	0	0	0	0	0	0	0	0	0	0	0	0	15649272	
361	1	B	2	N	2500	0	40	335	187	45	27	41	0	0	0	0	0	0	0	0	0	0	0	0	15649350	
362	1	B	2	N	2500	0	40	346	163	37	21	26	0	0	0	0	0	0	0	0	0	0	0	0	15649693	
363	1	C	2	N	2500	6	40	256	130	37	22	0	0	0	0	0	0	0	0	0	0	0	0	0	15656682	
364	1	C	2	N	2500	6	40	317	144	35	21	30	0	0	0	0	0	0	0	0	0	0	0	0	15656963	
365	1	C	2	N	2500	6	40	365	139	32	22	31	0	0	0	0	0	0	0	0	0	0	0	0	15657712	
366	1	C	2	N	2500	0	40	307	131	29	17	22	0	0	0	0	0	0	0	0	0	0	0	0	15657821	
367	1	C	2	N	2500	0	1	168	85	47	16	21	0	0	0	0	0	0	0	0	0	0	0	0	15658211	
368	1	C	2	N	2500	0	40	391	184	47	26	34	0	0	0	0	0	0	0	0	0	0	0	0	15658601	
369	1	C	2	N	2500	0	40	242	148	39	24	32	0	0	0	0	0	0	0	0	0	0	0	0	15658960	
370	1	C	2	N	2500	0	40	456	223	63	37	51	0	0	0	0	0	0	0	0	0	0	0	0	15659818	
371	1	C	2	N	2500	0	40	374	177	41	27	35	0	0	0	0	0	0	0	0	0	0	0	0	15660723	
372	1	C	2	N	2500	0	40	202	144	47	25	36	0	0	0	0	0	0	0	0	0	0	0	0	15660925	
373	1	C	2	N	2500	0	40	326	146	37	22	29	0	0	0	0	0	0	0	0	0	0	0	0	15661019	
374	1	C	2	N	2500	0	40	354	182	46	27	34	0	0	0	0	0	0	0	0	0	0	0	0	15661191	
375	1	C	2	N	2500	0	40	219	156	35	25	30	0	0	0	0	0	0	0	0	0	0	0	0	15661456	
376	1	C	2	N	2500	0	40	349	157	35	22	27	0	0	0	0	0	0	0	0	0	0	0	0	15661471	
377	1	C	2	N	2500	0	40	277	139	35	20	29	0	0	0	0	0	0	0	0	0	0	0	0	15661581	
378	1	C	2	N	2500	0	40	315	138	37	23	33	0	0	0	0	0	0	0	0	0	0	0	0	15661612	
379	1	C	2	N	2500	0	40	255	173	53	29	40	0	0	0	0	0	0	0	0	0	0	0	0	15661674	
380	1	C	2	N	2500	0	40	373	168	45	26	36	0	0	0	0	0	0	0	0	0	0	0	0	15661737	
381	1	C	2	N	2500	0	1	153	138	38	27	37	0	0	0	0	0	0	0	0	0	0	0	0	15661830	
382	1	C	2	N	2500	0	1	205	96	28	17	23	0	0	0	0	0	0	0	0	0	0	0	0	15662080	
383	1	C	2	N	2500	0	40	235	174	43	25	33	0	0	0	0	0	0	0	0	0	0	0	0	15662205	
384	1	C	2	N	2500	0	40	268	184	48	31	41	0	0	0	0	0	0	0	0	0	0	0	0	15662314	
385	1	C	2	N	2500	0	40	338	167	39	24	30	0	0	0	0	0	0	0	0	0	0	0	0	15662548	
386	1	C	2	N	2500	0	40	259	175	47	28	35	0	0	0	0	0	0	0	0	0	0	0	0	15662673	
387	1	C	2	N	2500	0	40	358	186	48	29	41	0	0	0	0	0	0	0	0	0	0	0	0	15662782	
388	1	C	2	N	2500	0	40	307	128	29	16	23	0	0	0	0	0	0	0	0	0	0	0	0	15663577	
389	1	C	2	N	2500	0	40	363	190	52	31	42	0	0	0	0	0	0	0	0	0	0	0	0	15663593	
390	1	C	2	N	2500	0	40	351	213	65	36	49	0	0	0	0	0	0	0	0	0	0	0	0	15663702	
391	1	C	2	N	2500	0	1	234	96	18	13	19	0	0	0	0	0	0	0	0	0	0	0	0	15664217	
392	1	D	2	N	2500	8	40	251	148	43	26	30	0	0	0	0	0	0	0	0	0	0	0	0	15670925	
393	1	D	2	N	2500	2	1	56	13	3	3	9	0	0	0	0	0	0	0	0	0	0	0	0	15671206	
394	1	D	2	N	2500	2	1	57	25	11	0	1	0	0	0	0	0	0	0	0	0	0	0	0	15671783	
395	1	D	2	N	2500	2	1	232	102	24	14	16	0	0	0	0	0	0	0	0	0	0	0	0	15672875	
396	1	D	2	N	2500	6	40	215	169	45	29	40	0	0	0	0	0	0	0	0	0	0	0	0	15673639	
397	1	D	2	N	2500	6	40	340	157	42	26	38	0	0	0	0	0	0	0	0	0	0	0	0	15674466	
398	1	D	2	N	2500	6	40	297	179	44	27	33	0	0	0	0	0	0	0	0	0	0	0	0	15674778	
399	1	D	2	N	2500	0	1	262	109	22	15	22	0	0	0	0	0	0	0	0	0	0	0	0	15674950	
400	1	D	2	N	2500	0	40	184	137	30	17	20	0	0	0	0	0	0	0	0	0	0	0	0	15675184	
401	1	D	2	N	2500	0	40	308	203	56	35	48	0	0	0	0	0	0	0	0	0	0	0	0	15675324	
402	1	D	2	N	2500	0	40	385	217	56	32	42	0	0	0	0	0	0	0	0	0	0	0	0	15675979	
403	1	D	2	N	2500	0	40	391	192	54	28	38	0	0	0	0	0	0	0	0	0	0	0	0	15676245	
404	1	D	2	N	2500	0	1	80	21	4	5	9	0	0	0	0	0	0	0	0	0	0	0	0	15676260	
405	1	D	2	N	2500	0	1	63	74	24	0	1	0	0	0	0	0	0	0	0	0	0	0	0	15676603	
406	1	D	2	N	2500	0	40	283	155	43	25	36	0	0	0	0	0	0	0	0	0	0	0	0	15676681	
407	1	D	2	N	2500	0	40	277	176	53	31	42	0	0	0	0	0	0	0	0	0	0	0	0	15676806	
408	1	D	2	N	2500	0	40	222	176	43	26	34	0	0	0	0	0	0	0	0	0	0	0	0	15676947	
409	1	D	2	N	2500	0	1	59	12	2	1	2	0	0	0	0	0	0	0	0	0	0	0	0	15676962	
410	1	D	2	N	2500	0	40	339	200	60	33	46	0	0	0	0	0	0	0	0	0	0	0	0	15676962	
411	1	D	2	N	2500	0	40	259	185	49	27	35	0	0	0	0	0	0	0	0	0	0	0	0	15677227	
412	1	E	2	N	2500	6	40	192	163	46	26	36	0	0	0	0	0	0	0	0	0	0	0	0	15685761	
413	1	E	2	N	2500	6	40	207	153	48	29	40	0	0	0	0	0	0	0	0	0	0	0	0	15686962	
414	1	E	2	N	2500	2	2	275	189	396	421	435	0	0	0	0	0	0	0	0	0	0	0	0	15686993	
415	1	E	2	N	2500	6	40	282	180	46	29	45	0	0	0	0	0	0	0	0	0	0	0	0	15687196	
416	1	E	2	N	2500	0	1	137	91	14	9	11	0	0	0	0	0	0	0	0	0	0	0	0	15687258	
417	1	E	2	N	2500	0	40	318	206	57	33	48	0	0	0	0	0	0	0	0	0	0	0	0	15687367	
418	1	E	2	N	2500	0	40	438	173	49	28	43	0	0	0	0	0	0	0	0	0	0	0	0	15687648	
419	1	E	2	N	2500	0	40	196	196	57	37	44	0	0	0	0	0	0	0	0	0	0	0	0	15687664	
420	1	E	2	N	2500	0	40	317	134	29	17	27	0	0	0	0	0	0	0	0	0	0	0	0	15687695	
421	1	E	2	N	2500	0	40	266	160	43	28	43	0	0	0	0	0	0	0	0	0	0	0	0	15687804	
422	1	E	2	N	2500	0	40	229	129	34	20	26	0	0	0	0	0	0	0	0	0	0	0	0	15688459	
423	1	E	2	N	2500	0	40	336	232	66	41	56	0	0	0	0	0	0	0	0	0	0	0	0	15688569	
424	1	E	2	N	2500	0	1	63	16	4	4	9	0	0	0	0	0	0	0	0	0	0	0	0	15688584	
425	1	E	2	N	2500	0	1	214	100	24	16	26	0	0	0	0	0	0	0	0	0	0	0	0	15689551	
426	1	E	2	N	2500	0	40	250	190	54	33	44	0	0	0	0	0	0	0	0	0	0	0	0	15689551	
427	1	E	2	N	2500	0	40	377	165	41	21	35	0	0	0	0	0	0	0	0	0	0	0	0	15689723	
428	1	E	2	N	2500	0	40	226	173	57	31	38	0	0	0	0	0	0	0	0	0	0	0	0	15689988	
429	1	E	2	N	2500	0	1	195	97	18	13	15	0	0	0	0	0	0	0	0	0	0	0	0	15690019	
430	1	E	2	N	2500	0	40	342	217	66	35	46	0	0	0	0	0	0	0	0	0	0	0	0	15690035	
431	1	E	2	N	2500	0	40	330	164	43	24	35	0	0	0	0	0	0	0	0	0	0	0	0	15690097	
432	1	E	2	N	2500	0	40	409	195	44	29	37	0	0	0	0	0	0	0	0	0	0	0	0	15690222	
433	1	E	2	N	2500	0	2	317	132	26	17	25	0	0	0	0	0	0	0	0	0	0	0	0	15690238	
434	1	E	2	N	2500	0	40	204	150	42	26	32	0	0	0	0	0	0	0	0	0	0	0	0	15690706	
435	1	E	2	N	2500	0	1	465	254	78	43	58	0	0	0	0	0	0	0	0	0	0	0	0	15690768	
436	1	E	2	N	2500	0	1	70	29	6	7	12	0	0	0	0	0	0	0	0	0	0	0	0	15690831	
437	1	E	2	N	2500	0	1	75	24	6	6	13	0	0	0	0	0	0	0	0	0	0	0	0	15691158	
438	1	E	2	N	2500	0	1	297	115	23	17	24	0	0	0	0	0	0	0	0	0	0	0	0	15691174	
439	1	E	2	N	2500	0	1	220	104	25	14	21	0	0	0	0	0	0	0	0	0	0	0	0	15691767	
440	1	E	2	N	2500	0	40	195	163	44	28	41	0	0	0	0	0	0	0	0	0	0	0	0	15692219	
441	1	F	2	N	2500	6	40	398	192	53	28	38	0	0	0	0	0	0	0	0	0	0	0	0	15699754	
442	1	F	2	N	2500	6	40	280	177	50	31	38	0	0	0	0	0	0	0	0	0	0	0	0	15700113	
443	1	F	2	N	2500	6	40	313	134	30	16	22	0	0	0	0	0	0	0	0	0	0	0	0	15700191	
444	1	F	2	N	2500	0	40	343	177	48	28	33	0	0	0	0	0	0	0	0	0	0	0	0	15700315	
445	1	F	2	N	2500	0	40	248	179	45	26	36	0	0	0	0	0	0	0	0	0	0	0	0	15700487	
446	1	F	2	N	2500	0	40	203	161	40	24	33	0	0	0	0	0	0	0	0	0	0	0	0	15700846	
447	1	F	2	N	2500	0	40	237	178	46	28	38	0	0	0	0	0	0	0	0	0	0	0	0	15701532	
448	1	F	2	N	2500	0	1	58	14	6	3	5	0	0	0	0	0	0	0	0	0	0	0	0	15701579	
449	1	F	2	N	2500	0	40	285	153	40	24	33	0	0	0	0	0	0	0	0	0	0	0	0	15701626	
450	1	F	2	N	2500	0	40	247	169	52	28	40	0	0	0	0	0	0	0	0	0	0	0	0	15702125	
451	1	F	2	N	2500	0	40	403	160	42	22	38	0	0	0	0	0	0	0	0	0	0	0	0	15703295	
452	1	F	2	N	2500	0	40	320	151	40	22	30	0	0	0	0	0	0	0	0	0	0	0	0	15703607	
453	1	F	2	N	2500	0	40	293	131	36	21	29	0	0	0	0	0	0	0	0	0	0	0	0	15703638	
454	1	F	2	N	2500	0	1	176	106	26	16	22	0	0	0	0	0	0	0	0	0	0	0	0	15704013	
455	1	F	2	N	2500	0	40	372	160	37	22	32	0	0	0	0	0	0	0	0	0	0	0	0	15704465	
456	1	F	2	N	2500	0	40	204	148	34	20	29	0	0	0	0	0	0	0	0	0	0	0	0	15704481	
457	1	F	2	N	2500	0	1	525	212	51	27	40	0	0	0	0	0	0	0	0	0	0	0	0	15704543	
458	1	F	2	N	2500	0	40	205	155	39	22	29	0	0	0	0	0	0	0	0	0	0	0	0	15704637	
459	1	F	2	N	2500	0	40	327	192	54	30	41	0	0	0	0	0	0	0	0	0	0	0	0	15704652	
460	1	F	2	N	2500	0	40	363	188	46	29	42	0	0	0	0	0	0	0	0	0	0	0	0	15704839	
461	1	F	2	N	2500	0	40	293	216	66	39	51	0	0	0	0	0	0	0	0	0	0	0	0	15705417	
462	1	F	2	N	2500	0	40	352	183	44	28	37	0	0	0	0	0	0	0	0	0	0	0	0	15705604	
463	1	F	2	N	2500	0	1	474	244	54	34	47	0	0	0	0	0	0	0	0	0	0	0	0	15705619	
464	1	G	2	N	2500	6	40	300	165	44	27	35	0	0	0	0	0	0	0	0	0	0	0	0	15714121	
465	1	G	2	N	2500	2	1	285	119	26	14	23	0	0	0	0	0	0	0	0	0	0	0	0	15714449	
466	1	G	2	N	2500	2	1	189	61	13	11	22	0	0	0	0	0	0	0	0	0	0	0	0	15715292	
467	1	G	2	N	2500	6	40	328	168	42	24	37	0	0	0	0	0	0	0	0	0	0	0	0	15715370	
468	1	G	2	N	2500	6	40	235	140	45	27	34	0	0	0	0	0	0	0	0	0	0	0	0	15715526	
469	1	G	2	N	2500	0	40	304	135	30	20	34	0	0	0	0	0	0	0	0	0	0	0	0	15715557	
470	1	G	2	N	2500	0	40	218	133	29	18	23	0	0	0	0	0	0	0	0	0	0	0	0	15715962	
471	1	G	2	N	2500	0	40	382	197	51	29	39	0	0	0	0	0	0	0	0	0	0	0	0	15716072	
472	1	G	2	N	2500	0	1	73	33	8	7	13	0	0	0	0	0	0	0	0	0	0	0	0	15716446	
473	1	G	2	N	2500	0	1	453	242	64	37	51	0	0	0	0	0	0	0	0	0	0	0	0	15716586	
474	1	G	2	N	2500	0	40	336	159	40	22	30	0	0	0	0	0	0	0	0	0	0	0	0	15716883	
475	1	G	2	N	2500	0	40	277	167	39	24	34	0	0	0	0	0	0	0	0	0	0	0	0	15716945	
476	1	G	2	N	2500	0	40	216	165	39	24	38	0	0	0	0	0	0	0	0	0	0	0	0	15717288	
477	1	G	2	N	2500	0	40	315	183	55	31	40	0	0	0	0	0	0	0	0	0	0	0	0	15717288	
478	1	G	2	N	2500	0	1	186	83	18	12	19	0	0	0	0	0	0	0	0	0	0	0	0	15717320	
479	1	G	2	N	2500	0	1	386	264	90	46	69	0	0	0	0	0	0	0	0	0	0	0	0	15717600	
480	1	G	2	N	2500	0	40	349	154	38	21	26	0	0	0	0	0	0	0	0	0	0	0	0	15717725	
481	1	G	2	N	2500	0	1	263	96	17	12	19	0	0	0	0	0	0	0	0	0	0	0	0	15718006	
482	1	G	2	N	2500	0	1	110	56	100	128	150	0	0	0	0	0	0	0	0	0	0	0	0	15718068	
483	1	G	2	N	2500	0	40	249	184	47	28	36	0	0	0	0	0	0	0	0	0	0	0	0	15718334	
484	1	G	2	N	2500	0	1	107	41	8	7	13	0	0	0	0	0	0	0	0	0	0	0	0	15718583	
485	1	G	2	N	2500	0	40	409	189	54	26	34	0	0	0	0	0	0	0	0	0	0	0	0	15718880	
486	1	G	2	N	2500	0	40	245	172	52	29	40	0	0	0	0	0	0	0	0	0	0	0	0	15719160	
487	1	G	2	N	2500	0	40	350	146	32	19	32	0	0	0	0	0	0	0	0	0	0	0	0	15719160	
488	1	G	2	N	2500	0	40	220	184	54	30	44	0	0	0	0	0	0	0	0	0	0	0	0	15719238	
489	1	G	2	N	2500	0	40	256	167	44	27	40	0	0	0	0	0	0	0	0	0	0	0	0	15719504	
490	1	G	2	N	2500	0	1	159	109	176	191	207	0	0	0	0	0	0	0	0	0	0	0	0	15719706	
491	1	G	2	N	2500	0	40	282	158	36	22	29	0	0	0	0	0	0	0	0	0	0	0	0	15720018	
492	1	G	2	N	2500	0	40	404	177	41	28	44	0	0	0	0	0	0	0	0	0	0	0	0	15720268	
493	1	G	2	N	2500	0	40	409	206	56	27	39	0	0	0	0	0	0	0	0	0	0	0	0	15720658	
494	1	G	2	N	2500	0	40	335	148	39	19	32	0	0	0	0	0	0	0	0	0	0	0	0	15720752	
495	1	G	2	N	2500	0	40	221	141	35	21	29	0	0	0	0	0	0	0	0	0	0	0	0	15721064	
496	1	A	3	N	2500	6	40	331	186	49	28	36	0	0	0	0	0	0	0	0	0	0	0	0	15743418	
497	1	A	3	N	2500	2	1	128	35	9	8	18	0	0	0	0	0	0	0	0	0	0	0	0	15744370	
498	1	A	3	N	2500	6	40	339	170	43	26	37	0	0	0	0	0	0	0	0	0	0	0	0	15744651	
499	1	A	3	N	2500	6	40	189	156	43	25	36	0	0	0	0	0	0	0	0	0	0	0	0	15744963	
500	1	A	3	N	2500	0	1	89	28	8	8	17	0	0	0	0	0	0	0	0	0	0	0	0	15745821	
501	1	A	3	N	2500	0	1	81	24	23	30	49	0	0	0	0	0	0	0	0	0	0	0	0	15745836	
502	1	A	3	N	2500	0	40	379	197	54	28	42	0	0	0	0	0	0	0	0	0	0	0	0	15745852	
503	1	A	3	N	2500	0	40	375	183	47	29	45	0	0	0	0	0	0	0	0	0	0	0	0	15746070	
504	1	A	3	N	2500	0	40	394	208	64	35	45	0	0	0	0	0	0	0	0	0	0	0	0	15746242	
505	1	A	3	N	2500	0	40	455	208	51	29	44	0	0	0	0	0	0	0	0	0	0	0	0	15746336	
506	1	A	3	N	2500	0	40	374	155	38	23	29	0	0	0	0	0	0	0	0	0	0	0	0	15746382	
507	1	A	3	N	2500	0	40	213	161	43	27	35	0	0	0	0	0	0	0	0	0	0	0	0	15746476	
508	1	A	3	N	2500	0	40	288	203	60	36	45	0	0	0	0	0	0	0	0	0	0	0	0	15746850	
509	1	A	3	N	2500	0	40	278	169	38	24	34	0	0	0	0	0	0	0	0	0	0	0	0	15746944	
510	1	A	3	N	2500	0	40	403	180	46	25	40	0	0	0	0	0	0	0	0	0	0	0	0	15747334	
511	1	A	3	N	2500	0	40	224	154	35	22	32	0	0	0	0	0	0	0	0	0	0	0	0	15747849	
512	1	A	3	N	2500	0	40	354	172	44	25	36	0	0	0	0	0	0	0	0	0	0	0	0	15748114	
513	1	A	3	N	2500	0	40	377	191	55	31	47	0	0	0	0	0	0	0	0	0	0	0	0	15748145	
514	1	A	3	N	2500	0	40	334	139	31	19	26	0	0	0	0	0	0	0	0	0	0	0	0	15748223	
515	1	A	3	N	2500	0	40	298	188	45	30	41	0	0	0	0	0	0	0	0	0	0	0	0	15748254	
516	1	A	3	N	2500	0	40	254	168	59	30	42	0	0	0	0	0	0	0	0	0	0	0	0	15748286	
517	1	A	3	N	2500	0	40	296	229	59	36	48	0	0	0	0	0	0	0	0	0	0	0	0	15748613	
518	1	A	3	N	2500	0	40	239	185	46	29	36	0	0	0	0	0	0	0	0	0	0	0	0	15748676	
519	1	A	3	N	2500	0	40	216	157	34	22	28	0	0	0	0	0	0	0	0	0	0	0	0	15748863	
520	1	A	3	N	2500	0	40	272	179	54	30	43	0	0	0	0	0	0	0	0	0	0	0	0	15749128	
521	1	A	3	N	2500	0	40	317	142	29	18	20	0	0	0	0	0	0	0	0	0	0	0	0	15750080	
522	1	A	3	N	2500	0	40	351	177	48	26	38	0	0	0	0	0	0	0	0	0	0	0	0	15750329	
523	1	A	3	N	2500	0	40	308	158	49	31	45	0	0	0	0	0	0	0	0	0	0	0	0	15750501	
524	1	A	3	N	2500	0	40	223	167	53	30	40	0	0	0	0	0	0	0	0	0	0	0	0	15750719	
525	1	B	3	N	2500	6	40	216	132	33	18	28	0	0	0	0	0	0	0	0	0	0	0	0	15757380	
526	1	B	3	N	2500	6	40	235	151	39	24	31	0	0	0	0	0	0	0	0	0	0	0	0	15757568	
527	1	B	3	N	2500	6	40	259	169	39	24	34	0	0	0	0	0	0	0	0	0	0	0	0	15757677	
528	1	B	3	N	2500	0	40	249	160	45	27	41	0	0	0	0	0	0	0	0	0	0	0	0	15758379	
529	1	B	3	N	2500	0	40	369	176	45	29	35	0	0	0	0	0	0	0	0	0	0	0	0	15758550	
530	1	B	3	N	2500	0	40	313	163	38	25	32	0	0	0	0	0	0	0	0	0	0	0	0	15758987	
531	1	B	3	N	2500	0	40	343	154	34	22	34	0	0	0	0	0	0	0	0	0	0	0	0	15759705	
532	1	B	3	N	2500	0	1	282	111	23	15	21	0	0	0	0	0	0	0	0	0	0	0	0	15759814	
533	1	B	3	N	2500	0	40	358	148	41	21	30	0	0	0	0	0	0	0	0	0	0	0	0	15760282	
534	1	B	3	N	2500	0	1	161	134	33	23	33	0	0	0	0	0	0	0	0	0	0	0	0	15760344	
535	1	B	3	N	2500	0	40	266	173	53	29	41	0	0	0	0	0	0	0	0	0	0	0	0	15760407	
536	1	B	3	N	2500	0	40	221	161	40	23	33	0	0	0	0	0	0	0	0	0	0	0	0	15761031	
537	1	B	3	N	2500	0	40	318	137	32	20	24	0	0	0	0	0	0	0	0	0	0	0	0	15761234	
538	1	B	3	N	2500	0	40	459	222	60	34	47	0	0	0	0	0	0	0	0	0	0	0	0	15761655	
539	1	B	3	N	2500	0	40	365	162	39	27	37	0	0	0	0	0	0	0	0	0	0	0	0	15761670	
540	1	B	3	N	2500	0	40	269	181	55	27	41	0	0	0	0	0	0	0	0	0	0	0	0	15761733	
541	1	B	3	N	2500	0	40	243	175	45	28	42	0	0	0	0	0	0	0	0	0	0	0	0	15762201	
542	1	B	3	N	2500	0	40	269	170	52	33	45	0	0	0	0	0	0	0	0	0	0	0	0	15762638	
543	1	B	3	N	2500	0	40	193	146	43	25	32	0	0	0	0	0	0	0	0	0	0	0	0	15762653	
544	1	B	3	N	2500	0	40	348	174	42	24	31	0	0	0	0	0	0	0	0	0	0	0	0	15762903	
545	1	B	3	N	2500	0	40	306	181	55	29	42	0	0	0	0	0	0	0	0	0	0	0	0	15762934	
546	1	B	3	N	2500	0	40	362	188	44	25	33	0	0	0	0	0	0	0	0	0	0	0	0	15763262	
547	1	B	3	N	2500	0	40	222	146	50	27	36	0	0	0	0	0	0	0	0	0	0	0	0	15763293	
548	1	B	3	N	2500	0	40	214	161	43	23	33	0	0	0	0	0	0	0	0	0	0	0	0	15763449	
549	1	B	3	N	2500	0	1	373	125	29	16	24	0	0	0	0	0	0	0	0	0	0	0	0	15763574	
550	1	B	3	N	2500	0	40	335	164	37	23	31	0	0	0	0	0	0	0	0	0	0	0	0	15764198	
551	1	B	3	N	2500	0	40	409	197	49	28	41	0	0	0	0	0	0	0	0	0	0	0	0	15764322	
552	1	B	3	N	2500	0	1	348	124	23	14	26	0	0	0	0	0	0	0	0	0	0	0	0	15764400	
553	1	B	3	N	2500	0	40	246	190	47	29	41	0	0	0	0	0	0	0	0	0	0	0	0	15764494	
554	1	C	3	N	2500	2	1	63	34	11	11	18	0	0	0	0	0	0	0	0	0	0	0	0	15771842	
555	1	C	3	N	2500	2	2	177	146	31	22	29	0	0	0	0	0	0	0	0	0	0	0	0	15772372	
556	1	C	3	N	2500	6	40	203	146	36	22	32	0	0	0	0	0	0	0	0	0	0	0	0	15773745	
557	1	C	3	N	2500	6	40	322	186	58	30	43	0	0	0	0	0	0	0	0	0	0	0	0	15774104	
558	1	C	3	N	2500	6	40	272	167	48	26	28	0	0	0	0	0	0	0	0	0	0	0	0	15774119	
559	1	C	3	N	2500	0	40	277	176	46	29	38	0	0	0	0	0	0	0	0	0	0	0	0	15774275	
560	1	C	3	N	2500	0	1	55	13	2	2	4	0	0	0	0	0	0	0	0	0	0	0	0	15774322	
561	1	C	3	N	2500	0	40	317	155	43	27	35	0	0	0	0	0	0	0	0	0	0	0	0	15774416	
562	1	C	3	N	2500	0	1	181	116	23	15	22	0	0	0	0	0	0	0	0	0	0	0	0	15774494	
563	1	C	3	N	2500	0	1	130	36	7	6	16	0	0	0	0	0	0	0	0	0	0	0	0	15774587	
564	1	C	3	N	2500	0	40	210	179	47	31	45	0	0	0	0	0	0	0	0	0	0	0	0	15775086	
565	1	C	3	N	2500	0	1	152	129	33	20	26	0	0	0	0	0	0	0	0	0	0	0	0	15775383	
566	1	C	3	N	2500	0	40	191	125	36	23	28	0	0	0	0	0	0	0	0	0	0	0	0	15775617	
567	1	C	3	N	2500	0	40	256	168	42	25	37	0	0	0	0	0	0	0	0	0	0	0	0	15775664	
568	1	C	3	N	2500	0	40	271	178	47	28	41	0	0	0	0	0	0	0	0	0	0	0	0	15775695	
569	1	C	3	N	2500	0	40	302	174	49	27	39	0	0	0	0	0	0	0	0	0	0	0	0	15775913	
570	1	C	3	N	2500	0	40	246	167	49	29	38	0	0	0	0	0	0	0	0	0	0	0	0	15776069	
571	1	C	3	N	2500	0	1	526	221	47	28	40	0	0	0	0	0	0	0	0	0	0	0	0	15776709	
572	1	C	3	N	2500	0	40	258	180	44	28	40	0	0	0	0	0	0	0	0	0	0	0	0	15776849	
573	1	C	3	N	2500	0	40	327	207	53	30	42	0	0	0	0	0	0	0	0	0	0	0	0	15776865	
574	1	C	3	N	2500	0	40	347	172	48	25	35	0	0	0	0	0	0	0	0	0	0	0	0	15776896	
575	1	C	3	N	2500	0	1	56	10	2	1	1	0	0	0	0	0	0	0	0	0	0	0	0	15777614	
576	1	C	3	N	2500	0	40	237	154	43	24	33	0	0	0	0	0	0	0	0	0	0	0	0	15777801	
577	1	C	3	N	2500	0	40	264	186	51	29	39	0	0	0	0	0	0	0	0	0	0	0	0	15777972	
578	1	C	3	N	2500	0	40	237	176	51	29	35	0	0	0	0	0	0	0	0	0	0	0	0	15778097	
579	1	C	3	N	2500	0	40	281	209	59	34	49	0	0	0	0	0	0	0	0	0	0	0	0	15778113	
580	1	C	3	N	2500	0	40	316	179	50	28	44	0	0	0	0	0	0	0	0	0	0	0	0	15778175	
581	1	C	3	N	2500	0	40	310	172	47	24	38	0	0	0	0	0	0	0	0	0	0	0	0	15778534	
