Id	Plate	Row	Column	Clog	Scan rate	Status sort	Status sel	TOF	EXT	Green	Yellow	Red	PH Ext	PW Ext	PC Ext	PH Green	PW Green	PCGreen	PH Yellow	PW Yellow	PCYellow	PH Red	PW Red	PCRed	Time Stamp	
0	1	A	1	N	2500	6	40	400	182	42	23	38	0	0	0	0	0	0	0	0	0	0	0	0	26249933	
1	1	A	1	N	2500	2	2	235	112	23	16	22	0	0	0	0	0	0	0	0	0	0	0	0	26250245	
2	1	A	1	N	2500	6	40	267	142	33	19	28	0	0	0	0	0	0	0	0	0	0	0	0	26250557	
3	1	A	1	N	2500	6	40	277	174	41	26	37	0	0	0	0	0	0	0	0	0	0	0	0	26250635	
4	1	A	1	N	2500	0	40	212	159	36	22	35	0	0	0	0	0	0	0	0	0	0	0	0	26252569	
5	1	A	1	N	2500	0	1	138	150	44	28	34	0	0	0	0	0	0	0	0	0	0	0	0	26252585	
6	1	A	1	N	2500	0	40	369	151	37	22	32	0	0	0	0	0	0	0	0	0	0	0	0	26252866	
7	1	A	1	N	2500	0	40	233	171	46	27	38	0	0	0	0	0	0	0	0	0	0	0	0	26253802	
8	1	A	1	N	2500	0	40	296	172	42	28	38	0	0	0	0	0	0	0	0	0	0	0	0	26254020	
9	1	A	1	N	2500	0	40	267	197	60	35	55	0	0	0	0	0	0	0	0	0	0	0	0	26254254	
10	1	A	1	N	2500	0	40	288	141	37	19	35	0	0	0	0	0	0	0	0	0	0	0	0	26254254	
11	1	A	1	N	2500	0	40	339	154	40	23	33	0	0	0	0	0	0	0	0	0	0	0	0	26254519	
12	1	A	1	N	2500	0	40	330	153	46	23	33	0	0	0	0	0	0	0	0	0	0	0	0	26254566	
13	1	A	1	N	2500	0	40	339	154	38	23	31	0	0	0	0	0	0	0	0	0	0	0	0	26254597	
14	1	A	1	N	2500	0	40	352	189	48	26	41	0	0	0	0	0	0	0	0	0	0	0	0	26254769	
15	1	A	1	N	2500	0	40	197	142	34	18	27	0	0	0	0	0	0	0	0	0	0	0	0	26255268	
16	1	A	1	N	2500	0	1	146	149	38	23	32	0	0	0	0	0	0	0	0	0	0	0	0	26255330	
17	1	A	1	N	2500	0	40	235	149	34	23	33	0	0	0	0	0	0	0	0	0	0	0	0	26255393	
18	1	A	1	N	2500	0	40	210	174	43	28	36	0	0	0	0	0	0	0	0	0	0	0	0	26255440	
19	1	A	1	N	2500	0	40	292	196	46	28	40	0	0	0	0	0	0	0	0	0	0	0	0	26255471	
20	1	A	1	N	2500	0	1	51	10	2	1	3	0	0	0	0	0	0	0	0	0	0	0	0	26255611	
21	1	A	1	N	2500	0	1	58	16	7	6	13	0	0	0	0	0	0	0	0	0	0	0	0	26255627	
22	1	A	1	N	2500	0	40	216	130	28	17	25	0	0	0	0	0	0	0	0	0	0	0	0	26255658	
23	1	A	1	N	2500	0	40	344	148	36	20	30	0	0	0	0	0	0	0	0	0	0	0	0	26255752	
24	1	A	1	N	2500	0	40	330	143	29	18	24	0	0	0	0	0	0	0	0	0	0	0	0	26255814	
25	1	A	1	N	2500	0	40	328	157	35	19	29	0	0	0	0	0	0	0	0	0	0	0	0	26255954	
26	1	A	1	N	2500	0	40	352	154	35	23	34	0	0	0	0	0	0	0	0	0	0	0	0	26255954	
27	1	A	1	N	2500	0	40	196	165	45	26	35	0	0	0	0	0	0	0	0	0	0	0	0	26256064	
28	1	A	1	N	2500	0	1	112	72	20	13	19	0	0	0	0	0	0	0	0	0	0	0	0	26256095	
29	1	A	1	N	2500	0	40	362	189	46	26	39	0	0	0	0	0	0	0	0	0	0	0	0	26256251	
30	1	A	1	N	2500	0	40	248	141	35	21	29	0	0	0	0	0	0	0	0	0	0	0	0	26256282	
31	1	A	1	N	2500	0	40	209	190	49	28	40	0	0	0	0	0	0	0	0	0	0	0	0	26256438	
32	1	B	1	N	2500	2	1	236	105	25	18	23	0	0	0	0	0	0	0	0	0	0	0	0	26264394	
33	1	B	1	N	2500	2	1	105	46	19	3	6	0	0	0	0	0	0	0	0	0	0	0	0	26264488	
34	1	B	1	N	2500	2	1	156	106	22	14	22	0	0	0	0	0	0	0	0	0	0	0	0	26264503	
35	1	B	1	N	2500	6	40	218	143	32	22	31	0	0	0	0	0	0	0	0	0	0	0	0	26264753	
36	1	B	1	N	2500	6	40	364	199	55	31	45	0	0	0	0	0	0	0	0	0	0	0	0	26264784	
37	1	B	1	N	2500	2	1	92	31	14	6	8	0	0	0	0	0	0	0	0	0	0	0	0	26264831	
38	1	B	1	N	2500	6	40	413	198	51	31	39	0	0	0	0	0	0	0	0	0	0	0	0	26265065	
39	1	B	1	N	2500	0	1	61	14	6	2	4	0	0	0	0	0	0	0	0	0	0	0	0	26265096	
40	1	B	1	N	2500	0	1	59	13	5	1	1	0	0	0	0	0	0	0	0	0	0	0	0	26265205	
41	1	B	1	N	2500	0	40	318	131	32	19	25	0	0	0	0	0	0	0	0	0	0	0	0	26265205	
42	1	B	1	N	2500	0	1	174	115	25	16	22	0	0	0	0	0	0	0	0	0	0	0	0	26265424	
43	1	B	1	N	2500	0	1	182	125	28	17	25	0	0	0	0	0	0	0	0	0	0	0	0	26265533	
44	1	B	1	N	2500	0	1	303	114	23	15	21	0	0	0	0	0	0	0	0	0	0	0	0	26265626	
45	1	B	1	N	2500	0	40	338	146	35	19	28	0	0	0	0	0	0	0	0	0	0	0	0	26265736	
46	1	B	1	N	2500	0	40	299	127	27	16	25	0	0	0	0	0	0	0	0	0	0	0	0	26265829	
47	1	B	1	N	2500	0	1	122	52	34	2	7	0	0	0	0	0	0	0	0	0	0	0	0	26265907	
48	1	B	1	N	2500	0	40	375	168	47	27	38	0	0	0	0	0	0	0	0	0	0	0	0	26266126	
49	1	B	1	N	2500	0	1	452	243	66	36	54	0	0	0	0	0	0	0	0	0	0	0	0	26266172	
50	1	B	1	N	2500	0	40	351	146	36	21	33	0	0	0	0	0	0	0	0	0	0	0	0	26266188	
51	1	B	1	N	2500	0	40	189	161	36	22	28	0	0	0	0	0	0	0	0	0	0	0	0	26266297	
52	1	B	1	N	2500	0	1	85	37	20	2	3	0	0	0	0	0	0	0	0	0	0	0	0	26266344	
53	1	B	1	N	2500	0	40	374	207	56	28	42	0	0	0	0	0	0	0	0	0	0	0	0	26266438	
54	1	B	1	N	2500	0	40	187	157	37	25	36	0	0	0	0	0	0	0	0	0	0	0	0	26266656	
55	1	B	1	N	2500	0	40	288	205	54	31	41	0	0	0	0	0	0	0	0	0	0	0	0	26266781	
56	1	B	1	N	2500	0	1	50	8	4	1	3	0	0	0	0	0	0	0	0	0	0	0	0	26266921	
57	1	B	1	N	2500	0	40	234	165	39	23	36	0	0	0	0	0	0	0	0	0	0	0	0	26266937	
58	1	B	1	N	2500	0	40	209	159	33	20	26	0	0	0	0	0	0	0	0	0	0	0	0	26267015	
59	1	B	1	N	2500	0	40	201	141	32	21	26	0	0	0	0	0	0	0	0	0	0	0	0	26267030	
60	1	B	1	N	2500	0	40	406	219	51	32	44	0	0	0	0	0	0	0	0	0	0	0	0	26267249	
61	1	B	1	N	2500	0	40	365	163	40	24	36	0	0	0	0	0	0	0	0	0	0	0	0	26267358	
62	1	B	1	N	2500	0	1	216	79	15	10	14	0	0	0	0	0	0	0	0	0	0	0	0	26267389	
63	1	B	1	N	2500	0	1	70	17	7	3	5	0	0	0	0	0	0	0	0	0	0	0	0	26267467	
64	1	B	1	N	2500	0	1	240	89	17	11	16	0	0	0	0	0	0	0	0	0	0	0	0	26267483	
65	1	B	1	N	2500	0	40	221	157	36	23	32	0	0	0	0	0	0	0	0	0	0	0	0	26267498	
66	1	B	1	N	2500	0	1	124	27	6	7	13	0	0	0	0	0	0	0	0	0	0	0	0	26267530	
67	1	B	1	N	2500	0	40	341	179	52	30	42	0	0	0	0	0	0	0	0	0	0	0	0	26267545	
68	1	B	1	N	2500	0	40	287	194	43	29	43	0	0	0	0	0	0	0	0	0	0	0	0	26267717	
69	1	B	1	N	2500	0	40	196	148	36	21	31	0	0	0	0	0	0	0	0	0	0	0	0	26267748	
70	1	B	1	N	2500	0	1	470	141	33	21	29	0	0	0	0	0	0	0	0	0	0	0	0	26267779	
71	1	B	1	N	2500	0	40	397	198	52	31	45	0	0	0	0	0	0	0	0	0	0	0	0	26267795	
72	1	B	1	N	2500	0	40	350	143	34	19	31	0	0	0	0	0	0	0	0	0	0	0	0	26267857	
73	1	B	1	N	2500	0	40	339	150	34	22	33	0	0	0	0	0	0	0	0	0	0	0	0	26267904	
74	1	B	1	N	2500	0	40	214	131	34	20	29	0	0	0	0	0	0	0	0	0	0	0	0	26267998	
75	1	B	1	N	2500	0	40	347	169	47	25	37	0	0	0	0	0	0	0	0	0	0	0	0	26268013	
76	1	B	1	N	2500	0	1	67	14	6	2	3	0	0	0	0	0	0	0	0	0	0	0	0	26268107	
77	1	B	1	N	2500	0	40	374	174	47	24	36	0	0	0	0	0	0	0	0	0	0	0	0	26268185	
78	1	B	1	N	2500	0	40	328	158	41	26	35	0	0	0	0	0	0	0	0	0	0	0	0	26268247	
79	1	B	1	N	2500	0	1	223	99	26	16	22	0	0	0	0	0	0	0	0	0	0	0	0	26268263	
80	1	B	1	N	2500	0	40	199	140	38	21	33	0	0	0	0	0	0	0	0	0	0	0	0	26268388	
81	1	B	1	N	2500	0	1	282	112	28	14	23	0	0	0	0	0	0	0	0	0	0	0	0	26268622	
82	1	B	1	N	2500	0	1	229	95	20	13	18	0	0	0	0	0	0	0	0	0	0	0	0	26268653	
83	1	B	1	N	2500	0	40	245	158	37	23	34	0	0	0	0	0	0	0	0	0	0	0	0	26268965	
84	1	B	1	N	2500	0	40	350	167	45	26	35	0	0	0	0	0	0	0	0	0	0	0	0	26269417	
85	1	B	1	N	2500	0	40	343	151	40	25	33	0	0	0	0	0	0	0	0	0	0	0	0	26269433	
86	1	B	1	N	2500	0	40	429	183	52	29	45	0	0	0	0	0	0	0	0	0	0	0	0	26269495	
87	1	B	1	N	2500	0	40	344	154	38	22	35	0	0	0	0	0	0	0	0	0	0	0	0	26269511	
88	1	B	1	N	2500	0	40	337	186	51	28	42	0	0	0	0	0	0	0	0	0	0	0	0	26269620	
89	1	B	1	N	2500	0	40	233	193	57	33	47	0	0	0	0	0	0	0	0	0	0	0	0	26269854	
90	1	B	1	N	2500	0	40	352	152	39	24	34	0	0	0	0	0	0	0	0	0	0	0	0	26269901	
91	1	B	1	N	2500	0	40	322	152	38	22	31	0	0	0	0	0	0	0	0	0	0	0	0	26269916	
92	1	B	1	N	2500	0	1	115	53	11	8	14	0	0	0	0	0	0	0	0	0	0	0	0	26269948	
93	1	B	1	N	2500	0	40	465	194	48	33	38	0	0	0	0	0	0	0	0	0	0	0	0	26270275	
94	1	B	1	N	2500	0	40	210	147	42	24	37	0	0	0	0	0	0	0	0	0	0	0	0	26270540	
95	1	B	1	N	2500	0	40	364	181	47	25	40	0	0	0	0	0	0	0	0	0	0	0	0	26270587	
96	1	B	1	N	2500	0	40	329	143	31	18	25	0	0	0	0	0	0	0	0	0	0	0	0	26270915	
97	1	B	1	N	2500	0	40	245	164	46	26	33	0	0	0	0	0	0	0	0	0	0	0	0	26270915	
98	1	B	1	N	2500	0	40	266	175	46	28	42	0	0	0	0	0	0	0	0	0	0	0	0	26271102	
99	1	B	1	N	2500	0	40	242	124	27	18	25	0	0	0	0	0	0	0	0	0	0	0	0	26271133	
100	1	B	1	N	2500	0	40	366	197	55	27	41	0	0	0	0	0	0	0	0	0	0	0	0	26271211	
101	1	C	1	N	2500	6	40	239	209	61	35	44	0	0	0	0	0	0	0	0	0	0	0	0	26278637	
102	1	C	1	N	2500	2	2	232	119	23	16	22	0	0	0	0	0	0	0	0	0	0	0	0	26278902	
103	1	C	1	N	2500	2	1	92	62	24	4	7	0	0	0	0	0	0	0	0	0	0	0	0	26278933	
104	1	C	1	N	2500	6	40	221	157	33	22	30	0	0	0	0	0	0	0	0	0	0	0	0	26279074	
105	1	C	1	N	2500	2	1	359	125	33	17	24	0	0	0	0	0	0	0	0	0	0	0	0	26279120	
106	1	C	1	N	2500	6	40	353	162	47	23	34	0	0	0	0	0	0	0	0	0	0	0	0	26279308	
107	1	C	1	N	2500	0	1	488	262	71	40	58	0	0	0	0	0	0	0	0	0	0	0	0	26280181	
108	1	C	1	N	2500	0	1	165	48	12	10	18	0	0	0	0	0	0	0	0	0	0	0	0	26280540	
109	1	C	1	N	2500	0	40	287	185	54	29	41	0	0	0	0	0	0	0	0	0	0	0	0	26280587	
110	1	C	1	N	2500	0	40	220	196	54	31	47	0	0	0	0	0	0	0	0	0	0	0	0	26280696	
111	1	C	1	N	2500	0	40	267	130	27	18	25	0	0	0	0	0	0	0	0	0	0	0	0	26280696	
112	1	C	1	N	2500	0	40	458	222	61	37	46	0	0	0	0	0	0	0	0	0	0	0	0	26280712	
113	1	C	1	N	2500	0	1	74	15	4	5	12	0	0	0	0	0	0	0	0	0	0	0	0	26281180	
114	1	C	1	N	2500	0	40	333	153	39	22	29	0	0	0	0	0	0	0	0	0	0	0	0	26281226	
115	1	C	1	N	2500	0	40	314	197	58	33	42	0	0	0	0	0	0	0	0	0	0	0	0	26281445	
116	1	C	1	N	2500	0	1	171	132	28	18	20	0	0	0	0	0	0	0	0	0	0	0	0	26281460	
117	1	C	1	N	2500	0	40	307	148	32	20	28	0	0	0	0	0	0	0	0	0	0	0	0	26281601	
118	1	C	1	N	2500	0	40	195	144	33	21	28	0	0	0	0	0	0	0	0	0	0	0	0	26281757	
119	1	C	1	N	2500	0	40	330	168	50	26	37	0	0	0	0	0	0	0	0	0	0	0	0	26282069	
120	1	C	1	N	2500	0	1	140	71	13	8	17	0	0	0	0	0	0	0	0	0	0	0	0	26282178	
121	1	C	1	N	2500	0	40	249	172	41	27	35	0	0	0	0	0	0	0	0	0	0	0	0	26282474	
122	1	C	1	N	2500	0	40	256	148	32	22	29	0	0	0	0	0	0	0	0	0	0	0	0	26282506	
123	1	C	1	N	2500	0	40	393	185	49	28	40	0	0	0	0	0	0	0	0	0	0	0	0	26282630	
124	1	C	1	N	2500	0	40	181	152	40	25	34	0	0	0	0	0	0	0	0	0	0	0	0	26282818	
125	1	C	1	N	2500	0	1	54	31	8	0	2	0	0	0	0	0	0	0	0	0	0	0	0	26282880	
126	1	C	1	N	2500	0	1	91	80	20	1	4	0	0	0	0	0	0	0	0	0	0	0	0	26282880	
127	1	C	1	N	2500	0	40	226	157	40	26	34	0	0	0	0	0	0	0	0	0	0	0	0	26282927	
128	1	C	1	N	2500	0	1	162	154	41	25	36	0	0	0	0	0	0	0	0	0	0	0	0	26282942	
129	1	C	1	N	2500	0	40	381	183	50	27	44	0	0	0	0	0	0	0	0	0	0	0	0	26282989	
130	1	C	1	N	2500	0	1	141	50	25	10	14	0	0	0	0	0	0	0	0	0	0	0	0	26283005	
131	1	C	1	N	2500	0	40	393	195	54	32	46	0	0	0	0	0	0	0	0	0	0	0	0	26283067	
132	1	C	1	N	2500	0	2	264	116	24	15	22	0	0	0	0	0	0	0	0	0	0	0	0	26283145	
133	1	C	1	N	2500	0	40	262	182	44	27	39	0	0	0	0	0	0	0	0	0	0	0	0	26283161	
134	1	C	1	N	2500	0	40	250	190	48	31	44	0	0	0	0	0	0	0	0	0	0	0	0	26283176	
135	1	C	1	N	2500	0	40	324	148	40	23	31	0	0	0	0	0	0	0	0	0	0	0	0	26283270	
136	1	C	1	N	2500	0	40	345	171	39	23	32	0	0	0	0	0	0	0	0	0	0	0	0	26283410	
137	1	C	1	N	2500	0	40	241	156	41	26	37	0	0	0	0	0	0	0	0	0	0	0	0	26283504	
138	1	C	1	N	2500	0	40	312	134	29	18	28	0	0	0	0	0	0	0	0	0	0	0	0	26283566	
139	1	C	1	N	2500	0	40	414	174	40	25	32	0	0	0	0	0	0	0	0	0	0	0	0	26283582	
140	1	C	1	N	2500	0	40	218	141	28	18	25	0	0	0	0	0	0	0	0	0	0	0	0	26283629	
141	1	C	1	N	2500	0	40	265	161	46	25	35	0	0	0	0	0	0	0	0	0	0	0	0	26283644	
142	1	C	1	N	2500	0	1	375	253	71	39	49	0	0	0	0	0	0	0	0	0	0	0	0	26283691	
143	1	C	1	N	2500	0	40	449	221	58	33	45	0	0	0	0	0	0	0	0	0	0	0	0	26283707	
144	1	C	1	N	2500	0	2	217	110	22	14	19	0	0	0	0	0	0	0	0	0	0	0	0	26283722	
145	1	C	1	N	2500	0	40	237	138	34	21	29	0	0	0	0	0	0	0	0	0	0	0	0	26283941	
146	1	C	1	N	2500	0	40	309	135	30	17	27	0	0	0	0	0	0	0	0	0	0	0	0	26283941	
147	1	C	1	N	2500	0	1	65	16	6	3	5	0	0	0	0	0	0	0	0	0	0	0	0	26283988	
148	1	C	1	N	2500	0	40	336	153	39	22	33	0	0	0	0	0	0	0	0	0	0	0	0	26284144	
149	1	C	1	N	2500	0	40	182	143	38	21	29	0	0	0	0	0	0	0	0	0	0	0	0	26284471	
150	1	C	1	N	2500	0	40	339	185	42	26	36	0	0	0	0	0	0	0	0	0	0	0	0	26284861	
151	1	C	1	N	2500	0	40	359	167	38	23	34	0	0	0	0	0	0	0	0	0	0	0	0	26284970	
152	1	C	1	N	2500	0	40	278	199	59	32	45	0	0	0	0	0	0	0	0	0	0	0	0	26285048	
153	1	C	1	N	2500	0	40	353	162	39	22	32	0	0	0	0	0	0	0	0	0	0	0	0	26285095	
154	1	C	1	N	2500	0	1	164	93	28	16	21	0	0	0	0	0	0	0	0	0	0	0	0	26285501	
155	1	C	1	N	2500	0	1	171	93	19	13	21	0	0	0	0	0	0	0	0	0	0	0	0	26285532	
156	1	C	1	N	2500	0	1	169	125	39	21	26	0	0	0	0	0	0	0	0	0	0	0	0	26285579	
157	1	D	1	N	2500	2	1	51	12	5	0	1	0	0	0	0	0	0	0	0	0	0	0	0	26292536	
158	1	D	1	N	2500	6	40	260	147	38	20	27	0	0	0	0	0	0	0	0	0	0	0	0	26293504	
159	1	D	1	N	2500	6	40	239	175	45	29	39	0	0	0	0	0	0	0	0	0	0	0	0	26294018	
160	1	D	1	N	2500	2	1	69	36	8	7	14	0	0	0	0	0	0	0	0	0	0	0	0	26294112	
161	1	D	1	N	2500	4	40	180	156	42	26	39	0	0	0	0	0	0	0	0	0	0	0	0	26294408	
162	1	D	1	N	2500	2	1	85	29	7	7	15	0	0	0	0	0	0	0	0	0	0	0	0	26294408	
163	1	D	1	N	2500	2	1	171	87	19	16	21	0	0	0	0	0	0	0	0	0	0	0	0	26295142	
164	1	D	1	N	2500	6	40	250	168	37	25	35	0	0	0	0	0	0	0	0	0	0	0	0	26295235	
165	1	D	1	N	2500	0	40	182	141	42	24	33	0	0	0	0	0	0	0	0	0	0	0	0	26295251	
166	1	D	1	N	2500	0	40	380	153	37	25	38	0	0	0	0	0	0	0	0	0	0	0	0	26295313	
167	1	D	1	N	2500	0	1	436	159	45	23	35	0	0	0	0	0	0	0	0	0	0	0	0	26295500	
168	1	D	1	N	2500	0	1	448	167	38	25	40	0	0	0	0	0	0	0	0	0	0	0	0	26296187	
169	1	D	1	N	2500	0	40	277	188	50	30	42	0	0	0	0	0	0	0	0	0	0	0	0	26296358	
170	1	D	1	N	2500	0	40	345	170	47	26	36	0	0	0	0	0	0	0	0	0	0	0	0	26296390	
171	1	D	1	N	2500	0	40	351	155	35	22	29	0	0	0	0	0	0	0	0	0	0	0	0	26296499	
172	1	D	1	N	2500	0	40	354	182	47	30	43	0	0	0	0	0	0	0	0	0	0	0	0	26296530	
173	1	D	1	N	2500	0	40	329	150	34	21	31	0	0	0	0	0	0	0	0	0	0	0	0	26297138	
174	1	D	1	N	2500	0	40	320	127	31	16	22	0	0	0	0	0	0	0	0	0	0	0	0	26297341	
175	1	D	1	N	2500	0	1	131	80	20	18	32	0	0	0	0	0	0	0	0	0	0	0	0	26297357	
176	1	D	1	N	2500	0	40	209	147	33	21	30	0	0	0	0	0	0	0	0	0	0	0	0	26297388	
177	1	D	1	N	2500	0	40	438	204	52	32	47	0	0	0	0	0	0	0	0	0	0	0	0	26297513	
178	1	D	1	N	2500	0	2	229	118	24	17	23	0	0	0	0	0	0	0	0	0	0	0	0	26297513	
179	1	D	1	N	2500	0	40	395	198	61	34	48	0	0	0	0	0	0	0	0	0	0	0	0	26297622	
180	1	D	1	N	2500	0	40	267	180	45	27	35	0	0	0	0	0	0	0	0	0	0	0	0	26297622	
181	1	D	1	N	2500	0	40	216	196	57	33	43	0	0	0	0	0	0	0	0	0	0	0	0	26297638	
182	1	D	1	N	2500	0	40	368	171	45	27	36	0	0	0	0	0	0	0	0	0	0	0	0	26297700	
183	1	D	1	N	2500	0	40	373	179	47	25	38	0	0	0	0	0	0	0	0	0	0	0	0	26297747	
184	1	D	1	N	2500	0	40	410	201	52	30	39	0	0	0	0	0	0	0	0	0	0	0	0	26297747	
185	1	D	1	N	2500	0	40	298	154	35	23	35	0	0	0	0	0	0	0	0	0	0	0	0	26297840	
186	1	D	1	N	2500	0	40	336	154	34	20	30	0	0	0	0	0	0	0	0	0	0	0	0	26298168	
187	1	D	1	N	2500	0	40	201	114	28	18	27	0	0	0	0	0	0	0	0	0	0	0	0	26298215	
188	1	D	1	N	2500	0	1	88	16	4	3	5	0	0	0	0	0	0	0	0	0	0	0	0	26298215	
189	1	D	1	N	2500	0	40	358	185	42	30	40	0	0	0	0	0	0	0	0	0	0	0	0	26298277	
190	1	D	1	N	2500	0	1	160	90	12	10	14	0	0	0	0	0	0	0	0	0	0	0	0	26298293	
191	1	D	1	N	2500	0	40	310	140	32	19	26	0	0	0	0	0	0	0	0	0	0	0	0	26298355	
192	1	D	1	N	2500	0	40	433	220	68	37	49	0	0	0	0	0	0	0	0	0	0	0	0	26298386	
193	1	D	1	N	2500	0	40	343	160	40	24	38	0	0	0	0	0	0	0	0	0	0	0	0	26298449	
194	1	D	1	N	2500	0	40	317	136	29	19	27	0	0	0	0	0	0	0	0	0	0	0	0	26298620	
195	1	D	1	N	2500	0	1	282	114	24	14	19	0	0	0	0	0	0	0	0	0	0	0	0	26298652	
196	1	D	1	N	2500	0	40	315	162	36	22	35	0	0	0	0	0	0	0	0	0	0	0	0	26298683	
197	1	D	1	N	2500	0	40	270	228	68	37	52	0	0	0	0	0	0	0	0	0	0	0	0	26298698	
198	1	D	1	N	2500	0	40	286	168	44	26	35	0	0	0	0	0	0	0	0	0	0	0	0	26298730	
199	1	D	1	N	2500	0	40	273	131	28	21	26	0	0	0	0	0	0	0	0	0	0	0	0	26298932	
200	1	D	1	N	2500	0	1	59	12	6	10	32	0	0	0	0	0	0	0	0	0	0	0	0	26299120	
201	1	D	1	N	2500	0	40	359	183	45	29	39	0	0	0	0	0	0	0	0	0	0	0	0	26299151	
202	1	D	1	N	2500	0	40	345	143	33	20	29	0	0	0	0	0	0	0	0	0	0	0	0	26299478	
203	1	D	1	N	2500	0	40	343	159	41	24	34	0	0	0	0	0	0	0	0	0	0	0	0	26299712	
204	1	D	1	N	2500	0	40	416	207	54	33	51	0	0	0	0	0	0	0	0	0	0	0	0	26299853	
205	1	E	1	N	2500	6	40	220	177	48	29	41	0	0	0	0	0	0	0	0	0	0	0	0	26307247	
206	1	E	1	N	2500	2	1	122	125	33	23	31	0	0	0	0	0	0	0	0	0	0	0	0	26307279	
207	1	E	1	N	2500	2	1	270	107	26	15	19	0	0	0	0	0	0	0	0	0	0	0	0	26307466	
208	1	E	1	N	2500	6	40	201	176	47	30	38	0	0	0	0	0	0	0	0	0	0	0	0	26307934	
209	1	E	1	N	2500	6	40	247	156	47	25	36	0	0	0	0	0	0	0	0	0	0	0	0	26308074	
210	1	E	1	N	2500	0	2	254	116	23	15	20	0	0	0	0	0	0	0	0	0	0	0	0	26308293	
211	1	E	1	N	2500	0	1	277	105	24	18	28	0	0	0	0	0	0	0	0	0	0	0	0	26308433	
212	1	E	1	N	2500	0	40	217	190	52	31	44	0	0	0	0	0	0	0	0	0	0	0	0	26308589	
213	1	E	1	N	2500	0	1	68	34	5	3	8	0	0	0	0	0	0	0	0	0	0	0	0	26308917	
214	1	E	1	N	2500	0	40	199	173	49	26	39	0	0	0	0	0	0	0	0	0	0	0	0	26308963	
215	1	E	1	N	2500	0	1	168	140	32	25	25	0	0	0	0	0	0	0	0	0	0	0	0	26308963	
216	1	E	1	N	2500	0	1	94	77	60	11	15	0	0	0	0	0	0	0	0	0	0	0	0	26309260	
217	1	E	1	N	2500	0	1	54	14	5	2	3	0	0	0	0	0	0	0	0	0	0	0	0	26309431	
218	1	E	1	N	2500	0	40	357	158	38	22	35	0	0	0	0	0	0	0	0	0	0	0	0	26309697	
219	1	E	1	N	2500	0	40	240	161	37	25	35	0	0	0	0	0	0	0	0	0	0	0	0	26309962	
220	1	E	1	N	2500	0	1	157	134	30	19	27	0	0	0	0	0	0	0	0	0	0	0	0	26309993	
221	1	E	1	N	2500	0	40	251	159	38	23	34	0	0	0	0	0	0	0	0	0	0	0	0	26310243	
222	1	E	1	N	2500	0	40	315	155	36	22	32	0	0	0	0	0	0	0	0	0	0	0	0	26310289	
223	1	E	1	N	2500	0	40	381	185	45	26	34	0	0	0	0	0	0	0	0	0	0	0	0	26310383	
224	1	E	1	N	2500	0	1	169	92	19	13	20	0	0	0	0	0	0	0	0	0	0	0	0	26310633	
225	1	E	1	N	2500	0	40	293	139	36	24	31	0	0	0	0	0	0	0	0	0	0	0	0	26310648	
226	1	E	1	N	2500	0	2	292	129	26	20	26	0	0	0	0	0	0	0	0	0	0	0	0	26310960	
227	1	E	1	N	2500	0	40	195	172	40	24	34	0	0	0	0	0	0	0	0	0	0	0	0	26311069	
228	1	E	1	N	2500	0	40	344	153	33	22	27	0	0	0	0	0	0	0	0	0	0	0	0	26311101	
229	1	E	1	N	2500	0	1	56	54	20	0	0	0	0	0	0	0	0	0	0	0	0	0	0	26311101	
230	1	E	1	N	2500	0	40	249	164	39	24	36	0	0	0	0	0	0	0	0	0	0	0	0	26311116	
231	1	E	1	N	2500	0	40	343	185	46	26	43	0	0	0	0	0	0	0	0	0	0	0	0	26311147	
232	1	E	1	N	2500	0	40	398	196	48	31	42	0	0	0	0	0	0	0	0	0	0	0	0	26311288	
233	1	E	1	N	2500	0	40	192	169	44	25	33	0	0	0	0	0	0	0	0	0	0	0	0	26311288	
234	1	E	1	N	2500	0	40	216	130	28	20	25	0	0	0	0	0	0	0	0	0	0	0	0	26311319	
235	1	E	1	N	2500	0	40	288	155	38	23	32	0	0	0	0	0	0	0	0	0	0	0	0	26311397	
236	1	E	1	N	2500	0	40	379	175	45	28	38	0	0	0	0	0	0	0	0	0	0	0	0	26311491	
237	1	E	1	N	2500	0	40	458	235	60	37	50	0	0	0	0	0	0	0	0	0	0	0	0	26311631	
238	1	E	1	N	2500	0	40	223	141	32	20	31	0	0	0	0	0	0	0	0	0	0	0	0	26311693	
239	1	E	1	N	2500	0	40	377	156	40	24	33	0	0	0	0	0	0	0	0	0	0	0	0	26311709	
240	1	E	1	N	2500	0	1	318	125	30	16	27	0	0	0	0	0	0	0	0	0	0	0	0	26311740	
241	1	E	1	N	2500	0	40	405	178	42	25	34	0	0	0	0	0	0	0	0	0	0	0	0	26311803	
242	1	E	1	N	2500	0	40	314	195	50	30	43	0	0	0	0	0	0	0	0	0	0	0	0	26311849	
243	1	E	1	N	2500	0	40	193	148	34	22	27	0	0	0	0	0	0	0	0	0	0	0	0	26312083	
244	1	E	1	N	2500	0	40	338	165	41	25	41	0	0	0	0	0	0	0	0	0	0	0	0	26312271	
245	1	E	1	N	2500	0	40	256	171	43	25	35	0	0	0	0	0	0	0	0	0	0	0	0	26312333	
246	1	E	1	N	2500	0	40	321	173	47	26	37	0	0	0	0	0	0	0	0	0	0	0	0	26312567	
247	1	E	1	N	2500	0	2	197	113	23	15	20	0	0	0	0	0	0	0	0	0	0	0	0	26312614	
248	1	E	1	N	2500	0	40	297	202	56	33	44	0	0	0	0	0	0	0	0	0	0	0	0	26312661	
249	1	E	1	N	2500	0	40	332	138	33	19	32	0	0	0	0	0	0	0	0	0	0	0	0	26312676	
250	1	E	1	N	2500	0	40	370	156	45	23	40	0	0	0	0	0	0	0	0	0	0	0	0	26312770	
251	1	E	1	N	2500	0	1	63	16	2	0	1	0	0	0	0	0	0	0	0	0	0	0	0	26312785	
252	1	E	1	N	2500	0	40	260	129	27	17	22	0	0	0	0	0	0	0	0	0	0	0	0	26312895	
253	1	E	1	N	2500	0	40	352	193	52	31	43	0	0	0	0	0	0	0	0	0	0	0	0	26313144	
254	1	E	1	N	2500	0	40	224	131	31	19	27	0	0	0	0	0	0	0	0	0	0	0	0	26313191	
255	1	E	1	N	2500	0	40	249	140	34	21	31	0	0	0	0	0	0	0	0	0	0	0	0	26313363	
256	1	F	1	N	2500	6	40	342	181	47	26	37	0	0	0	0	0	0	0	0	0	0	0	0	26321771	
257	1	F	1	N	2500	6	40	336	149	37	21	30	0	0	0	0	0	0	0	0	0	0	0	0	26321911	
258	1	F	1	N	2500	6	40	325	159	42	23	35	0	0	0	0	0	0	0	0	0	0	0	0	26322317	
259	1	F	1	N	2500	0	40	357	153	35	22	31	0	0	0	0	0	0	0	0	0	0	0	0	26322395	
260	1	F	1	N	2500	0	40	265	144	34	21	28	0	0	0	0	0	0	0	0	0	0	0	0	26322520	
261	1	F	1	N	2500	0	40	358	155	33	21	26	0	0	0	0	0	0	0	0	0	0	0	0	26323175	
262	1	F	1	N	2500	0	40	196	126	35	21	29	0	0	0	0	0	0	0	0	0	0	0	0	26323175	
263	1	F	1	N	2500	0	40	344	155	33	20	26	0	0	0	0	0	0	0	0	0	0	0	0	26323253	
264	1	F	1	N	2500	0	40	228	193	51	30	44	0	0	0	0	0	0	0	0	0	0	0	0	26323284	
265	1	F	1	N	2500	0	1	162	117	26	18	28	0	0	0	0	0	0	0	0	0	0	0	0	26323331	
266	1	F	1	N	2500	0	40	330	147	35	21	27	0	0	0	0	0	0	0	0	0	0	0	0	26323347	
267	1	F	1	N	2500	0	40	448	210	69	31	44	0	0	0	0	0	0	0	0	0	0	0	0	26323378	
268	1	F	1	N	2500	0	40	348	175	43	25	33	0	0	0	0	0	0	0	0	0	0	0	0	26323393	
269	1	F	1	N	2500	0	40	211	139	33	18	25	0	0	0	0	0	0	0	0	0	0	0	0	26323471	
270	1	F	1	N	2500	0	40	409	230	61	36	49	0	0	0	0	0	0	0	0	0	0	0	0	26323549	
271	1	F	1	N	2500	0	40	324	159	39	22	29	0	0	0	0	0	0	0	0	0	0	0	0	26323659	
272	1	F	1	N	2500	0	40	234	182	62	34	46	0	0	0	0	0	0	0	0	0	0	0	0	26323908	
273	1	F	1	N	2500	0	1	300	121	22	15	20	0	0	0	0	0	0	0	0	0	0	0	0	26324033	
274	1	F	1	N	2500	0	1	223	100	35	21	33	0	0	0	0	0	0	0	0	0	0	0	0	26324236	
275	1	F	1	N	2500	0	40	373	143	34	24	30	0	0	0	0	0	0	0	0	0	0	0	0	26324579	
276	1	F	1	N	2500	0	40	234	163	40	24	29	0	0	0	0	0	0	0	0	0	0	0	0	26324704	
277	1	F	1	N	2500	0	40	283	149	38	23	31	0	0	0	0	0	0	0	0	0	0	0	0	26324782	
278	1	F	1	N	2500	0	40	215	172	41	28	38	0	0	0	0	0	0	0	0	0	0	0	0	26326123	
279	1	F	1	N	2500	0	1	174	121	27	17	26	0	0	0	0	0	0	0	0	0	0	0	0	26326190	
280	1	F	1	N	2500	0	1	82	15	4	3	5	0	0	0	0	0	0	0	0	0	0	0	0	26326190	
281	1	F	1	N	2500	0	40	368	223	71	37	50	0	0	0	0	0	0	0	0	0	0	0	0	26326240	
282	1	F	1	N	2500	0	40	402	203	56	33	43	0	0	0	0	0	0	0	0	0	0	0	0	26326490	
283	1	F	1	N	2500	0	40	246	166	51	30	40	0	0	0	0	0	0	0	0	0	0	0	0	26326610	
284	1	F	1	N	2500	0	40	347	190	53	31	47	0	0	0	0	0	0	0	0	0	0	0	0	26326630	
285	1	F	1	N	2500	0	40	242	142	34	22	32	0	0	0	0	0	0	0	0	0	0	0	0	26326810	
286	1	F	1	N	2500	0	40	202	148	41	27	33	0	0	0	0	0	0	0	0	0	0	0	0	26326830	
287	1	F	1	N	2500	0	40	201	179	36	25	35	0	0	0	0	0	0	0	0	0	0	0	0	26326850	
288	1	F	1	N	2500	0	1	333	126	27	17	25	0	0	0	0	0	0	0	0	0	0	0	0	26326960	
289	1	F	1	N	2500	0	40	258	197	52	31	39	0	0	0	0	0	0	0	0	0	0	0	0	26327301	
290	1	F	1	N	2500	0	40	213	139	41	23	32	0	0	0	0	0	0	0	0	0	0	0	0	26327785	
291	1	F	1	N	2500	0	40	293	186	55	30	38	0	0	0	0	0	0	0	0	0	0	0	0	26327832	
292	1	G	1	N	2500	2	1	83	28	12	5	8	0	0	0	0	0	0	0	0	0	0	0	0	26335335	
293	1	G	1	N	2500	2	1	67	29	10	5	8	0	0	0	0	0	0	0	0	0	0	0	0	26335335	
294	1	G	1	N	2500	6	40	290	159	43	26	33	0	0	0	0	0	0	0	0	0	0	0	0	26335445	
295	1	G	1	N	2500	2	1	104	34	38	55	108	0	0	0	0	0	0	0	0	0	0	0	0	26335897	
296	1	G	1	N	2500	2	1	71	29	6	5	11	0	0	0	0	0	0	0	0	0	0	0	0	26336178	
297	1	G	1	N	2500	2	1	207	79	17	11	20	0	0	0	0	0	0	0	0	0	0	0	0	26336225	
298	1	G	1	N	2500	6	40	345	159	38	22	31	0	0	0	0	0	0	0	0	0	0	0	0	26336349	
299	1	G	1	N	2500	2	2	308	125	22	14	21	0	0	0	0	0	0	0	0	0	0	0	0	26337223	
300	1	G	1	N	2500	6	40	285	175	42	25	34	0	0	0	0	0	0	0	0	0	0	0	0	26337660	
301	1	G	1	N	2500	0	1	69	28	4	3	6	0	0	0	0	0	0	0	0	0	0	0	0	26337863	
302	1	G	1	N	2500	0	40	174	149	36	25	33	0	0	0	0	0	0	0	0	0	0	0	0	26337925	
303	1	G	1	N	2500	0	1	306	118	22	15	25	0	0	0	0	0	0	0	0	0	0	0	0	26338237	
304	1	G	1	N	2500	0	40	277	155	39	25	31	0	0	0	0	0	0	0	0	0	0	0	0	26338705	
305	1	G	1	N	2500	0	1	65	22	7	4	5	0	0	0	0	0	0	0	0	0	0	0	0	26338736	
306	1	G	1	N	2500	0	40	234	196	56	35	42	0	0	0	0	0	0	0	0	0	0	0	0	26338877	
307	1	G	1	N	2500	0	40	218	167	48	26	39	0	0	0	0	0	0	0	0	0	0	0	0	26339298	
308	1	G	1	N	2500	0	40	322	132	32	17	25	0	0	0	0	0	0	0	0	0	0	0	0	26339360	
309	1	G	1	N	2500	0	1	437	137	31	20	27	0	0	0	0	0	0	0	0	0	0	0	0	26340733	
310	1	G	1	N	2500	0	1	228	69	15	11	15	0	0	0	0	0	0	0	0	0	0	0	0	26341139	
311	1	G	1	N	2500	0	1	136	115	34	22	29	0	0	0	0	0	0	0	0	0	0	0	0	26341279	
312	1	G	1	N	2500	0	1	175	129	30	17	23	0	0	0	0	0	0	0	0	0	0	0	0	26341560	
313	1	G	1	N	2500	0	40	411	196	53	30	44	0	0	0	0	0	0	0	0	0	0	0	0	26341950	
314	1	A	2	N	2500	6	40	355	166	39	25	38	0	0	0	0	0	0	0	0	0	0	0	0	26365116	
315	1	A	2	N	2500	6	40	273	182	41	28	38	0	0	0	0	0	0	0	0	0	0	0	0	26365209	
316	1	A	2	N	2500	6	40	187	127	31	18	23	0	0	0	0	0	0	0	0	0	0	0	0	26365225	
317	1	A	2	N	2500	0	40	188	152	41	27	34	0	0	0	0	0	0	0	0	0	0	0	0	26365365	
318	1	A	2	N	2500	0	40	269	179	40	26	34	0	0	0	0	0	0	0	0	0	0	0	0	26365615	
319	1	A	2	N	2500	0	40	193	141	32	20	27	0	0	0	0	0	0	0	0	0	0	0	0	26365631	
320	1	A	2	N	2500	0	1	59	17	10	11	20	0	0	0	0	0	0	0	0	0	0	0	0	26365818	
321	1	A	2	N	2500	0	40	391	179	48	29	42	0	0	0	0	0	0	0	0	0	0	0	0	26365833	
322	1	A	2	N	2500	0	40	235	125	30	20	24	0	0	0	0	0	0	0	0	0	0	0	0	26365974	
323	1	A	2	N	2500	0	40	199	150	38	24	35	0	0	0	0	0	0	0	0	0	0	0	0	26366005	
324	1	A	2	N	2500	0	40	415	199	48	30	40	0	0	0	0	0	0	0	0	0	0	0	0	26366067	
325	1	A	2	N	2500	0	40	413	197	55	32	46	0	0	0	0	0	0	0	0	0	0	0	0	26366145	
326	1	A	2	N	2500	0	40	354	181	53	32	43	0	0	0	0	0	0	0	0	0	0	0	0	26366239	
327	1	A	2	N	2500	0	40	188	163	43	26	35	0	0	0	0	0	0	0	0	0	0	0	0	26366520	
328	1	A	2	N	2500	0	1	163	119	30	19	25	0	0	0	0	0	0	0	0	0	0	0	0	26366723	
329	1	A	2	N	2500	0	40	169	151	40	25	32	0	0	0	0	0	0	0	0	0	0	0	0	26366910	
330	1	A	2	N	2500	0	40	235	145	40	27	37	0	0	0	0	0	0	0	0	0	0	0	0	26367003	
331	1	A	2	N	2500	0	40	178	147	44	29	39	0	0	0	0	0	0	0	0	0	0	0	0	26367347	
332	1	A	2	N	2500	0	40	278	164	40	24	40	0	0	0	0	0	0	0	0	0	0	0	0	26367612	
333	1	A	2	N	2500	0	40	311	128	38	23	35	0	0	0	0	0	0	0	0	0	0	0	0	26367690	
334	1	A	2	N	2500	0	40	316	218	65	38	55	0	0	0	0	0	0	0	0	0	0	0	0	26367768	
335	1	A	2	N	2500	0	40	243	182	53	30	41	0	0	0	0	0	0	0	0	0	0	0	0	26367830	
336	1	A	2	N	2500	0	40	390	220	59	37	50	0	0	0	0	0	0	0	0	0	0	0	0	26367830	
337	1	A	2	N	2500	0	40	379	166	36	22	28	0	0	0	0	0	0	0	0	0	0	0	0	26367830	
338	1	A	2	N	2500	0	40	336	169	43	26	39	0	0	0	0	0	0	0	0	0	0	0	0	26367986	
339	1	A	2	N	2500	0	40	336	166	43	26	35	0	0	0	0	0	0	0	0	0	0	0	0	26368189	
340	1	A	2	N	2500	0	1	154	118	28	19	27	0	0	0	0	0	0	0	0	0	0	0	0	26368532	
341	1	A	2	N	2500	0	40	329	145	35	21	29	0	0	0	0	0	0	0	0	0	0	0	0	26368688	
342	1	A	2	N	2500	0	40	284	206	55	30	46	0	0	0	0	0	0	0	0	0	0	0	0	26368829	
343	1	A	2	N	2500	0	1	77	70	19	11	15	0	0	0	0	0	0	0	0	0	0	0	0	26368860	
344	1	A	2	N	2500	0	1	114	58	13	10	17	0	0	0	0	0	0	0	0	0	0	0	0	26368860	
345	1	A	2	N	2500	0	40	364	191	54	33	49	0	0	0	0	0	0	0	0	0	0	0	0	26369031	
346	1	A	2	N	2500	0	1	72	19	11	9	19	0	0	0	0	0	0	0	0	0	0	0	0	26369047	
347	1	A	2	N	2500	0	1	151	77	137	173	200	0	0	0	0	0	0	0	0	0	0	0	0	26369094	
348	1	A	2	N	2500	0	1	189	87	23	13	19	0	0	0	0	0	0	0	0	0	0	0	0	26369219	
349	1	A	2	N	2500	0	1	52	15	3	3	10	0	0	0	0	0	0	0	0	0	0	0	0	26369234	
350	1	A	2	N	2500	0	40	223	154	41	26	33	0	0	0	0	0	0	0	0	0	0	0	0	26369234	
351	1	A	2	N	2500	0	40	272	173	36	26	36	0	0	0	0	0	0	0	0	0	0	0	0	26369234	
352	1	A	2	N	2500	0	40	236	147	36	22	34	0	0	0	0	0	0	0	0	0	0	0	0	26369234	
353	1	A	2	N	2500	0	40	296	133	35	20	24	0	0	0	0	0	0	0	0	0	0	0	0	26369250	
354	1	A	2	N	2500	0	1	219	94	22	16	24	0	0	0	0	0	0	0	0	0	0	0	0	26369297	
355	1	A	2	N	2500	0	40	358	178	46	28	41	0	0	0	0	0	0	0	0	0	0	0	0	26369297	
356	1	A	2	N	2500	0	1	315	119	27	19	27	0	0	0	0	0	0	0	0	0	0	0	0	26369328	
357	1	A	2	N	2500	0	1	115	43	5	3	7	0	0	0	0	0	0	0	0	0	0	0	0	26369390	
358	1	A	2	N	2500	0	40	365	181	42	26	38	0	0	0	0	0	0	0	0	0	0	0	0	26369406	
359	1	A	2	N	2500	0	40	222	191	59	35	46	0	0	0	0	0	0	0	0	0	0	0	0	26369406	
360	1	A	2	N	2500	0	40	320	128	31	19	30	0	0	0	0	0	0	0	0	0	0	0	0	26369484	
361	1	A	2	N	2500	0	40	363	182	49	28	43	0	0	0	0	0	0	0	0	0	0	0	0	26369499	
362	1	A	2	N	2500	0	40	219	186	53	35	46	0	0	0	0	0	0	0	0	0	0	0	0	26369515	
363	1	A	2	N	2500	0	40	200	152	38	22	32	0	0	0	0	0	0	0	0	0	0	0	0	26369609	
364	1	A	2	N	2500	0	40	260	203	61	37	51	0	0	0	0	0	0	0	0	0	0	0	0	26369624	
365	1	A	2	N	2500	0	40	343	167	38	25	37	0	0	0	0	0	0	0	0	0	0	0	0	26369671	
366	1	A	2	N	2500	0	40	241	181	52	32	44	0	0	0	0	0	0	0	0	0	0	0	0	26369671	
367	1	A	2	N	2500	0	40	272	184	48	31	40	0	0	0	0	0	0	0	0	0	0	0	0	26369687	
368	1	A	2	N	2500	0	40	229	150	42	26	32	0	0	0	0	0	0	0	0	0	0	0	0	26369702	
369	1	A	2	N	2500	0	40	276	147	37	25	35	0	0	0	0	0	0	0	0	0	0	0	0	26369718	
370	1	A	2	N	2500	0	40	406	192	57	30	43	0	0	0	0	0	0	0	0	0	0	0	0	26369718	
371	1	A	2	N	2500	0	40	318	197	63	37	53	0	0	0	0	0	0	0	0	0	0	0	0	26369733	
372	1	A	2	N	2500	0	40	331	169	41	26	41	0	0	0	0	0	0	0	0	0	0	0	0	26369858	
373	1	A	2	N	2500	0	1	268	103	19	15	20	0	0	0	0	0	0	0	0	0	0	0	0	26369905	
374	1	A	2	N	2500	0	40	190	137	27	18	26	0	0	0	0	0	0	0	0	0	0	0	0	26369905	
375	1	A	2	N	2500	0	40	363	196	57	34	50	0	0	0	0	0	0	0	0	0	0	0	0	26369967	
376	1	A	2	N	2500	0	1	80	55	34	33	68	0	0	0	0	0	0	0	0	0	0	0	0	26370014	
377	1	A	2	N	2500	0	40	450	198	49	32	45	0	0	0	0	0	0	0	0	0	0	0	0	26370030	
378	1	A	2	N	2500	0	1	88	34	6	5	8	0	0	0	0	0	0	0	0	0	0	0	0	26370139	
379	1	A	2	N	2500	0	40	344	177	47	29	37	0	0	0	0	0	0	0	0	0	0	0	0	26370201	
380	1	A	2	N	2500	0	40	401	182	38	23	32	0	0	0	0	0	0	0	0	0	0	0	0	26370217	
381	1	A	2	N	2500	0	40	345	172	43	25	35	0	0	0	0	0	0	0	0	0	0	0	0	26370217	
382	1	A	2	N	2500	0	40	329	143	31	18	27	0	0	0	0	0	0	0	0	0	0	0	0	26370233	
383	1	A	2	N	2500	0	1	87	41	10	10	17	0	0	0	0	0	0	0	0	0	0	0	0	26370233	
384	1	A	2	N	2500	0	40	233	193	55	32	52	0	0	0	0	0	0	0	0	0	0	0	0	26370248	
385	1	A	2	N	2500	0	40	282	152	30	22	33	0	0	0	0	0	0	0	0	0	0	0	0	26370311	
386	1	A	2	N	2500	0	40	191	122	34	20	29	0	0	0	0	0	0	0	0	0	0	0	0	26370342	
387	1	A	2	N	2500	0	40	357	173	42	24	34	0	0	0	0	0	0	0	0	0	0	0	0	26370373	
388	1	A	2	N	2500	0	40	286	167	43	26	38	0	0	0	0	0	0	0	0	0	0	0	0	26370373	
389	1	A	2	N	2500	0	1	456	311	76	49	64	0	0	0	0	0	0	0	0	0	0	0	0	26370373	
390	1	A	2	N	2500	0	40	328	134	32	19	28	0	0	0	0	0	0	0	0	0	0	0	0	26370435	
391	1	A	2	N	2500	0	40	386	199	49	29	40	0	0	0	0	0	0	0	0	0	0	0	0	26370467	
392	1	A	2	N	2500	0	40	207	142	36	21	28	0	0	0	0	0	0	0	0	0	0	0	0	26370654	
393	1	A	2	N	2500	0	40	210	186	47	30	43	0	0	0	0	0	0	0	0	0	0	0	0	26370701	
394	1	A	2	N	2500	0	40	354	180	48	30	43	0	0	0	0	0	0	0	0	0	0	0	0	26370747	
395	1	A	2	N	2500	0	40	198	130	32	19	28	0	0	0	0	0	0	0	0	0	0	0	0	26370763	
396	1	A	2	N	2500	0	40	374	191	53	32	47	0	0	0	0	0	0	0	0	0	0	0	0	26370950	
397	1	A	2	N	2500	0	40	266	181	58	29	37	0	0	0	0	0	0	0	0	0	0	0	0	26371169	
398	1	A	2	N	2500	0	40	334	230	71	38	52	0	0	0	0	0	0	0	0	0	0	0	0	26371169	
399	1	A	2	N	2500	0	40	270	188	45	28	38	0	0	0	0	0	0	0	0	0	0	0	0	26371434	
400	1	A	2	N	2500	0	1	89	31	8	8	16	0	0	0	0	0	0	0	0	0	0	0	0	26371449	
401	1	A	2	N	2500	0	40	418	187	51	28	38	0	0	0	0	0	0	0	0	0	0	0	0	26371496	
402	1	A	2	N	2500	0	40	240	150	32	22	29	0	0	0	0	0	0	0	0	0	0	0	0	26371637	
403	1	A	2	N	2500	0	1	157	157	54	31	42	0	0	0	0	0	0	0	0	0	0	0	0	26371652	
404	1	A	2	N	2500	0	40	354	167	45	28	34	0	0	0	0	0	0	0	0	0	0	0	0	26371668	
405	1	A	2	N	2500	0	40	313	127	27	15	22	0	0	0	0	0	0	0	0	0	0	0	0	26371730	
406	1	A	2	N	2500	0	40	327	155	40	26	35	0	0	0	0	0	0	0	0	0	0	0	0	26371730	
407	1	A	2	N	2500	0	1	472	251	64	38	52	0	0	0	0	0	0	0	0	0	0	0	0	26371855	
408	1	A	2	N	2500	0	2	191	121	24	14	18	0	0	0	0	0	0	0	0	0	0	0	0	26371902	
409	1	A	2	N	2500	0	40	192	181	50	29	37	0	0	0	0	0	0	0	0	0	0	0	0	26371917	
410	1	A	2	N	2500	0	1	70	27	7	5	8	0	0	0	0	0	0	0	0	0	0	0	0	26372323	
411	1	B	2	N	2500	6	40	309	141	28	18	25	0	0	0	0	0	0	0	0	0	0	0	0	26379218	
412	1	B	2	N	2500	6	40	387	192	46	28	43	0	0	0	0	0	0	0	0	0	0	0	0	26379265	
413	1	B	2	N	2500	6	40	363	189	48	28	40	0	0	0	0	0	0	0	0	0	0	0	0	26379530	
414	1	B	2	N	2500	0	40	356	167	48	26	40	0	0	0	0	0	0	0	0	0	0	0	0	26379577	
415	1	B	2	N	2500	0	40	202	156	42	25	32	0	0	0	0	0	0	0	0	0	0	0	0	26379780	
416	1	B	2	N	2500	0	40	340	155	38	21	32	0	0	0	0	0	0	0	0	0	0	0	0	26380092	
417	1	B	2	N	2500	0	1	53	20	0	0	1	0	0	0	0	0	0	0	0	0	0	0	0	26380139	
418	1	B	2	N	2500	0	40	349	161	47	25	35	0	0	0	0	0	0	0	0	0	0	0	0	26380295	
419	1	B	2	N	2500	0	40	322	176	44	28	36	0	0	0	0	0	0	0	0	0	0	0	0	26380451	
420	1	B	2	N	2500	0	2	294	121	25	16	26	0	0	0	0	0	0	0	0	0	0	0	0	26380497	
421	1	B	2	N	2500	0	40	202	185	57	32	44	0	0	0	0	0	0	0	0	0	0	0	0	26380887	
422	1	B	2	N	2500	0	40	219	153	46	26	39	0	0	0	0	0	0	0	0	0	0	0	0	26381199	
423	1	B	2	N	2500	0	1	159	119	27	17	24	0	0	0	0	0	0	0	0	0	0	0	0	26381199	
424	1	B	2	N	2500	0	40	394	233	66	39	54	0	0	0	0	0	0	0	0	0	0	0	0	26381293	
425	1	B	2	N	2500	0	40	223	146	44	26	35	0	0	0	0	0	0	0	0	0	0	0	0	26381324	
426	1	B	2	N	2500	0	40	229	137	70	27	36	0	0	0	0	0	0	0	0	0	0	0	0	26381371	
427	1	B	2	N	2500	0	40	181	180	53	31	46	0	0	0	0	0	0	0	0	0	0	0	0	26381418	
428	1	B	2	N	2500	0	40	378	173	42	24	35	0	0	0	0	0	0	0	0	0	0	0	0	26381543	
429	1	B	2	N	2500	0	1	72	17	4	4	7	0	0	0	0	0	0	0	0	0	0	0	0	26381823	
430	1	B	2	N	2500	0	1	90	38	20	6	7	0	0	0	0	0	0	0	0	0	0	0	0	26381839	
431	1	B	2	N	2500	0	40	362	150	37	21	34	0	0	0	0	0	0	0	0	0	0	0	0	26382213	
432	1	B	2	N	2500	0	40	366	195	47	27	39	0	0	0	0	0	0	0	0	0	0	0	0	26382213	
433	1	B	2	N	2500	0	40	274	169	61	36	51	0	0	0	0	0	0	0	0	0	0	0	0	26382323	
434	1	B	2	N	2500	0	40	266	187	46	29	43	0	0	0	0	0	0	0	0	0	0	0	0	26382510	
435	1	B	2	N	2500	0	1	167	87	18	12	17	0	0	0	0	0	0	0	0	0	0	0	0	26382541	
436	1	B	2	N	2500	0	1	73	27	6	6	11	0	0	0	0	0	0	0	0	0	0	0	0	26382619	
437	1	B	2	N	2500	0	1	107	121	34	20	26	0	0	0	0	0	0	0	0	0	0	0	0	26382635	
438	1	B	2	N	2500	0	40	298	146	40	21	28	0	0	0	0	0	0	0	0	0	0	0	0	26382806	
439	1	B	2	N	2500	0	40	259	153	41	26	33	0	0	0	0	0	0	0	0	0	0	0	0	26382837	
440	1	B	2	N	2500	0	40	214	148	36	25	32	0	0	0	0	0	0	0	0	0	0	0	0	26383368	
441	1	B	2	N	2500	0	1	117	50	8	5	8	0	0	0	0	0	0	0	0	0	0	0	0	26383477	
442	1	B	2	N	2500	0	40	213	150	44	24	29	0	0	0	0	0	0	0	0	0	0	0	0	26383524	
443	1	B	2	N	2500	0	40	347	162	46	27	37	0	0	0	0	0	0	0	0	0	0	0	0	26383602	
444	1	B	2	N	2500	0	40	364	156	34	24	30	0	0	0	0	0	0	0	0	0	0	0	0	26383649	
445	1	B	2	N	2500	0	40	292	210	59	37	55	0	0	0	0	0	0	0	0	0	0	0	0	26383758	
446	1	B	2	N	2500	0	40	265	159	38	23	33	0	0	0	0	0	0	0	0	0	0	0	0	26383929	
447	1	B	2	N	2500	0	40	290	178	47	30	37	0	0	0	0	0	0	0	0	0	0	0	0	26383992	
448	1	B	2	N	2500	0	1	55	18	4	5	10	0	0	0	0	0	0	0	0	0	0	0	0	26384007	
449	1	B	2	N	2500	0	40	198	156	33	19	27	0	0	0	0	0	0	0	0	0	0	0	0	26384007	
450	1	B	2	N	2500	0	1	115	27	6	6	12	0	0	0	0	0	0	0	0	0	0	0	0	26384101	
451	1	B	2	N	2500	0	40	221	142	34	19	26	0	0	0	0	0	0	0	0	0	0	0	0	26384163	
452	1	B	2	N	2500	0	40	226	153	43	24	35	0	0	0	0	0	0	0	0	0	0	0	0	26384460	
453	1	B	2	N	2500	0	40	197	164	55	30	38	0	0	0	0	0	0	0	0	0	0	0	0	26384522	
454	1	B	2	N	2500	0	1	126	34	7	6	14	0	0	0	0	0	0	0	0	0	0	0	0	26384553	
455	1	B	2	N	2500	0	40	236	156	30	21	26	0	0	0	0	0	0	0	0	0	0	0	0	26384616	
456	1	B	2	N	2500	0	40	417	225	61	31	45	0	0	0	0	0	0	0	0	0	0	0	0	26384756	
457	1	B	2	N	2500	0	40	353	152	41	22	31	0	0	0	0	0	0	0	0	0	0	0	0	26384850	
458	1	B	2	N	2500	0	1	166	107	21	15	19	0	0	0	0	0	0	0	0	0	0	0	0	26384975	
459	1	B	2	N	2500	0	40	218	111	37	21	30	0	0	0	0	0	0	0	0	0	0	0	0	26385006	
460	1	B	2	N	2500	0	40	333	150	38	22	30	0	0	0	0	0	0	0	0	0	0	0	0	26385021	
461	1	B	2	N	2500	0	40	425	149	38	25	35	0	0	0	0	0	0	0	0	0	0	0	0	26385240	
462	1	B	2	N	2500	0	40	325	163	37	22	35	0	0	0	0	0	0	0	0	0	0	0	0	26385333	
463	1	B	2	N	2500	0	1	281	114	26	16	23	0	0	0	0	0	0	0	0	0	0	0	0	26385396	
464	1	B	2	N	2500	0	40	256	150	30	20	28	0	0	0	0	0	0	0	0	0	0	0	0	26385677	
465	1	B	2	N	2500	0	40	280	172	50	28	41	0	0	0	0	0	0	0	0	0	0	0	0	26385879	
466	1	B	2	N	2500	0	40	373	201	51	34	45	0	0	0	0	0	0	0	0	0	0	0	0	26385973	
467	1	B	2	N	2500	0	40	370	199	50	28	43	0	0	0	0	0	0	0	0	0	0	0	0	26386425	
468	1	C	2	N	2500	6	40	240	167	45	26	35	0	0	0	0	0	0	0	0	0	0	0	0	26393633	
469	1	C	2	N	2500	6	40	243	179	51	29	38	0	0	0	0	0	0	0	0	0	0	0	0	26393867	
470	1	C	2	N	2500	6	40	367	196	49	29	42	0	0	0	0	0	0	0	0	0	0	0	0	26393991	
471	1	C	2	N	2500	0	1	278	100	19	15	23	0	0	0	0	0	0	0	0	0	0	0	0	26394319	
472	1	C	2	N	2500	0	40	308	148	33	21	28	0	0	0	0	0	0	0	0	0	0	0	0	26394584	
473	1	C	2	N	2500	0	1	144	30	16	24	94	0	0	0	0	0	0	0	0	0	0	0	0	26394584	
474	1	C	2	N	2500	0	40	363	178	45	29	40	0	0	0	0	0	0	0	0	0	0	0	0	26394725	
475	1	C	2	N	2500	0	40	461	205	52	33	47	0	0	0	0	0	0	0	0	0	0	0	0	26394865	
476	1	C	2	N	2500	0	40	365	175	35	22	33	0	0	0	0	0	0	0	0	0	0	0	0	26395177	
477	1	C	2	N	2500	0	40	233	153	39	24	35	0	0	0	0	0	0	0	0	0	0	0	0	26395567	
478	1	C	2	N	2500	0	40	204	140	39	25	36	0	0	0	0	0	0	0	0	0	0	0	0	26396503	
479	1	C	2	N	2500	0	40	389	178	36	22	31	0	0	0	0	0	0	0	0	0	0	0	0	26396534	
480	1	C	2	N	2500	0	40	320	165	37	22	35	0	0	0	0	0	0	0	0	0	0	0	0	26397002	
481	1	C	2	N	2500	0	1	165	142	41	24	31	0	0	0	0	0	0	0	0	0	0	0	0	26397501	
482	1	C	2	N	2500	0	40	227	185	49	31	40	0	0	0	0	0	0	0	0	0	0	0	0	26397907	
483	1	C	2	N	2500	0	40	327	202	70	38	55	0	0	0	0	0	0	0	0	0	0	0	0	26398001	
484	1	C	2	N	2500	0	40	434	233	60	37	52	0	0	0	0	0	0	0	0	0	0	0	0	26398016	
485	1	C	2	N	2500	0	1	128	80	16	11	14	0	0	0	0	0	0	0	0	0	0	0	0	26398063	
486	1	C	2	N	2500	0	40	384	169	42	28	36	0	0	0	0	0	0	0	0	0	0	0	0	26398141	
487	1	C	2	N	2500	0	40	396	191	48	27	41	0	0	0	0	0	0	0	0	0	0	0	0	26398141	
488	1	C	2	N	2500	0	1	243	72	14	9	16	0	0	0	0	0	0	0	0	0	0	0	0	26398250	
489	1	C	2	N	2500	0	1	316	372	106	66	89	0	0	0	0	0	0	0	0	0	0	0	0	26398250	
490	1	C	2	N	2500	0	40	421	154	41	26	37	0	0	0	0	0	0	0	0	0	0	0	0	26398297	
491	1	C	2	N	2500	0	40	223	204	60	35	49	0	0	0	0	0	0	0	0	0	0	0	0	26398297	
492	1	C	2	N	2500	0	40	260	135	34	22	26	0	0	0	0	0	0	0	0	0	0	0	0	26398531	
493	1	C	2	N	2500	0	40	277	143	31	22	30	0	0	0	0	0	0	0	0	0	0	0	0	26398671	
494	1	C	2	N	2500	0	40	311	163	51	30	41	0	0	0	0	0	0	0	0	0	0	0	0	26398671	
495	1	C	2	N	2500	0	1	165	99	20	12	19	0	0	0	0	0	0	0	0	0	0	0	0	26398781	
496	1	C	2	N	2500	0	40	379	173	47	27	35	0	0	0	0	0	0	0	0	0	0	0	0	26398843	
497	1	C	2	N	2500	0	1	127	38	5	4	7	0	0	0	0	0	0	0	0	0	0	0	0	26398952	
498	1	C	2	N	2500	0	40	263	192	48	28	44	0	0	0	0	0	0	0	0	0	0	0	0	26399015	
499	1	C	2	N	2500	0	1	105	38	8	9	16	0	0	0	0	0	0	0	0	0	0	0	0	26399093	
500	1	C	2	N	2500	0	40	254	173	47	33	43	0	0	0	0	0	0	0	0	0	0	0	0	26399373	
501	1	C	2	N	2500	0	40	347	181	52	28	45	0	0	0	0	0	0	0	0	0	0	0	0	26399779	
502	1	C	2	N	2500	0	40	326	160	39	23	28	0	0	0	0	0	0	0	0	0	0	0	0	26400029	
503	1	C	2	N	2500	0	1	108	28	18	24	49	0	0	0	0	0	0	0	0	0	0	0	0	26400325	
504	1	C	2	N	2500	0	40	334	163	38	25	34	0	0	0	0	0	0	0	0	0	0	0	0	26400450	
505	1	C	2	N	2500	0	40	336	147	35	20	31	0	0	0	0	0	0	0	0	0	0	0	0	26400668	
506	1	D	2	N	2500	2	1	252	100	21	14	20	0	0	0	0	0	0	0	0	0	0	0	0	26408515	
507	1	D	2	N	2500	6	40	399	209	55	29	42	0	0	0	0	0	0	0	0	0	0	0	0	26408562	
508	1	D	2	N	2500	6	40	209	139	29	19	25	0	0	0	0	0	0	0	0	0	0	0	0	26408765	
509	1	D	2	N	2500	6	40	368	143	31	22	34	0	0	0	0	0	0	0	0	0	0	0	0	26408765	
510	1	D	2	N	2500	0	1	51	15	7	2	3	0	0	0	0	0	0	0	0	0	0	0	0	26408983	
511	1	D	2	N	2500	0	1	77	49	26	5	10	0	0	0	0	0	0	0	0	0	0	0	0	26409123	
512	1	D	2	N	2500	0	2	256	122	26	17	27	0	0	0	0	0	0	0	0	0	0	0	0	26409155	
513	1	D	2	N	2500	0	40	260	198	63	37	51	0	0	0	0	0	0	0	0	0	0	0	0	26409545	
514	1	D	2	N	2500	0	40	341	162	43	25	40	0	0	0	0	0	0	0	0	0	0	0	0	26409747	
515	1	D	2	N	2500	0	40	340	146	31	21	29	0	0	0	0	0	0	0	0	0	0	0	0	26410091	
516	1	D	2	N	2500	0	1	162	135	33	24	32	0	0	0	0	0	0	0	0	0	0	0	0	26410106	
517	1	D	2	N	2500	0	1	64	17	6	3	4	0	0	0	0	0	0	0	0	0	0	0	0	26410730	
518	1	D	2	N	2500	0	40	341	172	39	28	40	0	0	0	0	0	0	0	0	0	0	0	0	26410746	
519	1	D	2	N	2500	0	40	329	152	42	23	32	0	0	0	0	0	0	0	0	0	0	0	0	26411073	
520	1	D	2	N	2500	0	40	372	138	27	18	31	0	0	0	0	0	0	0	0	0	0	0	0	26411229	
521	1	D	2	N	2500	0	40	305	139	37	19	30	0	0	0	0	0	0	0	0	0	0	0	0	26411448	
522	1	D	2	N	2500	0	40	349	166	38	24	35	0	0	0	0	0	0	0	0	0	0	0	0	26411744	
523	1	D	2	N	2500	0	40	266	144	43	22	31	0	0	0	0	0	0	0	0	0	0	0	0	26411869	
524	1	D	2	N	2500	0	1	101	28	8	9	16	0	0	0	0	0	0	0	0	0	0	0	0	26411885	
525	1	D	2	N	2500	0	40	365	199	59	34	48	0	0	0	0	0	0	0	0	0	0	0	0	26411885	
526	1	D	2	N	2500	0	40	376	197	52	28	39	0	0	0	0	0	0	0	0	0	0	0	0	26411916	
527	1	D	2	N	2500	0	40	302	172	48	30	43	0	0	0	0	0	0	0	0	0	0	0	0	26411978	
528	1	D	2	N	2500	0	1	103	84	26	20	25	0	0	0	0	0	0	0	0	0	0	0	0	26412087	
529	1	D	2	N	2500	0	40	379	182	46	27	37	0	0	0	0	0	0	0	0	0	0	0	0	26412150	
530	1	D	2	N	2500	0	40	297	132	33	21	29	0	0	0	0	0	0	0	0	0	0	0	0	26412243	
531	1	D	2	N	2500	0	40	411	210	54	31	47	0	0	0	0	0	0	0	0	0	0	0	0	26412243	
532	1	D	2	N	2500	0	40	302	189	45	28	44	0	0	0	0	0	0	0	0	0	0	0	0	26412259	
533	1	D	2	N	2500	0	1	149	50	11	8	12	0	0	0	0	0	0	0	0	0	0	0	0	26412275	
534	1	D	2	N	2500	0	40	333	162	48	28	39	0	0	0	0	0	0	0	0	0	0	0	0	26412446	
535	1	D	2	N	2500	0	40	352	143	39	20	32	0	0	0	0	0	0	0	0	0	0	0	0	26412446	
536	1	D	2	N	2500	0	40	281	157	49	30	35	0	0	0	0	0	0	0	0	0	0	0	0	26412462	
537	1	D	2	N	2500	0	40	340	151	38	22	31	0	0	0	0	0	0	0	0	0	0	0	0	26412571	
538	1	D	2	N	2500	0	40	377	209	52	30	46	0	0	0	0	0	0	0	0	0	0	0	0	26412665	
539	1	D	2	N	2500	0	40	305	157	43	25	37	0	0	0	0	0	0	0	0	0	0	0	0	26412680	
540	1	D	2	N	2500	0	1	107	27	5	3	6	0	0	0	0	0	0	0	0	0	0	0	0	26412743	
541	1	D	2	N	2500	0	40	246	135	33	22	33	0	0	0	0	0	0	0	0	0	0	0	0	26412743	
542	1	D	2	N	2500	0	40	319	145	33	20	29	0	0	0	0	0	0	0	0	0	0	0	0	26412789	
543	1	D	2	N	2500	0	1	149	77	17	9	16	0	0	0	0	0	0	0	0	0	0	0	0	26412883	
544	1	D	2	N	2500	0	2	269	123	26	18	28	0	0	0	0	0	0	0	0	0	0	0	0	26412914	
545	1	D	2	N	2500	0	40	252	127	30	19	22	0	0	0	0	0	0	0	0	0	0	0	0	26412945	
546	1	D	2	N	2500	0	40	267	166	37	24	33	0	0	0	0	0	0	0	0	0	0	0	0	26413070	
547	1	D	2	N	2500	0	40	189	172	53	30	42	0	0	0	0	0	0	0	0	0	0	0	0	26413226	
548	1	D	2	N	2500	0	40	218	209	49	31	45	0	0	0	0	0	0	0	0	0	0	0	0	26413398	
549	1	D	2	N	2500	0	1	93	21	5	6	13	0	0	0	0	0	0	0	0	0	0	0	0	26413398	
550	1	D	2	N	2500	0	40	377	183	46	26	30	0	0	0	0	0	0	0	0	0	0	0	0	26413476	
551	1	D	2	N	2500	0	40	203	139	34	21	30	0	0	0	0	0	0	0	0	0	0	0	0	26413585	
552	1	D	2	N	2500	0	40	329	143	32	19	28	0	0	0	0	0	0	0	0	0	0	0	0	26414037	
553	1	D	2	N	2500	0	1	174	119	30	17	24	0	0	0	0	0	0	0	0	0	0	0	0	26414568	
554	1	D	2	N	2500	0	1	126	39	8	7	13	0	0	0	0	0	0	0	0	0	0	0	0	26414583	
555	1	E	2	N	2500	6	40	288	151	35	25	33	0	0	0	0	0	0	0	0	0	0	0	0	26421994	
556	1	E	2	N	2500	6	40	336	153	45	22	36	0	0	0	0	0	0	0	0	0	0	0	0	26422009	
557	1	E	2	N	2500	6	40	189	144	29	21	27	0	0	0	0	0	0	0	0	0	0	0	0	26422134	
558	1	E	2	N	2500	0	1	146	40	19	7	11	0	0	0	0	0	0	0	0	0	0	0	0	26422321	
559	1	E	2	N	2500	0	40	344	140	30	20	28	0	0	0	0	0	0	0	0	0	0	0	0	26422337	
560	1	E	2	N	2500	0	40	365	168	42	25	37	0	0	0	0	0	0	0	0	0	0	0	0	26422602	
561	1	E	2	N	2500	0	40	374	165	44	25	33	0	0	0	0	0	0	0	0	0	0	0	0	26422805	
562	1	E	2	N	2500	0	40	207	169	46	25	38	0	0	0	0	0	0	0	0	0	0	0	0	26423132	
563	1	E	2	N	2500	0	40	300	184	44	28	38	0	0	0	0	0	0	0	0	0	0	0	0	26423226	
564	1	E	2	N	2500	0	1	126	130	69	11	14	0	0	0	0	0	0	0	0	0	0	0	0	26423304	
565	1	E	2	N	2500	0	1	68	16	11	2	2	0	0	0	0	0	0	0	0	0	0	0	0	26423304	
566	1	E	2	N	2500	0	40	354	155	40	24	29	0	0	0	0	0	0	0	0	0	0	0	0	26423304	
567	1	E	2	N	2500	0	40	327	144	41	22	33	0	0	0	0	0	0	0	0	0	0	0	0	26423585	
568	1	E	2	N	2500	0	40	333	156	38	24	35	0	0	0	0	0	0	0	0	0	0	0	0	26423959	
569	1	E	2	N	2500	0	40	362	197	51	29	41	0	0	0	0	0	0	0	0	0	0	0	0	26424380	
570	1	E	2	N	2500	0	40	243	194	52	33	42	0	0	0	0	0	0	0	0	0	0	0	0	26424396	
571	1	E	2	N	2500	0	40	248	131	44	22	35	0	0	0	0	0	0	0	0	0	0	0	0	26424474	
572	1	E	2	N	2500	0	40	317	169	45	25	37	0	0	0	0	0	0	0	0	0	0	0	0	26424677	
573	1	E	2	N	2500	0	2	178	137	30	20	29	0	0	0	0	0	0	0	0	0	0	0	0	26425098	
574	1	E	2	N	2500	0	40	366	166	47	24	37	0	0	0	0	0	0	0	0	0	0	0	0	26425316	
575	1	E	2	N	2500	0	40	365	175	45	24	37	0	0	0	0	0	0	0	0	0	0	0	0	26425613	
576	1	E	2	N	2500	0	40	350	187	45	27	44	0	0	0	0	0	0	0	0	0	0	0	0	26425628	
577	1	E	2	N	2500	0	1	166	142	35	20	31	0	0	0	0	0	0	0	0	0	0	0	0	26425940	
578	1	E	2	N	2500	0	40	225	162	39	24	30	0	0	0	0	0	0	0	0	0	0	0	0	26426128	
579	1	E	2	N	2500	0	40	352	184	44	26	36	0	0	0	0	0	0	0	0	0	0	0	0	26426206	
580	1	E	2	N	2500	0	40	253	144	45	27	37	0	0	0	0	0	0	0	0	0	0	0	0	26426284	
581	1	E	2	N	2500	0	1	293	108	23	17	26	0	0	0	0	0	0	0	0	0	0	0	0	26426377	
582	1	E	2	N	2500	0	40	201	159	40	24	36	0	0	0	0	0	0	0	0	0	0	0	0	26426502	
583	1	E	2	N	2500	0	40	239	165	41	25	33	0	0	0	0	0	0	0	0	0	0	0	0	26426564	
584	1	E	2	N	2500	0	40	379	216	54	32	46	0	0	0	0	0	0	0	0	0	0	0	0	26426580	
585	1	E	2	N	2500	0	40	346	166	40	24	35	0	0	0	0	0	0	0	0	0	0	0	0	26426674	
586	1	E	2	N	2500	0	40	361	167	45	23	38	0	0	0	0	0	0	0	0	0	0	0	0	26426689	
587	1	E	2	N	2500	0	40	325	162	40	23	33	0	0	0	0	0	0	0	0	0	0	0	0	26426798	
588	1	E	2	N	2500	0	1	190	100	28	18	24	0	0	0	0	0	0	0	0	0	0	0	0	26426830	
589	1	E	2	N	2500	0	1	50	44	11	9	11	0	0	0	0	0	0	0	0	0	0	0	0	26426830	
590	1	E	2	N	2500	0	40	238	204	68	38	49	0	0	0	0	0	0	0	0	0	0	0	0	26426892	
591	1	E	2	N	2500	0	1	178	50	13	8	14	0	0	0	0	0	0	0	0	0	0	0	0	26426892	
592	1	E	2	N	2500	0	1	199	102	25	17	21	0	0	0	0	0	0	0	0	0	0	0	0	26426908	
593	1	E	2	N	2500	0	40	249	180	46	30	40	0	0	0	0	0	0	0	0	0	0	0	0	26426923	
594	1	E	2	N	2500	0	40	373	152	49	27	42	0	0	0	0	0	0	0	0	0	0	0	0	26426939	
595	1	E	2	N	2500	0	40	181	155	38	23	30	0	0	0	0	0	0	0	0	0	0	0	0	26427048	
596	1	E	2	N	2500	0	40	207	168	47	27	40	0	0	0	0	0	0	0	0	0	0	0	0	26427142	
597	1	E	2	N	2500	0	1	264	112	21	14	24	0	0	0	0	0	0	0	0	0	0	0	0	26427142	
598	1	E	2	N	2500	0	1	73	36	75	96	113	0	0	0	0	0	0	0	0	0	0	0	0	26427266	
599	1	E	2	N	2500	0	40	305	126	29	16	22	0	0	0	0	0	0	0	0	0	0	0	0	26427703	
600	1	E	2	N	2500	0	40	348	184	49	29	46	0	0	0	0	0	0	0	0	0	0	0	0	26427703	
601	1	E	2	N	2500	0	40	196	157	46	28	40	0	0	0	0	0	0	0	0	0	0	0	0	26427797	
602	1	E	2	N	2500	0	40	315	136	40	21	27	0	0	0	0	0	0	0	0	0	0	0	0	26427937	
603	1	E	2	N	2500	0	40	352	137	32	20	23	0	0	0	0	0	0	0	0	0	0	0	0	26428109	
604	1	E	2	N	2500	0	40	262	171	44	27	40	0	0	0	0	0	0	0	0	0	0	0	0	26428171	
605	1	E	2	N	2500	0	40	260	155	41	26	37	0	0	0	0	0	0	0	0	0	0	0	0	26428218	
606	1	E	2	N	2500	0	40	348	175	39	25	41	0	0	0	0	0	0	0	0	0	0	0	0	26428358	
607	1	E	2	N	2500	0	40	193	118	34	19	27	0	0	0	0	0	0	0	0	0	0	0	0	26428546	
608	1	E	2	N	2500	0	1	172	130	31	21	27	0	0	0	0	0	0	0	0	0	0	0	0	26428592	
609	1	E	2	N	2500	0	1	175	111	64	24	35	0	0	0	0	0	0	0	0	0	0	0	0	26428842	
610	1	E	2	N	2500	0	40	404	190	47	27	36	0	0	0	0	0	0	0	0	0	0	0	0	26429092	
611	1	F	2	N	2500	2	1	119	43	12	11	24	0	0	0	0	0	0	0	0	0	0	0	0	26436736	
612	1	F	2	N	2500	6	40	292	156	50	27	40	0	0	0	0	0	0	0	0	0	0	0	0	26436798	
613	1	F	2	N	2500	6	40	372	168	35	22	35	0	0	0	0	0	0	0	0	0	0	0	0	26437453	
614	1	F	2	N	2500	6	40	298	147	38	25	36	0	0	0	0	0	0	0	0	0	0	0	0	26437500	
615	1	F	2	N	2500	0	40	343	172	43	26	39	0	0	0	0	0	0	0	0	0	0	0	0	26437531	
616	1	F	2	N	2500	0	40	185	164	46	28	39	0	0	0	0	0	0	0	0	0	0	0	0	26438171	
617	1	F	2	N	2500	0	40	406	196	48	34	47	0	0	0	0	0	0	0	0	0	0	0	0	26438514	
618	1	F	2	N	2500	0	40	216	130	37	23	27	0	0	0	0	0	0	0	0	0	0	0	0	26438623	
619	1	F	2	N	2500	0	1	452	155	36	24	35	0	0	0	0	0	0	0	0	0	0	0	0	26438717	
620	1	F	2	N	2500	0	40	316	141	41	22	29	0	0	0	0	0	0	0	0	0	0	0	0	26438795	
621	1	F	2	N	2500	0	40	263	143	38	25	37	0	0	0	0	0	0	0	0	0	0	0	0	26438966	
622	1	F	2	N	2500	0	40	283	144	44	27	39	0	0	0	0	0	0	0	0	0	0	0	0	26439076	
623	1	F	2	N	2500	0	1	232	221	61	36	49	0	0	0	0	0	0	0	0	0	0	0	0	26439263	
624	1	F	2	N	2500	0	40	202	186	50	30	42	0	0	0	0	0	0	0	0	0	0	0	0	26439746	
625	1	F	2	N	2500	0	1	452	257	80	43	58	0	0	0	0	0	0	0	0	0	0	0	0	26440136	
626	1	F	2	N	2500	0	40	319	133	38	21	28	0	0	0	0	0	0	0	0	0	0	0	0	26440183	
627	1	F	2	N	2500	0	40	348	150	38	21	32	0	0	0	0	0	0	0	0	0	0	0	0	26440604	
628	1	F	2	N	2500	0	40	210	185	57	33	53	0	0	0	0	0	0	0	0	0	0	0	0	26440682	
629	1	F	2	N	2500	0	40	336	160	39	24	35	0	0	0	0	0	0	0	0	0	0	0	0	26440714	
630	1	F	2	N	2500	0	40	361	163	38	23	32	0	0	0	0	0	0	0	0	0	0	0	0	26441650	
631	1	F	2	N	2500	0	40	236	143	34	23	26	0	0	0	0	0	0	0	0	0	0	0	0	26441930	
632	1	F	2	N	2500	0	40	246	116	31	20	27	0	0	0	0	0	0	0	0	0	0	0	0	26442133	
633	1	F	2	N	2500	0	1	241	107	23	15	24	0	0	0	0	0	0	0	0	0	0	0	0	26442258	
634	1	F	2	N	2500	0	1	51	11	4	1	3	0	0	0	0	0	0	0	0	0	0	0	0	26442289	
635	1	F	2	N	2500	0	40	211	160	42	25	35	0	0	0	0	0	0	0	0	0	0	0	0	26442289	
636	1	F	2	N	2500	0	40	353	169	49	27	37	0	0	0	0	0	0	0	0	0	0	0	0	26443007	
637	1	F	2	N	2500	0	40	329	170	40	23	34	0	0	0	0	0	0	0	0	0	0	0	0	26443132	
638	1	F	2	N	2500	0	40	274	221	64	39	52	0	0	0	0	0	0	0	0	0	0	0	0	26443506	
639	1	G	2	N	2500	2	1	76	17	8	3	6	0	0	0	0	0	0	0	0	0	0	0	0	26450573	
640	1	G	2	N	2500	2	1	254	100	27	13	18	0	0	0	0	0	0	0	0	0	0	0	0	26450651	
641	1	G	2	N	2500	6	40	366	174	45	27	36	0	0	0	0	0	0	0	0	0	0	0	0	26451072	
642	1	G	2	N	2500	2	1	139	67	35	13	19	0	0	0	0	0	0	0	0	0	0	0	0	26451150	
643	1	G	2	N	2500	2	1	63	12	5	2	2	0	0	0	0	0	0	0	0	0	0	0	0	26451150	
644	1	G	2	N	2500	2	1	99	24	10	5	7	0	0	0	0	0	0	0	0	0	0	0	0	26451150	
645	1	G	2	N	2500	6	40	298	151	40	24	34	0	0	0	0	0	0	0	0	0	0	0	0	26451493	
646	1	G	2	N	2500	2	1	71	28	17	3	3	0	0	0	0	0	0	0	0	0	0	0	0	26451509	
647	1	G	2	N	2500	6	40	175	144	37	22	31	0	0	0	0	0	0	0	0	0	0	0	0	26452008	
648	1	G	2	N	2500	0	40	191	143	32	22	26	0	0	0	0	0	0	0	0	0	0	0	0	26452024	
649	1	G	2	N	2500	0	1	58	16	7	3	4	0	0	0	0	0	0	0	0	0	0	0	0	26452336	
650	1	G	2	N	2500	0	40	202	146	34	21	34	0	0	0	0	0	0	0	0	0	0	0	0	26452492	
651	1	G	2	N	2500	0	40	249	189	47	31	43	0	0	0	0	0	0	0	0	0	0	0	0	26452648	
652	1	G	2	N	2500	0	40	356	177	41	27	37	0	0	0	0	0	0	0	0	0	0	0	0	26452679	
653	1	G	2	N	2500	0	40	258	146	31	22	32	0	0	0	0	0	0	0	0	0	0	0	0	26452804	
654	1	G	2	N	2500	0	1	253	94	20	11	19	0	0	0	0	0	0	0	0	0	0	0	0	26452819	
655	1	G	2	N	2500	0	40	218	168	47	28	41	0	0	0	0	0	0	0	0	0	0	0	0	26452960	
656	1	G	2	N	2500	0	40	248	149	34	21	26	0	0	0	0	0	0	0	0	0	0	0	0	26452975	
657	1	G	2	N	2500	0	40	330	155	38	23	36	0	0	0	0	0	0	0	0	0	0	0	0	26453038	
658	1	G	2	N	2500	0	40	316	155	45	24	32	0	0	0	0	0	0	0	0	0	0	0	0	26453194	
659	1	G	2	N	2500	0	1	110	32	7	6	12	0	0	0	0	0	0	0	0	0	0	0	0	26453256	
660	1	G	2	N	2500	0	1	140	93	16	11	19	0	0	0	0	0	0	0	0	0	0	0	0	26453256	
661	1	G	2	N	2500	0	40	263	182	53	30	39	0	0	0	0	0	0	0	0	0	0	0	0	26453303	
662	1	G	2	N	2500	0	40	333	132	33	20	27	0	0	0	0	0	0	0	0	0	0	0	0	26453350	
663	1	G	2	N	2500	0	1	301	103	20	14	18	0	0	0	0	0	0	0	0	0	0	0	0	26453630	
664	1	G	2	N	2500	0	40	310	148	38	23	31	0	0	0	0	0	0	0	0	0	0	0	0	26454098	
665	1	G	2	N	2500	0	40	335	135	32	19	28	0	0	0	0	0	0	0	0	0	0	0	0	26454176	
666	1	G	2	N	2500	0	40	200	159	41	27	35	0	0	0	0	0	0	0	0	0	0	0	0	26454223	
667	1	G	2	N	2500	0	40	355	150	35	18	29	0	0	0	0	0	0	0	0	0	0	0	0	26454301	
668	1	G	2	N	2500	0	40	303	137	31	21	29	0	0	0	0	0	0	0	0	0	0	0	0	26454364	
669	1	G	2	N	2500	0	40	176	148	46	26	35	0	0	0	0	0	0	0	0	0	0	0	0	26454754	
670	1	G	2	N	2500	0	40	294	128	35	20	31	0	0	0	0	0	0	0	0	0	0	0	0	26454800	
671	1	G	2	N	2500	0	40	252	160	40	23	32	0	0	0	0	0	0	0	0	0	0	0	0	26454863	
672	1	G	2	N	2500	0	40	313	201	61	38	53	0	0	0	0	0	0	0	0	0	0	0	0	26454894	
673	1	G	2	N	2500	0	40	217	157	41	25	32	0	0	0	0	0	0	0	0	0	0	0	0	26454894	
674	1	G	2	N	2500	0	40	222	202	54	33	50	0	0	0	0	0	0	0	0	0	0	0	0	26454910	
675	1	G	2	N	2500	0	40	266	190	52	31	41	0	0	0	0	0	0	0	0	0	0	0	0	26454925	
676	1	G	2	N	2500	0	40	419	182	47	29	40	0	0	0	0	0	0	0	0	0	0	0	0	26454972	
677	1	G	2	N	2500	0	40	367	156	34	19	32	0	0	0	0	0	0	0	0	0	0	0	0	26455081	
678	1	G	2	N	2500	0	40	334	200	51	32	44	0	0	0	0	0	0	0	0	0	0	0	0	26455159	
679	1	G	2	N	2500	0	40	281	158	47	26	36	0	0	0	0	0	0	0	0	0	0	0	0	26456407	
680	1	G	2	N	2500	0	1	66	15	8	3	6	0	0	0	0	0	0	0	0	0	0	0	0	26456516	
681	1	G	2	N	2500	0	40	231	127	29	18	26	0	0	0	0	0	0	0	0	0	0	0	0	26456860	
682	1	G	2	N	2500	0	40	349	149	33	19	29	0	0	0	0	0	0	0	0	0	0	0	0	26456922	
683	1	G	2	N	2500	0	40	283	173	42	26	39	0	0	0	0	0	0	0	0	0	0	0	0	26457562	
684	1	G	2	N	2500	0	40	193	152	51	31	42	0	0	0	0	0	0	0	0	0	0	0	0	26457624	
685	1	A	3	N	2500	6	40	212	170	43	26	35	0	0	0	0	0	0	0	0	0	0	0	0	26480306	
686	1	A	3	N	2500	6	40	223	158	43	25	31	0	0	0	0	0	0	0	0	0	0	0	0	26480478	
687	1	A	3	N	2500	6	40	185	175	55	33	45	0	0	0	0	0	0	0	0	0	0	0	0	26480650	
688	1	A	3	N	2500	0	40	193	137	29	18	29	0	0	0	0	0	0	0	0	0	0	0	0	26481196	
689	1	A	3	N	2500	0	40	234	123	28	19	28	0	0	0	0	0	0	0	0	0	0	0	0	26481726	
690	1	A	3	N	2500	0	40	371	180	48	29	42	0	0	0	0	0	0	0	0	0	0	0	0	26481898	
691	1	A	3	N	2500	0	40	203	146	37	24	34	0	0	0	0	0	0	0	0	0	0	0	0	26482085	
692	1	A	3	N	2500	0	40	304	136	39	20	30	0	0	0	0	0	0	0	0	0	0	0	0	26482178	
693	1	A	3	N	2500	0	40	367	166	42	25	36	0	0	0	0	0	0	0	0	0	0	0	0	26482303	
694	1	A	3	N	2500	0	40	354	148	34	21	27	0	0	0	0	0	0	0	0	0	0	0	0	26482350	
695	1	A	3	N	2500	0	40	336	141	30	19	30	0	0	0	0	0	0	0	0	0	0	0	0	26482475	
696	1	A	3	N	2500	0	40	207	197	53	34	46	0	0	0	0	0	0	0	0	0	0	0	0	26482490	
697	1	A	3	N	2500	0	40	304	137	30	18	28	0	0	0	0	0	0	0	0	0	0	0	0	26482506	
698	1	A	3	N	2500	0	40	425	186	40	26	40	0	0	0	0	0	0	0	0	0	0	0	0	26482662	
699	1	A	3	N	2500	0	40	203	140	41	22	30	0	0	0	0	0	0	0	0	0	0	0	0	26482724	
700	1	A	3	N	2500	0	40	248	165	36	26	35	0	0	0	0	0	0	0	0	0	0	0	0	26482724	
701	1	A	3	N	2500	0	40	211	197	61	36	44	0	0	0	0	0	0	0	0	0	0	0	0	26482771	
702	1	A	3	N	2500	0	40	263	174	49	29	38	0	0	0	0	0	0	0	0	0	0	0	0	26482927	
703	1	A	3	N	2500	0	1	175	96	203	229	259	0	0	0	0	0	0	0	0	0	0	0	0	26482990	
704	1	A	3	N	2500	0	40	407	180	38	25	35	0	0	0	0	0	0	0	0	0	0	0	0	26483005	
705	1	A	3	N	2500	0	40	315	167	46	26	38	0	0	0	0	0	0	0	0	0	0	0	0	26483068	
706	1	A	3	N	2500	0	40	245	141	37	22	30	0	0	0	0	0	0	0	0	0	0	0	0	26483224	
707	1	A	3	N	2500	0	1	165	144	46	25	35	0	0	0	0	0	0	0	0	0	0	0	0	26483302	
708	1	A	3	N	2500	0	40	223	149	47	27	40	0	0	0	0	0	0	0	0	0	0	0	0	26483395	
709	1	A	3	N	2500	0	40	258	153	48	31	44	0	0	0	0	0	0	0	0	0	0	0	0	26483442	
710	1	A	3	N	2500	0	40	233	157	33	23	34	0	0	0	0	0	0	0	0	0	0	0	0	26483489	
711	1	A	3	N	2500	0	40	235	155	48	24	35	0	0	0	0	0	0	0	0	0	0	0	0	26483738	
712	1	A	3	N	2500	0	40	324	153	34	22	29	0	0	0	0	0	0	0	0	0	0	0	0	26483801	
713	1	A	3	N	2500	0	40	216	138	33	23	37	0	0	0	0	0	0	0	0	0	0	0	0	26483832	
714	1	A	3	N	2500	0	40	319	153	42	22	28	0	0	0	0	0	0	0	0	0	0	0	0	26484004	
715	1	A	3	N	2500	0	40	322	149	37	22	31	0	0	0	0	0	0	0	0	0	0	0	0	26484066	
716	1	A	3	N	2500	0	40	339	157	42	27	37	0	0	0	0	0	0	0	0	0	0	0	0	26484066	
717	1	A	3	N	2500	0	40	256	201	51	35	41	0	0	0	0	0	0	0	0	0	0	0	0	26484082	
718	1	A	3	N	2500	0	40	305	147	38	23	31	0	0	0	0	0	0	0	0	0	0	0	0	26484503	
719	1	A	3	N	2500	0	40	166	159	46	26	33	0	0	0	0	0	0	0	0	0	0	0	0	26484550	
720	1	A	3	N	2500	0	40	370	180	52	28	39	0	0	0	0	0	0	0	0	0	0	0	0	26484643	
721	1	A	3	N	2500	0	40	245	166	49	29	39	0	0	0	0	0	0	0	0	0	0	0	0	26484799	
722	1	A	3	N	2500	0	40	329	138	30	18	26	0	0	0	0	0	0	0	0	0	0	0	0	26484815	
723	1	A	3	N	2500	0	40	284	194	52	32	43	0	0	0	0	0	0	0	0	0	0	0	0	26484877	
724	1	A	3	N	2500	0	40	348	185	47	30	40	0	0	0	0	0	0	0	0	0	0	0	0	26484940	
725	1	A	3	N	2500	0	40	353	178	47	26	37	0	0	0	0	0	0	0	0	0	0	0	0	26484971	
726	1	A	3	N	2500	0	40	215	138	33	20	30	0	0	0	0	0	0	0	0	0	0	0	0	26485096	
727	1	A	3	N	2500	0	40	193	170	48	27	36	0	0	0	0	0	0	0	0	0	0	0	0	26485283	
728	1	A	3	N	2500	0	40	321	153	39	22	27	0	0	0	0	0	0	0	0	0	0	0	0	26485314	
729	1	A	3	N	2500	0	40	229	153	43	24	36	0	0	0	0	0	0	0	0	0	0	0	0	26485361	
730	1	A	3	N	2500	0	40	257	177	52	28	37	0	0	0	0	0	0	0	0	0	0	0	0	26485408	
731	1	A	3	N	2500	0	40	191	155	41	23	30	0	0	0	0	0	0	0	0	0	0	0	0	26485673	
732	1	A	3	N	2500	0	40	199	129	42	24	33	0	0	0	0	0	0	0	0	0	0	0	0	26485704	
733	1	A	3	N	2500	0	1	133	32	7	7	14	0	0	0	0	0	0	0	0	0	0	0	0	26485829	
734	1	A	3	N	2500	0	1	52	20	24	27	29	0	0	0	0	0	0	0	0	0	0	0	0	26485829	
735	1	A	3	N	2500	0	1	64	25	4	4	10	0	0	0	0	0	0	0	0	0	0	0	0	26485860	
736	1	A	3	N	2500	0	40	414	155	36	22	32	0	0	0	0	0	0	0	0	0	0	0	0	26485876	
737	1	A	3	N	2500	0	40	319	136	31	19	30	0	0	0	0	0	0	0	0	0	0	0	0	26485985	
738	1	A	3	N	2500	0	40	250	166	41	24	32	0	0	0	0	0	0	0	0	0	0	0	0	26486281	
739	1	A	3	N	2500	0	40	357	184	52	30	41	0	0	0	0	0	0	0	0	0	0	0	0	26486593	
740	1	A	3	N	2500	0	1	159	120	28	17	26	0	0	0	0	0	0	0	0	0	0	0	0	26486656	
741	1	A	3	N	2500	0	40	339	167	36	24	36	0	0	0	0	0	0	0	0	0	0	0	0	26486780	
742	1	A	3	N	2500	0	40	353	146	35	21	29	0	0	0	0	0	0	0	0	0	0	0	0	26486843	
743	1	A	3	N	2500	0	1	65	20	5	5	12	0	0	0	0	0	0	0	0	0	0	0	0	26486890	
744	1	A	3	N	2500	0	40	213	157	48	28	38	0	0	0	0	0	0	0	0	0	0	0	0	26486905	
745	1	A	3	N	2500	0	40	317	193	54	31	42	0	0	0	0	0	0	0	0	0	0	0	0	26487077	
746	1	A	3	N	2500	0	40	388	195	46	27	41	0	0	0	0	0	0	0	0	0	0	0	0	26487139	
747	1	A	3	N	2500	0	40	260	162	43	25	32	0	0	0	0	0	0	0	0	0	0	0	0	26487186	
748	1	A	3	N	2500	0	1	279	105	22	14	19	0	0	0	0	0	0	0	0	0	0	0	0	26487202	
749	1	A	3	N	2500	0	40	230	150	48	25	36	0	0	0	0	0	0	0	0	0	0	0	0	26487233	
750	1	A	3	N	2500	0	40	249	165	54	29	46	0	0	0	0	0	0	0	0	0	0	0	0	26487420	


Threshold source: EXT,  value 50
Min TOF = 50
EXT signal gain 1.6
Green signal gain 3.0
Yellow signal gain 3.0
Red signal gain 3.0
Green PMT voltage 700
Yellow PMT voltage 700
Red PMT voltage 900
Signal multipliers: 1.0,1.0,1.0,1.0
C:\Users\unionbio\Desktop\COPAS Templates\USE for L4 dispense_columns.csv