Id	Plate	Row	Column	Clog	Scan rate	Status sort	Status sel	TOF	EXT	Green	Yellow	Red	PH Ext	PW Ext	PC Ext	PH Green	PW Green	PCGreen	PH Yellow	PW Yellow	PCYellow	PH Red	PW Red	PCRed	Time Stamp	
0	1	C	4	N	2500	6	40	234	136	38	24	37	0	0	0	0	0	0	0	0	0	0	0	0	27433412	
1	1	C	4	N	2500	2	1	188	52	11	9	22	0	0	0	0	0	0	0	0	0	0	0	0	27434238	
2	1	C	4	N	2500	2	2	234	122	23	15	25	0	0	0	0	0	0	0	0	0	0	0	0	27434535	
3	1	C	4	N	2500	2	1	289	107	25	15	25	0	0	0	0	0	0	0	0	0	0	0	0	27434613	
4	1	C	4	N	2500	6	40	241	159	49	26	39	0	0	0	0	0	0	0	0	0	0	0	0	27434847	
5	1	C	4	N	2500	6	40	298	193	54	31	43	0	0	0	0	0	0	0	0	0	0	0	0	27435065	
6	1	C	4	N	2500	0	40	365	181	50	28	44	0	0	0	0	0	0	0	0	0	0	0	0	27435221	
7	1	C	4	N	2500	0	40	243	138	41	28	38	0	0	0	0	0	0	0	0	0	0	0	0	27435424	
8	1	C	4	N	2500	0	1	121	121	32	23	29	0	0	0	0	0	0	0	0	0	0	0	0	27435627	
9	1	C	4	N	2500	0	1	168	130	39	23	30	0	0	0	0	0	0	0	0	0	0	0	0	27435689	
10	1	C	4	N	2500	0	40	315	168	43	27	37	0	0	0	0	0	0	0	0	0	0	0	0	27435830	
11	1	C	4	N	2500	0	40	305	189	53	33	47	0	0	0	0	0	0	0	0	0	0	0	0	27435861	
12	1	C	4	N	2500	0	40	255	181	43	27	36	0	0	0	0	0	0	0	0	0	0	0	0	27435892	
13	1	C	4	N	2500	0	40	249	168	48	29	38	0	0	0	0	0	0	0	0	0	0	0	0	27436095	
14	1	C	4	N	2500	0	40	334	176	49	30	39	0	0	0	0	0	0	0	0	0	0	0	0	27436173	
15	1	C	4	N	2500	0	1	317	122	24	15	24	0	0	0	0	0	0	0	0	0	0	0	0	27436251	
16	1	C	4	N	2500	0	40	200	128	34	22	32	0	0	0	0	0	0	0	0	0	0	0	0	27436251	
17	1	C	4	N	2500	0	1	101	40	19	3	6	0	0	0	0	0	0	0	0	0	0	0	0	27436266	
18	1	C	4	N	2500	0	40	212	164	47	29	37	0	0	0	0	0	0	0	0	0	0	0	0	27436578	
19	1	C	4	N	2500	0	1	480	195	47	29	44	0	0	0	0	0	0	0	0	0	0	0	0	27436828	
20	1	C	4	N	2500	0	1	77	25	6	6	10	0	0	0	0	0	0	0	0	0	0	0	0	27437010	
21	1	C	4	N	2500	0	40	382	189	48	27	41	0	0	0	0	0	0	0	0	0	0	0	0	27437170	
22	1	C	4	N	2500	0	40	232	144	36	22	31	0	0	0	0	0	0	0	0	0	0	0	0	27437340	
23	1	C	4	N	2500	0	40	348	163	42	25	37	0	0	0	0	0	0	0	0	0	0	0	0	27437420	
24	1	C	4	N	2500	0	1	294	111	20	14	18	0	0	0	0	0	0	0	0	0	0	0	0	27437430	
25	1	C	4	N	2500	0	40	391	174	40	25	36	0	0	0	0	0	0	0	0	0	0	0	0	27437740	
26	1	C	4	N	2500	0	40	338	174	47	27	31	0	0	0	0	0	0	0	0	0	0	0	0	27437880	
27	1	C	4	N	2500	0	1	83	31	7	8	17	0	0	0	0	0	0	0	0	0	0	0	0	27437970	
28	1	C	4	N	2500	0	40	252	146	33	21	32	0	0	0	0	0	0	0	0	0	0	0	0	27438086	
29	1	C	4	N	2500	0	40	196	141	36	22	29	0	0	0	0	0	0	0	0	0	0	0	0	27438102	
30	1	C	4	N	2500	0	40	419	177	42	25	39	0	0	0	0	0	0	0	0	0	0	0	0	27438133	
31	1	C	4	N	2500	0	40	376	187	44	29	38	0	0	0	0	0	0	0	0	0	0	0	0	27438148	
32	1	C	4	N	2500	0	40	263	168	43	30	44	0	0	0	0	0	0	0	0	0	0	0	0	27438195	
33	1	C	4	N	2500	0	40	199	141	38	21	28	0	0	0	0	0	0	0	0	0	0	0	0	27438211	
34	1	C	4	N	2500	0	40	238	176	46	26	37	0	0	0	0	0	0	0	0	0	0	0	0	27438304	
35	1	C	4	N	2500	0	40	271	173	42	28	34	0	0	0	0	0	0	0	0	0	0	0	0	27438367	
36	1	C	4	N	2500	0	40	248	161	41	26	37	0	0	0	0	0	0	0	0	0	0	0	0	27438523	
37	1	C	4	N	2500	0	40	245	149	50	28	36	0	0	0	0	0	0	0	0	0	0	0	0	27438601	
38	1	C	4	N	2500	0	1	78	13	5	2	4	0	0	0	0	0	0	0	0	0	0	0	0	27438601	
39	1	C	4	N	2500	0	40	355	163	41	25	33	0	0	0	0	0	0	0	0	0	0	0	0	27438663	
40	1	C	4	N	2500	0	40	334	145	36	20	33	0	0	0	0	0	0	0	0	0	0	0	0	27438726	
41	1	C	4	N	2500	0	40	317	158	36	22	28	0	0	0	0	0	0	0	0	0	0	0	0	27439038	
42	1	C	4	N	2500	0	1	307	120	25	15	23	0	0	0	0	0	0	0	0	0	0	0	0	27439116	
43	1	C	4	N	2500	0	40	380	176	46	26	41	0	0	0	0	0	0	0	0	0	0	0	0	27439147	
44	1	C	4	N	2500	0	40	299	190	52	25	34	0	0	0	0	0	0	0	0	0	0	0	0	27439225	
45	1	C	4	N	2500	0	1	288	117	30	16	23	0	0	0	0	0	0	0	0	0	0	0	0	27439365	
46	1	C	4	N	2500	0	40	310	134	30	18	30	0	0	0	0	0	0	0	0	0	0	0	0	27439568	
47	1	C	4	N	2500	0	40	192	163	48	32	43	0	0	0	0	0	0	0	0	0	0	0	0	27439630	
48	1	C	4	N	2500	0	40	349	171	44	27	32	0	0	0	0	0	0	0	0	0	0	0	0	27439864	
49	1	D	4	N	2500	2	1	53	25	7	0	0	0	0	0	0	0	0	0	0	0	0	0	0	27447415	
50	1	D	4	N	2500	6	40	301	160	36	24	30	0	0	0	0	0	0	0	0	0	0	0	0	27447633	
51	1	D	4	N	2500	6	40	301	138	39	26	35	0	0	0	0	0	0	0	0	0	0	0	0	27447665	
52	1	D	4	N	2500	6	40	387	197	53	32	44	0	0	0	0	0	0	0	0	0	0	0	0	27447914	
53	1	D	4	N	2500	0	1	68	16	5	6	12	0	0	0	0	0	0	0	0	0	0	0	0	27448335	
54	1	D	4	N	2500	0	40	342	165	41	25	31	0	0	0	0	0	0	0	0	0	0	0	0	27448382	
55	1	D	4	N	2500	0	40	213	165	43	25	33	0	0	0	0	0	0	0	0	0	0	0	0	27448569	
56	1	D	4	N	2500	0	1	202	91	22	16	22	0	0	0	0	0	0	0	0	0	0	0	0	27448725	
57	1	D	4	N	2500	0	1	240	103	21	13	20	0	0	0	0	0	0	0	0	0	0	0	0	27449147	
58	1	D	4	N	2500	0	40	205	168	44	29	39	0	0	0	0	0	0	0	0	0	0	0	0	27449630	
59	1	D	4	N	2500	0	40	392	206	52	36	45	0	0	0	0	0	0	0	0	0	0	0	0	27449895	
60	1	D	4	N	2500	0	40	241	153	31	22	29	0	0	0	0	0	0	0	0	0	0	0	0	27449989	
61	1	D	4	N	2500	0	1	79	28	8	7	15	0	0	0	0	0	0	0	0	0	0	0	0	27450161	
62	1	D	4	N	2500	0	40	405	199	58	33	43	0	0	0	0	0	0	0	0	0	0	0	0	27450301	
63	1	D	4	N	2500	0	40	335	139	34	19	30	0	0	0	0	0	0	0	0	0	0	0	0	27450410	
64	1	D	4	N	2500	0	40	259	187	45	28	39	0	0	0	0	0	0	0	0	0	0	0	0	27450488	
65	1	D	4	N	2500	0	40	174	162	55	32	42	0	0	0	0	0	0	0	0	0	0	0	0	27450566	
66	1	D	4	N	2500	0	1	83	30	7	7	15	0	0	0	0	0	0	0	0	0	0	0	0	27450707	
67	1	D	4	N	2500	0	40	350	182	46	27	38	0	0	0	0	0	0	0	0	0	0	0	0	27450753	
68	1	D	4	N	2500	0	40	233	131	29	19	22	0	0	0	0	0	0	0	0	0	0	0	0	27450816	
69	1	D	4	N	2500	0	40	247	146	34	22	33	0	0	0	0	0	0	0	0	0	0	0	0	27451424	
70	1	D	4	N	2500	0	40	279	194	47	28	43	0	0	0	0	0	0	0	0	0	0	0	0	27451502	
71	1	D	4	N	2500	0	40	298	168	38	25	34	0	0	0	0	0	0	0	0	0	0	0	0	27452079	
72	1	D	4	N	2500	0	40	433	237	74	35	50	0	0	0	0	0	0	0	0	0	0	0	0	27452079	
73	1	D	4	N	2500	0	40	316	132	29	18	22	0	0	0	0	0	0	0	0	0	0	0	0	27452173	
74	1	D	4	N	2500	0	40	316	139	35	20	32	0	0	0	0	0	0	0	0	0	0	0	0	27452204	
75	1	D	4	N	2500	0	40	208	164	48	27	36	0	0	0	0	0	0	0	0	0	0	0	0	27452282	
76	1	D	4	N	2500	0	40	382	207	59	33	44	0	0	0	0	0	0	0	0	0	0	0	0	27452298	
77	1	D	4	N	2500	0	40	426	176	48	26	36	0	0	0	0	0	0	0	0	0	0	0	0	27452501	
78	1	D	4	N	2500	0	40	344	149	31	18	30	0	0	0	0	0	0	0	0	0	0	0	0	27452532	
79	1	D	4	N	2500	0	40	322	186	44	26	32	0	0	0	0	0	0	0	0	0	0	0	0	27452547	
80	1	D	4	N	2500	0	40	421	211	52	32	45	0	0	0	0	0	0	0	0	0	0	0	0	27452563	
81	1	D	4	N	2500	0	1	51	14	3	0	1	0	0	0	0	0	0	0	0	0	0	0	0	27452610	
82	1	D	4	N	2500	0	1	70	21	2	0	1	0	0	0	0	0	0	0	0	0	0	0	0	27452610	
83	1	D	4	N	2500	0	40	254	130	28	18	29	0	0	0	0	0	0	0	0	0	0	0	0	27452657	
84	1	D	4	N	2500	0	40	214	174	46	30	42	0	0	0	0	0	0	0	0	0	0	0	0	27452735	
85	1	D	4	N	2500	0	40	181	143	44	28	40	0	0	0	0	0	0	0	0	0	0	0	0	27452735	
86	1	D	4	N	2500	0	40	281	144	45	27	39	0	0	0	0	0	0	0	0	0	0	0	0	27452828	
87	1	D	4	N	2500	0	40	282	211	58	32	43	0	0	0	0	0	0	0	0	0	0	0	0	27453093	
88	1	D	4	N	2500	0	1	53	19	26	36	62	0	0	0	0	0	0	0	0	0	0	0	0	27453374	
89	1	D	4	N	2500	0	40	219	171	44	27	36	0	0	0	0	0	0	0	0	0	0	0	0	27453546	
90	1	D	4	N	2500	0	40	394	202	49	29	35	0	0	0	0	0	0	0	0	0	0	0	0	27453561	
91	1	D	4	N	2500	0	40	288	195	49	30	39	0	0	0	0	0	0	0	0	0	0	0	0	27454029	
92	1	D	4	N	2500	0	40	409	178	44	26	38	0	0	0	0	0	0	0	0	0	0	0	0	27454185	
93	1	D	4	N	2500	0	40	350	201	54	32	42	0	0	0	0	0	0	0	0	0	0	0	0	27454341	
94	1	E	4	N	2500	2	1	63	20	7	2	2	0	0	0	0	0	0	0	0	0	0	0	0	27461970	
95	1	E	4	N	2500	33	1	58	30	14	4	5	0	0	0	0	0	0	0	0	0	0	0	0	27461970	
96	1	E	4	N	2500	6	40	303	232	62	33	46	0	0	0	0	0	0	0	0	0	0	0	0	27462329	
97	1	E	4	N	2500	6	40	233	135	45	29	39	0	0	0	0	0	0	0	0	0	0	0	0	27462407	
98	1	E	4	N	2500	2	1	69	18	8	3	5	0	0	0	0	0	0	0	0	0	0	0	0	27462578	
99	1	E	4	N	2500	6	40	242	172	38	25	35	0	0	0	0	0	0	0	0	0	0	0	0	27462890	
100	1	E	4	N	2500	0	40	231	118	29	17	27	0	0	0	0	0	0	0	0	0	0	0	0	27463046	
101	1	E	4	N	2500	0	1	110	41	9	8	15	0	0	0	0	0	0	0	0	0	0	0	0	27463062	
102	1	E	4	N	2500	0	40	329	181	42	25	39	0	0	0	0	0	0	0	0	0	0	0	0	27463171	
103	1	E	4	N	2500	0	40	248	221	67	36	49	0	0	0	0	0	0	0	0	0	0	0	0	27463171	
104	1	E	4	N	2500	0	40	219	142	34	21	29	0	0	0	0	0	0	0	0	0	0	0	0	27463483	
105	1	E	4	N	2500	0	40	248	164	38	22	34	0	0	0	0	0	0	0	0	0	0	0	0	27463514	
106	1	E	4	N	2500	0	2	257	120	26	17	28	0	0	0	0	0	0	0	0	0	0	0	0	27463998	
107	1	E	4	N	2500	0	40	246	183	48	25	34	0	0	0	0	0	0	0	0	0	0	0	0	27464138	
108	1	E	4	N	2500	0	40	296	203	59	35	50	0	0	0	0	0	0	0	0	0	0	0	0	27464450	
109	1	E	4	N	2500	0	40	396	177	44	26	39	0	0	0	0	0	0	0	0	0	0	0	0	27464559	
110	1	E	4	N	2500	0	40	315	211	61	36	57	0	0	0	0	0	0	0	0	0	0	0	0	27464793	
111	1	E	4	N	2500	0	40	272	210	64	36	47	0	0	0	0	0	0	0	0	0	0	0	0	27464809	
112	1	E	4	N	2500	0	1	63	15	8	7	12	0	0	0	0	0	0	0	0	0	0	0	0	27464871	
113	1	E	4	N	2500	0	40	263	200	53	32	44	0	0	0	0	0	0	0	0	0	0	0	0	27465371	
114	1	E	4	N	2500	0	40	280	149	35	22	33	0	0	0	0	0	0	0	0	0	0	0	0	27465449	
115	1	E	4	N	2500	0	1	94	42	8	6	10	0	0	0	0	0	0	0	0	0	0	0	0	27465480	
116	1	E	4	N	2500	0	40	421	159	34	21	33	0	0	0	0	0	0	0	0	0	0	0	0	27465511	
117	1	E	4	N	2500	0	40	461	193	42	28	39	0	0	0	0	0	0	0	0	0	0	0	0	27465573	
118	1	E	4	N	2500	0	1	94	35	14	7	9	0	0	0	0	0	0	0	0	0	0	0	0	27465745	
119	1	E	4	N	2500	0	1	109	31	14	4	8	0	0	0	0	0	0	0	0	0	0	0	0	27465745	
120	1	E	4	N	2500	0	40	210	146	79	33	37	0	0	0	0	0	0	0	0	0	0	0	0	27465745	
121	1	E	4	N	2500	0	40	321	185	51	26	43	0	0	0	0	0	0	0	0	0	0	0	0	27465776	
122	1	E	4	N	2500	0	40	283	175	38	23	35	0	0	0	0	0	0	0	0	0	0	0	0	27465995	
123	1	E	4	N	2500	0	1	75	33	7	7	14	0	0	0	0	0	0	0	0	0	0	0	0	27466010	
124	1	E	4	N	2500	0	40	232	154	51	31	42	0	0	0	0	0	0	0	0	0	0	0	0	27466057	
125	1	E	4	N	2500	0	40	326	241	78	38	55	0	0	0	0	0	0	0	0	0	0	0	0	27466088	
126	1	E	4	N	2500	0	40	292	144	37	22	31	0	0	0	0	0	0	0	0	0	0	0	0	27466244	
127	1	E	4	N	2500	0	40	416	193	46	26	39	0	0	0	0	0	0	0	0	0	0	0	0	27466447	
128	1	E	4	N	2500	0	40	262	160	48	27	34	0	0	0	0	0	0	0	0	0	0	0	0	27466463	
129	1	E	4	N	2500	0	1	66	27	3	0	0	0	0	0	0	0	0	0	0	0	0	0	0	27466603	
130	1	E	4	N	2500	0	40	227	160	37	22	34	0	0	0	0	0	0	0	0	0	0	0	0	27466743	
131	1	E	4	N	2500	0	1	66	20	3	2	4	0	0	0	0	0	0	0	0	0	0	0	0	27466946	
132	1	E	4	N	2500	0	1	375	131	27	17	25	0	0	0	0	0	0	0	0	0	0	0	0	27467367	
133	1	E	4	N	2500	0	1	60	11	1	1	3	0	0	0	0	0	0	0	0	0	0	0	0	27467617	
134	1	E	4	N	2500	0	40	229	168	47	28	38	0	0	0	0	0	0	0	0	0	0	0	0	27467648	
135	1	E	4	N	2500	0	40	318	131	27	17	25	0	0	0	0	0	0	0	0	0	0	0	0	27467851	
136	1	E	4	N	2500	0	40	235	150	35	21	33	0	0	0	0	0	0	0	0	0	0	0	0	27468631	
137	1	E	4	N	2500	0	40	210	193	58	34	43	0	0	0	0	0	0	0	0	0	0	0	0	27468647	
138	1	E	4	N	2500	0	40	258	140	28	19	30	0	0	0	0	0	0	0	0	0	0	0	0	27468881	
139	1	F	4	N	2500	6	40	260	167	56	31	45	0	0	0	0	0	0	0	0	0	0	0	0	27475791	
140	1	F	4	N	2500	2	1	175	107	21	13	18	0	0	0	0	0	0	0	0	0	0	0	0	27476150	
141	1	F	4	N	2500	6	40	313	150	34	22	33	0	0	0	0	0	0	0	0	0	0	0	0	27476415	
142	1	F	4	N	2500	6	40	252	180	48	29	37	0	0	0	0	0	0	0	0	0	0	0	0	27476915	
143	1	F	4	N	2500	0	40	267	162	37	24	32	0	0	0	0	0	0	0	0	0	0	0	0	27477008	
144	1	F	4	N	2500	0	40	413	219	63	34	50	0	0	0	0	0	0	0	0	0	0	0	0	27477149	
145	1	F	4	N	2500	0	40	350	160	34	21	29	0	0	0	0	0	0	0	0	0	0	0	0	27477305	
146	1	F	4	N	2500	0	40	240	154	46	28	36	0	0	0	0	0	0	0	0	0	0	0	0	27477320	
147	1	F	4	N	2500	0	40	411	213	54	31	45	0	0	0	0	0	0	0	0	0	0	0	0	27477523	
148	1	F	4	N	2500	0	40	421	223	66	41	55	0	0	0	0	0	0	0	0	0	0	0	0	27477804	
149	1	F	4	N	2500	0	40	246	183	47	27	38	0	0	0	0	0	0	0	0	0	0	0	0	27478241	
150	1	F	4	N	2500	0	1	171	143	36	26	36	0	0	0	0	0	0	0	0	0	0	0	0	27478334	
151	1	F	4	N	2500	0	40	212	145	31	21	29	0	0	0	0	0	0	0	0	0	0	0	0	27478365	
152	1	F	4	N	2500	0	40	398	210	58	32	42	0	0	0	0	0	0	0	0	0	0	0	0	27478459	
153	1	F	4	N	2500	0	40	196	164	44	28	35	0	0	0	0	0	0	0	0	0	0	0	0	27478724	
154	1	F	4	N	2500	0	40	355	172	41	26	36	0	0	0	0	0	0	0	0	0	0	0	0	27479177	
155	1	F	4	N	2500	0	40	349	178	52	27	38	0	0	0	0	0	0	0	0	0	0	0	0	27479629	
156	1	F	4	N	2500	0	40	363	186	47	29	40	0	0	0	0	0	0	0	0	0	0	0	0	27479738	
157	1	F	4	N	2500	0	1	52	10	3	3	9	0	0	0	0	0	0	0	0	0	0	0	0	27479832	
158	1	F	4	N	2500	0	40	311	172	48	31	43	0	0	0	0	0	0	0	0	0	0	0	0	27479972	
159	1	F	4	N	2500	0	40	378	199	51	31	44	0	0	0	0	0	0	0	0	0	0	0	0	27479988	
160	1	F	4	N	2500	0	40	255	143	37	22	32	0	0	0	0	0	0	0	0	0	0	0	0	27480175	
161	1	F	4	N	2500	0	40	397	192	45	29	38	0	0	0	0	0	0	0	0	0	0	0	0	27480175	
162	1	F	4	N	2500	0	1	173	125	34	19	27	0	0	0	0	0	0	0	0	0	0	0	0	27480362	
163	1	F	4	N	2500	0	1	140	30	5	3	7	0	0	0	0	0	0	0	0	0	0	0	0	27480440	
164	1	F	4	N	2500	0	1	197	105	26	15	19	0	0	0	0	0	0	0	0	0	0	0	0	27480440	
165	1	F	4	N	2500	0	40	437	190	56	31	41	0	0	0	0	0	0	0	0	0	0	0	0	27480612	
166	1	F	4	N	2500	0	40	381	192	42	28	39	0	0	0	0	0	0	0	0	0	0	0	0	27480752	
167	1	F	4	N	2500	0	40	336	161	39	23	35	0	0	0	0	0	0	0	0	0	0	0	0	27480846	
168	1	F	4	N	2500	0	40	228	157	41	23	31	0	0	0	0	0	0	0	0	0	0	0	0	27480924	
169	1	F	4	N	2500	0	40	271	164	54	29	41	0	0	0	0	0	0	0	0	0	0	0	0	27480986	
170	1	F	4	N	2500	0	40	383	174	40	25	36	0	0	0	0	0	0	0	0	0	0	0	0	27481267	
171	1	F	4	N	2500	0	40	214	172	52	34	42	0	0	0	0	0	0	0	0	0	0	0	0	27481314	
172	1	F	4	N	2500	0	40	387	191	45	29	38	0	0	0	0	0	0	0	0	0	0	0	0	27481563	
173	1	F	4	N	2500	0	40	428	208	58	32	49	0	0	0	0	0	0	0	0	0	0	0	0	27481563	
174	1	F	4	N	2500	0	40	368	160	38	23	31	0	0	0	0	0	0	0	0	0	0	0	0	27481641	
175	1	F	4	N	2500	0	40	413	191	53	32	43	0	0	0	0	0	0	0	0	0	0	0	0	27481751	
176	1	F	4	N	2500	0	40	348	162	42	23	36	0	0	0	0	0	0	0	0	0	0	0	0	27481797	
177	1	F	4	N	2500	0	40	254	144	36	20	27	0	0	0	0	0	0	0	0	0	0	0	0	27482312	
178	1	F	4	N	2500	0	40	292	165	51	29	39	0	0	0	0	0	0	0	0	0	0	0	0	27482375	
179	1	F	4	N	2500	0	40	346	154	35	20	29	0	0	0	0	0	0	0	0	0	0	0	0	27482577	
180	1	F	4	N	2500	0	40	295	174	51	29	41	0	0	0	0	0	0	0	0	0	0	0	0	27482655	
181	1	F	4	N	2500	0	40	293	192	48	31	44	0	0	0	0	0	0	0	0	0	0	0	0	27482718	
182	1	F	4	N	2500	0	1	54	26	7	7	11	0	0	0	0	0	0	0	0	0	0	0	0	27483264	
183	1	F	4	N	2500	0	40	381	183	45	27	40	0	0	0	0	0	0	0	0	0	0	0	0	27483326	
184	1	F	4	N	2500	0	2	314	129	26	16	25	0	0	0	0	0	0	0	0	0	0	0	0	27483326	
185	1	G	4	N	2500	2	1	91	26	11	4	7	0	0	0	0	0	0	0	0	0	0	0	0	27490580	
186	1	G	4	N	2500	6	40	236	143	38	22	29	0	0	0	0	0	0	0	0	0	0	0	0	27490970	
187	1	G	4	N	2500	6	40	229	159	39	27	36	0	0	0	0	0	0	0	0	0	0	0	0	27491033	
188	1	G	4	N	2500	6	40	246	197	56	33	46	0	0	0	0	0	0	0	0	0	0	0	0	27491079	
189	1	G	4	N	2500	0	40	396	189	44	27	39	0	0	0	0	0	0	0	0	0	0	0	0	27491157	
190	1	G	4	N	2500	0	40	372	182	44	29	39	0	0	0	0	0	0	0	0	0	0	0	0	27491579	
191	1	G	4	N	2500	0	40	370	176	46	27	38	0	0	0	0	0	0	0	0	0	0	0	0	27491844	
192	1	G	4	N	2500	0	40	308	142	42	27	39	0	0	0	0	0	0	0	0	0	0	0	0	27491891	
193	1	G	4	N	2500	0	40	423	214	59	35	51	0	0	0	0	0	0	0	0	0	0	0	0	27491937	
194	1	G	4	N	2500	0	40	180	139	38	22	29	0	0	0	0	0	0	0	0	0	0	0	0	27491984	
195	1	G	4	N	2500	0	40	249	150	50	30	39	0	0	0	0	0	0	0	0	0	0	0	0	27492093	
196	1	G	4	N	2500	0	1	169	128	39	21	24	0	0	0	0	0	0	0	0	0	0	0	0	27492109	
197	1	G	4	N	2500	0	1	152	141	45	31	41	0	0	0	0	0	0	0	0	0	0	0	0	27492671	
198	1	G	4	N	2500	0	40	231	171	36	25	36	0	0	0	0	0	0	0	0	0	0	0	0	27492951	
199	1	G	4	N	2500	0	1	71	32	19	18	43	0	0	0	0	0	0	0	0	0	0	0	0	27492967	
200	1	G	4	N	2500	0	1	457	174	40	21	29	0	0	0	0	0	0	0	0	0	0	0	0	27492967	
201	1	G	4	N	2500	0	40	244	159	45	23	33	0	0	0	0	0	0	0	0	0	0	0	0	27493076	
202	1	G	4	N	2500	0	40	265	160	46	31	45	0	0	0	0	0	0	0	0	0	0	0	0	27493139	
203	1	G	4	N	2500	0	40	170	147	46	28	35	0	0	0	0	0	0	0	0	0	0	0	0	27493700	
204	1	G	4	N	2500	0	1	202	95	24	14	21	0	0	0	0	0	0	0	0	0	0	0	0	27493763	
205	1	G	4	N	2500	0	40	227	142	39	22	26	0	0	0	0	0	0	0	0	0	0	0	0	27493903	
206	1	G	4	N	2500	0	40	212	154	36	24	32	0	0	0	0	0	0	0	0	0	0	0	0	27494106	
207	1	G	4	N	2500	0	40	241	185	46	29	41	0	0	0	0	0	0	0	0	0	0	0	0	27494168	
208	1	G	4	N	2500	0	40	276	158	51	30	38	0	0	0	0	0	0	0	0	0	0	0	0	27494309	
209	1	G	4	N	2500	0	40	193	162	42	27	41	0	0	0	0	0	0	0	0	0	0	0	0	27494371	
210	1	G	4	N	2500	0	40	361	207	64	39	54	0	0	0	0	0	0	0	0	0	0	0	0	27494402	
211	1	G	4	N	2500	0	40	277	188	50	31	45	0	0	0	0	0	0	0	0	0	0	0	0	27494418	
212	1	G	4	N	2500	0	40	434	209	48	31	42	0	0	0	0	0	0	0	0	0	0	0	0	27494433	
213	1	G	4	N	2500	0	40	375	186	42	29	41	0	0	0	0	0	0	0	0	0	0	0	0	27494558	
214	1	G	4	N	2500	0	40	294	155	41	24	33	0	0	0	0	0	0	0	0	0	0	0	0	27494605	
215	1	G	4	N	2500	0	40	376	161	41	27	37	0	0	0	0	0	0	0	0	0	0	0	0	27494621	
216	1	G	4	N	2500	0	40	321	131	28	16	23	0	0	0	0	0	0	0	0	0	0	0	0	27494621	
217	1	G	4	N	2500	0	40	229	181	48	31	43	0	0	0	0	0	0	0	0	0	0	0	0	27494652	
218	1	G	4	N	2500	0	40	193	135	32	19	26	0	0	0	0	0	0	0	0	0	0	0	0	27494808	
219	1	G	4	N	2500	0	1	322	116	27	15	25	0	0	0	0	0	0	0	0	0	0	0	0	27494823	
220	1	G	4	N	2500	0	1	82	33	6	6	12	0	0	0	0	0	0	0	0	0	0	0	0	27494964	
221	1	G	4	N	2500	0	40	324	145	36	21	29	0	0	0	0	0	0	0	0	0	0	0	0	27495042	
222	1	G	4	N	2500	0	40	345	167	42	23	34	0	0	0	0	0	0	0	0	0	0	0	0	27495042	
223	1	G	4	N	2500	0	40	342	164	39	24	38	0	0	0	0	0	0	0	0	0	0	0	0	27495120	
224	1	G	4	N	2500	0	40	310	179	49	30	45	0	0	0	0	0	0	0	0	0	0	0	0	27495135	
225	1	G	4	N	2500	0	40	375	195	49	28	42	0	0	0	0	0	0	0	0	0	0	0	0	27495198	
226	1	G	4	N	2500	0	40	218	147	45	26	40	0	0	0	0	0	0	0	0	0	0	0	0	27495354	
227	1	G	4	N	2500	0	40	220	125	36	21	25	0	0	0	0	0	0	0	0	0	0	0	0	27495385	
228	1	G	4	N	2500	0	40	326	143	37	21	30	0	0	0	0	0	0	0	0	0	0	0	0	27495541	
229	1	G	4	N	2500	0	40	449	183	51	31	44	0	0	0	0	0	0	0	0	0	0	0	0	27495588	
230	1	G	4	N	2500	0	40	344	165	42	25	33	0	0	0	0	0	0	0	0	0	0	0	0	27495744	
231	1	G	4	N	2500	0	1	71	12	6	6	13	0	0	0	0	0	0	0	0	0	0	0	0	27495775	
232	1	G	4	N	2500	0	1	58	12	6	7	16	0	0	0	0	0	0	0	0	0	0	0	0	27496103	
233	1	G	4	N	2500	0	40	213	135	35	20	25	0	0	0	0	0	0	0	0	0	0	0	0	27497007	
234	1	G	4	N	2500	0	1	143	84	20	12	16	0	0	0	0	0	0	0	0	0	0	0	0	27497039	
235	1	G	4	N	2500	0	40	253	142	44	27	37	0	0	0	0	0	0	0	0	0	0	0	0	27497179	
236	1	G	4	N	2500	0	1	57	14	2	2	3	0	0	0	0	0	0	0	0	0	0	0	0	27497538	
237	1	A	5	N	2500	6	40	274	212	59	34	47	0	0	0	0	0	0	0	0	0	0	0	0	27519721	
238	1	A	5	N	2500	2	1	54	13	2	0	1	0	0	0	0	0	0	0	0	0	0	0	0	27519783	
239	1	A	5	N	2500	2	1	81	31	17	1	3	0	0	0	0	0	0	0	0	0	0	0	0	27519861	
240	1	A	5	N	2500	6	40	323	186	47	29	44	0	0	0	0	0	0	0	0	0	0	0	0	27520017	
241	1	A	5	N	2500	6	40	223	144	38	23	34	0	0	0	0	0	0	0	0	0	0	0	0	27520080	
242	1	A	5	N	2500	0	40	224	155	37	25	33	0	0	0	0	0	0	0	0	0	0	0	0	27520127	
243	1	A	5	N	2500	0	1	53	15	3	0	1	0	0	0	0	0	0	0	0	0	0	0	0	27520298	
244	1	A	5	N	2500	0	40	359	173	42	24	34	0	0	0	0	0	0	0	0	0	0	0	0	27520376	
245	1	A	5	N	2500	0	1	65	18	7	3	3	0	0	0	0	0	0	0	0	0	0	0	0	27520517	
246	1	A	5	N	2500	0	1	54	11	5	1	2	0	0	0	0	0	0	0	0	0	0	0	0	27520517	
247	1	A	5	N	2500	0	40	251	167	49	30	44	0	0	0	0	0	0	0	0	0	0	0	0	27520610	
248	1	A	5	N	2500	0	40	209	168	40	27	43	0	0	0	0	0	0	0	0	0	0	0	0	27520657	
249	1	A	5	N	2500	0	40	226	163	45	27	37	0	0	0	0	0	0	0	0	0	0	0	0	27520766	
250	1	A	5	N	2500	0	40	392	164	38	23	31	0	0	0	0	0	0	0	0	0	0	0	0	27520782	
251	1	A	5	N	2500	0	40	349	159	37	23	29	0	0	0	0	0	0	0	0	0	0	0	0	27520813	
252	1	A	5	N	2500	0	40	264	189	45	30	43	0	0	0	0	0	0	0	0	0	0	0	0	27520813	
253	1	A	5	N	2500	0	40	276	192	57	33	47	0	0	0	0	0	0	0	0	0	0	0	0	27520985	
254	1	A	5	N	2500	0	40	363	172	45	31	39	0	0	0	0	0	0	0	0	0	0	0	0	27520985	
255	1	A	5	N	2500	0	40	305	175	41	28	35	0	0	0	0	0	0	0	0	0	0	0	0	27521094	
256	1	A	5	N	2500	0	1	173	119	28	18	29	0	0	0	0	0	0	0	0	0	0	0	0	27521125	
257	1	A	5	N	2500	0	40	391	150	38	24	37	0	0	0	0	0	0	0	0	0	0	0	0	27521156	
258	1	A	5	N	2500	0	40	350	172	41	26	42	0	0	0	0	0	0	0	0	0	0	0	0	27521172	
259	1	A	5	N	2500	0	1	53	11	2	1	4	0	0	0	0	0	0	0	0	0	0	0	0	27521343	
260	1	A	5	N	2500	0	40	303	165	45	28	36	0	0	0	0	0	0	0	0	0	0	0	0	27521375	
261	1	A	5	N	2500	0	1	150	104	24	16	22	0	0	0	0	0	0	0	0	0	0	0	0	27521468	
262	1	A	5	N	2500	0	40	319	149	38	23	32	0	0	0	0	0	0	0	0	0	0	0	0	27521468	
263	1	A	5	N	2500	0	40	243	152	43	25	32	0	0	0	0	0	0	0	0	0	0	0	0	27521702	
264	1	A	5	N	2500	0	40	345	145	34	20	29	0	0	0	0	0	0	0	0	0	0	0	0	27521952	
265	1	A	5	N	2500	0	40	292	158	35	22	33	0	0	0	0	0	0	0	0	0	0	0	0	27522077	
266	1	A	5	N	2500	0	1	131	63	16	12	16	0	0	0	0	0	0	0	0	0	0	0	0	27522092	
267	1	A	5	N	2500	0	40	343	140	37	21	29	0	0	0	0	0	0	0	0	0	0	0	0	27522326	
268	1	A	5	N	2500	0	40	235	168	47	28	41	0	0	0	0	0	0	0	0	0	0	0	0	27522326	
269	1	A	5	N	2500	0	40	219	142	33	22	32	0	0	0	0	0	0	0	0	0	0	0	0	27522342	
270	1	A	5	N	2500	0	40	349	156	38	24	34	0	0	0	0	0	0	0	0	0	0	0	0	27522467	
271	1	A	5	N	2500	0	40	229	120	29	19	28	0	0	0	0	0	0	0	0	0	0	0	0	27522513	
272	1	A	5	N	2500	0	40	244	188	51	38	56	0	0	0	0	0	0	0	0	0	0	0	0	27522545	
273	1	A	5	N	2500	0	40	383	230	69	39	54	0	0	0	0	0	0	0	0	0	0	0	0	27522623	
274	1	A	5	N	2500	0	1	100	24	6	5	11	0	0	0	0	0	0	0	0	0	0	0	0	27522747	
275	1	A	5	N	2500	0	40	317	132	29	18	27	0	0	0	0	0	0	0	0	0	0	0	0	27522763	
276	1	A	5	N	2500	0	40	275	152	39	26	31	0	0	0	0	0	0	0	0	0	0	0	0	27522997	
277	1	A	5	N	2500	0	40	349	151	36	20	28	0	0	0	0	0	0	0	0	0	0	0	0	27523278	
278	1	A	5	N	2500	0	40	377	193	51	34	45	0	0	0	0	0	0	0	0	0	0	0	0	27523403	
279	1	A	5	N	2500	0	40	237	142	33	24	33	0	0	0	0	0	0	0	0	0	0	0	0	27523418	
280	1	A	5	N	2500	0	40	367	161	35	22	29	0	0	0	0	0	0	0	0	0	0	0	0	27523418	
281	1	A	5	N	2500	0	40	250	147	43	26	37	0	0	0	0	0	0	0	0	0	0	0	0	27523434	
282	1	A	5	N	2500	0	40	341	158	36	27	37	0	0	0	0	0	0	0	0	0	0	0	0	27523481	
283	1	A	5	N	2500	0	40	348	166	42	26	33	0	0	0	0	0	0	0	0	0	0	0	0	27523527	
284	1	A	5	N	2500	0	1	61	25	7	7	16	0	0	0	0	0	0	0	0	0	0	0	0	27523637	
285	1	A	5	N	2500	0	40	374	216	61	37	50	0	0	0	0	0	0	0	0	0	0	0	0	27523652	
286	1	A	5	N	2500	0	40	335	144	37	17	26	0	0	0	0	0	0	0	0	0	0	0	0	27523730	
287	1	A	5	N	2500	0	40	388	178	46	27	40	0	0	0	0	0	0	0	0	0	0	0	0	27523824	
288	1	A	5	N	2500	0	40	330	157	37	24	33	0	0	0	0	0	0	0	0	0	0	0	0	27523871	
289	1	A	5	N	2500	0	40	338	159	40	24	34	0	0	0	0	0	0	0	0	0	0	0	0	27524027	
290	1	A	5	N	2500	0	40	288	160	37	26	41	0	0	0	0	0	0	0	0	0	0	0	0	27524073	
291	1	A	5	N	2500	0	40	266	156	34	22	33	0	0	0	0	0	0	0	0	0	0	0	0	27524120	
292	1	A	5	N	2500	0	1	291	115	25	14	21	0	0	0	0	0	0	0	0	0	0	0	0	27524292	
293	1	A	5	N	2500	0	40	236	164	46	30	44	0	0	0	0	0	0	0	0	0	0	0	0	27524323	
294	1	A	5	N	2500	0	1	75	15	2	1	2	0	0	0	0	0	0	0	0	0	0	0	0	27524432	
295	1	A	5	N	2500	0	40	355	182	44	27	38	0	0	0	0	0	0	0	0	0	0	0	0	27524495	
296	1	A	5	N	2500	0	40	269	179	42	29	38	0	0	0	0	0	0	0	0	0	0	0	0	27524541	
297	1	A	5	N	2500	0	2	192	116	24	15	20	0	0	0	0	0	0	0	0	0	0	0	0	27524541	
298	1	A	5	N	2500	0	40	258	129	35	24	35	0	0	0	0	0	0	0	0	0	0	0	0	27524557	
299	1	A	5	N	2500	0	40	370	190	46	28	37	0	0	0	0	0	0	0	0	0	0	0	0	27524635	
300	1	A	5	N	2500	0	40	382	158	38	23	30	0	0	0	0	0	0	0	0	0	0	0	0	27524682	
301	1	A	5	N	2500	0	40	252	168	41	29	37	0	0	0	0	0	0	0	0	0	0	0	0	27524697	
302	1	A	5	N	2500	0	40	232	179	44	27	40	0	0	0	0	0	0	0	0	0	0	0	0	27524713	
303	1	A	5	N	2500	0	40	374	188	45	29	42	0	0	0	0	0	0	0	0	0	0	0	0	27524760	
304	1	A	5	N	2500	0	40	248	161	41	25	35	0	0	0	0	0	0	0	0	0	0	0	0	27524885	
305	1	A	5	N	2500	0	40	389	164	39	24	37	0	0	0	0	0	0	0	0	0	0	0	0	27524931	
306	1	A	5	N	2500	0	40	278	124	34	25	37	0	0	0	0	0	0	0	0	0	0	0	0	27525087	
307	1	A	5	N	2500	0	1	99	23	6	5	10	0	0	0	0	0	0	0	0	0	0	0	0	27525134	
308	1	A	5	N	2500	0	1	152	53	9	6	11	0	0	0	0	0	0	0	0	0	0	0	0	27525197	
309	1	A	5	N	2500	0	1	158	100	19	14	20	0	0	0	0	0	0	0	0	0	0	0	0	27525212	
310	1	A	5	N	2500	0	40	206	191	43	29	41	0	0	0	0	0	0	0	0	0	0	0	0	27525212	
311	1	A	5	N	2500	0	40	263	195	56	34	43	0	0	0	0	0	0	0	0	0	0	0	0	27525228	
312	1	A	5	N	2500	0	40	421	225	57	36	46	0	0	0	0	0	0	0	0	0	0	0	0	27525337	
313	1	A	5	N	2500	0	40	218	133	37	24	36	0	0	0	0	0	0	0	0	0	0	0	0	27525446	
314	1	A	5	N	2500	0	40	326	189	48	31	38	0	0	0	0	0	0	0	0	0	0	0	0	27526460	
315	1	A	5	N	2500	0	40	386	196	52	32	45	0	0	0	0	0	0	0	0	0	0	0	0	27526959	
316	1	B	5	N	2500	2	1	64	32	18	8	9	0	0	0	0	0	0	0	0	0	0	0	0	27534026	
317	1	B	5	N	2500	2	1	51	12	6	3	4	0	0	0	0	0	0	0	0	0	0	0	0	27534026	
318	1	B	5	N	2500	2	1	67	19	9	4	5	0	0	0	0	0	0	0	0	0	0	0	0	27534323	
319	1	B	5	N	2500	8	40	300	153	40	24	36	0	0	0	0	0	0	0	0	0	0	0	0	27534338	
320	1	B	5	N	2500	6	40	342	153	37	25	40	0	0	0	0	0	0	0	0	0	0	0	0	27534541	
321	1	B	5	N	2500	6	40	393	190	50	31	43	0	0	0	0	0	0	0	0	0	0	0	0	27534713	
322	1	B	5	N	2500	6	40	262	169	43	26	36	0	0	0	0	0	0	0	0	0	0	0	0	27534744	
323	1	B	5	N	2500	0	40	437	208	56	37	49	0	0	0	0	0	0	0	0	0	0	0	0	27534900	
324	1	B	5	N	2500	0	40	334	165	41	27	37	0	0	0	0	0	0	0	0	0	0	0	0	27534900	
325	1	B	5	N	2500	0	40	232	120	37	26	39	0	0	0	0	0	0	0	0	0	0	0	0	27534947	
326	1	B	5	N	2500	0	1	51	11	4	2	4	0	0	0	0	0	0	0	0	0	0	0	0	27535196	
327	1	B	5	N	2500	0	40	227	163	37	25	36	0	0	0	0	0	0	0	0	0	0	0	0	27535290	
328	1	B	5	N	2500	0	40	317	171	43	27	41	0	0	0	0	0	0	0	0	0	0	0	0	27535352	
329	1	B	5	N	2500	0	40	253	133	40	25	29	0	0	0	0	0	0	0	0	0	0	0	0	27535352	
330	1	B	5	N	2500	0	40	232	204	47	33	46	0	0	0	0	0	0	0	0	0	0	0	0	27535368	
331	1	B	5	N	2500	0	40	351	164	39	24	32	0	0	0	0	0	0	0	0	0	0	0	0	27535415	
332	1	B	5	N	2500	0	40	345	177	40	25	37	0	0	0	0	0	0	0	0	0	0	0	0	27535586	
333	1	B	5	N	2500	0	40	340	151	42	23	31	0	0	0	0	0	0	0	0	0	0	0	0	27535664	
334	1	B	5	N	2500	0	2	214	118	23	16	24	0	0	0	0	0	0	0	0	0	0	0	0	27535961	
335	1	B	5	N	2500	0	40	279	213	54	31	45	0	0	0	0	0	0	0	0	0	0	0	0	27535976	
336	1	B	5	N	2500	0	40	337	153	38	23	36	0	0	0	0	0	0	0	0	0	0	0	0	27536007	
337	1	B	5	N	2500	0	40	188	126	29	18	24	0	0	0	0	0	0	0	0	0	0	0	0	27536273	
338	1	B	5	N	2500	0	40	345	148	35	22	32	0	0	0	0	0	0	0	0	0	0	0	0	27536382	
339	1	B	5	N	2500	0	40	320	135	34	21	29	0	0	0	0	0	0	0	0	0	0	0	0	27536475	
340	1	B	5	N	2500	0	40	180	161	52	30	42	0	0	0	0	0	0	0	0	0	0	0	0	27536678	
341	1	B	5	N	2500	0	2	265	119	23	16	21	0	0	0	0	0	0	0	0	0	0	0	0	27536725	
342	1	B	5	N	2500	0	40	270	181	49	29	42	0	0	0	0	0	0	0	0	0	0	0	0	27536725	
343	1	B	5	N	2500	0	40	321	216	61	35	45	0	0	0	0	0	0	0	0	0	0	0	0	27536787	
344	1	B	5	N	2500	0	40	209	192	56	36	51	0	0	0	0	0	0	0	0	0	0	0	0	27536850	
345	1	B	5	N	2500	0	40	212	142	45	27	39	0	0	0	0	0	0	0	0	0	0	0	0	27536881	
346	1	B	5	N	2500	0	40	318	198	50	34	47	0	0	0	0	0	0	0	0	0	0	0	0	27536897	
347	1	B	5	N	2500	0	1	174	124	27	16	24	0	0	0	0	0	0	0	0	0	0	0	0	27536990	
348	1	B	5	N	2500	0	40	235	188	56	35	49	0	0	0	0	0	0	0	0	0	0	0	0	27537006	
349	1	B	5	N	2500	0	1	51	12	2	1	3	0	0	0	0	0	0	0	0	0	0	0	0	27537224	
350	1	B	5	N	2500	0	40	270	152	41	29	38	0	0	0	0	0	0	0	0	0	0	0	0	27537224	
351	1	B	5	N	2500	0	40	236	147	34	24	34	0	0	0	0	0	0	0	0	0	0	0	0	27537271	
352	1	B	5	N	2500	0	1	397	247	76	45	64	0	0	0	0	0	0	0	0	0	0	0	0	27537287	
353	1	B	5	N	2500	0	40	187	153	39	23	29	0	0	0	0	0	0	0	0	0	0	0	0	27537333	
354	1	B	5	N	2500	0	2	209	116	26	15	24	0	0	0	0	0	0	0	0	0	0	0	0	27537333	
355	1	B	5	N	2500	0	40	365	173	40	25	37	0	0	0	0	0	0	0	0	0	0	0	0	27537380	
356	1	B	5	N	2500	0	40	280	162	42	25	34	0	0	0	0	0	0	0	0	0	0	0	0	27537458	
357	1	B	5	N	2500	0	40	198	122	36	23	34	0	0	0	0	0	0	0	0	0	0	0	0	27537458	
358	1	B	5	N	2500	0	40	362	155	36	24	31	0	0	0	0	0	0	0	0	0	0	0	0	27537536	
359	1	B	5	N	2500	0	40	320	136	27	17	26	0	0	0	0	0	0	0	0	0	0	0	0	27537645	
360	1	B	5	N	2500	0	40	365	176	46	26	36	0	0	0	0	0	0	0	0	0	0	0	0	27537661	
361	1	B	5	N	2500	0	1	142	84	21	16	22	0	0	0	0	0	0	0	0	0	0	0	0	27537677	
362	1	B	5	N	2500	0	40	338	177	55	36	55	0	0	0	0	0	0	0	0	0	0	0	0	27537692	
363	1	B	5	N	2500	0	40	234	159	34	23	36	0	0	0	0	0	0	0	0	0	0	0	0	27537739	
364	1	B	5	N	2500	0	40	248	188	53	33	43	0	0	0	0	0	0	0	0	0	0	0	0	27537739	
365	1	B	5	N	2500	0	40	456	219	54	32	44	0	0	0	0	0	0	0	0	0	0	0	0	27537833	
366	1	B	5	N	2500	0	40	202	150	40	25	36	0	0	0	0	0	0	0	0	0	0	0	0	27537879	
367	1	B	5	N	2500	0	40	241	142	43	27	40	0	0	0	0	0	0	0	0	0	0	0	0	27537879	
368	1	B	5	N	2500	0	1	71	14	3	3	5	0	0	0	0	0	0	0	0	0	0	0	0	27537879	
369	1	B	5	N	2500	0	1	267	89	17	11	19	0	0	0	0	0	0	0	0	0	0	0	0	27537942	
370	1	B	5	N	2500	0	40	226	157	39	25	37	0	0	0	0	0	0	0	0	0	0	0	0	27537973	
371	1	B	5	N	2500	0	40	179	145	46	29	38	0	0	0	0	0	0	0	0	0	0	0	0	27537989	
372	1	B	5	N	2500	0	1	54	10	1	0	1	0	0	0	0	0	0	0	0	0	0	0	0	27537989	
373	1	B	5	N	2500	0	40	374	151	40	23	32	0	0	0	0	0	0	0	0	0	0	0	0	27538113	
374	1	B	5	N	2500	0	40	243	154	41	26	37	0	0	0	0	0	0	0	0	0	0	0	0	27538113	
375	1	B	5	N	2500	0	40	213	143	45	27	40	0	0	0	0	0	0	0	0	0	0	0	0	27538129	
376	1	B	5	N	2500	0	1	53	16	4	4	10	0	0	0	0	0	0	0	0	0	0	0	0	27538223	
377	1	B	5	N	2500	0	40	274	153	34	21	28	0	0	0	0	0	0	0	0	0	0	0	0	27538238	
378	1	B	5	N	2500	0	40	181	153	54	33	45	0	0	0	0	0	0	0	0	0	0	0	0	27538238	
379	1	B	5	N	2500	0	40	424	205	55	35	45	0	0	0	0	0	0	0	0	0	0	0	0	27538347	
380	1	B	5	N	2500	0	40	365	177	40	25	36	0	0	0	0	0	0	0	0	0	0	0	0	27538347	
381	1	B	5	N	2500	0	1	144	155	49	29	38	0	0	0	0	0	0	0	0	0	0	0	0	27538363	
382	1	B	5	N	2500	0	40	409	237	57	37	50	0	0	0	0	0	0	0	0	0	0	0	0	27538379	
383	1	B	5	N	2500	0	40	268	144	36	24	37	0	0	0	0	0	0	0	0	0	0	0	0	27538379	
384	1	B	5	N	2500	0	40	255	120	34	22	30	0	0	0	0	0	0	0	0	0	0	0	0	27538379	
385	1	B	5	N	2500	0	40	386	216	61	37	56	0	0	0	0	0	0	0	0	0	0	0	0	27538410	
386	1	B	5	N	2500	0	40	202	156	37	24	33	0	0	0	0	0	0	0	0	0	0	0	0	27538425	
387	1	B	5	N	2500	0	1	116	34	9	8	15	0	0	0	0	0	0	0	0	0	0	0	0	27538472	
388	1	B	5	N	2500	0	40	227	154	40	24	36	0	0	0	0	0	0	0	0	0	0	0	0	27538535	
389	1	B	5	N	2500	0	40	209	157	35	23	27	0	0	0	0	0	0	0	0	0	0	0	0	27538550	
390	1	B	5	N	2500	0	40	194	175	47	30	41	0	0	0	0	0	0	0	0	0	0	0	0	27538644	
391	1	B	5	N	2500	0	40	351	221	55	32	41	0	0	0	0	0	0	0	0	0	0	0	0	27538675	
392	1	B	5	N	2500	0	40	377	180	46	29	42	0	0	0	0	0	0	0	0	0	0	0	0	27538706	
393	1	B	5	N	2500	0	40	242	162	37	26	36	0	0	0	0	0	0	0	0	0	0	0	0	27538722	
394	1	B	5	N	2500	0	40	240	149	37	23	31	0	0	0	0	0	0	0	0	0	0	0	0	27538753	
395	1	B	5	N	2500	0	40	346	146	32	20	34	0	0	0	0	0	0	0	0	0	0	0	0	27538815	
396	1	B	5	N	2500	0	2	250	121	24	16	26	0	0	0	0	0	0	0	0	0	0	0	0	27538815	
397	1	B	5	N	2500	0	40	224	131	30	19	27	0	0	0	0	0	0	0	0	0	0	0	0	27538878	
398	1	B	5	N	2500	0	40	266	181	44	29	40	0	0	0	0	0	0	0	0	0	0	0	0	27538956	
399	1	B	5	N	2500	0	40	317	137	29	18	26	0	0	0	0	0	0	0	0	0	0	0	0	27539003	
400	1	B	5	N	2500	0	40	299	191	44	29	39	0	0	0	0	0	0	0	0	0	0	0	0	27539127	
401	1	B	5	N	2500	0	40	263	184	63	35	46	0	0	0	0	0	0	0	0	0	0	0	0	27539299	
402	1	B	5	N	2500	0	40	331	132	30	20	30	0	0	0	0	0	0	0	0	0	0	0	0	27539330	
403	1	B	5	N	2500	0	40	222	116	28	17	26	0	0	0	0	0	0	0	0	0	0	0	0	27539346	
404	1	B	5	N	2500	0	40	268	193	51	34	48	0	0	0	0	0	0	0	0	0	0	0	0	27539408	
405	1	B	5	N	2500	0	40	325	166	40	26	40	0	0	0	0	0	0	0	0	0	0	0	0	27539627	
406	1	B	5	N	2500	0	40	354	150	37	24	34	0	0	0	0	0	0	0	0	0	0	0	0	27539767	
407	1	B	5	N	2500	0	1	287	94	17	12	16	0	0	0	0	0	0	0	0	0	0	0	0	27539829	
408	1	B	5	N	2500	0	1	167	116	27	18	24	0	0	0	0	0	0	0	0	0	0	0	0	27540079	
409	1	B	5	N	2500	0	40	213	139	29	20	28	0	0	0	0	0	0	0	0	0	0	0	0	27540110	
410	1	B	5	N	2500	0	40	268	222	54	37	50	0	0	0	0	0	0	0	0	0	0	0	0	27540188	
411	1	C	5	N	2500	6	40	380	148	39	25	35	0	0	0	0	0	0	0	0	0	0	0	0	27548082	
412	1	C	5	N	2500	2	1	51	28	18	3	3	0	0	0	0	0	0	0	0	0	0	0	0	27548175	
413	1	C	5	N	2500	6	40	373	179	41	24	35	0	0	0	0	0	0	0	0	0	0	0	0	27548394	
414	1	C	5	N	2500	2	1	113	42	7	5	10	0	0	0	0	0	0	0	0	0	0	0	0	27548628	
415	1	C	5	N	2500	2	1	154	113	25	18	25	0	0	0	0	0	0	0	0	0	0	0	0	27548643	
416	1	C	5	N	2500	6	40	337	137	30	20	28	0	0	0	0	0	0	0	0	0	0	0	0	27548784	
417	1	C	5	N	2500	0	1	151	75	15	11	18	0	0	0	0	0	0	0	0	0	0	0	0	27548940	
418	1	C	5	N	2500	0	1	179	102	21	14	18	0	0	0	0	0	0	0	0	0	0	0	0	27549033	
419	1	C	5	N	2500	0	40	213	153	39	24	28	0	0	0	0	0	0	0	0	0	0	0	0	27549158	
420	1	C	5	N	2500	0	40	176	178	58	33	48	0	0	0	0	0	0	0	0	0	0	0	0	27549205	
421	1	C	5	N	2500	0	1	69	36	22	2	4	0	0	0	0	0	0	0	0	0	0	0	0	27549361	
422	1	C	5	N	2500	0	1	70	20	6	5	12	0	0	0	0	0	0	0	0	0	0	0	0	27549501	
423	1	C	5	N	2500	0	40	201	153	42	24	30	0	0	0	0	0	0	0	0	0	0	0	0	27549517	
424	1	C	5	N	2500	0	1	56	25	15	2	3	0	0	0	0	0	0	0	0	0	0	0	0	27549548	
425	1	C	5	N	2500	0	40	349	166	39	26	34	0	0	0	0	0	0	0	0	0	0	0	0	27549923	
426	1	C	5	N	2500	0	1	51	11	1	1	2	0	0	0	0	0	0	0	0	0	0	0	0	27550141	
427	1	C	5	N	2500	0	40	279	150	38	26	29	0	0	0	0	0	0	0	0	0	0	0	0	27550266	
428	1	C	5	N	2500	0	1	141	74	14	10	15	0	0	0	0	0	0	0	0	0	0	0	0	27550313	
429	1	C	5	N	2500	0	40	316	180	51	32	41	0	0	0	0	0	0	0	0	0	0	0	0	27550344	
430	1	C	5	N	2500	0	40	244	144	29	19	33	0	0	0	0	0	0	0	0	0	0	0	0	27550500	
431	1	C	5	N	2500	0	40	242	151	41	24	34	0	0	0	0	0	0	0	0	0	0	0	0	27550500	
432	1	C	5	N	2500	0	2	195	125	26	18	24	0	0	0	0	0	0	0	0	0	0	0	0	27550593	
433	1	C	5	N	2500	0	40	173	152	50	29	38	0	0	0	0	0	0	0	0	0	0	0	0	27550703	
434	1	C	5	N	2500	0	40	215	128	39	22	31	0	0	0	0	0	0	0	0	0	0	0	0	27550796	
435	1	C	5	N	2500	0	40	249	168	43	28	36	0	0	0	0	0	0	0	0	0	0	0	0	27550843	
436	1	C	5	N	2500	0	40	342	213	54	34	50	0	0	0	0	0	0	0	0	0	0	0	0	27550874	
437	1	C	5	N	2500	0	40	184	143	42	23	30	0	0	0	0	0	0	0	0	0	0	0	0	27550937	
438	1	C	5	N	2500	0	40	389	199	53	34	41	0	0	0	0	0	0	0	0	0	0	0	0	27550952	
439	1	C	5	N	2500	0	2	193	117	26	18	23	0	0	0	0	0	0	0	0	0	0	0	0	27551030	
440	1	C	5	N	2500	0	40	189	143	34	21	29	0	0	0	0	0	0	0	0	0	0	0	0	27551046	
441	1	C	5	N	2500	0	40	357	161	38	25	35	0	0	0	0	0	0	0	0	0	0	0	0	27551061	
442	1	C	5	N	2500	0	40	209	131	28	18	26	0	0	0	0	0	0	0	0	0	0	0	0	27551233	
443	1	C	5	N	2500	0	40	193	138	33	21	28	0	0	0	0	0	0	0	0	0	0	0	0	27551295	
444	1	C	5	N	2500	0	40	397	207	56	33	40	0	0	0	0	0	0	0	0	0	0	0	0	27551358	
445	1	C	5	N	2500	0	40	263	196	51	32	43	0	0	0	0	0	0	0	0	0	0	0	0	27551451	
446	1	C	5	N	2500	0	40	315	139	28	19	26	0	0	0	0	0	0	0	0	0	0	0	0	27552434	
447	1	C	5	N	2500	0	40	242	140	32	22	27	0	0	0	0	0	0	0	0	0	0	0	0	27552465	
448	1	C	5	N	2500	0	40	366	193	46	30	42	0	0	0	0	0	0	0	0	0	0	0	0	27552497	
449	1	C	5	N	2500	0	2	297	124	26	17	24	0	0	0	0	0	0	0	0	0	0	0	0	27552528	
450	1	C	5	N	2500	0	40	266	178	42	28	38	0	0	0	0	0	0	0	0	0	0	0	0	27552559	
451	1	C	5	N	2500	0	1	196	81	17	12	19	0	0	0	0	0	0	0	0	0	0	0	0	27552559	
452	1	C	5	N	2500	0	1	164	105	17	12	21	0	0	0	0	0	0	0	0	0	0	0	0	27552575	
453	1	C	5	N	2500	0	40	226	168	40	26	33	0	0	0	0	0	0	0	0	0	0	0	0	27552668	
454	1	C	5	N	2500	0	40	357	181	44	27	40	0	0	0	0	0	0	0	0	0	0	0	0	27552699	
455	1	C	5	N	2500	0	40	303	153	39	25	34	0	0	0	0	0	0	0	0	0	0	0	0	27552746	
456	1	C	5	N	2500	0	40	191	154	42	24	36	0	0	0	0	0	0	0	0	0	0	0	0	27552762	
457	1	C	5	N	2500	0	40	338	140	33	22	29	0	0	0	0	0	0	0	0	0	0	0	0	27552777	
458	1	C	5	N	2500	0	1	157	149	43	27	37	0	0	0	0	0	0	0	0	0	0	0	0	27554072	
459	1	C	5	N	2500	0	40	257	173	44	28	40	0	0	0	0	0	0	0	0	0	0	0	0	27554103	
460	1	C	5	N	2500	0	40	263	166	44	27	36	0	0	0	0	0	0	0	0	0	0	0	0	27555539	
461	1	D	5	N	2500	2	1	179	127	28	17	22	0	0	0	0	0	0	0	0	0	0	0	0	27562590	
462	1	D	5	N	2500	6	40	327	206	68	38	55	0	0	0	0	0	0	0	0	0	0	0	0	27562996	
463	1	D	5	N	2500	2	1	78	69	28	0	1	0	0	0	0	0	0	0	0	0	0	0	0	27563074	
464	1	D	5	N	2500	6	40	404	180	38	25	35	0	0	0	0	0	0	0	0	0	0	0	0	27563105	
465	1	D	5	N	2500	2	1	133	53	9	8	11	0	0	0	0	0	0	0	0	0	0	0	0	27563276	
466	1	D	5	N	2500	6	40	347	151	37	23	33	0	0	0	0	0	0	0	0	0	0	0	0	27563323	
467	1	D	5	N	2500	0	40	321	209	54	35	45	0	0	0	0	0	0	0	0	0	0	0	0	27563635	
468	1	D	5	N	2500	0	40	214	138	29	20	28	0	0	0	0	0	0	0	0	0	0	0	0	27564103	
469	1	D	5	N	2500	0	40	373	209	65	38	50	0	0	0	0	0	0	0	0	0	0	0	0	27564384	
470	1	D	5	N	2500	0	40	235	152	39	26	32	0	0	0	0	0	0	0	0	0	0	0	0	27564431	
471	1	D	5	N	2500	0	40	330	159	39	24	36	0	0	0	0	0	0	0	0	0	0	0	0	27564868	
472	1	D	5	N	2500	0	40	202	123	30	17	25	0	0	0	0	0	0	0	0	0	0	0	0	27564883	
473	1	D	5	N	2500	0	1	180	52	11	6	8	0	0	0	0	0	0	0	0	0	0	0	0	27564961	
474	1	D	5	N	2500	0	1	117	71	21	16	21	0	0	0	0	0	0	0	0	0	0	0	0	27564961	
475	1	D	5	N	2500	0	40	285	167	47	27	42	0	0	0	0	0	0	0	0	0	0	0	0	27565024	
476	1	D	5	N	2500	0	40	339	193	49	29	42	0	0	0	0	0	0	0	0	0	0	0	0	27565133	
477	1	D	5	N	2500	0	40	255	159	36	25	35	0	0	0	0	0	0	0	0	0	0	0	0	27565148	
478	1	D	5	N	2500	0	40	362	165	40	24	38	0	0	0	0	0	0	0	0	0	0	0	0	27565211	
479	1	D	5	N	2500	0	40	329	150	33	20	29	0	0	0	0	0	0	0	0	0	0	0	0	27565570	
480	1	D	5	N	2500	0	40	371	150	32	21	24	0	0	0	0	0	0	0	0	0	0	0	0	27565741	
481	1	D	5	N	2500	0	40	362	162	34	22	27	0	0	0	0	0	0	0	0	0	0	0	0	27565757	
482	1	D	5	N	2500	0	40	362	140	35	21	32	0	0	0	0	0	0	0	0	0	0	0	0	27565897	
483	1	D	5	N	2500	0	1	183	115	25	16	21	0	0	0	0	0	0	0	0	0	0	0	0	27565991	
484	1	D	5	N	2500	0	40	181	130	33	22	28	0	0	0	0	0	0	0	0	0	0	0	0	27565991	
485	1	D	5	N	2500	0	40	237	141	37	23	33	0	0	0	0	0	0	0	0	0	0	0	0	27566116	
486	1	D	5	N	2500	0	40	294	148	34	22	28	0	0	0	0	0	0	0	0	0	0	0	0	27566178	
487	1	D	5	N	2500	0	40	348	135	31	18	27	0	0	0	0	0	0	0	0	0	0	0	0	27566428	
488	1	D	5	N	2500	0	40	243	152	31	19	27	0	0	0	0	0	0	0	0	0	0	0	0	27566443	
489	1	D	5	N	2500	0	40	372	193	43	26	38	0	0	0	0	0	0	0	0	0	0	0	0	27566459	
490	1	D	5	N	2500	0	40	314	159	47	27	37	0	0	0	0	0	0	0	0	0	0	0	0	27566474	
491	1	D	5	N	2500	0	40	267	194	53	32	43	0	0	0	0	0	0	0	0	0	0	0	0	27566490	
492	1	D	5	N	2500	0	40	286	147	42	24	35	0	0	0	0	0	0	0	0	0	0	0	0	27566786	
493	1	D	5	N	2500	0	40	194	145	43	26	34	0	0	0	0	0	0	0	0	0	0	0	0	27566802	
494	1	D	5	N	2500	0	40	361	190	54	28	37	0	0	0	0	0	0	0	0	0	0	0	0	27566802	
495	1	D	5	N	2500	0	40	330	162	43	24	33	0	0	0	0	0	0	0	0	0	0	0	0	27566833	
496	1	D	5	N	2500	0	40	215	185	46	32	40	0	0	0	0	0	0	0	0	0	0	0	0	27567036	
497	1	D	5	N	2500	0	40	280	160	53	32	42	0	0	0	0	0	0	0	0	0	0	0	0	27567052	
498	1	D	5	N	2500	0	1	144	35	9	7	11	0	0	0	0	0	0	0	0	0	0	0	0	27567052	
499	1	D	5	N	2500	0	1	111	37	8	8	14	0	0	0	0	0	0	0	0	0	0	0	0	27567067	
500	1	D	5	N	2500	0	1	166	60	18	11	15	0	0	0	0	0	0	0	0	0	0	0	0	27567067	
501	1	D	5	N	2500	0	1	137	77	21	13	19	0	0	0	0	0	0	0	0	0	0	0	0	27567067	
502	1	D	5	N	2500	0	2	284	136	26	18	25	0	0	0	0	0	0	0	0	0	0	0	0	27567083	
503	1	D	5	N	2500	0	40	270	163	38	24	33	0	0	0	0	0	0	0	0	0	0	0	0	27567098	
504	1	D	5	N	2500	0	1	225	89	14	12	15	0	0	0	0	0	0	0	0	0	0	0	0	27567130	
505	1	D	5	N	2500	0	1	351	126	30	20	26	0	0	0	0	0	0	0	0	0	0	0	0	27567254	
506	1	D	5	N	2500	0	1	182	106	28	19	26	0	0	0	0	0	0	0	0	0	0	0	0	27567301	
507	1	D	5	N	2500	0	40	236	163	43	27	36	0	0	0	0	0	0	0	0	0	0	0	0	27567379	
508	1	D	5	N	2500	0	40	352	156	42	22	35	0	0	0	0	0	0	0	0	0	0	0	0	27567379	
509	1	D	5	N	2500	0	1	101	26	6	7	14	0	0	0	0	0	0	0	0	0	0	0	0	27567395	
510	1	D	5	N	2500	0	40	448	210	48	28	47	0	0	0	0	0	0	0	0	0	0	0	0	27567395	
511	1	D	5	N	2500	0	40	415	167	47	27	40	0	0	0	0	0	0	0	0	0	0	0	0	27567816	
512	1	D	5	N	2500	0	2	223	114	21	14	19	0	0	0	0	0	0	0	0	0	0	0	0	27567863	
513	1	D	5	N	2500	0	1	78	29	6	7	14	0	0	0	0	0	0	0	0	0	0	0	0	27567956	
514	1	D	5	N	2500	0	40	211	110	34	21	29	0	0	0	0	0	0	0	0	0	0	0	0	27568050	
515	1	D	5	N	2500	0	1	59	11	1	0	1	0	0	0	0	0	0	0	0	0	0	0	0	27568362	
516	1	D	5	N	2500	0	40	285	130	32	22	31	0	0	0	0	0	0	0	0	0	0	0	0	27568502	
517	1	D	5	N	2500	0	1	290	115	22	13	18	0	0	0	0	0	0	0	0	0	0	0	0	27568565	
518	1	D	5	N	2500	0	1	251	91	18	12	22	0	0	0	0	0	0	0	0	0	0	0	0	27568580	
519	1	D	5	N	2500	0	1	213	65	14	11	21	0	0	0	0	0	0	0	0	0	0	0	0	27568892	
520	1	D	5	N	2500	0	40	340	168	33	22	30	0	0	0	0	0	0	0	0	0	0	0	0	27569236	
521	1	D	5	N	2500	0	40	300	169	40	26	33	0	0	0	0	0	0	0	0	0	0	0	0	27569548	
522	1	D	5	N	2500	0	40	398	183	46	29	40	0	0	0	0	0	0	0	0	0	0	0	0	27569610	
523	1	D	5	N	2500	0	40	233	161	44	26	35	0	0	0	0	0	0	0	0	0	0	0	0	27569766	
524	1	E	5	N	2500	2	1	75	21	7	8	16	0	0	0	0	0	0	0	0	0	0	0	0	27576864	
525	1	E	5	N	2500	2	1	112	36	7	0	2	0	0	0	0	0	0	0	0	0	0	0	0	27576926	
526	1	E	5	N	2500	6	40	222	159	40	24	37	0	0	0	0	0	0	0	0	0	0	0	0	27577004	
527	1	E	5	N	2500	6	40	201	154	45	27	39	0	0	0	0	0	0	0	0	0	0	0	0	27577192	
528	1	E	5	N	2500	6	40	214	127	28	17	22	0	0	0	0	0	0	0	0	0	0	0	0	27577270	
529	1	E	5	N	2500	0	40	262	139	37	23	33	0	0	0	0	0	0	0	0	0	0	0	0	27577379	
530	1	E	5	N	2500	0	1	186	121	26	17	25	0	0	0	0	0	0	0	0	0	0	0	0	27577457	
531	1	E	5	N	2500	0	40	335	158	43	26	40	0	0	0	0	0	0	0	0	0	0	0	0	27577566	
532	1	E	5	N	2500	0	40	264	189	44	30	45	0	0	0	0	0	0	0	0	0	0	0	0	27577566	
533	1	E	5	N	2500	0	40	244	183	57	33	45	0	0	0	0	0	0	0	0	0	0	0	0	27577691	
534	1	E	5	N	2500	0	40	259	169	44	26	32	0	0	0	0	0	0	0	0	0	0	0	0	27577800	
535	1	E	5	N	2500	0	1	69	27	4	0	1	0	0	0	0	0	0	0	0	0	0	0	0	27577894	
536	1	E	5	N	2500	0	1	94	55	8	0	2	0	0	0	0	0	0	0	0	0	0	0	0	27577894	
537	1	E	5	N	2500	0	40	203	125	32	19	26	0	0	0	0	0	0	0	0	0	0	0	0	27578315	
538	1	E	5	N	2500	0	40	379	183	44	27	39	0	0	0	0	0	0	0	0	0	0	0	0	27578486	
539	1	E	5	N	2500	0	40	333	188	54	30	43	0	0	0	0	0	0	0	0	0	0	0	0	27578518	
540	1	E	5	N	2500	0	40	448	235	56	37	52	0	0	0	0	0	0	0	0	0	0	0	0	27578549	
541	1	E	5	N	2500	0	40	247	152	44	23	31	0	0	0	0	0	0	0	0	0	0	0	0	27578705	
542	1	E	5	N	2500	0	40	369	169	45	27	34	0	0	0	0	0	0	0	0	0	0	0	0	27578767	
543	1	E	5	N	2500	0	40	351	167	45	24	31	0	0	0	0	0	0	0	0	0	0	0	0	27578876	
544	1	E	5	N	2500	0	40	447	208	42	28	35	0	0	0	0	0	0	0	0	0	0	0	0	27579157	
545	1	E	5	N	2500	0	1	148	60	7	0	2	0	0	0	0	0	0	0	0	0	0	0	0	27579188	
546	1	E	5	N	2500	0	2	168	152	36	26	32	0	0	0	0	0	0	0	0	0	0	0	0	27579298	
547	1	E	5	N	2500	0	1	175	94	25	18	29	0	0	0	0	0	0	0	0	0	0	0	0	27579454	
548	1	E	5	N	2500	0	1	51	22	5	3	5	0	0	0	0	0	0	0	0	0	0	0	0	27579454	
549	1	E	5	N	2500	0	40	188	155	42	24	33	0	0	0	0	0	0	0	0	0	0	0	0	27579532	
550	1	E	5	N	2500	0	40	342	144	32	21	28	0	0	0	0	0	0	0	0	0	0	0	0	27579532	
551	1	E	5	N	2500	0	1	76	26	6	5	10	0	0	0	0	0	0	0	0	0	0	0	0	27579563	
552	1	E	5	N	2500	0	1	177	97	22	15	20	0	0	0	0	0	0	0	0	0	0	0	0	27579563	
553	1	E	5	N	2500	0	40	185	160	44	26	36	0	0	0	0	0	0	0	0	0	0	0	0	27579578	
554	1	E	5	N	2500	0	1	82	18	1	0	1	0	0	0	0	0	0	0	0	0	0	0	0	27579594	
555	1	E	5	N	2500	0	40	307	168	53	29	40	0	0	0	0	0	0	0	0	0	0	0	0	27579719	
556	1	E	5	N	2500	0	40	319	153	39	25	36	0	0	0	0	0	0	0	0	0	0	0	0	27579734	
557	1	E	5	N	2500	0	40	351	152	39	24	35	0	0	0	0	0	0	0	0	0	0	0	0	27579734	
558	1	E	5	N	2500	0	40	365	217	53	32	45	0	0	0	0	0	0	0	0	0	0	0	0	27579859	
559	1	E	5	N	2500	0	40	408	179	53	33	46	0	0	0	0	0	0	0	0	0	0	0	0	27580124	
560	1	E	5	N	2500	0	40	264	140	39	21	28	0	0	0	0	0	0	0	0	0	0	0	0	27580280	
561	1	E	5	N	2500	0	1	97	31	8	7	13	0	0	0	0	0	0	0	0	0	0	0	0	27580358	
562	1	E	5	N	2500	0	40	302	175	45	28	36	0	0	0	0	0	0	0	0	0	0	0	0	27580624	
563	1	E	5	N	2500	0	40	285	165	38	27	37	0	0	0	0	0	0	0	0	0	0	0	0	27580795	
564	1	E	5	N	2500	0	40	369	183	46	28	41	0	0	0	0	0	0	0	0	0	0	0	0	27580936	
565	1	E	5	N	2500	0	40	256	166	39	27	37	0	0	0	0	0	0	0	0	0	0	0	0	27581076	
566	1	E	5	N	2500	0	40	223	184	56	33	42	0	0	0	0	0	0	0	0	0	0	0	0	27581123	
567	1	E	5	N	2500	0	40	234	144	34	23	31	0	0	0	0	0	0	0	0	0	0	0	0	27581138	
568	1	E	5	N	2500	0	40	368	170	44	25	35	0	0	0	0	0	0	0	0	0	0	0	0	27581138	
569	1	E	5	N	2500	0	1	141	83	17	10	14	0	0	0	0	0	0	0	0	0	0	0	0	27581170	
570	1	E	5	N	2500	0	2	237	118	22	14	23	0	0	0	0	0	0	0	0	0	0	0	0	27581185	
571	1	E	5	N	2500	0	40	340	162	47	24	32	0	0	0	0	0	0	0	0	0	0	0	0	27581201	
572	1	E	5	N	2500	0	40	341	200	55	33	42	0	0	0	0	0	0	0	0	0	0	0	0	27581201	
573	1	E	5	N	2500	0	40	231	152	39	24	31	0	0	0	0	0	0	0	0	0	0	0	0	27581201	
574	1	E	5	N	2500	0	1	72	21	6	6	13	0	0	0	0	0	0	0	0	0	0	0	0	27581326	
575	1	E	5	N	2500	0	40	233	140	31	18	28	0	0	0	0	0	0	0	0	0	0	0	0	27581544	
576	1	E	5	N	2500	0	1	237	89	16	10	13	0	0	0	0	0	0	0	0	0	0	0	0	27581684	
577	1	E	5	N	2500	0	1	129	66	13	9	16	0	0	0	0	0	0	0	0	0	0	0	0	27581700	
578	1	E	5	N	2500	0	40	324	134	35	18	29	0	0	0	0	0	0	0	0	0	0	0	0	27581731	
579	1	E	5	N	2500	0	40	349	147	30	19	26	0	0	0	0	0	0	0	0	0	0	0	0	27581918	
580	1	E	5	N	2500	0	40	236	162	47	28	39	0	0	0	0	0	0	0	0	0	0	0	0	27582043	
581	1	E	5	N	2500	0	1	295	115	30	19	25	0	0	0	0	0	0	0	0	0	0	0	0	27582121	
582	1	E	5	N	2500	0	40	461	209	50	30	45	0	0	0	0	0	0	0	0	0	0	0	0	27582137	
583	1	E	5	N	2500	0	1	438	140	40	24	35	0	0	0	0	0	0	0	0	0	0	0	0	27582168	
584	1	E	5	N	2500	0	1	78	22	6	7	14	0	0	0	0	0	0	0	0	0	0	0	0	27582293	
585	1	E	5	N	2500	0	40	352	133	27	18	30	0	0	0	0	0	0	0	0	0	0	0	0	27582605	
586	1	E	5	N	2500	0	40	353	160	40	22	33	0	0	0	0	0	0	0	0	0	0	0	0	27582652	
587	1	E	5	N	2500	0	1	106	49	10	10	16	0	0	0	0	0	0	0	0	0	0	0	0	27582730	
588	1	E	5	N	2500	0	40	332	142	29	18	29	0	0	0	0	0	0	0	0	0	0	0	0	27583010	
589	1	E	5	N	2500	0	1	162	42	10	6	10	0	0	0	0	0	0	0	0	0	0	0	0	27583042	
590	1	E	5	N	2500	0	1	240	90	18	12	21	0	0	0	0	0	0	0	0	0	0	0	0	27583135	
591	1	E	5	N	2500	0	40	257	162	53	33	45	0	0	0	0	0	0	0	0	0	0	0	0	27583400	
592	1	E	5	N	2500	0	40	320	144	32	17	22	0	0	0	0	0	0	0	0	0	0	0	0	27583432	
593	1	E	5	N	2500	0	1	66	27	4	5	11	0	0	0	0	0	0	0	0	0	0	0	0	27583478	


Threshold source: EXT,  value 50
Min TOF = 50
EXT signal gain 1.6
Green signal gain 3.0
Yellow signal gain 3.0
Red signal gain 3.0
Green PMT voltage 700
Yellow PMT voltage 700
Red PMT voltage 900
Signal multipliers: 1.0,1.0,1.0,1.0
C:\Users\unionbio\Desktop\COPAS Templates\USE for L4 dispense_columns.csv