Id	Plate	Row	Column	Clog	Scan rate	Status sort	Status sel	TOF	EXT	Green	Yellow	Red	PH Ext	PW Ext	PC Ext	PH Green	PW Green	PCGreen	PH Yellow	PW Yellow	PCYellow	PH Red	PW Red	PCRed	Time Stamp	
0	1	F	5	N	2500	6	40	334	179	48	30	43	0	0	0	0	0	0	0	0	0	0	0	0	28196055	
1	1	F	5	N	2500	2	1	165	53	31	4	7	0	0	0	0	0	0	0	0	0	0	0	0	28196227	
2	1	F	5	N	2500	2	1	86	19	2	2	3	0	0	0	0	0	0	0	0	0	0	0	0	28196679	
3	1	F	5	N	2500	33	1	184	99	19	13	19	0	0	0	0	0	0	0	0	0	0	0	0	28196679	
4	1	F	5	N	2500	6	40	229	134	27	21	30	0	0	0	0	0	0	0	0	0	0	0	0	28196773	
5	1	F	5	N	2500	6	40	344	167	41	29	40	0	0	0	0	0	0	0	0	0	0	0	0	28196991	
6	1	F	5	N	2500	0	1	76	25	6	7	12	0	0	0	0	0	0	0	0	0	0	0	0	28197022	
7	1	F	5	N	2500	0	1	69	27	14	2	3	0	0	0	0	0	0	0	0	0	0	0	0	28197319	
8	1	F	5	N	2500	0	40	293	130	32	19	25	0	0	0	0	0	0	0	0	0	0	0	0	28197365	
9	1	F	5	N	2500	0	40	240	126	32	20	27	0	0	0	0	0	0	0	0	0	0	0	0	28197506	
10	1	F	5	N	2500	0	40	358	170	45	26	34	0	0	0	0	0	0	0	0	0	0	0	0	28197521	
11	1	F	5	N	2500	0	40	199	136	30	17	23	0	0	0	0	0	0	0	0	0	0	0	0	28197521	
12	1	F	5	N	2500	0	1	301	101	26	14	22	0	0	0	0	0	0	0	0	0	0	0	0	28198083	
13	1	F	5	N	2500	0	1	56	11	1	0	1	0	0	0	0	0	0	0	0	0	0	0	0	28198161	
14	1	F	5	N	2500	0	1	169	46	5	0	2	0	0	0	0	0	0	0	0	0	0	0	0	28198161	
15	1	F	5	N	2500	0	1	50	10	3	3	6	0	0	0	0	0	0	0	0	0	0	0	0	28198255	
16	1	F	5	N	2500	0	40	315	161	39	24	30	0	0	0	0	0	0	0	0	0	0	0	0	28198317	
17	1	F	5	N	2500	0	40	233	156	31	20	31	0	0	0	0	0	0	0	0	0	0	0	0	28198411	
18	1	F	5	N	2500	0	40	349	173	48	27	35	0	0	0	0	0	0	0	0	0	0	0	0	28198411	
19	1	F	5	N	2500	0	40	214	124	28	19	27	0	0	0	0	0	0	0	0	0	0	0	0	28198504	
20	1	F	5	N	2500	0	40	240	169	42	27	32	0	0	0	0	0	0	0	0	0	0	0	0	28198613	
21	1	F	5	N	2500	0	40	327	132	28	18	26	0	0	0	0	0	0	0	0	0	0	0	0	28198629	
22	1	F	5	N	2500	0	1	157	119	28	16	26	0	0	0	0	0	0	0	0	0	0	0	0	28199191	
23	1	F	5	N	2500	0	40	347	180	43	26	40	0	0	0	0	0	0	0	0	0	0	0	0	28199222	
24	1	F	5	N	2500	0	40	334	192	49	29	38	0	0	0	0	0	0	0	0	0	0	0	0	28199222	
25	1	F	5	N	2500	0	1	251	94	16	12	19	0	0	0	0	0	0	0	0	0	0	0	0	28199269	
26	1	F	5	N	2500	0	40	262	151	39	25	35	0	0	0	0	0	0	0	0	0	0	0	0	28199518	
27	1	F	5	N	2500	0	40	273	149	38	23	28	0	0	0	0	0	0	0	0	0	0	0	0	28199674	
28	1	F	5	N	2500	0	40	254	159	38	23	36	0	0	0	0	0	0	0	0	0	0	0	0	28199877	
29	1	F	5	N	2500	0	1	212	107	29	18	27	0	0	0	0	0	0	0	0	0	0	0	0	28199939	
30	1	F	5	N	2500	0	40	256	123	29	18	27	0	0	0	0	0	0	0	0	0	0	0	0	28200064	
31	1	F	5	N	2500	0	40	266	187	45	29	42	0	0	0	0	0	0	0	0	0	0	0	0	28200173	
32	1	F	5	N	2500	0	40	177	151	33	20	30	0	0	0	0	0	0	0	0	0	0	0	0	28200454	
33	1	F	5	N	2500	0	40	368	161	37	21	28	0	0	0	0	0	0	0	0	0	0	0	0	28200517	
34	1	F	5	N	2500	0	1	237	102	21	14	17	0	0	0	0	0	0	0	0	0	0	0	0	28200610	
35	1	F	5	N	2500	0	40	364	236	71	43	56	0	0	0	0	0	0	0	0	0	0	0	0	28200719	
36	1	F	5	N	2500	0	1	180	111	31	21	31	0	0	0	0	0	0	0	0	0	0	0	0	28200782	
37	1	F	5	N	2500	0	40	355	165	40	22	34	0	0	0	0	0	0	0	0	0	0	0	0	28200938	
38	1	F	5	N	2500	0	40	204	136	29	17	25	0	0	0	0	0	0	0	0	0	0	0	0	28200969	
39	1	F	5	N	2500	0	40	228	150	35	21	30	0	0	0	0	0	0	0	0	0	0	0	0	28200985	
40	1	F	5	N	2500	0	40	212	178	46	28	37	0	0	0	0	0	0	0	0	0	0	0	0	28201094	
41	1	F	5	N	2500	0	40	329	195	53	36	46	0	0	0	0	0	0	0	0	0	0	0	0	28201156	
42	1	F	5	N	2500	0	40	387	192	49	29	40	0	0	0	0	0	0	0	0	0	0	0	0	28201172	
43	1	F	5	N	2500	0	40	333	163	42	25	35	0	0	0	0	0	0	0	0	0	0	0	0	28201172	
44	1	F	5	N	2500	0	40	330	144	32	19	27	0	0	0	0	0	0	0	0	0	0	0	0	28201328	
45	1	F	5	N	2500	0	2	188	122	22	18	26	0	0	0	0	0	0	0	0	0	0	0	0	28201390	
46	1	F	5	N	2500	0	40	388	170	44	27	37	0	0	0	0	0	0	0	0	0	0	0	0	28201453	
47	1	F	5	N	2500	0	40	200	165	44	27	38	0	0	0	0	0	0	0	0	0	0	0	0	28201468	
48	1	F	5	N	2500	0	1	68	19	4	3	4	0	0	0	0	0	0	0	0	0	0	0	0	28201515	
49	1	F	5	N	2500	0	1	190	112	31	20	27	0	0	0	0	0	0	0	0	0	0	0	0	28201515	
50	1	F	5	N	2500	0	40	258	155	39	25	34	0	0	0	0	0	0	0	0	0	0	0	0	28201874	
51	1	F	5	N	2500	0	40	367	168	41	26	30	0	0	0	0	0	0	0	0	0	0	0	0	28201983	
52	1	F	5	N	2500	0	40	343	150	31	22	32	0	0	0	0	0	0	0	0	0	0	0	0	28202077	
53	1	F	5	N	2500	0	40	349	197	54	29	43	0	0	0	0	0	0	0	0	0	0	0	0	28202357	
54	1	F	5	N	2500	0	40	339	149	37	19	26	0	0	0	0	0	0	0	0	0	0	0	0	28202591	
55	1	F	5	N	2500	0	1	78	41	17	17	39	0	0	0	0	0	0	0	0	0	0	0	0	28203512	
56	1	G	5	N	2500	2	2	195	125	24	16	22	0	0	0	0	0	0	0	0	0	0	0	0	28210438	
57	1	G	5	N	2500	2	1	53	11	1	1	2	0	0	0	0	0	0	0	0	0	0	0	0	28210454	
58	1	G	5	N	2500	6	40	190	175	43	25	32	0	0	0	0	0	0	0	0	0	0	0	0	28210532	
59	1	G	5	N	2500	6	40	374	179	41	26	32	0	0	0	0	0	0	0	0	0	0	0	0	28210532	
60	1	G	5	N	2500	6	40	403	201	51	37	61	0	0	0	0	0	0	0	0	0	0	0	0	28210532	
61	1	G	5	N	2500	0	2	288	126	26	15	22	0	0	0	0	0	0	0	0	0	0	0	0	28210844	
62	1	G	5	N	2500	0	40	328	166	40	23	30	0	0	0	0	0	0	0	0	0	0	0	0	28211078	
63	1	G	5	N	2500	0	40	381	216	54	30	40	0	0	0	0	0	0	0	0	0	0	0	0	28211093	
64	1	G	5	N	2500	0	40	194	142	39	21	27	0	0	0	0	0	0	0	0	0	0	0	0	28211234	
65	1	G	5	N	2500	0	40	228	175	40	30	36	0	0	0	0	0	0	0	0	0	0	0	0	28211281	
66	1	G	5	N	2500	0	1	54	29	7	6	9	0	0	0	0	0	0	0	0	0	0	0	0	28211405	
67	1	G	5	N	2500	0	1	190	116	38	25	32	0	0	0	0	0	0	0	0	0	0	0	0	28212263	
68	1	G	5	N	2500	0	40	339	146	35	24	32	0	0	0	0	0	0	0	0	0	0	0	0	28212310	
69	1	G	5	N	2500	0	40	346	166	46	26	39	0	0	0	0	0	0	0	0	0	0	0	0	28212435	
70	1	G	5	N	2500	0	1	78	17	9	4	6	0	0	0	0	0	0	0	0	0	0	0	0	28212435	
71	1	G	5	N	2500	0	40	332	148	38	20	29	0	0	0	0	0	0	0	0	0	0	0	0	28212529	
72	1	G	5	N	2500	0	40	189	155	48	30	41	0	0	0	0	0	0	0	0	0	0	0	0	28212560	
73	1	G	5	N	2500	0	1	126	38	7	6	13	0	0	0	0	0	0	0	0	0	0	0	0	28212747	
74	1	G	5	N	2500	0	40	255	134	33	21	30	0	0	0	0	0	0	0	0	0	0	0	0	28212841	
75	1	G	5	N	2500	0	1	97	27	11	6	7	0	0	0	0	0	0	0	0	0	0	0	0	28212997	
76	1	G	5	N	2500	0	40	384	139	28	18	30	0	0	0	0	0	0	0	0	0	0	0	0	28213043	
77	1	G	5	N	2500	0	40	233	116	27	16	22	0	0	0	0	0	0	0	0	0	0	0	0	28213059	
78	1	G	5	N	2500	0	1	160	126	33	23	35	0	0	0	0	0	0	0	0	0	0	0	0	28213153	
79	1	G	5	N	2500	0	1	137	87	19	13	15	0	0	0	0	0	0	0	0	0	0	0	0	28213184	
80	1	G	5	N	2500	0	40	222	161	37	23	34	0	0	0	0	0	0	0	0	0	0	0	0	28213199	
81	1	G	5	N	2500	0	40	318	145	35	20	28	0	0	0	0	0	0	0	0	0	0	0	0	28213277	
82	1	G	5	N	2500	0	40	279	156	35	25	32	0	0	0	0	0	0	0	0	0	0	0	0	28213309	
83	1	G	5	N	2500	0	1	184	119	25	17	22	0	0	0	0	0	0	0	0	0	0	0	0	28213480	
84	1	G	5	N	2500	0	40	198	139	33	19	25	0	0	0	0	0	0	0	0	0	0	0	0	28213543	
85	1	G	5	N	2500	0	40	326	189	51	29	42	0	0	0	0	0	0	0	0	0	0	0	0	28213621	
86	1	G	5	N	2500	0	1	57	12	4	2	2	0	0	0	0	0	0	0	0	0	0	0	0	28213808	
87	1	G	5	N	2500	0	40	193	137	31	18	25	0	0	0	0	0	0	0	0	0	0	0	0	28214042	
88	1	G	5	N	2500	0	40	324	129	29	19	29	0	0	0	0	0	0	0	0	0	0	0	0	28214073	
89	1	G	5	N	2500	0	1	185	122	37	25	31	0	0	0	0	0	0	0	0	0	0	0	0	28214245	
90	1	G	5	N	2500	0	1	117	34	17	7	11	0	0	0	0	0	0	0	0	0	0	0	0	28214276	
91	1	G	5	N	2500	0	40	357	143	34	21	31	0	0	0	0	0	0	0	0	0	0	0	0	28214291	
92	1	G	5	N	2500	0	40	190	135	29	20	28	0	0	0	0	0	0	0	0	0	0	0	0	28214432	
93	1	G	5	N	2500	0	40	267	148	39	25	37	0	0	0	0	0	0	0	0	0	0	0	0	28214510	
94	1	G	5	N	2500	0	1	129	54	76	115	174	0	0	0	0	0	0	0	0	0	0	0	0	28214557	
95	1	G	5	N	2500	0	40	415	209	50	32	47	0	0	0	0	0	0	0	0	0	0	0	0	28214666	
96	1	G	5	N	2500	0	40	317	175	38	24	35	0	0	0	0	0	0	0	0	0	0	0	0	28214681	
97	1	G	5	N	2500	0	40	309	137	31	17	24	0	0	0	0	0	0	0	0	0	0	0	0	28214759	
98	1	G	5	N	2500	0	40	247	123	38	24	34	0	0	0	0	0	0	0	0	0	0	0	0	28214993	
99	1	G	5	N	2500	0	40	243	123	31	21	30	0	0	0	0	0	0	0	0	0	0	0	0	28214993	
100	1	G	5	N	2500	0	2	301	126	23	17	22	0	0	0	0	0	0	0	0	0	0	0	0	28215056	
101	1	G	5	N	2500	0	40	175	173	43	31	45	0	0	0	0	0	0	0	0	0	0	0	0	28215196	
102	1	G	5	N	2500	0	40	213	172	40	28	36	0	0	0	0	0	0	0	0	0	0	0	0	28215321	
103	1	G	5	N	2500	0	1	71	26	6	6	11	0	0	0	0	0	0	0	0	0	0	0	0	28215368	
104	1	G	5	N	2500	0	40	360	148	35	22	36	0	0	0	0	0	0	0	0	0	0	0	0	28215368	
105	1	G	5	N	2500	0	40	335	164	41	22	37	0	0	0	0	0	0	0	0	0	0	0	0	28215446	
106	1	G	5	N	2500	0	40	224	150	40	26	32	0	0	0	0	0	0	0	0	0	0	0	0	28215477	
107	1	G	5	N	2500	0	1	80	32	8	8	15	0	0	0	0	0	0	0	0	0	0	0	0	28215617	
108	1	G	5	N	2500	0	1	267	107	22	13	19	0	0	0	0	0	0	0	0	0	0	0	0	28215742	
109	1	G	5	N	2500	0	1	184	92	18	11	18	0	0	0	0	0	0	0	0	0	0	0	0	28215945	
110	1	G	5	N	2500	0	40	341	177	45	28	36	0	0	0	0	0	0	0	0	0	0	0	0	28216023	
111	1	G	5	N	2500	0	40	223	148	37	23	32	0	0	0	0	0	0	0	0	0	0	0	0	28216382	
112	1	G	5	N	2500	0	1	171	66	14	12	21	0	0	0	0	0	0	0	0	0	0	0	0	28216569	
113	1	G	5	N	2500	0	40	427	162	40	25	37	0	0	0	0	0	0	0	0	0	0	0	0	28216834	
114	1	G	5	N	2500	0	1	264	111	25	16	21	0	0	0	0	0	0	0	0	0	0	0	0	28217053	
115	1	G	5	N	2500	0	1	121	30	8	7	13	0	0	0	0	0	0	0	0	0	0	0	0	28217224	
116	1	G	5	N	2500	0	1	120	79	14	12	18	0	0	0	0	0	0	0	0	0	0	0	0	28217411	
117	1	G	5	N	2500	0	40	336	175	46	28	40	0	0	0	0	0	0	0	0	0	0	0	0	28217614	
118	1	H	5	N	2500	2	1	80	77	29	0	0	0	0	0	0	0	0	0	0	0	0	0	0	28224607	
119	1	H	5	N	2500	2	1	103	140	34	0	2	0	0	0	0	0	0	0	0	0	0	0	0	28224607	
120	1	H	5	N	2500	2	1	85	24	5	5	14	0	0	0	0	0	0	0	0	0	0	0	0	28225356	
121	1	H	5	N	2500	2	1	86	25	10	3	6	0	0	0	0	0	0	0	0	0	0	0	0	28230270	
122	1	H	5	N	2500	2	1	80	27	6	6	12	0	0	0	0	0	0	0	0	0	0	0	0	28231487	
123	1	A	6	N	2500	6	40	338	177	43	28	44	0	0	0	0	0	0	0	0	0	0	0	0	28240301	
124	1	A	6	N	2500	2	1	59	13	3	4	7	0	0	0	0	0	0	0	0	0	0	0	0	28240504	
125	1	A	6	N	2500	6	40	357	193	49	29	40	0	0	0	0	0	0	0	0	0	0	0	0	28240754	
126	1	A	6	N	2500	6	40	241	131	30	19	24	0	0	0	0	0	0	0	0	0	0	0	0	28240863	
127	1	A	6	N	2500	0	40	388	210	57	34	45	0	0	0	0	0	0	0	0	0	0	0	0	28241222	
128	1	A	6	N	2500	0	40	346	202	48	29	43	0	0	0	0	0	0	0	0	0	0	0	0	28241315	
129	1	A	6	N	2500	0	40	248	157	43	30	37	0	0	0	0	0	0	0	0	0	0	0	0	28241378	
130	1	A	6	N	2500	0	1	141	78	22	15	19	0	0	0	0	0	0	0	0	0	0	0	0	28241456	
131	1	A	6	N	2500	0	40	225	128	33	20	27	0	0	0	0	0	0	0	0	0	0	0	0	28241565	
132	1	A	6	N	2500	0	1	150	115	28	17	22	0	0	0	0	0	0	0	0	0	0	0	0	28241643	
133	1	A	6	N	2500	0	40	298	146	36	23	28	0	0	0	0	0	0	0	0	0	0	0	0	28241705	
134	1	A	6	N	2500	0	1	63	26	10	5	7	0	0	0	0	0	0	0	0	0	0	0	0	28241736	
135	1	A	6	N	2500	0	40	194	148	37	22	30	0	0	0	0	0	0	0	0	0	0	0	0	28241846	
136	1	A	6	N	2500	0	1	204	72	17	14	20	0	0	0	0	0	0	0	0	0	0	0	0	28242142	
137	1	A	6	N	2500	0	1	56	15	7	2	3	0	0	0	0	0	0	0	0	0	0	0	0	28242220	
138	1	A	6	N	2500	0	40	334	160	35	24	33	0	0	0	0	0	0	0	0	0	0	0	0	28242282	
139	1	A	6	N	2500	0	40	190	129	31	22	25	0	0	0	0	0	0	0	0	0	0	0	0	28242282	
140	1	A	6	N	2500	0	40	256	183	48	30	36	0	0	0	0	0	0	0	0	0	0	0	0	28242360	
141	1	A	6	N	2500	0	40	370	151	31	22	32	0	0	0	0	0	0	0	0	0	0	0	0	28242984	
142	1	A	6	N	2500	0	40	351	191	50	30	41	0	0	0	0	0	0	0	0	0	0	0	0	28243016	
143	1	A	6	N	2500	0	40	358	151	33	21	29	0	0	0	0	0	0	0	0	0	0	0	0	28243078	
144	1	A	6	N	2500	0	40	287	191	53	32	41	0	0	0	0	0	0	0	0	0	0	0	0	28243094	
145	1	A	6	N	2500	0	40	375	190	47	27	36	0	0	0	0	0	0	0	0	0	0	0	0	28243156	
146	1	A	6	N	2500	0	40	399	157	36	24	30	0	0	0	0	0	0	0	0	0	0	0	0	28243234	
147	1	A	6	N	2500	0	40	346	181	42	26	36	0	0	0	0	0	0	0	0	0	0	0	0	28243312	
148	1	A	6	N	2500	0	40	349	169	45	27	37	0	0	0	0	0	0	0	0	0	0	0	0	28243312	
149	1	A	6	N	2500	0	40	343	204	49	33	43	0	0	0	0	0	0	0	0	0	0	0	0	28243406	
150	1	A	6	N	2500	0	40	320	134	31	19	26	0	0	0	0	0	0	0	0	0	0	0	0	28243484	
151	1	A	6	N	2500	0	1	52	21	4	4	7	0	0	0	0	0	0	0	0	0	0	0	0	28244092	
152	1	A	6	N	2500	0	40	347	178	40	23	32	0	0	0	0	0	0	0	0	0	0	0	0	28244435	
153	1	A	6	N	2500	0	1	171	62	14	14	29	0	0	0	0	0	0	0	0	0	0	0	0	28244560	
154	1	A	6	N	2500	0	40	254	136	42	26	39	0	0	0	0	0	0	0	0	0	0	0	0	28244607	
155	1	A	6	N	2500	0	40	429	220	56	36	49	0	0	0	0	0	0	0	0	0	0	0	0	28244622	
156	1	A	6	N	2500	0	40	311	142	38	22	30	0	0	0	0	0	0	0	0	0	0	0	0	28244747	
157	1	A	6	N	2500	0	40	218	139	32	22	32	0	0	0	0	0	0	0	0	0	0	0	0	28244810	
158	1	A	6	N	2500	0	40	363	173	40	24	38	0	0	0	0	0	0	0	0	0	0	0	0	28244981	
159	1	A	6	N	2500	0	40	414	207	60	37	48	0	0	0	0	0	0	0	0	0	0	0	0	28245028	
160	1	A	6	N	2500	0	1	168	89	114	163	187	0	0	0	0	0	0	0	0	0	0	0	0	28245075	
161	1	A	6	N	2500	0	40	315	174	45	27	36	0	0	0	0	0	0	0	0	0	0	0	0	28245075	
162	1	A	6	N	2500	0	40	348	187	44	27	39	0	0	0	0	0	0	0	0	0	0	0	0	28245090	
163	1	A	6	N	2500	0	40	212	175	50	33	43	0	0	0	0	0	0	0	0	0	0	0	0	28245090	
164	1	A	6	N	2500	0	40	364	170	42	25	35	0	0	0	0	0	0	0	0	0	0	0	0	28245106	
165	1	A	6	N	2500	0	40	408	189	50	31	45	0	0	0	0	0	0	0	0	0	0	0	0	28245246	
166	1	A	6	N	2500	0	40	269	152	33	20	32	0	0	0	0	0	0	0	0	0	0	0	0	28245262	
167	1	A	6	N	2500	0	40	253	135	30	19	30	0	0	0	0	0	0	0	0	0	0	0	0	28245293	
168	1	A	6	N	2500	0	1	127	80	17	11	15	0	0	0	0	0	0	0	0	0	0	0	0	28245293	
169	1	A	6	N	2500	0	1	147	146	43	27	35	0	0	0	0	0	0	0	0	0	0	0	0	28245527	
170	1	A	6	N	2500	0	40	350	176	51	29	41	0	0	0	0	0	0	0	0	0	0	0	0	28245902	
171	1	A	6	N	2500	0	40	276	162	48	28	42	0	0	0	0	0	0	0	0	0	0	0	0	28245917	
172	1	A	6	N	2500	0	40	245	172	42	26	35	0	0	0	0	0	0	0	0	0	0	0	0	28246011	
173	1	A	6	N	2500	0	40	262	210	76	45	64	0	0	0	0	0	0	0	0	0	0	0	0	28246026	
174	1	A	6	N	2500	0	1	195	108	32	21	31	0	0	0	0	0	0	0	0	0	0	0	0	28246260	
175	1	A	6	N	2500	0	40	371	163	47	29	37	0	0	0	0	0	0	0	0	0	0	0	0	28246448	
176	1	A	6	N	2500	0	40	324	145	34	20	27	0	0	0	0	0	0	0	0	0	0	0	0	28246494	
177	1	A	6	N	2500	0	40	444	215	54	35	48	0	0	0	0	0	0	0	0	0	0	0	0	28246526	
178	1	A	6	N	2500	0	40	334	157	41	22	28	0	0	0	0	0	0	0	0	0	0	0	0	28246900	
179	1	A	6	N	2500	0	40	346	165	40	24	36	0	0	0	0	0	0	0	0	0	0	0	0	28246916	
180	1	A	6	N	2500	0	40	193	164	45	25	31	0	0	0	0	0	0	0	0	0	0	0	0	28247072	
181	1	B	6	N	2500	6	40	342	171	48	27	35	0	0	0	0	0	0	0	0	0	0	0	0	28254450	
182	1	B	6	N	2500	6	40	201	205	57	32	38	0	0	0	0	0	0	0	0	0	0	0	0	28254684	
183	1	B	6	N	2500	2	1	180	99	22	14	16	0	0	0	0	0	0	0	0	0	0	0	0	28254700	
184	1	B	6	N	2500	6	40	388	164	42	25	37	0	0	0	0	0	0	0	0	0	0	0	0	28254809	
185	1	B	6	N	2500	0	1	52	17	7	3	4	0	0	0	0	0	0	0	0	0	0	0	0	28255246	
186	1	B	6	N	2500	0	2	224	132	24	16	16	0	0	0	0	0	0	0	0	0	0	0	0	28255262	
187	1	B	6	N	2500	0	1	84	21	8	3	3	0	0	0	0	0	0	0	0	0	0	0	0	28255433	
188	1	B	6	N	2500	0	40	321	163	42	27	37	0	0	0	0	0	0	0	0	0	0	0	0	28255464	
189	1	B	6	N	2500	0	40	225	158	37	22	29	0	0	0	0	0	0	0	0	0	0	0	0	28255511	
190	1	B	6	N	2500	0	40	342	184	54	30	43	0	0	0	0	0	0	0	0	0	0	0	0	28255527	
191	1	B	6	N	2500	0	40	395	169	41	23	35	0	0	0	0	0	0	0	0	0	0	0	0	28255574	
192	1	B	6	N	2500	0	40	380	214	53	33	45	0	0	0	0	0	0	0	0	0	0	0	0	28256135	
193	1	B	6	N	2500	0	40	230	144	33	23	33	0	0	0	0	0	0	0	0	0	0	0	0	28256244	
194	1	B	6	N	2500	0	40	393	175	44	29	46	0	0	0	0	0	0	0	0	0	0	0	0	28256276	
195	1	B	6	N	2500	0	1	188	109	27	15	21	0	0	0	0	0	0	0	0	0	0	0	0	28256338	
196	1	B	6	N	2500	0	40	324	229	66	42	54	0	0	0	0	0	0	0	0	0	0	0	0	28256369	
197	1	B	6	N	2500	0	40	349	182	48	28	40	0	0	0	0	0	0	0	0	0	0	0	0	28256541	
198	1	B	6	N	2500	0	40	353	147	35	24	35	0	0	0	0	0	0	0	0	0	0	0	0	28256556	
199	1	B	6	N	2500	0	40	384	214	52	33	42	0	0	0	0	0	0	0	0	0	0	0	0	28256572	
200	1	B	6	N	2500	0	1	292	111	25	14	19	0	0	0	0	0	0	0	0	0	0	0	0	28256588	
201	1	B	6	N	2500	0	1	93	32	6	5	10	0	0	0	0	0	0	0	0	0	0	0	0	28256634	
202	1	B	6	N	2500	0	40	351	190	50	28	38	0	0	0	0	0	0	0	0	0	0	0	0	28256650	
203	1	B	6	N	2500	0	40	339	170	48	25	35	0	0	0	0	0	0	0	0	0	0	0	0	28256666	
204	1	B	6	N	2500	0	40	228	179	46	26	39	0	0	0	0	0	0	0	0	0	0	0	0	28256712	
205	1	B	6	N	2500	0	40	178	137	34	22	29	0	0	0	0	0	0	0	0	0	0	0	0	28256806	
206	1	B	6	N	2500	0	40	245	160	38	26	35	0	0	0	0	0	0	0	0	0	0	0	0	28256915	
207	1	B	6	N	2500	0	40	207	139	32	22	27	0	0	0	0	0	0	0	0	0	0	0	0	28256978	
208	1	B	6	N	2500	0	40	272	169	48	30	41	0	0	0	0	0	0	0	0	0	0	0	0	28257071	
209	1	B	6	N	2500	0	40	270	142	34	24	30	0	0	0	0	0	0	0	0	0	0	0	0	28257071	
210	1	B	6	N	2500	0	40	241	162	42	26	33	0	0	0	0	0	0	0	0	0	0	0	0	28257118	
211	1	B	6	N	2500	0	40	253	178	46	29	42	0	0	0	0	0	0	0	0	0	0	0	0	28257134	
212	1	B	6	N	2500	0	40	458	219	50	32	45	0	0	0	0	0	0	0	0	0	0	0	0	28257321	
213	1	B	6	N	2500	0	1	103	103	42	25	31	0	0	0	0	0	0	0	0	0	0	0	0	28257368	
214	1	B	6	N	2500	0	2	161	163	43	28	37	0	0	0	0	0	0	0	0	0	0	0	0	28257446	
215	1	B	6	N	2500	0	40	261	180	45	30	41	0	0	0	0	0	0	0	0	0	0	0	0	28257461	
216	1	B	6	N	2500	0	40	310	170	39	28	36	0	0	0	0	0	0	0	0	0	0	0	0	28257477	
217	1	B	6	N	2500	0	2	313	140	26	18	27	0	0	0	0	0	0	0	0	0	0	0	0	28257555	
218	1	B	6	N	2500	0	40	226	154	45	27	38	0	0	0	0	0	0	0	0	0	0	0	0	28257945	
219	1	B	6	N	2500	0	1	103	68	14	10	12	0	0	0	0	0	0	0	0	0	0	0	0	28258023	
220	1	B	6	N	2500	0	40	220	146	30	22	27	0	0	0	0	0	0	0	0	0	0	0	0	28258054	
221	1	B	6	N	2500	0	1	60	56	68	73	83	0	0	0	0	0	0	0	0	0	0	0	0	28258132	
222	1	B	6	N	2500	0	40	277	191	55	34	46	0	0	0	0	0	0	0	0	0	0	0	0	28258584	
223	1	B	6	N	2500	0	40	240	180	43	27	36	0	0	0	0	0	0	0	0	0	0	0	0	28258600	
224	1	B	6	N	2500	0	1	77	14	5	5	10	0	0	0	0	0	0	0	0	0	0	0	0	28258818	
225	1	B	6	N	2500	0	40	425	214	54	30	44	0	0	0	0	0	0	0	0	0	0	0	0	28258896	
226	1	B	6	N	2500	0	40	357	211	53	31	42	0	0	0	0	0	0	0	0	0	0	0	0	28258928	
227	1	B	6	N	2500	0	40	194	126	33	21	30	0	0	0	0	0	0	0	0	0	0	0	0	28259146	
228	1	B	6	N	2500	0	2	304	130	24	16	22	0	0	0	0	0	0	0	0	0	0	0	0	28259146	
229	1	B	6	N	2500	0	1	160	135	33	20	25	0	0	0	0	0	0	0	0	0	0	0	0	28259224	
230	1	B	6	N	2500	0	40	234	124	41	22	28	0	0	0	0	0	0	0	0	0	0	0	0	28259240	
231	1	B	6	N	2500	0	40	245	136	36	21	31	0	0	0	0	0	0	0	0	0	0	0	0	28259271	
232	1	B	6	N	2500	0	40	257	181	46	31	40	0	0	0	0	0	0	0	0	0	0	0	0	28259302	
233	1	B	6	N	2500	0	40	210	117	35	23	31	0	0	0	0	0	0	0	0	0	0	0	0	28259318	
234	1	B	6	N	2500	0	1	254	91	18	15	23	0	0	0	0	0	0	0	0	0	0	0	0	28259364	
235	1	B	6	N	2500	0	40	249	136	41	25	33	0	0	0	0	0	0	0	0	0	0	0	0	28259380	
236	1	B	6	N	2500	0	1	300	105	24	13	18	0	0	0	0	0	0	0	0	0	0	0	0	28259396	
237	1	B	6	N	2500	0	40	295	169	48	31	43	0	0	0	0	0	0	0	0	0	0	0	0	28259474	
238	1	B	6	N	2500	0	40	351	171	36	22	28	0	0	0	0	0	0	0	0	0	0	0	0	28259583	
239	1	B	6	N	2500	0	40	285	156	40	27	35	0	0	0	0	0	0	0	0	0	0	0	0	28259630	
240	1	B	6	N	2500	0	40	368	193	48	29	41	0	0	0	0	0	0	0	0	0	0	0	0	28259708	
241	1	B	6	N	2500	0	40	374	196	53	33	46	0	0	0	0	0	0	0	0	0	0	0	0	28259770	
242	1	B	6	N	2500	0	40	339	178	54	33	46	0	0	0	0	0	0	0	0	0	0	0	0	28259864	
243	1	B	6	N	2500	0	40	198	178	53	32	45	0	0	0	0	0	0	0	0	0	0	0	0	28259895	
244	1	B	6	N	2500	0	1	74	29	31	38	69	0	0	0	0	0	0	0	0	0	0	0	0	28260004	
245	1	B	6	N	2500	0	40	206	169	43	26	38	0	0	0	0	0	0	0	0	0	0	0	0	28260020	
246	1	B	6	N	2500	0	40	359	154	31	20	28	0	0	0	0	0	0	0	0	0	0	0	0	28260020	
247	1	B	6	N	2500	0	1	60	9	2	2	1	0	0	0	0	0	0	0	0	0	0	0	0	28260066	
248	1	B	6	N	2500	0	1	51	8	1	1	4	0	0	0	0	0	0	0	0	0	0	0	0	28260066	
249	1	B	6	N	2500	0	1	177	29	6	6	10	0	0	0	0	0	0	0	0	0	0	0	0	28260066	
250	1	B	6	N	2500	0	1	64	10	2	2	1	0	0	0	0	0	0	0	0	0	0	0	0	28260066	
251	1	B	6	N	2500	0	40	483	219	63	31	39	0	0	0	0	0	0	0	0	0	0	0	0	28260129	
252	1	B	6	N	2500	0	40	302	185	45	29	39	0	0	0	0	0	0	0	0	0	0	0	0	28260129	
253	1	B	6	N	2500	0	40	350	184	49	26	38	0	0	0	0	0	0	0	0	0	0	0	0	28261299	
254	1	B	6	N	2500	0	40	444	230	67	37	51	0	0	0	0	0	0	0	0	0	0	0	0	28261689	
255	1	C	6	N	2500	6	40	301	130	28	19	29	0	0	0	0	0	0	0	0	0	0	0	0	28268756	
256	1	C	6	N	2500	6	40	339	159	35	22	32	0	0	0	0	0	0	0	0	0	0	0	0	28268927	
257	1	C	6	N	2500	6	40	291	168	47	31	44	0	0	0	0	0	0	0	0	0	0	0	0	28269364	
258	1	C	6	N	2500	0	1	89	45	20	9	9	0	0	0	0	0	0	0	0	0	0	0	0	28269551	
259	1	C	6	N	2500	0	40	389	217	59	32	45	0	0	0	0	0	0	0	0	0	0	0	0	28269567	
260	1	C	6	N	2500	0	40	305	126	27	16	22	0	0	0	0	0	0	0	0	0	0	0	0	28269645	
261	1	C	6	N	2500	0	1	50	18	14	2	2	0	0	0	0	0	0	0	0	0	0	0	0	28269676	
262	1	C	6	N	2500	0	40	200	147	35	20	28	0	0	0	0	0	0	0	0	0	0	0	0	28269926	
263	1	C	6	N	2500	0	40	213	185	48	29	41	0	0	0	0	0	0	0	0	0	0	0	0	28269957	
264	1	C	6	N	2500	0	1	150	73	34	10	13	0	0	0	0	0	0	0	0	0	0	0	0	28270066	
265	1	C	6	N	2500	0	1	66	33	24	3	7	0	0	0	0	0	0	0	0	0	0	0	0	28270206	
266	1	C	6	N	2500	0	40	232	170	48	31	43	0	0	0	0	0	0	0	0	0	0	0	0	28270253	
267	1	C	6	N	2500	0	1	215	84	21	15	26	0	0	0	0	0	0	0	0	0	0	0	0	28270378	
268	1	C	6	N	2500	0	40	205	108	32	21	27	0	0	0	0	0	0	0	0	0	0	0	0	28270409	
269	1	C	6	N	2500	0	40	402	185	50	29	47	0	0	0	0	0	0	0	0	0	0	0	0	28270690	
270	1	C	6	N	2500	0	1	67	21	8	3	7	0	0	0	0	0	0	0	0	0	0	0	0	28270752	
271	1	C	6	N	2500	0	40	411	206	53	36	49	0	0	0	0	0	0	0	0	0	0	0	0	28270752	
272	1	C	6	N	2500	0	40	242	207	52	31	41	0	0	0	0	0	0	0	0	0	0	0	0	28270768	
273	1	C	6	N	2500	0	40	330	180	48	29	44	0	0	0	0	0	0	0	0	0	0	0	0	28270924	
274	1	C	6	N	2500	0	40	360	198	51	30	38	0	0	0	0	0	0	0	0	0	0	0	0	28270955	
275	1	C	6	N	2500	0	40	207	167	43	29	37	0	0	0	0	0	0	0	0	0	0	0	0	28271018	
276	1	C	6	N	2500	0	40	338	182	47	27	36	0	0	0	0	0	0	0	0	0	0	0	0	28271018	
277	1	C	6	N	2500	0	1	50	22	5	6	10	0	0	0	0	0	0	0	0	0	0	0	0	28271049	
278	1	C	6	N	2500	0	40	386	219	54	33	44	0	0	0	0	0	0	0	0	0	0	0	0	28271096	
279	1	C	6	N	2500	0	40	328	161	45	25	38	0	0	0	0	0	0	0	0	0	0	0	0	28271111	
280	1	C	6	N	2500	0	40	224	174	54	36	45	0	0	0	0	0	0	0	0	0	0	0	0	28271252	
281	1	C	6	N	2500	0	40	342	169	46	26	40	0	0	0	0	0	0	0	0	0	0	0	0	28271252	
282	1	C	6	N	2500	0	40	211	174	43	28	41	0	0	0	0	0	0	0	0	0	0	0	0	28271361	
283	1	C	6	N	2500	0	1	286	118	23	14	23	0	0	0	0	0	0	0	0	0	0	0	0	28271408	
284	1	C	6	N	2500	0	1	69	34	5	3	6	0	0	0	0	0	0	0	0	0	0	0	0	28271470	
285	1	C	6	N	2500	0	40	385	216	56	30	41	0	0	0	0	0	0	0	0	0	0	0	0	28271673	
286	1	C	6	N	2500	0	40	336	180	43	27	35	0	0	0	0	0	0	0	0	0	0	0	0	28271782	
287	1	C	6	N	2500	0	40	325	148	39	22	30	0	0	0	0	0	0	0	0	0	0	0	0	28271798	
288	1	C	6	N	2500	0	40	348	192	48	30	42	0	0	0	0	0	0	0	0	0	0	0	0	28271954	
289	1	C	6	N	2500	0	40	212	143	36	23	34	0	0	0	0	0	0	0	0	0	0	0	0	28272047	
290	1	C	6	N	2500	0	40	202	161	46	28	37	0	0	0	0	0	0	0	0	0	0	0	0	28272110	
291	1	C	6	N	2500	0	1	108	27	8	8	15	0	0	0	0	0	0	0	0	0	0	0	0	28272156	
292	1	C	6	N	2500	0	1	119	96	18	13	16	0	0	0	0	0	0	0	0	0	0	0	0	28272172	
293	1	C	6	N	2500	0	40	214	173	40	27	37	0	0	0	0	0	0	0	0	0	0	0	0	28272172	
294	1	C	6	N	2500	0	40	417	203	53	35	49	0	0	0	0	0	0	0	0	0	0	0	0	28272266	
295	1	C	6	N	2500	0	40	325	160	36	23	30	0	0	0	0	0	0	0	0	0	0	0	0	28272297	
296	1	C	6	N	2500	0	40	249	136	32	19	24	0	0	0	0	0	0	0	0	0	0	0	0	28272328	
297	1	C	6	N	2500	0	40	199	173	46	30	40	0	0	0	0	0	0	0	0	0	0	0	0	28272359	
298	1	C	6	N	2500	0	40	278	142	33	20	33	0	0	0	0	0	0	0	0	0	0	0	0	28272359	
299	1	C	6	N	2500	0	40	367	174	43	25	33	0	0	0	0	0	0	0	0	0	0	0	0	28272453	
300	1	C	6	N	2500	0	1	159	97	27	16	21	0	0	0	0	0	0	0	0	0	0	0	0	28272515	
301	1	C	6	N	2500	0	1	89	64	17	12	16	0	0	0	0	0	0	0	0	0	0	0	0	28272515	
302	1	C	6	N	2500	0	40	289	202	56	33	43	0	0	0	0	0	0	0	0	0	0	0	0	28272687	
303	1	C	6	N	2500	0	40	362	201	52	31	43	0	0	0	0	0	0	0	0	0	0	0	0	28273124	
304	1	C	6	N	2500	0	40	183	130	34	19	24	0	0	0	0	0	0	0	0	0	0	0	0	28273233	
305	1	C	6	N	2500	0	40	354	169	46	28	39	0	0	0	0	0	0	0	0	0	0	0	0	28273295	
306	1	C	6	N	2500	0	40	336	149	36	22	32	0	0	0	0	0	0	0	0	0	0	0	0	28273311	
307	1	C	6	N	2500	0	40	237	126	33	21	29	0	0	0	0	0	0	0	0	0	0	0	0	28273373	
308	1	C	6	N	2500	0	40	212	169	43	27	32	0	0	0	0	0	0	0	0	0	0	0	0	28273560	
309	1	C	6	N	2500	0	40	291	169	55	37	46	0	0	0	0	0	0	0	0	0	0	0	0	28273576	
310	1	C	6	N	2500	0	1	66	52	25	27	57	0	0	0	0	0	0	0	0	0	0	0	0	28273670	
311	1	C	6	N	2500	0	1	404	248	75	38	50	0	0	0	0	0	0	0	0	0	0	0	0	28273716	
312	1	C	6	N	2500	0	40	252	145	28	19	26	0	0	0	0	0	0	0	0	0	0	0	0	28273732	
313	1	C	6	N	2500	0	40	291	205	60	36	48	0	0	0	0	0	0	0	0	0	0	0	0	28273950	
314	1	C	6	N	2500	0	40	330	167	45	28	36	0	0	0	0	0	0	0	0	0	0	0	0	28273997	
315	1	C	6	N	2500	0	40	334	159	43	23	35	0	0	0	0	0	0	0	0	0	0	0	0	28273997	
316	1	C	6	N	2500	0	40	246	195	56	33	45	0	0	0	0	0	0	0	0	0	0	0	0	28273997	
317	1	C	6	N	2500	0	40	294	120	28	15	19	0	0	0	0	0	0	0	0	0	0	0	0	28274028	
318	1	C	6	N	2500	0	40	374	207	51	27	39	0	0	0	0	0	0	0	0	0	0	0	0	28274060	
319	1	C	6	N	2500	0	40	372	199	51	30	44	0	0	0	0	0	0	0	0	0	0	0	0	28274075	
320	1	C	6	N	2500	0	40	265	144	40	22	33	0	0	0	0	0	0	0	0	0	0	0	0	28274309	
321	1	C	6	N	2500	0	40	360	186	47	27	43	0	0	0	0	0	0	0	0	0	0	0	0	28274325	
322	1	C	6	N	2500	0	40	221	144	32	20	26	0	0	0	0	0	0	0	0	0	0	0	0	28274808	
323	1	C	6	N	2500	0	1	152	80	18	18	32	0	0	0	0	0	0	0	0	0	0	0	0	28274840	
324	1	C	6	N	2500	0	40	204	160	43	28	35	0	0	0	0	0	0	0	0	0	0	0	0	28275136	
325	1	C	6	N	2500	0	1	162	85	23	13	15	0	0	0	0	0	0	0	0	0	0	0	0	28275152	
326	1	C	6	N	2500	0	40	240	136	43	23	31	0	0	0	0	0	0	0	0	0	0	0	0	28275245	
327	1	C	6	N	2500	0	40	322	176	43	28	41	0	0	0	0	0	0	0	0	0	0	0	0	28275323	
328	1	C	6	N	2500	0	40	300	152	35	24	36	0	0	0	0	0	0	0	0	0	0	0	0	28275682	
329	1	C	6	N	2500	0	40	449	231	58	34	45	0	0	0	0	0	0	0	0	0	0	0	0	28275744	
330	1	C	6	N	2500	0	40	316	158	42	25	35	0	0	0	0	0	0	0	0	0	0	0	0	28275932	
331	1	C	6	N	2500	0	1	50	11	2	2	5	0	0	0	0	0	0	0	0	0	0	0	0	28275947	
332	1	D	6	N	2500	6	40	193	148	38	23	30	0	0	0	0	0	0	0	0	0	0	0	0	28282796	
333	1	D	6	N	2500	2	1	121	38	20	6	8	0	0	0	0	0	0	0	0	0	0	0	0	28282811	
334	1	D	6	N	2500	2	2	325	146	26	17	24	0	0	0	0	0	0	0	0	0	0	0	0	28282827	
335	1	D	6	N	2500	2	1	119	79	57	16	20	0	0	0	0	0	0	0	0	0	0	0	0	28282874	
336	1	D	6	N	2500	33	1	69	26	13	5	5	0	0	0	0	0	0	0	0	0	0	0	0	28282874	
337	1	D	6	N	2500	2	1	110	62	26	11	15	0	0	0	0	0	0	0	0	0	0	0	0	28282874	
338	1	D	6	N	2500	4	40	333	156	38	22	30	0	0	0	0	0	0	0	0	0	0	0	0	28283061	
339	1	D	6	N	2500	2	1	122	66	121	151	180	0	0	0	0	0	0	0	0	0	0	0	0	28283061	
340	1	D	6	N	2500	6	40	205	186	53	33	45	0	0	0	0	0	0	0	0	0	0	0	0	28283342	
341	1	D	6	N	2500	6	40	339	166	39	22	32	0	0	0	0	0	0	0	0	0	0	0	0	28283466	
342	1	D	6	N	2500	0	40	326	161	35	22	31	0	0	0	0	0	0	0	0	0	0	0	0	28283529	
343	1	D	6	N	2500	0	40	233	170	44	25	32	0	0	0	0	0	0	0	0	0	0	0	0	28283529	
344	1	D	6	N	2500	0	1	66	17	6	2	3	0	0	0	0	0	0	0	0	0	0	0	0	28283544	
345	1	D	6	N	2500	0	40	236	161	38	25	32	0	0	0	0	0	0	0	0	0	0	0	0	28283576	
346	1	D	6	N	2500	0	2	205	132	26	17	23	0	0	0	0	0	0	0	0	0	0	0	0	28283778	
347	1	D	6	N	2500	0	40	365	155	35	22	32	0	0	0	0	0	0	0	0	0	0	0	0	28283872	
348	1	D	6	N	2500	0	40	190	161	48	29	38	0	0	0	0	0	0	0	0	0	0	0	0	28284215	
349	1	D	6	N	2500	0	40	231	178	45	28	37	0	0	0	0	0	0	0	0	0	0	0	0	28284215	
350	1	D	6	N	2500	0	40	238	182	61	38	48	0	0	0	0	0	0	0	0	0	0	0	0	28284324	
351	1	D	6	N	2500	0	40	211	183	52	31	43	0	0	0	0	0	0	0	0	0	0	0	0	28284356	
352	1	D	6	N	2500	0	40	337	150	31	19	25	0	0	0	0	0	0	0	0	0	0	0	0	28284402	
353	1	D	6	N	2500	0	40	212	184	46	26	30	0	0	0	0	0	0	0	0	0	0	0	0	28284418	
354	1	D	6	N	2500	0	40	309	140	30	20	27	0	0	0	0	0	0	0	0	0	0	0	0	28284527	
355	1	D	6	N	2500	0	40	336	172	46	28	35	0	0	0	0	0	0	0	0	0	0	0	0	28284574	
356	1	D	6	N	2500	0	40	243	198	54	37	48	0	0	0	0	0	0	0	0	0	0	0	0	28284683	
357	1	D	6	N	2500	0	40	410	205	50	30	45	0	0	0	0	0	0	0	0	0	0	0	0	28284699	
358	1	D	6	N	2500	0	40	200	146	40	24	29	0	0	0	0	0	0	0	0	0	0	0	0	28284714	
359	1	D	6	N	2500	0	40	347	137	31	17	29	0	0	0	0	0	0	0	0	0	0	0	0	28284792	
360	1	D	6	N	2500	0	40	207	142	40	23	30	0	0	0	0	0	0	0	0	0	0	0	0	28285042	
361	1	D	6	N	2500	0	40	362	191	50	30	43	0	0	0	0	0	0	0	0	0	0	0	0	28285370	
362	1	D	6	N	2500	0	40	434	194	47	31	53	0	0	0	0	0	0	0	0	0	0	0	0	28285401	
363	1	D	6	N	2500	0	40	220	139	35	20	31	0	0	0	0	0	0	0	0	0	0	0	0	28285416	
364	1	D	6	N	2500	0	40	234	154	41	26	37	0	0	0	0	0	0	0	0	0	0	0	0	28285744	
365	1	D	6	N	2500	0	40	344	181	43	29	40	0	0	0	0	0	0	0	0	0	0	0	0	28285775	
366	1	D	6	N	2500	0	40	178	176	52	30	39	0	0	0	0	0	0	0	0	0	0	0	0	28286025	
367	1	D	6	N	2500	0	40	223	150	42	26	31	0	0	0	0	0	0	0	0	0	0	0	0	28286025	
368	1	D	6	N	2500	0	40	383	151	32	19	24	0	0	0	0	0	0	0	0	0	0	0	0	28286337	
369	1	D	6	N	2500	0	1	181	88	26	15	23	0	0	0	0	0	0	0	0	0	0	0	0	28286384	
370	1	D	6	N	2500	0	40	179	148	40	29	41	0	0	0	0	0	0	0	0	0	0	0	0	28286477	
371	1	D	6	N	2500	0	40	239	146	40	24	33	0	0	0	0	0	0	0	0	0	0	0	0	28286680	
372	1	D	6	N	2500	0	40	237	162	39	23	29	0	0	0	0	0	0	0	0	0	0	0	0	28286758	
373	1	D	6	N	2500	0	2	296	123	26	18	24	0	0	0	0	0	0	0	0	0	0	0	0	28286898	
374	1	D	6	N	2500	0	40	253	160	38	25	38	0	0	0	0	0	0	0	0	0	0	0	0	28286976	
375	1	D	6	N	2500	0	40	406	197	51	31	46	0	0	0	0	0	0	0	0	0	0	0	0	28287054	
376	1	D	6	N	2500	0	1	154	146	40	24	35	0	0	0	0	0	0	0	0	0	0	0	0	28287117	
377	1	D	6	N	2500	0	40	249	169	43	28	36	0	0	0	0	0	0	0	0	0	0	0	0	28287304	
378	1	D	6	N	2500	0	40	218	163	47	29	38	0	0	0	0	0	0	0	0	0	0	0	0	28287382	
379	1	D	6	N	2500	0	40	260	192	47	30	44	0	0	0	0	0	0	0	0	0	0	0	0	28287413	
380	1	D	6	N	2500	0	40	332	155	36	22	28	0	0	0	0	0	0	0	0	0	0	0	0	28287507	
381	1	D	6	N	2500	0	40	269	139	37	22	31	0	0	0	0	0	0	0	0	0	0	0	0	28287569	
382	1	D	6	N	2500	0	40	338	160	36	23	32	0	0	0	0	0	0	0	0	0	0	0	0	28287616	
383	1	D	6	N	2500	0	1	99	26	6	6	12	0	0	0	0	0	0	0	0	0	0	0	0	28287632	
384	1	D	6	N	2500	0	40	353	157	41	25	39	0	0	0	0	0	0	0	0	0	0	0	0	28287663	
385	1	D	6	N	2500	0	40	375	177	45	27	39	0	0	0	0	0	0	0	0	0	0	0	0	28287694	
386	1	D	6	N	2500	0	40	191	184	56	31	43	0	0	0	0	0	0	0	0	0	0	0	0	28287710	
387	1	D	6	N	2500	0	40	329	160	40	25	36	0	0	0	0	0	0	0	0	0	0	0	0	28287725	
388	1	D	6	N	2500	0	40	387	177	45	27	36	0	0	0	0	0	0	0	0	0	0	0	0	28287725	
389	1	D	6	N	2500	0	40	346	155	40	24	35	0	0	0	0	0	0	0	0	0	0	0	0	28287803	
390	1	D	6	N	2500	0	40	221	187	49	31	41	0	0	0	0	0	0	0	0	0	0	0	0	28287834	
391	1	D	6	N	2500	0	40	329	156	37	20	26	0	0	0	0	0	0	0	0	0	0	0	0	28287850	
392	1	D	6	N	2500	0	40	230	216	61	37	46	0	0	0	0	0	0	0	0	0	0	0	0	28287881	
393	1	D	6	N	2500	0	40	207	146	35	21	34	0	0	0	0	0	0	0	0	0	0	0	0	28287881	
394	1	D	6	N	2500	0	40	242	185	50	29	42	0	0	0	0	0	0	0	0	0	0	0	0	28287959	
395	1	D	6	N	2500	0	40	211	165	50	30	43	0	0	0	0	0	0	0	0	0	0	0	0	28287990	
396	1	D	6	N	2500	0	40	196	157	41	29	34	0	0	0	0	0	0	0	0	0	0	0	0	28288068	
397	1	D	6	N	2500	0	40	216	141	35	19	28	0	0	0	0	0	0	0	0	0	0	0	0	28288068	
398	1	D	6	N	2500	0	2	195	115	24	15	21	0	0	0	0	0	0	0	0	0	0	0	0	28288131	
399	1	D	6	N	2500	0	40	194	157	37	22	28	0	0	0	0	0	0	0	0	0	0	0	0	28288146	
400	1	D	6	N	2500	0	1	285	105	19	12	21	0	0	0	0	0	0	0	0	0	0	0	0	28288178	
401	1	D	6	N	2500	0	40	364	186	39	26	41	0	0	0	0	0	0	0	0	0	0	0	0	28288334	
402	1	D	6	N	2500	0	40	354	219	63	34	46	0	0	0	0	0	0	0	0	0	0	0	0	28288334	
403	1	D	6	N	2500	0	40	319	162	45	28	39	0	0	0	0	0	0	0	0	0	0	0	0	28288490	
404	1	D	6	N	2500	0	1	282	110	21	13	20	0	0	0	0	0	0	0	0	0	0	0	0	28288552	
405	1	D	6	N	2500	0	1	448	267	78	44	57	0	0	0	0	0	0	0	0	0	0	0	0	28288692	
406	1	D	6	N	2500	0	40	358	157	35	22	30	0	0	0	0	0	0	0	0	0	0	0	0	28288755	
407	1	D	6	N	2500	0	40	355	192	45	27	37	0	0	0	0	0	0	0	0	0	0	0	0	28288833	
408	1	D	6	N	2500	0	40	418	200	57	29	43	0	0	0	0	0	0	0	0	0	0	0	0	28288989	
409	1	D	6	N	2500	0	40	234	171	37	26	33	0	0	0	0	0	0	0	0	0	0	0	0	28289192	
410	1	E	6	N	2500	2	1	58	14	2	1	3	0	0	0	0	0	0	0	0	0	0	0	0	28297428	
411	1	E	6	N	2500	6	40	344	161	38	24	36	0	0	0	0	0	0	0	0	0	0	0	0	28297475	
412	1	E	6	N	2500	6	40	228	148	51	32	44	0	0	0	0	0	0	0	0	0	0	0	0	28297631	
413	1	E	6	N	2500	6	40	310	127	30	19	27	0	0	0	0	0	0	0	0	0	0	0	0	28297694	
414	1	E	6	N	2500	0	40	300	209	67	37	51	0	0	0	0	0	0	0	0	0	0	0	0	28297709	
415	1	E	6	N	2500	0	1	225	100	29	19	28	0	0	0	0	0	0	0	0	0	0	0	0	28297818	
416	1	E	6	N	2500	0	40	300	144	35	19	31	0	0	0	0	0	0	0	0	0	0	0	0	28298271	
417	1	E	6	N	2500	0	1	399	130	33	18	22	0	0	0	0	0	0	0	0	0	0	0	0	28298318	
418	1	E	6	N	2500	0	40	260	199	53	32	41	0	0	0	0	0	0	0	0	0	0	0	0	28298520	
419	1	E	6	N	2500	0	40	284	125	31	17	25	0	0	0	0	0	0	0	0	0	0	0	0	28298801	
420	1	E	6	N	2500	0	1	52	14	6	2	4	0	0	0	0	0	0	0	0	0	0	0	0	28298864	
421	1	E	6	N	2500	0	1	251	96	19	10	16	0	0	0	0	0	0	0	0	0	0	0	0	28299035	
422	1	E	6	N	2500	0	40	264	184	54	30	39	0	0	0	0	0	0	0	0	0	0	0	0	28299098	
423	1	E	6	N	2500	0	1	142	87	18	13	16	0	0	0	0	0	0	0	0	0	0	0	0	28299285	
424	1	E	6	N	2500	0	40	203	175	46	27	39	0	0	0	0	0	0	0	0	0	0	0	0	28299394	
425	1	E	6	N	2500	0	1	304	119	23	13	19	0	0	0	0	0	0	0	0	0	0	0	0	28299581	
426	1	E	6	N	2500	0	40	323	157	43	23	31	0	0	0	0	0	0	0	0	0	0	0	0	28299644	
427	1	E	6	N	2500	0	1	91	28	5	6	12	0	0	0	0	0	0	0	0	0	0	0	0	28299737	
428	1	E	6	N	2500	0	40	260	180	42	30	41	0	0	0	0	0	0	0	0	0	0	0	0	28299862	
429	1	E	6	N	2500	0	40	292	170	46	30	42	0	0	0	0	0	0	0	0	0	0	0	0	28299924	
430	1	E	6	N	2500	0	40	257	168	40	25	34	0	0	0	0	0	0	0	0	0	0	0	0	28300096	
431	1	E	6	N	2500	0	40	265	194	50	32	43	0	0	0	0	0	0	0	0	0	0	0	0	28300377	
432	1	E	6	N	2500	0	40	327	170	40	22	36	0	0	0	0	0	0	0	0	0	0	0	0	28300533	
433	1	E	6	N	2500	0	40	344	169	40	25	31	0	0	0	0	0	0	0	0	0	0	0	0	28300580	
434	1	E	6	N	2500	0	40	277	172	46	29	39	0	0	0	0	0	0	0	0	0	0	0	0	28300658	
435	1	E	6	N	2500	0	40	224	179	56	30	45	0	0	0	0	0	0	0	0	0	0	0	0	28300782	
436	1	E	6	N	2500	0	40	237	153	40	23	33	0	0	0	0	0	0	0	0	0	0	0	0	28300892	
437	1	E	6	N	2500	0	40	280	151	33	20	30	0	0	0	0	0	0	0	0	0	0	0	0	28301048	
438	1	E	6	N	2500	0	40	334	134	27	17	24	0	0	0	0	0	0	0	0	0	0	0	0	28301048	
439	1	E	6	N	2500	0	40	445	222	56	32	46	0	0	0	0	0	0	0	0	0	0	0	0	28301126	
440	1	E	6	N	2500	0	1	157	143	40	24	29	0	0	0	0	0	0	0	0	0	0	0	0	28301250	
441	1	E	6	N	2500	0	40	341	170	40	25	36	0	0	0	0	0	0	0	0	0	0	0	0	28301328	
442	1	E	6	N	2500	0	40	233	171	46	30	40	0	0	0	0	0	0	0	0	0	0	0	0	28301360	
443	1	E	6	N	2500	0	40	313	153	36	21	28	0	0	0	0	0	0	0	0	0	0	0	0	28301375	
444	1	E	6	N	2500	0	40	334	169	43	25	33	0	0	0	0	0	0	0	0	0	0	0	0	28301375	
445	1	E	6	N	2500	0	40	364	188	46	29	38	0	0	0	0	0	0	0	0	0	0	0	0	28301422	
446	1	E	6	N	2500	0	40	219	186	47	31	44	0	0	0	0	0	0	0	0	0	0	0	0	28301453	
447	1	E	6	N	2500	0	40	368	204	44	29	44	0	0	0	0	0	0	0	0	0	0	0	0	28301547	
448	1	E	6	N	2500	0	1	133	91	17	11	14	0	0	0	0	0	0	0	0	0	0	0	0	28301562	
449	1	E	6	N	2500	0	40	296	188	49	31	39	0	0	0	0	0	0	0	0	0	0	0	0	28301672	
450	1	E	6	N	2500	0	40	404	193	52	30	41	0	0	0	0	0	0	0	0	0	0	0	0	28301750	
451	1	E	6	N	2500	0	40	185	146	35	22	33	0	0	0	0	0	0	0	0	0	0	0	0	28301796	
452	1	E	6	N	2500	0	40	336	177	46	28	32	0	0	0	0	0	0	0	0	0	0	0	0	28301874	
453	1	E	6	N	2500	0	40	216	172	53	30	38	0	0	0	0	0	0	0	0	0	0	0	0	28301906	
454	1	E	6	N	2500	0	40	252	175	46	31	40	0	0	0	0	0	0	0	0	0	0	0	0	28301952	
455	1	E	6	N	2500	0	40	184	134	29	18	23	0	0	0	0	0	0	0	0	0	0	0	0	28301968	
456	1	E	6	N	2500	0	40	343	176	47	26	33	0	0	0	0	0	0	0	0	0	0	0	0	28302015	
457	1	E	6	N	2500	0	40	479	214	43	28	42	0	0	0	0	0	0	0	0	0	0	0	0	28302093	
458	1	E	6	N	2500	0	40	408	214	56	34	47	0	0	0	0	0	0	0	0	0	0	0	0	28302108	
459	1	E	6	N	2500	0	40	225	180	49	31	37	0	0	0	0	0	0	0	0	0	0	0	0	28302140	
460	1	E	6	N	2500	0	40	205	166	56	36	44	0	0	0	0	0	0	0	0	0	0	0	0	28302202	
461	1	E	6	N	2500	0	40	420	215	54	34	41	0	0	0	0	0	0	0	0	0	0	0	0	28302233	
462	1	E	6	N	2500	0	40	355	148	32	21	31	0	0	0	0	0	0	0	0	0	0	0	0	28302280	
463	1	E	6	N	2500	0	40	324	149	41	22	30	0	0	0	0	0	0	0	0	0	0	0	0	28302327	
464	1	E	6	N	2500	0	40	328	163	40	28	35	0	0	0	0	0	0	0	0	0	0	0	0	28302358	
465	1	E	6	N	2500	0	40	366	235	65	41	53	0	0	0	0	0	0	0	0	0	0	0	0	28302420	
466	1	E	6	N	2500	0	40	238	161	40	27	35	0	0	0	0	0	0	0	0	0	0	0	0	28302483	
467	1	E	6	N	2500	0	40	231	197	56	32	39	0	0	0	0	0	0	0	0	0	0	0	0	28302498	
468	1	E	6	N	2500	0	1	144	133	30	18	24	0	0	0	0	0	0	0	0	0	0	0	0	28302514	
469	1	E	6	N	2500	0	1	65	14	1	1	2	0	0	0	0	0	0	0	0	0	0	0	0	28302717	
470	1	E	6	N	2500	0	1	499	215	50	33	51	0	0	0	0	0	0	0	0	0	0	0	0	28302779	
471	1	E	6	N	2500	0	40	264	154	34	25	31	0	0	0	0	0	0	0	0	0	0	0	0	28302826	
472	1	E	6	N	2500	0	40	342	171	44	25	35	0	0	0	0	0	0	0	0	0	0	0	0	28303060	
473	1	E	6	N	2500	0	40	307	182	44	30	40	0	0	0	0	0	0	0	0	0	0	0	0	28303185	
474	1	E	6	N	2500	0	40	318	153	41	22	33	0	0	0	0	0	0	0	0	0	0	0	0	28303200	
475	1	E	6	N	2500	0	40	360	201	51	31	46	0	0	0	0	0	0	0	0	0	0	0	0	28303419	
476	1	E	6	N	2500	0	1	136	40	9	8	12	0	0	0	0	0	0	0	0	0	0	0	0	28303497	
477	1	E	6	N	2500	0	1	100	83	38	45	85	0	0	0	0	0	0	0	0	0	0	0	0	28304230	
478	1	F	6	N	2500	6	40	308	143	33	22	28	0	0	0	0	0	0	0	0	0	0	0	0	28311234	
479	1	F	6	N	2500	6	40	288	142	38	24	34	0	0	0	0	0	0	0	0	0	0	0	0	28311344	
480	1	F	6	N	2500	6	40	253	175	39	23	28	0	0	0	0	0	0	0	0	0	0	0	0	28311531	
481	1	F	6	N	2500	0	1	204	101	30	17	22	0	0	0	0	0	0	0	0	0	0	0	0	28311812	
482	1	F	6	N	2500	0	1	126	142	54	35	44	0	0	0	0	0	0	0	0	0	0	0	0	28311890	
483	1	F	6	N	2500	0	40	235	161	38	26	37	0	0	0	0	0	0	0	0	0	0	0	0	28312124	
484	1	F	6	N	2500	0	40	283	153	34	24	33	0	0	0	0	0	0	0	0	0	0	0	0	28312202	
485	1	F	6	N	2500	0	40	334	155	37	21	29	0	0	0	0	0	0	0	0	0	0	0	0	28312217	
486	1	F	6	N	2500	0	1	64	19	2	2	4	0	0	0	0	0	0	0	0	0	0	0	0	28312233	
487	1	F	6	N	2500	0	40	343	183	44	26	36	0	0	0	0	0	0	0	0	0	0	0	0	28312498	
488	1	F	6	N	2500	0	1	137	138	45	31	38	0	0	0	0	0	0	0	0	0	0	0	0	28312654	
489	1	F	6	N	2500	0	40	316	134	29	18	26	0	0	0	0	0	0	0	0	0	0	0	0	28312685	
490	1	F	6	N	2500	0	40	307	182	52	32	40	0	0	0	0	0	0	0	0	0	0	0	0	28312716	
491	1	F	6	N	2500	0	40	289	130	29	16	27	0	0	0	0	0	0	0	0	0	0	0	0	28312857	
492	1	F	6	N	2500	0	40	345	193	47	28	38	0	0	0	0	0	0	0	0	0	0	0	0	28312872	
493	1	F	6	N	2500	0	40	307	135	31	17	22	0	0	0	0	0	0	0	0	0	0	0	0	28312888	
494	1	F	6	N	2500	0	40	373	171	37	23	34	0	0	0	0	0	0	0	0	0	0	0	0	28312904	
495	1	F	6	N	2500	0	40	295	126	27	16	24	0	0	0	0	0	0	0	0	0	0	0	0	28312950	
496	1	F	6	N	2500	0	40	233	121	27	17	20	0	0	0	0	0	0	0	0	0	0	0	0	28313075	
497	1	F	6	N	2500	0	40	287	121	31	19	26	0	0	0	0	0	0	0	0	0	0	0	0	28313153	
498	1	F	6	N	2500	0	40	340	177	49	27	38	0	0	0	0	0	0	0	0	0	0	0	0	28313231	
499	1	F	6	N	2500	0	1	52	36	8	7	13	0	0	0	0	0	0	0	0	0	0	0	0	28313434	
500	1	F	6	N	2500	0	40	395	163	34	24	30	0	0	0	0	0	0	0	0	0	0	0	0	28313652	
501	1	F	6	N	2500	0	40	235	145	39	27	35	0	0	0	0	0	0	0	0	0	0	0	0	28313808	
502	1	F	6	N	2500	0	40	185	165	43	26	34	0	0	0	0	0	0	0	0	0	0	0	0	28313824	
503	1	F	6	N	2500	0	40	243	152	34	21	31	0	0	0	0	0	0	0	0	0	0	0	0	28314027	
504	1	F	6	N	2500	0	1	334	115	24	15	20	0	0	0	0	0	0	0	0	0	0	0	0	28314042	
505	1	F	6	N	2500	0	40	233	180	55	32	39	0	0	0	0	0	0	0	0	0	0	0	0	28314089	
506	1	F	6	N	2500	0	40	370	139	26	17	30	0	0	0	0	0	0	0	0	0	0	0	0	28314120	
507	1	F	6	N	2500	0	40	384	179	39	25	36	0	0	0	0	0	0	0	0	0	0	0	0	28314120	
508	1	F	6	N	2500	0	1	175	92	24	14	21	0	0	0	0	0	0	0	0	0	0	0	0	28314230	
509	1	F	6	N	2500	0	1	114	105	31	19	22	0	0	0	0	0	0	0	0	0	0	0	0	28314230	
510	1	F	6	N	2500	0	40	310	137	31	20	27	0	0	0	0	0	0	0	0	0	0	0	0	28314292	
511	1	F	6	N	2500	0	40	239	183	53	33	41	0	0	0	0	0	0	0	0	0	0	0	0	28314339	
512	1	F	6	N	2500	0	40	283	178	55	32	45	0	0	0	0	0	0	0	0	0	0	0	0	28314448	
513	1	F	6	N	2500	0	40	367	186	47	29	40	0	0	0	0	0	0	0	0	0	0	0	0	28314464	
514	1	F	6	N	2500	0	40	245	159	39	25	34	0	0	0	0	0	0	0	0	0	0	0	0	28314464	
515	1	F	6	N	2500	0	2	275	131	26	18	25	0	0	0	0	0	0	0	0	0	0	0	0	28314526	
516	1	F	6	N	2500	0	40	232	118	33	18	24	0	0	0	0	0	0	0	0	0	0	0	0	28314573	
517	1	F	6	N	2500	0	1	56	13	5	2	3	0	0	0	0	0	0	0	0	0	0	0	0	28314588	
518	1	F	6	N	2500	0	1	168	110	29	21	26	0	0	0	0	0	0	0	0	0	0	0	0	28314651	
519	1	F	6	N	2500	0	40	200	160	42	28	40	0	0	0	0	0	0	0	0	0	0	0	0	28314807	
520	1	F	6	N	2500	0	40	250	148	36	24	33	0	0	0	0	0	0	0	0	0	0	0	0	28314978	
521	1	F	6	N	2500	0	40	297	170	44	26	37	0	0	0	0	0	0	0	0	0	0	0	0	28315025	
522	1	F	6	N	2500	0	40	325	179	46	31	41	0	0	0	0	0	0	0	0	0	0	0	0	28315103	
523	1	F	6	N	2500	0	40	340	153	36	21	27	0	0	0	0	0	0	0	0	0	0	0	0	28315415	
524	1	F	6	N	2500	0	40	294	210	65	37	46	0	0	0	0	0	0	0	0	0	0	0	0	28315649	
525	1	F	6	N	2500	0	40	217	173	48	30	41	0	0	0	0	0	0	0	0	0	0	0	0	28315774	
526	1	F	6	N	2500	0	1	96	48	12	11	20	0	0	0	0	0	0	0	0	0	0	0	0	28315790	
527	1	F	6	N	2500	0	40	321	169	37	24	34	0	0	0	0	0	0	0	0	0	0	0	0	28315805	
528	1	F	6	N	2500	0	1	114	63	17	11	13	0	0	0	0	0	0	0	0	0	0	0	0	28315821	
529	1	F	6	N	2500	0	1	216	86	15	9	14	0	0	0	0	0	0	0	0	0	0	0	0	28315821	
530	1	F	6	N	2500	0	40	212	143	34	24	27	0	0	0	0	0	0	0	0	0	0	0	0	28315852	
531	1	F	6	N	2500	0	40	401	170	40	24	33	0	0	0	0	0	0	0	0	0	0	0	0	28315868	
532	1	F	6	N	2500	0	40	332	155	33	22	28	0	0	0	0	0	0	0	0	0	0	0	0	28315899	
533	1	F	6	N	2500	0	40	225	180	44	28	40	0	0	0	0	0	0	0	0	0	0	0	0	28315946	
534	1	F	6	N	2500	0	40	338	161	39	23	35	0	0	0	0	0	0	0	0	0	0	0	0	28315946	
535	1	F	6	N	2500	0	40	291	134	29	17	22	0	0	0	0	0	0	0	0	0	0	0	0	28316024	
536	1	F	6	N	2500	0	40	373	203	47	31	41	0	0	0	0	0	0	0	0	0	0	0	0	28316055	
537	1	F	6	N	2500	0	40	272	156	38	25	34	0	0	0	0	0	0	0	0	0	0	0	0	28316133	
538	1	F	6	N	2500	0	40	266	154	42	24	31	0	0	0	0	0	0	0	0	0	0	0	0	28316148	
539	1	F	6	N	2500	0	1	63	12	2	0	2	0	0	0	0	0	0	0	0	0	0	0	0	28316226	
540	1	F	6	N	2500	0	40	358	164	42	22	29	0	0	0	0	0	0	0	0	0	0	0	0	28316304	
541	1	F	6	N	2500	0	40	332	160	35	21	30	0	0	0	0	0	0	0	0	0	0	0	0	28316382	
542	1	F	6	N	2500	0	40	188	126	32	18	26	0	0	0	0	0	0	0	0	0	0	0	0	28316429	
543	1	F	6	N	2500	0	40	246	189	52	30	41	0	0	0	0	0	0	0	0	0	0	0	0	28316570	
544	1	F	6	N	2500	0	40	373	194	47	30	35	0	0	0	0	0	0	0	0	0	0	0	0	28316585	
545	1	F	6	N	2500	0	40	225	144	35	23	31	0	0	0	0	0	0	0	0	0	0	0	0	28316601	
546	1	F	6	N	2500	0	1	98	25	10	4	6	0	0	0	0	0	0	0	0	0	0	0	0	28316694	
547	1	F	6	N	2500	0	40	211	152	37	23	28	0	0	0	0	0	0	0	0	0	0	0	0	28316710	
548	1	F	6	N	2500	0	40	422	207	52	30	43	0	0	0	0	0	0	0	0	0	0	0	0	28316882	
549	1	F	6	N	2500	0	40	223	157	46	27	33	0	0	0	0	0	0	0	0	0	0	0	0	28316944	
550	1	F	6	N	2500	0	1	63	17	6	7	15	0	0	0	0	0	0	0	0	0	0	0	0	28316991	
551	1	F	6	N	2500	0	40	173	149	37	25	33	0	0	0	0	0	0	0	0	0	0	0	0	28317178	
552	1	F	6	N	2500	0	40	321	143	34	22	30	0	0	0	0	0	0	0	0	0	0	0	0	28317209	
553	1	F	6	N	2500	0	1	60	12	4	4	10	0	0	0	0	0	0	0	0	0	0	0	0	28317396	
554	1	F	6	N	2500	0	40	363	158	43	26	34	0	0	0	0	0	0	0	0	0	0	0	0	28317428	
555	1	F	6	N	2500	0	40	390	170	39	20	31	0	0	0	0	0	0	0	0	0	0	0	0	28317459	
556	1	F	6	N	2500	0	1	183	91	21	16	20	0	0	0	0	0	0	0	0	0	0	0	0	28317755	
557	1	F	6	N	2500	0	2	228	114	22	16	25	0	0	0	0	0	0	0	0	0	0	0	0	28317958	
558	1	F	6	N	2500	0	40	401	167	36	23	30	0	0	0	0	0	0	0	0	0	0	0	0	28318254	
559	1	F	6	N	2500	0	40	341	163	40	25	34	0	0	0	0	0	0	0	0	0	0	0	0	28318582	
560	1	F	6	N	2500	0	2	284	166	335	400	442	0	0	0	0	0	0	0	0	0	0	0	0	28318722	
