Id	Plate	Row	Column	Clog	Scan rate	Status sort	Status sel	TOF	EXT	Green	Yellow	Red	PH Ext	PW Ext	PC Ext	PH Green	PW Green	PCGreen	PH Yellow	PW Yellow	PCYellow	PH Red	PW Red	PCRed	Time Stamp	
0	1	B	3	N	2500	6	40	214	167	43	25	36	0	0	0	0	0	0	0	0	0	0	0	0	26830329	
1	1	B	3	N	2500	2	1	157	131	33	21	28	0	0	0	0	0	0	0	0	0	0	0	0	26830563	
2	1	B	3	N	2500	2	2	199	121	26	17	24	0	0	0	0	0	0	0	0	0	0	0	0	26831046	
3	1	B	3	N	2500	6	40	358	156	40	23	32	0	0	0	0	0	0	0	0	0	0	0	0	26831202	
4	1	B	3	N	2500	2	1	55	25	5	4	5	0	0	0	0	0	0	0	0	0	0	0	0	26831265	
5	1	B	3	N	2500	6	40	291	130	31	19	27	0	0	0	0	0	0	0	0	0	0	0	0	26831280	
6	1	B	3	N	2500	0	1	111	30	6	6	11	0	0	0	0	0	0	0	0	0	0	0	0	26831296	
7	1	B	3	N	2500	0	40	261	116	27	17	22	0	0	0	0	0	0	0	0	0	0	0	0	26831421	
8	1	B	3	N	2500	0	40	177	136	36	20	29	0	0	0	0	0	0	0	0	0	0	0	0	26831421	
9	1	B	3	N	2500	0	40	350	147	37	22	31	0	0	0	0	0	0	0	0	0	0	0	0	26831982	
10	1	B	3	N	2500	0	40	323	136	31	19	27	0	0	0	0	0	0	0	0	0	0	0	0	26832060	
11	1	B	3	N	2500	0	1	154	105	21	15	19	0	0	0	0	0	0	0	0	0	0	0	0	26832247	
12	1	B	3	N	2500	0	2	234	112	23	15	23	0	0	0	0	0	0	0	0	0	0	0	0	26832294	
13	1	B	3	N	2500	0	40	228	141	30	20	24	0	0	0	0	0	0	0	0	0	0	0	0	26832310	
14	1	B	3	N	2500	0	1	182	129	36	25	32	0	0	0	0	0	0	0	0	0	0	0	0	26832341	
15	1	B	3	N	2500	0	40	200	150	39	26	31	0	0	0	0	0	0	0	0	0	0	0	0	26832388	
16	1	B	3	N	2500	0	40	194	140	41	23	29	0	0	0	0	0	0	0	0	0	0	0	0	26832747	
17	1	B	3	N	2500	0	40	256	160	37	25	30	0	0	0	0	0	0	0	0	0	0	0	0	26832887	
18	1	B	3	N	2500	0	40	209	135	34	22	29	0	0	0	0	0	0	0	0	0	0	0	0	26832918	
19	1	B	3	N	2500	0	40	263	161	55	32	40	0	0	0	0	0	0	0	0	0	0	0	0	26833215	
20	1	B	3	N	2500	0	40	349	145	35	24	35	0	0	0	0	0	0	0	0	0	0	0	0	26833293	
21	1	B	3	N	2500	0	40	321	156	41	24	36	0	0	0	0	0	0	0	0	0	0	0	0	26833714	
22	1	B	3	N	2500	0	40	185	128	29	20	26	0	0	0	0	0	0	0	0	0	0	0	0	26833792	
23	1	B	3	N	2500	0	40	194	147	39	24	33	0	0	0	0	0	0	0	0	0	0	0	0	26833901	
24	1	B	3	N	2500	0	40	263	160	39	24	31	0	0	0	0	0	0	0	0	0	0	0	0	26834041	
25	1	B	3	N	2500	0	40	243	166	40	26	33	0	0	0	0	0	0	0	0	0	0	0	0	26834197	
26	1	B	3	N	2500	0	40	244	137	34	22	30	0	0	0	0	0	0	0	0	0	0	0	0	26834260	
27	1	B	3	N	2500	0	40	255	151	54	32	44	0	0	0	0	0	0	0	0	0	0	0	0	26834291	
28	1	B	3	N	2500	0	1	278	108	21	13	19	0	0	0	0	0	0	0	0	0	0	0	0	26835414	
29	1	B	3	N	2500	0	1	63	17	5	4	10	0	0	0	0	0	0	0	0	0	0	0	0	26835508	
30	1	B	3	N	2500	0	1	87	22	6	4	11	0	0	0	0	0	0	0	0	0	0	0	0	26835508	
31	1	B	3	N	2500	0	40	225	138	33	22	28	0	0	0	0	0	0	0	0	0	0	0	0	26835508	
32	1	B	3	N	2500	0	40	244	139	41	23	30	0	0	0	0	0	0	0	0	0	0	0	0	26835679	
33	1	B	3	N	2500	0	40	394	167	41	25	34	0	0	0	0	0	0	0	0	0	0	0	0	26835757	
34	1	B	3	N	2500	0	2	233	110	24	16	20	0	0	0	0	0	0	0	0	0	0	0	0	26835773	
35	1	B	3	N	2500	0	40	186	145	38	26	35	0	0	0	0	0	0	0	0	0	0	0	0	26835804	
36	1	B	3	N	2500	0	40	226	143	40	25	38	0	0	0	0	0	0	0	0	0	0	0	0	26835882	
37	1	B	3	N	2500	0	40	320	148	37	22	30	0	0	0	0	0	0	0	0	0	0	0	0	26836163	
38	1	B	3	N	2500	0	40	324	177	43	26	38	0	0	0	0	0	0	0	0	0	0	0	0	26836257	
39	1	B	3	N	2500	0	40	216	131	38	25	35	0	0	0	0	0	0	0	0	0	0	0	0	26836303	
40	1	C	3	N	2500	2	1	87	95	37	0	2	0	0	0	0	0	0	0	0	0	0	0	0	26844634	
41	1	C	3	N	2500	2	1	173	127	27	18	24	0	0	0	0	0	0	0	0	0	0	0	0	26844665	
42	1	C	3	N	2500	6	40	195	132	30	20	27	0	0	0	0	0	0	0	0	0	0	0	0	26844883	
43	1	C	3	N	2500	2	1	70	66	25	1	2	0	0	0	0	0	0	0	0	0	0	0	0	26844946	
44	1	C	3	N	2500	6	40	350	170	43	24	37	0	0	0	0	0	0	0	0	0	0	0	0	26845071	
45	1	C	3	N	2500	6	40	253	152	42	24	32	0	0	0	0	0	0	0	0	0	0	0	0	26845242	
46	1	C	3	N	2500	0	1	174	124	28	19	24	0	0	0	0	0	0	0	0	0	0	0	0	26845539	
47	1	C	3	N	2500	0	1	56	23	11	0	1	0	0	0	0	0	0	0	0	0	0	0	0	26845554	
48	1	C	3	N	2500	0	1	103	30	7	7	14	0	0	0	0	0	0	0	0	0	0	0	0	26845866	
49	1	C	3	N	2500	0	1	69	65	24	1	1	0	0	0	0	0	0	0	0	0	0	0	0	26845929	
50	1	C	3	N	2500	0	40	201	135	32	18	25	0	0	0	0	0	0	0	0	0	0	0	0	26846209	
51	1	C	3	N	2500	0	1	86	33	15	3	4	0	0	0	0	0	0	0	0	0	0	0	0	26846272	
52	1	C	3	N	2500	0	40	241	117	65	21	24	0	0	0	0	0	0	0	0	0	0	0	0	26846537	
53	1	C	3	N	2500	0	1	99	32	19	5	7	0	0	0	0	0	0	0	0	0	0	0	0	26846537	
54	1	C	3	N	2500	0	40	223	143	32	23	33	0	0	0	0	0	0	0	0	0	0	0	0	26846553	
55	1	C	3	N	2500	0	40	250	168	36	24	32	0	0	0	0	0	0	0	0	0	0	0	0	26847036	
56	1	C	3	N	2500	0	40	328	158	38	22	34	0	0	0	0	0	0	0	0	0	0	0	0	26847036	
57	1	C	3	N	2500	0	40	191	153	44	25	31	0	0	0	0	0	0	0	0	0	0	0	0	26847192	
58	1	C	3	N	2500	0	40	210	151	33	21	28	0	0	0	0	0	0	0	0	0	0	0	0	26847333	
59	1	C	3	N	2500	0	40	334	150	40	24	35	0	0	0	0	0	0	0	0	0	0	0	0	26847348	
60	1	C	3	N	2500	0	40	336	146	37	22	29	0	0	0	0	0	0	0	0	0	0	0	0	26847551	
61	1	C	3	N	2500	0	40	214	137	36	22	31	0	0	0	0	0	0	0	0	0	0	0	0	26847613	
62	1	C	3	N	2500	0	1	284	104	20	16	24	0	0	0	0	0	0	0	0	0	0	0	0	26847613	
63	1	C	3	N	2500	0	40	338	152	34	21	32	0	0	0	0	0	0	0	0	0	0	0	0	26847972	
64	1	C	3	N	2500	0	1	153	95	33	23	36	0	0	0	0	0	0	0	0	0	0	0	0	26848097	
65	1	C	3	N	2500	0	1	67	19	6	7	16	0	0	0	0	0	0	0	0	0	0	0	0	26848362	
66	1	C	3	N	2500	0	1	198	102	23	18	29	0	0	0	0	0	0	0	0	0	0	0	0	26848393	
67	1	C	3	N	2500	0	40	376	216	62	36	47	0	0	0	0	0	0	0	0	0	0	0	0	26848518	
68	1	C	3	N	2500	0	40	272	181	43	27	35	0	0	0	0	0	0	0	0	0	0	0	0	26848627	
69	1	C	3	N	2500	0	40	267	149	42	24	30	0	0	0	0	0	0	0	0	0	0	0	0	26848659	
70	1	C	3	N	2500	0	40	383	149	31	22	27	0	0	0	0	0	0	0	0	0	0	0	0	26848674	
71	1	C	3	N	2500	0	1	293	111	25	16	22	0	0	0	0	0	0	0	0	0	0	0	0	26848815	
72	1	C	3	N	2500	0	1	64	23	5	6	12	0	0	0	0	0	0	0	0	0	0	0	0	26848986	
73	1	C	3	N	2500	0	40	193	152	33	22	28	0	0	0	0	0	0	0	0	0	0	0	0	26848986	
74	1	C	3	N	2500	0	40	277	167	42	26	35	0	0	0	0	0	0	0	0	0	0	0	0	26848986	
75	1	C	3	N	2500	0	1	247	104	21	16	26	0	0	0	0	0	0	0	0	0	0	0	0	26849298	
76	1	C	3	N	2500	0	40	250	191	49	30	40	0	0	0	0	0	0	0	0	0	0	0	0	26849454	
77	1	C	3	N	2500	0	40	330	148	43	25	36	0	0	0	0	0	0	0	0	0	0	0	0	26849470	
78	1	C	3	N	2500	0	40	391	193	52	33	44	0	0	0	0	0	0	0	0	0	0	0	0	26849470	
79	1	C	3	N	2500	0	40	350	142	33	20	28	0	0	0	0	0	0	0	0	0	0	0	0	26849485	
80	1	C	3	N	2500	0	1	214	105	26	16	21	0	0	0	0	0	0	0	0	0	0	0	0	26849673	
81	1	C	3	N	2500	0	40	233	160	41	26	40	0	0	0	0	0	0	0	0	0	0	0	0	26849813	
82	1	C	3	N	2500	0	40	376	232	81	39	57	0	0	0	0	0	0	0	0	0	0	0	0	26849891	
83	1	C	3	N	2500	0	40	273	216	65	40	57	0	0	0	0	0	0	0	0	0	0	0	0	26849969	
84	1	C	3	N	2500	0	1	466	137	31	21	32	0	0	0	0	0	0	0	0	0	0	0	0	26850156	
85	1	C	3	N	2500	0	1	71	25	5	6	10	0	0	0	0	0	0	0	0	0	0	0	0	26850406	
86	1	C	3	N	2500	0	40	338	152	34	24	31	0	0	0	0	0	0	0	0	0	0	0	0	26850406	
87	1	C	3	N	2500	0	40	313	131	30	21	32	0	0	0	0	0	0	0	0	0	0	0	0	26850609	
88	1	C	3	N	2500	0	1	121	57	83	117	161	0	0	0	0	0	0	0	0	0	0	0	0	26850780	
89	1	C	3	N	2500	0	40	346	175	49	30	37	0	0	0	0	0	0	0	0	0	0	0	0	26850999	
90	1	C	3	N	2500	0	40	325	143	37	20	30	0	0	0	0	0	0	0	0	0	0	0	0	26851014	
91	1	C	3	N	2500	0	40	324	167	40	22	30	0	0	0	0	0	0	0	0	0	0	0	0	26851404	
92	1	C	3	N	2500	0	1	114	32	6	6	12	0	0	0	0	0	0	0	0	0	0	0	0	26851467	
93	1	C	3	N	2500	0	1	58	32	7	8	15	0	0	0	0	0	0	0	0	0	0	0	0	26851747	
94	1	C	3	N	2500	0	40	343	164	39	22	31	0	0	0	0	0	0	0	0	0	0	0	0	26852013	
95	1	C	3	N	2500	0	2	233	116	25	17	25	0	0	0	0	0	0	0	0	0	0	0	0	26852028	
96	1	D	3	N	2500	6	40	321	143	37	19	26	0	0	0	0	0	0	0	0	0	0	0	0	26858830	
97	1	D	3	N	2500	6	40	338	141	31	19	27	0	0	0	0	0	0	0	0	0	0	0	0	26858892	
98	1	D	3	N	2500	2	2	326	143	26	16	25	0	0	0	0	0	0	0	0	0	0	0	0	26859126	
99	1	D	3	N	2500	6	40	206	176	46	28	41	0	0	0	0	0	0	0	0	0	0	0	0	26859376	
100	1	D	3	N	2500	0	40	401	200	50	31	40	0	0	0	0	0	0	0	0	0	0	0	0	26859563	
101	1	D	3	N	2500	0	1	133	61	99	139	182	0	0	0	0	0	0	0	0	0	0	0	0	26859844	
102	1	D	3	N	2500	0	40	329	157	33	21	32	0	0	0	0	0	0	0	0	0	0	0	0	26860031	
103	1	D	3	N	2500	0	40	357	161	36	24	36	0	0	0	0	0	0	0	0	0	0	0	0	26860780	
104	1	D	3	N	2500	0	40	238	153	35	22	30	0	0	0	0	0	0	0	0	0	0	0	0	26861310	
105	1	D	3	N	2500	0	40	421	237	66	40	54	0	0	0	0	0	0	0	0	0	0	0	0	26861326	
106	1	D	3	N	2500	0	40	325	140	37	20	35	0	0	0	0	0	0	0	0	0	0	0	0	26861435	
107	1	D	3	N	2500	0	40	261	168	48	28	37	0	0	0	0	0	0	0	0	0	0	0	0	26861482	
108	1	D	3	N	2500	0	40	370	196	52	33	46	0	0	0	0	0	0	0	0	0	0	0	0	26861560	
109	1	D	3	N	2500	0	40	450	232	68	35	51	0	0	0	0	0	0	0	0	0	0	0	0	26861591	
110	1	D	3	N	2500	0	1	94	34	51	66	112	0	0	0	0	0	0	0	0	0	0	0	0	26861887	
111	1	D	3	N	2500	0	40	400	208	45	27	39	0	0	0	0	0	0	0	0	0	0	0	0	26861965	
112	1	D	3	N	2500	0	40	250	173	36	23	31	0	0	0	0	0	0	0	0	0	0	0	0	26861965	
113	1	D	3	N	2500	0	40	410	182	43	31	49	0	0	0	0	0	0	0	0	0	0	0	0	26862043	
114	1	D	3	N	2500	0	1	105	73	14	11	17	0	0	0	0	0	0	0	0	0	0	0	0	26862106	
115	1	D	3	N	2500	0	40	223	129	29	20	31	0	0	0	0	0	0	0	0	0	0	0	0	26862293	
116	1	D	3	N	2500	0	40	317	134	35	19	30	0	0	0	0	0	0	0	0	0	0	0	0	26862387	
117	1	D	3	N	2500	0	1	56	13	4	2	4	0	0	0	0	0	0	0	0	0	0	0	0	26862418	
118	1	D	3	N	2500	0	1	73	43	54	63	82	0	0	0	0	0	0	0	0	0	0	0	0	26862543	
119	1	D	3	N	2500	0	40	354	165	41	26	37	0	0	0	0	0	0	0	0	0	0	0	0	26862574	
120	1	D	3	N	2500	0	40	265	179	43	28	38	0	0	0	0	0	0	0	0	0	0	0	0	26862605	
121	1	D	3	N	2500	0	40	234	146	34	20	29	0	0	0	0	0	0	0	0	0	0	0	0	26862699	
122	1	D	3	N	2500	0	1	61	13	1	0	0	0	0	0	0	0	0	0	0	0	0	0	0	26862964	
123	1	D	3	N	2500	0	1	114	35	9	8	16	0	0	0	0	0	0	0	0	0	0	0	0	26863666	
124	1	D	3	N	2500	0	1	135	83	14	10	14	0	0	0	0	0	0	0	0	0	0	0	0	26863962	
125	1	D	3	N	2500	0	40	313	169	45	25	35	0	0	0	0	0	0	0	0	0	0	0	0	26863993	
126	1	D	3	N	2500	0	40	348	155	41	24	35	0	0	0	0	0	0	0	0	0	0	0	0	26864087	
127	1	D	3	N	2500	0	40	219	138	39	24	29	0	0	0	0	0	0	0	0	0	0	0	0	26864196	
128	1	D	3	N	2500	0	40	183	141	43	22	31	0	0	0	0	0	0	0	0	0	0	0	0	26864290	
129	1	D	3	N	2500	0	1	330	125	30	17	23	0	0	0	0	0	0	0	0	0	0	0	0	26864352	
130	1	D	3	N	2500	0	40	226	144	36	20	33	0	0	0	0	0	0	0	0	0	0	0	0	26864415	
131	1	D	3	N	2500	0	1	138	113	34	23	30	0	0	0	0	0	0	0	0	0	0	0	0	26864430	
132	1	D	3	N	2500	0	1	160	150	48	30	39	0	0	0	0	0	0	0	0	0	0	0	0	26864461	
133	1	D	3	N	2500	0	2	158	172	56	31	43	0	0	0	0	0	0	0	0	0	0	0	0	26864477	
134	1	D	3	N	2500	0	40	216	112	27	15	19	0	0	0	0	0	0	0	0	0	0	0	0	26864555	
135	1	D	3	N	2500	0	1	174	139	28	19	26	0	0	0	0	0	0	0	0	0	0	0	0	26864586	
136	1	D	3	N	2500	0	40	351	174	48	30	42	0	0	0	0	0	0	0	0	0	0	0	0	26864680	
137	1	D	3	N	2500	0	40	382	189	49	28	39	0	0	0	0	0	0	0	0	0	0	0	0	26864680	
138	1	D	3	N	2500	0	40	338	138	33	19	29	0	0	0	0	0	0	0	0	0	0	0	0	26864711	
139	1	D	3	N	2500	0	40	323	144	35	20	32	0	0	0	0	0	0	0	0	0	0	0	0	26864883	
140	1	D	3	N	2500	0	40	416	150	36	23	34	0	0	0	0	0	0	0	0	0	0	0	0	26864883	
141	1	D	3	N	2500	0	40	314	186	52	32	41	0	0	0	0	0	0	0	0	0	0	0	0	26864945	
142	1	D	3	N	2500	0	40	400	195	46	27	36	0	0	0	0	0	0	0	0	0	0	0	0	26864992	
143	1	D	3	N	2500	0	40	231	131	29	18	24	0	0	0	0	0	0	0	0	0	0	0	0	26865319	
144	1	E	3	N	2500	6	40	308	169	43	24	39	0	0	0	0	0	0	0	0	0	0	0	0	26873135	
145	1	E	3	N	2500	6	40	199	114	32	20	28	0	0	0	0	0	0	0	0	0	0	0	0	26873198	
146	1	E	3	N	2500	2	1	157	143	35	23	25	0	0	0	0	0	0	0	0	0	0	0	0	26873962	
147	1	E	3	N	2500	6	40	342	148	39	22	30	0	0	0	0	0	0	0	0	0	0	0	0	26874024	
148	1	E	3	N	2500	0	1	150	129	30	19	25	0	0	0	0	0	0	0	0	0	0	0	0	26874165	
149	1	E	3	N	2500	0	2	156	168	52	32	42	0	0	0	0	0	0	0	0	0	0	0	0	26874383	
150	1	E	3	N	2500	0	1	173	87	160	205	253	0	0	0	0	0	0	0	0	0	0	0	0	26874648	
151	1	E	3	N	2500	0	1	51	9	1	0	1	0	0	0	0	0	0	0	0	0	0	0	0	26874773	
152	1	E	3	N	2500	0	1	96	28	4	3	7	0	0	0	0	0	0	0	0	0	0	0	0	26874898	
153	1	E	3	N	2500	0	1	159	101	23	16	21	0	0	0	0	0	0	0	0	0	0	0	0	26874898	
154	1	E	3	N	2500	0	1	122	29	6	8	12	0	0	0	0	0	0	0	0	0	0	0	0	26875553	
155	1	E	3	N	2500	0	40	196	121	39	25	31	0	0	0	0	0	0	0	0	0	0	0	0	26875725	
156	1	E	3	N	2500	0	40	313	142	34	22	31	0	0	0	0	0	0	0	0	0	0	0	0	26875787	
157	1	E	3	N	2500	0	40	307	130	29	19	29	0	0	0	0	0	0	0	0	0	0	0	0	26875896	
158	1	E	3	N	2500	0	40	233	132	37	26	36	0	0	0	0	0	0	0	0	0	0	0	0	26875896	
159	1	E	3	N	2500	0	40	293	196	43	29	41	0	0	0	0	0	0	0	0	0	0	0	0	26876318	
160	1	E	3	N	2500	0	40	340	166	41	25	34	0	0	0	0	0	0	0	0	0	0	0	0	26876708	
161	1	E	3	N	2500	0	40	258	133	27	19	24	0	0	0	0	0	0	0	0	0	0	0	0	26876786	
162	1	E	3	N	2500	0	1	138	45	9	8	16	0	0	0	0	0	0	0	0	0	0	0	0	26876786	
163	1	E	3	N	2500	0	40	244	162	48	33	41	0	0	0	0	0	0	0	0	0	0	0	0	26876895	
164	1	E	3	N	2500	0	1	178	127	30	19	29	0	0	0	0	0	0	0	0	0	0	0	0	26877191	
165	1	E	3	N	2500	0	40	359	198	48	31	46	0	0	0	0	0	0	0	0	0	0	0	0	26877441	
166	1	E	3	N	2500	0	40	299	172	51	29	41	0	0	0	0	0	0	0	0	0	0	0	0	26877441	
167	1	E	3	N	2500	0	1	217	99	31	20	25	0	0	0	0	0	0	0	0	0	0	0	0	26877503	
168	1	E	3	N	2500	0	40	304	180	49	30	40	0	0	0	0	0	0	0	0	0	0	0	0	26877628	
169	1	E	3	N	2500	0	40	331	143	37	21	29	0	0	0	0	0	0	0	0	0	0	0	0	26877878	
170	1	E	3	N	2500	0	40	218	165	43	27	34	0	0	0	0	0	0	0	0	0	0	0	0	26877893	
171	1	E	3	N	2500	0	1	146	89	158	189	218	0	0	0	0	0	0	0	0	0	0	0	0	26877909	
172	1	E	3	N	2500	0	1	145	39	8	8	15	0	0	0	0	0	0	0	0	0	0	0	0	26877956	
173	1	E	3	N	2500	0	40	238	117	28	17	25	0	0	0	0	0	0	0	0	0	0	0	0	26878049	
174	1	E	3	N	2500	0	40	328	171	46	26	36	0	0	0	0	0	0	0	0	0	0	0	0	26878080	
175	1	E	3	N	2500	0	40	315	134	34	19	28	0	0	0	0	0	0	0	0	0	0	0	0	26878158	
176	1	E	3	N	2500	0	40	283	164	54	33	46	0	0	0	0	0	0	0	0	0	0	0	0	26878268	
177	1	E	3	N	2500	0	40	207	161	50	33	42	0	0	0	0	0	0	0	0	0	0	0	0	26878346	
178	1	E	3	N	2500	0	40	227	151	41	24	32	0	0	0	0	0	0	0	0	0	0	0	0	26878377	
179	1	E	3	N	2500	0	40	206	135	29	19	27	0	0	0	0	0	0	0	0	0	0	0	0	26878439	
180	1	E	3	N	2500	0	1	72	21	6	6	11	0	0	0	0	0	0	0	0	0	0	0	0	26878439	
181	1	E	3	N	2500	0	40	353	170	48	24	36	0	0	0	0	0	0	0	0	0	0	0	0	26878517	
182	1	E	3	N	2500	0	40	347	137	33	21	33	0	0	0	0	0	0	0	0	0	0	0	0	26878548	
183	1	E	3	N	2500	0	40	319	158	35	22	34	0	0	0	0	0	0	0	0	0	0	0	0	26878642	
184	1	E	3	N	2500	0	40	216	166	45	27	36	0	0	0	0	0	0	0	0	0	0	0	0	26878658	
185	1	E	3	N	2500	0	40	318	138	36	20	34	0	0	0	0	0	0	0	0	0	0	0	0	26878704	
186	1	E	3	N	2500	0	40	342	158	41	26	37	0	0	0	0	0	0	0	0	0	0	0	0	26878876	
187	1	E	3	N	2500	0	40	226	197	53	33	48	0	0	0	0	0	0	0	0	0	0	0	0	26879094	
188	1	E	3	N	2500	0	40	360	173	47	25	35	0	0	0	0	0	0	0	0	0	0	0	0	26879094	
189	1	E	3	N	2500	0	40	326	182	53	29	40	0	0	0	0	0	0	0	0	0	0	0	0	26879578	
190	1	E	3	N	2500	0	2	199	109	25	17	30	0	0	0	0	0	0	0	0	0	0	0	0	26880124	
191	1	E	3	N	2500	0	40	334	174	47	28	40	0	0	0	0	0	0	0	0	0	0	0	0	26880467	
192	1	E	3	N	2500	0	1	144	79	11	8	12	0	0	0	0	0	0	0	0	0	0	0	0	26880545	
193	1	F	3	N	2500	6	40	293	174	48	26	37	0	0	0	0	0	0	0	0	0	0	0	0	26887440	
194	1	F	3	N	2500	6	40	206	165	50	29	41	0	0	0	0	0	0	0	0	0	0	0	0	26887752	
195	1	F	3	N	2500	2	1	135	126	26	19	22	0	0	0	0	0	0	0	0	0	0	0	0	26888798	
196	1	F	3	N	2500	6	40	298	125	33	18	24	0	0	0	0	0	0	0	0	0	0	0	0	26889094	
197	1	F	3	N	2500	0	40	379	201	50	29	43	0	0	0	0	0	0	0	0	0	0	0	0	26889141	
198	1	F	3	N	2500	0	40	251	190	53	33	43	0	0	0	0	0	0	0	0	0	0	0	0	26890030	
199	1	F	3	N	2500	0	40	323	146	35	20	29	0	0	0	0	0	0	0	0	0	0	0	0	26890092	
200	1	F	3	N	2500	0	40	255	176	44	27	39	0	0	0	0	0	0	0	0	0	0	0	0	26890155	
201	1	F	3	N	2500	0	40	200	149	38	23	29	0	0	0	0	0	0	0	0	0	0	0	0	26890170	
202	1	F	3	N	2500	0	1	65	33	6	6	12	0	0	0	0	0	0	0	0	0	0	0	0	26890420	
203	1	F	3	N	2500	0	40	373	194	52	33	44	0	0	0	0	0	0	0	0	0	0	0	0	26890482	
204	1	F	3	N	2500	0	1	66	19	2	2	4	0	0	0	0	0	0	0	0	0	0	0	0	26890545	
205	1	F	3	N	2500	0	40	330	160	46	25	35	0	0	0	0	0	0	0	0	0	0	0	0	26890826	
206	1	F	3	N	2500	0	40	259	157	45	26	31	0	0	0	0	0	0	0	0	0	0	0	0	26891060	
207	1	F	3	N	2500	0	40	258	187	51	31	45	0	0	0	0	0	0	0	0	0	0	0	0	26891138	
208	1	F	3	N	2500	0	40	241	182	47	31	39	0	0	0	0	0	0	0	0	0	0	0	0	26891247	
209	1	F	3	N	2500	0	40	331	165	38	23	36	0	0	0	0	0	0	0	0	0	0	0	0	26891418	
210	1	F	3	N	2500	0	40	338	149	42	23	33	0	0	0	0	0	0	0	0	0	0	0	0	26891496	
211	1	F	3	N	2500	0	40	327	147	31	20	26	0	0	0	0	0	0	0	0	0	0	0	0	26891590	
212	1	F	3	N	2500	0	40	295	151	38	24	36	0	0	0	0	0	0	0	0	0	0	0	0	26891637	
213	1	F	3	N	2500	0	40	325	151	34	20	29	0	0	0	0	0	0	0	0	0	0	0	0	26891777	
214	1	F	3	N	2500	0	40	336	161	41	27	37	0	0	0	0	0	0	0	0	0	0	0	0	26891871	
215	1	F	3	N	2500	0	40	311	136	32	18	25	0	0	0	0	0	0	0	0	0	0	0	0	26891902	
216	1	F	3	N	2500	0	40	249	137	43	23	29	0	0	0	0	0	0	0	0	0	0	0	0	26891902	
217	1	F	3	N	2500	0	40	338	146	34	20	26	0	0	0	0	0	0	0	0	0	0	0	0	26892027	
218	1	F	3	N	2500	0	1	60	30	8	7	13	0	0	0	0	0	0	0	0	0	0	0	0	26892042	
219	1	F	3	N	2500	0	1	133	73	13	9	14	0	0	0	0	0	0	0	0	0	0	0	0	26892074	
220	1	F	3	N	2500	0	40	315	154	41	23	32	0	0	0	0	0	0	0	0	0	0	0	0	26892120	
221	1	F	3	N	2500	0	40	251	167	43	28	39	0	0	0	0	0	0	0	0	0	0	0	0	26892136	
222	1	F	3	N	2500	0	40	369	167	42	27	36	0	0	0	0	0	0	0	0	0	0	0	0	26892152	
223	1	F	3	N	2500	0	40	312	156	42	24	31	0	0	0	0	0	0	0	0	0	0	0	0	26892183	
224	1	F	3	N	2500	0	40	214	179	48	29	35	0	0	0	0	0	0	0	0	0	0	0	0	26892276	
225	1	F	3	N	2500	0	1	172	132	34	22	30	0	0	0	0	0	0	0	0	0	0	0	0	26892308	
226	1	F	3	N	2500	0	40	275	184	51	30	42	0	0	0	0	0	0	0	0	0	0	0	0	26892339	
227	1	F	3	N	2500	0	40	301	133	36	18	23	0	0	0	0	0	0	0	0	0	0	0	0	26892432	
228	1	F	3	N	2500	0	40	205	147	37	23	25	0	0	0	0	0	0	0	0	0	0	0	0	26892464	
229	1	F	3	N	2500	0	2	222	119	24	16	23	0	0	0	0	0	0	0	0	0	0	0	0	26892557	
230	1	F	3	N	2500	0	40	195	162	41	26	37	0	0	0	0	0	0	0	0	0	0	0	0	26892573	
231	1	F	3	N	2500	0	40	309	126	33	18	26	0	0	0	0	0	0	0	0	0	0	0	0	26892588	
232	1	F	3	N	2500	0	40	243	158	39	25	34	0	0	0	0	0	0	0	0	0	0	0	0	26892620	
233	1	F	3	N	2500	0	40	317	139	28	18	27	0	0	0	0	0	0	0	0	0	0	0	0	26892635	
234	1	F	3	N	2500	0	1	75	21	4	3	8	0	0	0	0	0	0	0	0	0	0	0	0	26892666	
235	1	F	3	N	2500	0	40	210	155	37	25	32	0	0	0	0	0	0	0	0	0	0	0	0	26892744	
236	1	F	3	N	2500	0	40	362	162	36	22	35	0	0	0	0	0	0	0	0	0	0	0	0	26892854	
237	1	F	3	N	2500	0	1	186	120	32	19	31	0	0	0	0	0	0	0	0	0	0	0	0	26892885	
238	1	F	3	N	2500	0	40	248	176	42	26	39	0	0	0	0	0	0	0	0	0	0	0	0	26893088	
239	1	F	3	N	2500	0	1	77	23	5	5	9	0	0	0	0	0	0	0	0	0	0	0	0	26893306	
240	1	F	3	N	2500	0	40	315	133	30	18	26	0	0	0	0	0	0	0	0	0	0	0	0	26893384	
241	1	F	3	N	2500	0	1	73	34	8	7	13	0	0	0	0	0	0	0	0	0	0	0	0	26893493	
242	1	F	3	N	2500	0	1	65	27	7	7	15	0	0	0	0	0	0	0	0	0	0	0	0	26893509	
243	1	F	3	N	2500	0	40	436	172	41	24	33	0	0	0	0	0	0	0	0	0	0	0	0	26893665	
244	1	F	3	N	2500	0	40	269	183	44	31	40	0	0	0	0	0	0	0	0	0	0	0	0	26893727	
245	1	F	3	N	2500	0	1	59	27	7	8	15	0	0	0	0	0	0	0	0	0	0	0	0	26894055	
246	1	F	3	N	2500	0	40	270	157	44	25	32	0	0	0	0	0	0	0	0	0	0	0	0	26894117	
247	1	F	3	N	2500	0	40	428	166	38	25	38	0	0	0	0	0	0	0	0	0	0	0	0	26894133	
248	1	F	3	N	2500	0	1	182	58	10	6	10	0	0	0	0	0	0	0	0	0	0	0	0	26894180	
249	1	F	3	N	2500	0	40	410	179	50	30	39	0	0	0	0	0	0	0	0	0	0	0	0	26894460	
250	1	G	3	N	2500	6	40	347	172	48	27	35	0	0	0	0	0	0	0	0	0	0	0	0	26901512	
251	1	G	3	N	2500	6	40	361	162	38	26	33	0	0	0	0	0	0	0	0	0	0	0	0	26902073	
252	1	G	3	N	2500	6	40	282	122	29	18	22	0	0	0	0	0	0	0	0	0	0	0	0	26902463	
253	1	G	3	N	2500	0	40	345	185	56	30	40	0	0	0	0	0	0	0	0	0	0	0	0	26902962	
254	1	G	3	N	2500	0	40	316	142	37	20	32	0	0	0	0	0	0	0	0	0	0	0	0	26903103	
255	1	G	3	N	2500	0	1	143	40	10	8	16	0	0	0	0	0	0	0	0	0	0	0	0	26903399	
256	1	G	3	N	2500	0	40	329	146	31	19	27	0	0	0	0	0	0	0	0	0	0	0	0	26903789	
257	1	G	3	N	2500	0	40	326	139	35	20	32	0	0	0	0	0	0	0	0	0	0	0	0	26903930	
258	1	G	3	N	2500	0	40	275	125	33	22	31	0	0	0	0	0	0	0	0	0	0	0	0	26903992	
259	1	G	3	N	2500	0	1	124	57	49	71	180	0	0	0	0	0	0	0	0	0	0	0	0	26904195	
260	1	G	3	N	2500	0	40	286	175	55	30	41	0	0	0	0	0	0	0	0	0	0	0	0	26904226	
261	1	G	3	N	2500	0	40	353	193	49	26	38	0	0	0	0	0	0	0	0	0	0	0	0	26904288	
262	1	G	3	N	2500	0	1	155	101	32	22	29	0	0	0	0	0	0	0	0	0	0	0	0	26904366	
263	1	G	3	N	2500	0	40	365	141	28	17	25	0	0	0	0	0	0	0	0	0	0	0	0	26904803	
264	1	G	3	N	2500	0	1	286	105	21	15	19	0	0	0	0	0	0	0	0	0	0	0	0	26904866	
265	1	G	3	N	2500	0	40	244	145	46	28	40	0	0	0	0	0	0	0	0	0	0	0	0	26905287	
266	1	G	3	N	2500	0	40	314	141	32	19	27	0	0	0	0	0	0	0	0	0	0	0	0	26905770	
267	1	G	3	N	2500	0	40	196	174	44	27	37	0	0	0	0	0	0	0	0	0	0	0	0	26905802	
268	1	G	3	N	2500	0	1	212	106	87	141	302	0	0	0	0	0	0	0	0	0	0	0	0	26905942	
269	1	G	3	N	2500	0	40	346	179	48	27	37	0	0	0	0	0	0	0	0	0	0	0	0	26906051	
270	1	G	3	N	2500	0	1	185	104	20	12	14	0	0	0	0	0	0	0	0	0	0	0	0	26906067	
271	1	G	3	N	2500	0	1	62	24	6	6	14	0	0	0	0	0	0	0	0	0	0	0	0	26906176	
272	1	G	3	N	2500	0	40	319	137	35	20	26	0	0	0	0	0	0	0	0	0	0	0	0	26906301	
273	1	G	3	N	2500	0	1	134	156	57	33	41	0	0	0	0	0	0	0	0	0	0	0	0	26906519	
274	1	G	3	N	2500	0	40	303	122	28	16	23	0	0	0	0	0	0	0	0	0	0	0	0	26906550	
275	1	G	3	N	2500	0	40	217	160	49	27	39	0	0	0	0	0	0	0	0	0	0	0	0	26906550	
276	1	G	3	N	2500	0	40	354	193	50	27	39	0	0	0	0	0	0	0	0	0	0	0	0	26906972	
277	1	G	3	N	2500	0	40	207	176	50	29	37	0	0	0	0	0	0	0	0	0	0	0	0	26907284	
278	1	G	3	N	2500	0	40	209	167	39	24	29	0	0	0	0	0	0	0	0	0	0	0	0	26907284	
279	1	G	3	N	2500	0	40	341	137	34	20	30	0	0	0	0	0	0	0	0	0	0	0	0	26907518	
280	1	G	3	N	2500	0	1	297	112	21	12	20	0	0	0	0	0	0	0	0	0	0	0	0	26907580	
281	1	G	3	N	2500	0	1	516	265	69	43	55	0	0	0	0	0	0	0	0	0	0	0	0	26907705	
282	1	G	3	N	2500	0	40	282	176	35	26	35	0	0	0	0	0	0	0	0	0	0	0	0	26907783	
283	1	G	3	N	2500	0	1	69	29	4	2	6	0	0	0	0	0	0	0	0	0	0	0	0	26907845	
284	1	G	3	N	2500	0	1	86	47	80	102	119	0	0	0	0	0	0	0	0	0	0	0	0	26908110	
285	1	G	3	N	2500	0	1	175	123	32	21	31	0	0	0	0	0	0	0	0	0	0	0	0	26908344	
286	1	G	3	N	2500	0	40	349	154	38	22	31	0	0	0	0	0	0	0	0	0	0	0	0	26908547	
287	1	G	3	N	2500	0	40	271	156	32	23	31	0	0	0	0	0	0	0	0	0	0	0	0	26908828	
288	1	H	3	N	2500	6	40	379	175	42	23	31	0	0	0	0	0	0	0	0	0	0	0	0	26920778	
289	1	H	3	N	2500	6	40	335	129	35	19	25	0	0	0	0	0	0	0	0	0	0	0	0	26921183	
290	1	A	4	N	2500	6	40	231	194	55	32	43	0	0	0	0	0	0	0	0	0	0	0	0	26931448	
291	1	A	4	N	2500	6	40	244	112	29	20	26	0	0	0	0	0	0	0	0	0	0	0	0	26931557	
292	1	A	4	N	2500	6	40	321	157	38	23	34	0	0	0	0	0	0	0	0	0	0	0	0	26931729	
293	1	A	4	N	2500	0	1	483	152	41	29	39	0	0	0	0	0	0	0	0	0	0	0	0	26931822	
294	1	A	4	N	2500	0	1	481	135	40	25	38	0	0	0	0	0	0	0	0	0	0	0	0	26932244	
295	1	A	4	N	2500	0	40	229	164	38	25	36	0	0	0	0	0	0	0	0	0	0	0	0	26932446	
296	1	A	4	N	2500	0	40	319	144	36	21	33	0	0	0	0	0	0	0	0	0	0	0	0	26932712	
297	1	A	4	N	2500	0	40	358	134	31	22	30	0	0	0	0	0	0	0	0	0	0	0	0	26932727	
298	1	A	4	N	2500	0	40	404	206	55	34	43	0	0	0	0	0	0	0	0	0	0	0	0	26932758	
299	1	A	4	N	2500	0	1	260	89	16	10	15	0	0	0	0	0	0	0	0	0	0	0	0	26932868	
300	1	A	4	N	2500	0	40	433	204	48	28	37	0	0	0	0	0	0	0	0	0	0	0	0	26932930	
301	1	A	4	N	2500	0	40	186	153	38	24	33	0	0	0	0	0	0	0	0	0	0	0	0	26932930	
302	1	A	4	N	2500	0	40	290	164	42	27	38	0	0	0	0	0	0	0	0	0	0	0	0	26933024	
303	1	A	4	N	2500	0	1	226	97	20	15	25	0	0	0	0	0	0	0	0	0	0	0	0	26933039	
304	1	A	4	N	2500	0	1	74	31	9	9	16	0	0	0	0	0	0	0	0	0	0	0	0	26933398	
305	1	A	4	N	2500	0	1	255	113	27	16	22	0	0	0	0	0	0	0	0	0	0	0	0	26933460	
306	1	A	4	N	2500	0	40	200	142	39	26	39	0	0	0	0	0	0	0	0	0	0	0	0	26933616	
307	1	A	4	N	2500	0	40	302	194	60	34	48	0	0	0	0	0	0	0	0	0	0	0	0	26933694	
308	1	A	4	N	2500	0	40	349	174	43	26	37	0	0	0	0	0	0	0	0	0	0	0	0	26933913	
309	1	A	4	N	2500	0	40	221	137	32	23	32	0	0	0	0	0	0	0	0	0	0	0	0	26934147	
310	1	A	4	N	2500	0	40	268	155	42	25	37	0	0	0	0	0	0	0	0	0	0	0	0	26934584	
311	1	A	4	N	2500	0	40	368	192	56	31	41	0	0	0	0	0	0	0	0	0	0	0	0	26934693	
312	1	A	4	N	2500	0	40	197	181	41	28	33	0	0	0	0	0	0	0	0	0	0	0	0	26934880	
313	1	A	4	N	2500	0	1	63	25	6	7	14	0	0	0	0	0	0	0	0	0	0	0	0	26935332	
314	1	A	4	N	2500	0	40	256	179	53	29	38	0	0	0	0	0	0	0	0	0	0	0	0	26935535	
315	1	A	4	N	2500	0	1	84	30	6	6	12	0	0	0	0	0	0	0	0	0	0	0	0	26935754	
316	1	A	4	N	2500	0	40	352	190	51	32	42	0	0	0	0	0	0	0	0	0	0	0	0	26935800	
317	1	A	4	N	2500	0	40	241	126	29	19	26	0	0	0	0	0	0	0	0	0	0	0	0	26935956	
318	1	A	4	N	2500	0	40	316	146	34	21	32	0	0	0	0	0	0	0	0	0	0	0	0	26936050	
319	1	A	4	N	2500	0	40	350	194	57	31	39	0	0	0	0	0	0	0	0	0	0	0	0	26936097	
320	1	A	4	N	2500	0	40	338	161	44	25	31	0	0	0	0	0	0	0	0	0	0	0	0	26936112	
321	1	A	4	N	2500	0	40	246	122	33	18	26	0	0	0	0	0	0	0	0	0	0	0	0	26936206	
322	1	A	4	N	2500	0	1	52	9	1	0	0	0	0	0	0	0	0	0	0	0	0	0	0	26936300	
323	1	A	4	N	2500	0	1	462	257	65	38	56	0	0	0	0	0	0	0	0	0	0	0	0	26936300	
324	1	A	4	N	2500	0	40	335	135	29	19	29	0	0	0	0	0	0	0	0	0	0	0	0	26936331	
325	1	A	4	N	2500	0	2	218	132	24	13	20	0	0	0	0	0	0	0	0	0	0	0	0	26936393	
326	1	A	4	N	2500	0	40	283	198	52	32	45	0	0	0	0	0	0	0	0	0	0	0	0	26936471	
327	1	A	4	N	2500	0	40	300	165	41	28	37	0	0	0	0	0	0	0	0	0	0	0	0	26936471	
328	1	A	4	N	2500	0	40	187	153	40	23	33	0	0	0	0	0	0	0	0	0	0	0	0	26936565	
329	1	A	4	N	2500	0	1	114	98	21	13	17	0	0	0	0	0	0	0	0	0	0	0	0	26936596	
330	1	A	4	N	2500	0	40	330	147	38	22	31	0	0	0	0	0	0	0	0	0	0	0	0	26936627	
331	1	A	4	N	2500	0	40	380	187	44	28	37	0	0	0	0	0	0	0	0	0	0	0	0	26936721	
332	1	A	4	N	2500	0	40	348	155	41	22	36	0	0	0	0	0	0	0	0	0	0	0	0	26936752	
333	1	A	4	N	2500	0	40	232	159	40	26	36	0	0	0	0	0	0	0	0	0	0	0	0	26936846	
334	1	A	4	N	2500	0	40	328	142	33	20	30	0	0	0	0	0	0	0	0	0	0	0	0	26936846	
335	1	A	4	N	2500	0	40	252	184	51	32	44	0	0	0	0	0	0	0	0	0	0	0	0	26936846	
336	1	A	4	N	2500	0	40	247	138	42	26	34	0	0	0	0	0	0	0	0	0	0	0	0	26936939	
337	1	A	4	N	2500	0	40	329	149	37	22	32	0	0	0	0	0	0	0	0	0	0	0	0	26936970	
338	1	A	4	N	2500	0	40	231	176	44	27	38	0	0	0	0	0	0	0	0	0	0	0	0	26937017	
339	1	A	4	N	2500	0	40	370	192	46	30	39	0	0	0	0	0	0	0	0	0	0	0	0	26937033	
340	1	A	4	N	2500	0	1	109	22	3	2	4	0	0	0	0	0	0	0	0	0	0	0	0	26937111	
341	1	A	4	N	2500	0	40	364	150	33	21	31	0	0	0	0	0	0	0	0	0	0	0	0	26937126	
342	1	A	4	N	2500	0	1	310	115	22	14	24	0	0	0	0	0	0	0	0	0	0	0	0	26937267	
343	1	A	4	N	2500	0	40	208	162	48	29	36	0	0	0	0	0	0	0	0	0	0	0	0	26937766	
344	1	A	4	N	2500	0	40	254	127	31	19	24	0	0	0	0	0	0	0	0	0	0	0	0	26937922	
345	1	A	4	N	2500	0	40	284	166	38	26	40	0	0	0	0	0	0	0	0	0	0	0	0	26938047	
346	1	A	4	N	2500	0	40	357	171	43	27	38	0	0	0	0	0	0	0	0	0	0	0	0	26938328	
347	1	A	4	N	2500	0	1	87	18	4	3	8	0	0	0	0	0	0	0	0	0	0	0	0	26938718	
