Id	Plate	Row	Column	Clog	Scan rate	Status sort	Status sel	TOF	EXT	Green	Yellow	Red	PH Ext	PW Ext	PC Ext	PH Green	PW Green	PCGreen	PH Yellow	PW Yellow	PCYellow	PH Red	PW Red	PCRed	Time Stamp	
0	1	A	2	N	2500	6	40	347	127	28	15	21	0	0	0	0	0	0	0	0	0	0	0	0	4590148	
1	1	A	2	N	2500	6	40	227	127	23	18	25	0	0	0	0	0	0	0	0	0	0	0	0	4590397	
2	1	A	2	N	2500	6	40	234	138	29	21	25	0	0	0	0	0	0	0	0	0	0	0	0	4592332	
3	1	A	2	N	2500	0	40	192	129	24	17	23	0	0	0	0	0	0	0	0	0	0	0	0	4592503	
4	1	A	2	N	2500	0	1	173	110	19	13	17	0	0	0	0	0	0	0	0	0	0	0	0	4592519	
5	1	A	2	N	2500	0	40	484	184	32	22	34	0	0	0	0	0	0	0	0	0	0	0	0	4592597	
6	1	A	2	N	2500	0	1	244	75	9	8	10	0	0	0	0	0	0	0	0	0	0	0	0	4593002	
7	1	A	2	N	2500	0	40	295	101	16	11	13	0	0	0	0	0	0	0	0	0	0	0	0	4593346	
8	1	A	2	N	2500	0	40	333	135	21	13	13	0	0	0	0	0	0	0	0	0	0	0	0	4594094	
9	1	A	2	N	2500	0	40	382	254	46	30	38	0	0	0	0	0	0	0	0	0	0	0	0	4594391	
10	1	A	2	N	2500	0	40	282	121	18	12	21	0	0	0	0	0	0	0	0	0	0	0	0	4594640	
11	1	A	2	N	2500	0	40	400	156	28	17	23	0	0	0	0	0	0	0	0	0	0	0	0	4595030	
12	1	A	2	N	2500	0	1	127	45	11	11	23	0	0	0	0	0	0	0	0	0	0	0	0	4595155	
13	1	A	2	N	2500	0	40	351	120	19	12	14	0	0	0	0	0	0	0	0	0	0	0	0	4595311	
14	1	A	2	N	2500	0	40	255	112	21	13	17	0	0	0	0	0	0	0	0	0	0	0	0	4595701	
15	1	A	4	N	2500	6	40	349	141	25	19	26	0	0	0	0	0	0	0	0	0	0	0	0	4618711	
16	1	A	4	N	2500	6	40	297	101	17	11	13	0	0	0	0	0	0	0	0	0	0	0	0	4618867	
17	1	A	4	N	2500	6	40	193	126	25	17	19	0	0	0	0	0	0	0	0	0	0	0	0	4619117	
18	1	A	4	N	2500	0	40	233	148	30	17	22	0	0	0	0	0	0	0	0	0	0	0	0	4619164	
19	1	A	4	N	2500	0	40	398	166	32	22	32	0	0	0	0	0	0	0	0	0	0	0	0	4619242	
20	1	A	4	N	2500	0	40	498	172	32	22	33	0	0	0	0	0	0	0	0	0	0	0	0	4619569	
21	1	A	4	N	2500	0	40	269	103	20	15	18	0	0	0	0	0	0	0	0	0	0	0	0	4619725	
22	1	A	4	N	2500	0	1	63	24	3	2	5	0	0	0	0	0	0	0	0	0	0	0	0	4619741	
23	1	A	4	N	2500	0	40	254	125	32	19	22	0	0	0	0	0	0	0	0	0	0	0	0	4620115	
24	1	A	4	N	2500	0	40	470	189	35	25	37	0	0	0	0	0	0	0	0	0	0	0	0	4620131	
25	1	A	4	N	2500	0	40	339	154	32	22	24	0	0	0	0	0	0	0	0	0	0	0	0	4620318	
26	1	A	4	N	2500	0	40	263	135	23	14	19	0	0	0	0	0	0	0	0	0	0	0	0	4620505	
27	1	A	4	N	2500	0	40	339	153	36	21	27	0	0	0	0	0	0	0	0	0	0	0	0	4620552	
28	1	A	4	N	2500	0	40	231	136	30	17	23	0	0	0	0	0	0	0	0	0	0	0	0	4620630	
29	1	A	4	N	2500	0	40	428	151	30	19	24	0	0	0	0	0	0	0	0	0	0	0	0	4620630	
30	1	A	4	N	2500	0	40	207	125	24	15	18	0	0	0	0	0	0	0	0	0	0	0	0	4620786	
31	1	A	4	N	2500	0	40	296	163	32	20	23	0	0	0	0	0	0	0	0	0	0	0	0	4620802	
32	1	A	4	N	2500	0	40	294	153	30	18	23	0	0	0	0	0	0	0	0	0	0	0	0	4620911	
33	1	A	4	N	2500	0	40	383	142	26	17	26	0	0	0	0	0	0	0	0	0	0	0	0	4620942	
34	1	A	4	N	2500	0	40	380	166	28	17	23	0	0	0	0	0	0	0	0	0	0	0	0	4621020	
35	1	A	4	N	2500	0	40	346	127	26	15	20	0	0	0	0	0	0	0	0	0	0	0	0	4621098	
36	1	A	4	N	2500	0	40	423	158	32	20	28	0	0	0	0	0	0	0	0	0	0	0	0	4621223	
37	1	A	4	N	2500	0	40	363	161	33	17	21	0	0	0	0	0	0	0	0	0	0	0	0	4621301	
38	1	A	4	N	2500	0	40	369	144	25	15	18	0	0	0	0	0	0	0	0	0	0	0	0	4621316	
39	1	A	4	N	2500	0	40	239	150	34	22	23	0	0	0	0	0	0	0	0	0	0	0	0	4621332	
40	1	A	4	N	2500	0	40	352	147	32	17	25	0	0	0	0	0	0	0	0	0	0	0	0	4621379	
41	1	A	4	N	2500	0	40	365	147	25	17	21	0	0	0	0	0	0	0	0	0	0	0	0	4621394	
42	1	A	4	N	2500	0	40	374	144	26	15	18	0	0	0	0	0	0	0	0	0	0	0	0	4621410	
43	1	A	4	N	2500	0	40	262	101	19	12	17	0	0	0	0	0	0	0	0	0	0	0	0	4621488	
44	1	A	4	N	2500	0	40	367	156	29	18	25	0	0	0	0	0	0	0	0	0	0	0	0	4621504	
45	1	A	4	N	2500	0	40	367	148	25	15	20	0	0	0	0	0	0	0	0	0	0	0	0	4621550	
46	1	A	4	N	2500	0	40	334	118	22	14	17	0	0	0	0	0	0	0	0	0	0	0	0	4621644	
47	1	A	4	N	2500	0	40	294	145	25	17	23	0	0	0	0	0	0	0	0	0	0	0	0	4621675	
48	1	A	4	N	2500	0	40	426	175	29	17	27	0	0	0	0	0	0	0	0	0	0	0	0	4621800	
49	1	A	4	N	2500	0	40	301	132	26	16	18	0	0	0	0	0	0	0	0	0	0	0	0	4621894	
50	1	A	4	N	2500	0	40	391	163	30	19	26	0	0	0	0	0	0	0	0	0	0	0	0	4621925	
51	1	A	4	N	2500	0	40	235	145	25	18	23	0	0	0	0	0	0	0	0	0	0	0	0	4622003	
52	1	A	4	N	2500	0	40	197	130	26	17	22	0	0	0	0	0	0	0	0	0	0	0	0	4622065	
53	1	A	4	N	2500	0	40	303	155	27	21	28	0	0	0	0	0	0	0	0	0	0	0	0	4622065	
54	1	A	4	N	2500	0	40	368	133	23	14	20	0	0	0	0	0	0	0	0	0	0	0	0	4622081	
55	1	A	4	N	2500	0	40	231	150	23	18	28	0	0	0	0	0	0	0	0	0	0	0	0	4622143	
56	1	A	4	N	2500	0	40	339	131	22	13	14	0	0	0	0	0	0	0	0	0	0	0	0	4622159	
57	1	A	4	N	2500	0	40	451	190	33	21	28	0	0	0	0	0	0	0	0	0	0	0	0	4622159	
58	1	A	4	N	2500	0	40	231	140	24	15	18	0	0	0	0	0	0	0	0	0	0	0	0	4622237	
59	1	A	4	N	2500	0	40	173	131	29	21	24	0	0	0	0	0	0	0	0	0	0	0	0	4622252	
60	1	A	4	N	2500	0	40	241	101	16	12	16	0	0	0	0	0	0	0	0	0	0	0	0	4622330	
61	1	A	4	N	2500	0	1	142	79	18	13	18	0	0	0	0	0	0	0	0	0	0	0	0	4622424	
62	1	A	4	N	2500	0	1	122	24	6	3	4	0	0	0	0	0	0	0	0	0	0	0	0	4622424	
63	1	A	4	N	2500	0	40	381	147	27	17	20	0	0	0	0	0	0	0	0	0	0	0	0	4622424	
64	1	A	4	N	2500	0	40	194	144	26	16	20	0	0	0	0	0	0	0	0	0	0	0	0	4622471	
65	1	A	4	N	2500	0	40	266	105	18	13	14	0	0	0	0	0	0	0	0	0	0	0	0	4622596	
66	1	A	4	N	2500	0	40	293	150	29	18	23	0	0	0	0	0	0	0	0	0	0	0	0	4622658	
67	1	A	4	N	2500	0	40	346	134	28	16	27	0	0	0	0	0	0	0	0	0	0	0	0	4622674	
68	1	A	4	N	2500	0	40	298	157	30	19	23	0	0	0	0	0	0	0	0	0	0	0	0	4622767	
69	1	A	4	N	2500	0	40	332	139	22	14	21	0	0	0	0	0	0	0	0	0	0	0	0	4622908	
70	1	A	4	N	2500	0	1	166	94	14	11	14	0	0	0	0	0	0	0	0	0	0	0	0	4622954	
71	1	A	4	N	2500	0	40	416	171	30	20	25	0	0	0	0	0	0	0	0	0	0	0	0	4622986	
72	1	A	4	N	2500	0	40	336	118	20	14	18	0	0	0	0	0	0	0	0	0	0	0	0	4622986	
73	1	A	4	N	2500	0	40	197	117	20	13	16	0	0	0	0	0	0	0	0	0	0	0	0	4623001	
74	1	A	4	N	2500	0	40	372	147	28	16	23	0	0	0	0	0	0	0	0	0	0	0	0	4623048	
75	1	A	4	N	2500	0	40	408	172	31	19	29	0	0	0	0	0	0	0	0	0	0	0	0	4623048	
76	1	A	4	N	2500	0	40	331	169	35	23	33	0	0	0	0	0	0	0	0	0	0	0	0	4623126	
77	1	A	4	N	2500	0	40	270	150	26	21	29	0	0	0	0	0	0	0	0	0	0	0	0	4623142	
78	1	A	4	N	2500	0	40	417	171	30	20	24	0	0	0	0	0	0	0	0	0	0	0	0	4623157	
79	1	A	4	N	2500	0	40	323	118	24	13	17	0	0	0	0	0	0	0	0	0	0	0	0	4623157	
80	1	A	4	N	2500	0	40	339	110	15	13	20	0	0	0	0	0	0	0	0	0	0	0	0	4623220	
81	1	A	4	N	2500	0	40	362	141	28	16	21	0	0	0	0	0	0	0	0	0	0	0	0	4623235	
82	1	A	4	N	2500	0	40	369	153	27	17	24	0	0	0	0	0	0	0	0	0	0	0	0	4623251	
83	1	A	4	N	2500	0	40	281	142	24	18	28	0	0	0	0	0	0	0	0	0	0	0	0	4623298	
84	1	A	4	N	2500	0	40	421	167	31	20	23	0	0	0	0	0	0	0	0	0	0	0	0	4623298	
85	1	A	4	N	2500	0	40	294	146	31	21	28	0	0	0	0	0	0	0	0	0	0	0	0	4623376	
86	1	A	4	N	2500	0	40	309	169	33	19	26	0	0	0	0	0	0	0	0	0	0	0	0	4623391	
87	1	A	4	N	2500	0	40	325	151	31	18	21	0	0	0	0	0	0	0	0	0	0	0	0	4623438	
88	1	A	4	N	2500	0	40	201	116	23	14	20	0	0	0	0	0	0	0	0	0	0	0	0	4623438	
89	1	A	4	N	2500	0	40	201	116	24	14	16	0	0	0	0	0	0	0	0	0	0	0	0	4623438	
90	1	A	4	N	2500	0	40	375	155	25	16	21	0	0	0	0	0	0	0	0	0	0	0	0	4623454	
91	1	A	4	N	2500	0	40	420	174	27	20	28	0	0	0	0	0	0	0	0	0	0	0	0	4623454	
92	1	A	4	N	2500	0	40	250	152	28	18	22	0	0	0	0	0	0	0	0	0	0	0	0	4623516	
93	1	A	4	N	2500	0	40	221	136	27	19	25	0	0	0	0	0	0	0	0	0	0	0	0	4623547	
94	1	A	4	N	2500	0	1	259	66	9	7	7	0	0	0	0	0	0	0	0	0	0	0	0	4623563	
95	1	A	4	N	2500	0	40	239	153	28	20	22	0	0	0	0	0	0	0	0	0	0	0	0	4623578	
96	1	A	4	N	2500	0	40	351	127	25	18	26	0	0	0	0	0	0	0	0	0	0	0	0	4623594	
97	1	A	4	N	2500	0	1	101	23	4	3	5	0	0	0	0	0	0	0	0	0	0	0	0	4623594	
98	1	A	4	N	2500	0	1	240	93	18	12	16	0	0	0	0	0	0	0	0	0	0	0	0	4623594	
99	1	A	4	N	2500	0	40	369	142	30	16	20	0	0	0	0	0	0	0	0	0	0	0	0	4623610	
100	1	A	4	N	2500	0	40	362	144	26	17	20	0	0	0	0	0	0	0	0	0	0	0	0	4623625	
101	1	A	4	N	2500	0	40	263	129	21	14	22	0	0	0	0	0	0	0	0	0	0	0	0	4623672	
102	1	A	4	N	2500	0	40	446	186	37	22	32	0	0	0	0	0	0	0	0	0	0	0	0	4623688	
103	1	A	4	N	2500	0	40	210	147	31	18	21	0	0	0	0	0	0	0	0	0	0	0	0	4623688	
104	1	A	4	N	2500	0	40	391	166	27	17	23	0	0	0	0	0	0	0	0	0	0	0	0	4623703	
105	1	A	4	N	2500	0	40	277	135	26	20	23	0	0	0	0	0	0	0	0	0	0	0	0	4623734	
106	1	A	4	N	2500	0	40	383	156	30	19	26	0	0	0	0	0	0	0	0	0	0	0	0	4623812	
107	1	A	4	N	2500	0	40	430	179	34	21	29	0	0	0	0	0	0	0	0	0	0	0	0	4623828	
108	1	A	4	N	2500	0	40	434	165	30	21	26	0	0	0	0	0	0	0	0	0	0	0	0	4623844	
109	1	A	4	N	2500	0	40	334	150	29	19	24	0	0	0	0	0	0	0	0	0	0	0	0	4623875	
110	1	A	4	N	2500	0	40	211	132	29	16	24	0	0	0	0	0	0	0	0	0	0	0	0	4623875	
111	1	A	4	N	2500	0	40	352	142	25	17	20	0	0	0	0	0	0	0	0	0	0	0	0	4623875	
112	1	A	4	N	2500	0	40	262	121	22	15	21	0	0	0	0	0	0	0	0	0	0	0	0	4623922	
113	1	A	4	N	2500	0	1	114	83	14	12	18	0	0	0	0	0	0	0	0	0	0	0	0	4623968	
114	1	A	4	N	2500	0	40	239	157	30	18	25	0	0	0	0	0	0	0	0	0	0	0	0	4624031	
115	1	A	4	N	2500	0	40	320	162	33	18	24	0	0	0	0	0	0	0	0	0	0	0	0	4624046	
116	1	A	4	N	2500	0	1	78	22	3	2	3	0	0	0	0	0	0	0	0	0	0	0	0	4624093	
117	1	A	4	N	2500	0	40	345	125	22	15	18	0	0	0	0	0	0	0	0	0	0	0	0	4624109	
118	1	A	4	N	2500	0	2	164	141	30	18	21	0	0	0	0	0	0	0	0	0	0	0	0	4624171	
119	1	A	4	N	2500	0	40	229	124	24	14	17	0	0	0	0	0	0	0	0	0	0	0	0	4624202	
120	1	A	4	N	2500	0	40	221	131	26	20	27	0	0	0	0	0	0	0	0	0	0	0	0	4624296	
121	1	A	4	N	2500	0	40	348	123	25	13	16	0	0	0	0	0	0	0	0	0	0	0	0	4624327	
122	1	A	4	N	2500	0	40	230	147	27	18	23	0	0	0	0	0	0	0	0	0	0	0	0	4624343	
123	1	A	4	N	2500	0	40	263	146	27	19	25	0	0	0	0	0	0	0	0	0	0	0	0	4624468	
124	1	A	4	N	2500	0	40	253	145	26	19	25	0	0	0	0	0	0	0	0	0	0	0	0	4624577	
125	1	A	4	N	2500	0	40	191	148	27	20	23	0	0	0	0	0	0	0	0	0	0	0	0	4624608	
126	1	A	4	N	2500	0	40	210	143	25	17	18	0	0	0	0	0	0	0	0	0	0	0	0	4624655	
127	1	A	4	N	2500	0	40	334	111	18	13	18	0	0	0	0	0	0	0	0	0	0	0	0	4624670	
128	1	A	4	N	2500	0	40	292	155	27	20	25	0	0	0	0	0	0	0	0	0	0	0	0	4624670	
129	1	A	4	N	2500	0	40	357	138	26	17	23	0	0	0	0	0	0	0	0	0	0	0	0	4624717	
130	1	A	4	N	2500	0	40	356	147	25	19	21	0	0	0	0	0	0	0	0	0	0	0	0	4624764	
131	1	A	4	N	2500	0	40	363	143	25	16	22	0	0	0	0	0	0	0	0	0	0	0	0	4624920	
132	1	A	4	N	2500	0	40	274	98	17	11	16	0	0	0	0	0	0	0	0	0	0	0	0	4625216	
133	1	A	4	N	2500	0	40	347	133	25	16	18	0	0	0	0	0	0	0	0	0	0	0	0	4625419	
134	1	A	4	N	2500	0	40	243	153	32	18	27	0	0	0	0	0	0	0	0	0	0	0	0	4625544	
135	1	A	4	N	2500	0	1	205	68	10	8	12	0	0	0	0	0	0	0	0	0	0	0	0	4625575	
136	1	A	4	N	2500	0	40	420	172	30	17	25	0	0	0	0	0	0	0	0	0	0	0	0	4625700	
137	1	A	4	N	2500	0	1	211	60	8	6	9	0	0	0	0	0	0	0	0	0	0	0	0	4625825	
138	1	A	4	N	2500	0	1	178	83	12	7	10	0	0	0	0	0	0	0	0	0	0	0	0	4626074	
139	1	A	5	N	2500	6	40	229	144	26	16	18	0	0	0	0	0	0	0	0	0	0	0	0	4634280	
140	1	A	5	N	2500	6	40	358	141	28	16	18	0	0	0	0	0	0	0	0	0	0	0	0	4634420	
141	1	A	5	N	2500	6	40	383	125	21	14	21	0	0	0	0	0	0	0	0	0	0	0	0	4635824	
142	1	A	6	N	2500	6	40	291	99	18	14	18	0	0	0	0	0	0	0	0	0	0	0	0	4647228	
143	1	A	6	N	2500	2	1	173	95	17	12	13	0	0	0	0	0	0	0	0	0	0	0	0	4647431	
144	1	A	6	N	2500	6	40	358	100	16	9	13	0	0	0	0	0	0	0	0	0	0	0	0	4647665	
145	1	A	6	N	2500	6	40	237	128	20	14	19	0	0	0	0	0	0	0	0	0	0	0	0	4648382	
146	1	A	6	N	2500	0	1	201	86	13	9	10	0	0	0	0	0	0	0	0	0	0	0	0	4648741	
147	1	A	6	N	2500	0	1	200	85	15	10	12	0	0	0	0	0	0	0	0	0	0	0	0	4648788	
148	1	A	6	N	2500	0	40	348	132	25	15	22	0	0	0	0	0	0	0	0	0	0	0	0	4649209	
149	1	A	6	N	2500	0	40	291	100	18	12	17	0	0	0	0	0	0	0	0	0	0	0	0	4649521	
150	1	A	6	N	2500	0	40	389	140	25	16	22	0	0	0	0	0	0	0	0	0	0	0	0	4649537	
151	1	A	6	N	2500	0	40	275	129	25	17	22	0	0	0	0	0	0	0	0	0	0	0	0	4649989	
152	1	A	6	N	2500	0	40	332	127	21	14	23	0	0	0	0	0	0	0	0	0	0	0	0	4650130	
153	1	A	6	N	2500	0	1	135	45	7	5	8	0	0	0	0	0	0	0	0	0	0	0	0	4650130	
154	1	A	6	N	2500	0	1	92	31	4	3	5	0	0	0	0	0	0	0	0	0	0	0	0	4650130	
155	1	A	6	N	2500	0	1	146	39	4	3	6	0	0	0	0	0	0	0	0	0	0	0	0	4650286	
156	1	A	6	N	2500	0	40	367	145	23	16	23	0	0	0	0	0	0	0	0	0	0	0	0	4650410	
157	1	A	6	N	2500	0	40	314	104	19	12	20	0	0	0	0	0	0	0	0	0	0	0	0	4650457	
158	1	A	6	N	2500	0	40	271	113	21	12	17	0	0	0	0	0	0	0	0	0	0	0	0	4650816	
159	1	A	6	N	2500	0	1	181	98	22	13	20	0	0	0	0	0	0	0	0	0	0	0	0	4651284	
160	1	A	6	N	2500	0	1	72	14	1	1	1	0	0	0	0	0	0	0	0	0	0	0	0	4651315	
161	1	A	6	N	2500	0	1	179	81	12	7	10	0	0	0	0	0	0	0	0	0	0	0	0	4651315	
162	1	A	6	N	2500	0	40	250	109	22	12	14	0	0	0	0	0	0	0	0	0	0	0	0	4651752	
163	1	A	6	N	2500	0	40	318	100	16	11	18	0	0	0	0	0	0	0	0	0	0	0	0	4651814	
164	1	A	6	N	2500	0	1	195	77	15	8	12	0	0	0	0	0	0	0	0	0	0	0	0	4651986	
165	1	A	6	N	2500	0	40	290	119	20	13	17	0	0	0	0	0	0	0	0	0	0	0	0	4652329	
166	1	A	6	N	2500	0	1	165	91	21	13	15	0	0	0	0	0	0	0	0	0	0	0	0	4652345	
167	1	A	6	N	2500	0	1	190	90	17	10	14	0	0	0	0	0	0	0	0	0	0	0	0	4652548	
168	1	A	6	N	2500	0	40	355	142	26	17	24	0	0	0	0	0	0	0	0	0	0	0	0	4652813	
169	1	A	6	N	2500	0	2	296	84	13	9	13	0	0	0	0	0	0	0	0	0	0	0	0	4653140	
170	1	A	6	N	2500	0	40	258	115	22	16	23	0	0	0	0	0	0	0	0	0	0	0	0	4653218	
171	1	A	6	N	2500	0	1	198	93	16	11	17	0	0	0	0	0	0	0	0	0	0	0	0	4653312	
172	1	A	6	N	2500	0	40	303	140	24	15	21	0	0	0	0	0	0	0	0	0	0	0	0	4653406	
173	1	A	6	N	2500	0	40	221	107	18	12	16	0	0	0	0	0	0	0	0	0	0	0	0	4653421	
174	1	A	6	N	2500	0	40	310	105	15	10	16	0	0	0	0	0	0	0	0	0	0	0	0	4653452	
175	1	A	6	N	2500	0	1	219	76	13	9	16	0	0	0	0	0	0	0	0	0	0	0	0	4653671	
176	1	A	6	N	2500	0	40	360	119	20	14	16	0	0	0	0	0	0	0	0	0	0	0	0	4653889	
177	1	A	8	N	2500	2	2	155	129	25	16	22	0	0	0	0	0	0	0	0	0	0	0	0	4676291	
178	1	A	8	N	2500	6	40	350	139	28	17	22	0	0	0	0	0	0	0	0	0	0	0	0	4676790	
179	1	A	8	N	2500	6	40	383	161	34	17	23	0	0	0	0	0	0	0	0	0	0	0	0	4677102	
180	1	A	8	N	2500	6	40	309	127	20	14	19	0	0	0	0	0	0	0	0	0	0	0	0	4677289	
181	1	A	8	N	2500	0	40	199	136	29	17	21	0	0	0	0	0	0	0	0	0	0	0	0	4677601	
182	1	A	8	N	2500	0	40	174	118	23	17	20	0	0	0	0	0	0	0	0	0	0	0	0	4678132	
183	1	A	8	N	2500	0	40	294	114	19	14	16	0	0	0	0	0	0	0	0	0	0	0	0	4678163	
184	1	A	8	N	2500	0	40	182	129	32	19	24	0	0	0	0	0	0	0	0	0	0	0	0	4678210	
185	1	A	8	N	2500	0	40	330	120	23	12	18	0	0	0	0	0	0	0	0	0	0	0	0	4678912	
186	1	A	8	N	2500	0	40	392	141	22	14	21	0	0	0	0	0	0	0	0	0	0	0	0	4679146	
187	1	A	8	N	2500	0	40	203	121	28	19	25	0	0	0	0	0	0	0	0	0	0	0	0	4679333	
188	1	A	8	N	2500	0	40	356	124	20	13	18	0	0	0	0	0	0	0	0	0	0	0	0	4679349	
189	1	A	8	N	2500	0	40	169	126	24	17	23	0	0	0	0	0	0	0	0	0	0	0	0	4679411	
190	1	A	8	N	2500	0	40	355	154	28	16	25	0	0	0	0	0	0	0	0	0	0	0	0	4679520	
191	1	A	8	N	2500	0	1	72	13	1	0	0	0	0	0	0	0	0	0	0	0	0	0	0	4679645	
192	1	A	8	N	2500	0	40	379	125	19	12	14	0	0	0	0	0	0	0	0	0	0	0	0	4679863	
193	1	A	8	N	2500	0	40	378	139	23	14	18	0	0	0	0	0	0	0	0	0	0	0	0	4680004	
194	1	A	8	N	2500	0	40	331	117	17	11	14	0	0	0	0	0	0	0	0	0	0	0	0	4680035	
195	1	A	8	N	2500	0	40	237	124	24	14	19	0	0	0	0	0	0	0	0	0	0	0	0	4680051	
196	1	A	8	N	2500	0	40	345	144	26	16	23	0	0	0	0	0	0	0	0	0	0	0	0	4680097	
197	1	A	8	N	2500	0	40	398	135	25	16	20	0	0	0	0	0	0	0	0	0	0	0	0	4680129	
198	1	A	8	N	2500	0	40	339	120	22	15	21	0	0	0	0	0	0	0	0	0	0	0	0	4680222	
199	1	A	8	N	2500	0	40	479	175	30	21	29	0	0	0	0	0	0	0	0	0	0	0	0	4680550	
200	1	A	8	N	2500	0	40	218	139	26	19	22	0	0	0	0	0	0	0	0	0	0	0	0	4680628	
201	1	A	8	N	2500	0	1	223	102	17	12	16	0	0	0	0	0	0	0	0	0	0	0	0	4680690	
202	1	A	8	N	2500	0	40	356	120	22	14	19	0	0	0	0	0	0	0	0	0	0	0	0	4680706	
203	1	A	8	N	2500	0	40	342	117	19	14	21	0	0	0	0	0	0	0	0	0	0	0	0	4680737	
204	1	A	8	N	2500	0	40	259	164	33	19	23	0	0	0	0	0	0	0	0	0	0	0	0	4680799	
205	1	A	8	N	2500	0	40	315	137	25	16	23	0	0	0	0	0	0	0	0	0	0	0	0	4681252	
206	1	A	8	N	2500	0	40	350	127	22	14	22	0	0	0	0	0	0	0	0	0	0	0	0	4681377	
207	1	A	8	N	2500	0	1	202	104	15	11	17	0	0	0	0	0	0	0	0	0	0	0	0	4681439	
208	1	A	8	N	2500	0	1	143	75	9	7	10	0	0	0	0	0	0	0	0	0	0	0	0	4681470	
209	1	A	8	N	2500	0	40	361	132	23	14	17	0	0	0	0	0	0	0	0	0	0	0	0	4681548	
210	1	A	8	N	2500	0	40	261	114	20	15	20	0	0	0	0	0	0	0	0	0	0	0	0	4681813	
211	1	A	8	N	2500	0	1	211	79	10	7	11	0	0	0	0	0	0	0	0	0	0	0	0	4681845	
212	1	A	8	N	2500	0	40	374	132	27	15	22	0	0	0	0	0	0	0	0	0	0	0	0	4681969	
213	1	A	8	N	2500	0	40	369	158	33	18	26	0	0	0	0	0	0	0	0	0	0	0	0	4682047	
214	1	A	8	N	2500	0	1	177	68	8	6	9	0	0	0	0	0	0	0	0	0	0	0	0	4682656	
215	1	A	8	N	2500	0	40	368	144	31	17	24	0	0	0	0	0	0	0	0	0	0	0	0	4682781	
216	1	A	8	N	2500	0	40	279	116	19	12	19	0	0	0	0	0	0	0	0	0	0	0	0	4682921	
217	1	A	9	N	2500	2	1	137	32	4	0	2	0	0	0	0	0	0	0	0	0	0	0	0	4690596	
218	1	A	10	N	2500	6	40	357	132	24	16	19	0	0	0	0	0	0	0	0	0	0	0	0	4705135	
219	1	A	10	N	2500	6	40	336	144	28	17	21	0	0	0	0	0	0	0	0	0	0	0	0	4705837	
220	1	A	10	N	2500	6	40	365	148	27	17	23	0	0	0	0	0	0	0	0	0	0	0	0	4706056	
221	1	A	10	N	2500	0	40	322	123	21	14	21	0	0	0	0	0	0	0	0	0	0	0	0	4706259	
222	1	A	10	N	2500	0	40	335	119	20	12	20	0	0	0	0	0	0	0	0	0	0	0	0	4706290	
223	1	A	10	N	2500	0	40	403	144	23	14	21	0	0	0	0	0	0	0	0	0	0	0	0	4706555	
224	1	A	10	N	2500	0	40	279	108	20	12	19	0	0	0	0	0	0	0	0	0	0	0	0	4706914	
225	1	A	10	N	2500	0	40	339	118	19	13	19	0	0	0	0	0	0	0	0	0	0	0	0	4707928	
226	1	A	10	N	2500	0	40	175	131	24	16	18	0	0	0	0	0	0	0	0	0	0	0	0	4707959	
227	1	A	10	N	2500	0	40	322	108	16	12	14	0	0	0	0	0	0	0	0	0	0	0	0	4708146	
228	1	A	10	N	2500	0	40	238	113	19	14	17	0	0	0	0	0	0	0	0	0	0	0	0	4708162	
229	1	A	10	N	2500	0	1	232	77	10	7	10	0	0	0	0	0	0	0	0	0	0	0	0	4708240	
230	1	A	10	N	2500	0	40	348	123	23	14	21	0	0	0	0	0	0	0	0	0	0	0	0	4708349	
231	1	A	10	N	2500	0	1	198	108	16	12	12	0	0	0	0	0	0	0	0	0	0	0	0	4708692	
232	1	A	10	N	2500	0	40	194	129	23	16	20	0	0	0	0	0	0	0	0	0	0	0	0	4708770	
233	1	A	10	N	2500	0	40	459	164	30	20	31	0	0	0	0	0	0	0	0	0	0	0	0	4708879	
234	1	A	10	N	2500	0	1	128	98	15	13	18	0	0	0	0	0	0	0	0	0	0	0	0	4709145	
235	1	A	10	N	2500	0	40	232	128	24	15	17	0	0	0	0	0	0	0	0	0	0	0	0	4709145	
236	1	A	10	N	2500	0	40	448	185	33	22	32	0	0	0	0	0	0	0	0	0	0	0	0	4709332	
237	1	A	10	N	2500	0	1	112	25	3	4	7	0	0	0	0	0	0	0	0	0	0	0	0	4709425	
238	1	A	10	N	2500	0	1	167	50	7	5	9	0	0	0	0	0	0	0	0	0	0	0	0	4709675	
239	1	A	10	N	2500	0	40	250	131	23	16	22	0	0	0	0	0	0	0	0	0	0	0	0	4709769	
240	1	A	10	N	2500	0	40	383	154	29	18	21	0	0	0	0	0	0	0	0	0	0	0	0	4710112	
241	1	A	10	N	2500	0	40	361	127	22	13	17	0	0	0	0	0	0	0	0	0	0	0	0	4710174	
242	1	A	10	N	2500	0	40	232	126	25	15	21	0	0	0	0	0	0	0	0	0	0	0	0	4710315	
243	1	A	10	N	2500	0	40	346	129	23	14	15	0	0	0	0	0	0	0	0	0	0	0	0	4710502	
244	1	A	10	N	2500	0	40	331	127	24	15	16	0	0	0	0	0	0	0	0	0	0	0	0	4710580	
245	1	A	10	N	2500	0	40	318	114	20	13	17	0	0	0	0	0	0	0	0	0	0	0	0	4710767	
246	1	A	10	N	2500	0	40	300	121	24	13	18	0	0	0	0	0	0	0	0	0	0	0	0	4711001	
247	1	A	10	N	2500	0	40	213	136	24	14	17	0	0	0	0	0	0	0	0	0	0	0	0	4711157	
248	1	A	10	N	2500	0	1	187	96	14	11	15	0	0	0	0	0	0	0	0	0	0	0	0	4711204	
249	1	A	10	N	2500	0	40	310	144	28	16	22	0	0	0	0	0	0	0	0	0	0	0	0	4711687	
250	1	A	10	N	2500	0	40	425	152	26	15	16	0	0	0	0	0	0	0	0	0	0	0	0	4711703	
251	1	A	10	N	2500	0	40	284	128	26	13	17	0	0	0	0	0	0	0	0	0	0	0	0	4711781	
252	1	A	10	N	2500	0	40	233	127	21	15	21	0	0	0	0	0	0	0	0	0	0	0	0	4711937	
253	1	A	11	N	2500	6	40	232	127	27	15	18	0	0	0	0	0	0	0	0	0	0	0	0	4719253	
254	1	A	11	N	2500	6	40	198	121	21	12	17	0	0	0	0	0	0	0	0	0	0	0	0	4721063	
255	1	A	11	N	2500	6	40	327	143	27	17	21	0	0	0	0	0	0	0	0	0	0	0	0	4724105	
256	1	A	12	N	2500	6	40	333	115	24	13	18	0	0	0	0	0	0	0	0	0	0	0	0	4733980	
257	1	A	12	N	2500	6	40	382	146	26	18	21	0	0	0	0	0	0	0	0	0	0	0	0	4734432	
258	1	A	12	N	2500	6	40	404	152	30	15	23	0	0	0	0	0	0	0	0	0	0	0	0	4735134	
259	1	A	12	N	2500	0	40	211	111	23	14	16	0	0	0	0	0	0	0	0	0	0	0	0	4736226	
260	1	A	12	N	2500	0	40	239	157	30	20	26	0	0	0	0	0	0	0	0	0	0	0	0	4736632	
261	1	A	12	N	2500	0	40	246	147	32	23	26	0	0	0	0	0	0	0	0	0	0	0	0	4736710	
262	1	A	12	N	2500	0	40	274	143	23	17	19	0	0	0	0	0	0	0	0	0	0	0	0	4736913	
263	1	A	12	N	2500	0	40	288	158	27	20	25	0	0	0	0	0	0	0	0	0	0	0	0	4736913	
264	1	A	12	N	2500	0	40	345	122	29	21	29	0	0	0	0	0	0	0	0	0	0	0	0	4736944	
265	1	A	12	N	2500	0	40	243	154	28	18	22	0	0	0	0	0	0	0	0	0	0	0	0	4736959	
266	1	A	12	N	2500	0	40	284	94	14	9	13	0	0	0	0	0	0	0	0	0	0	0	0	4736959	
267	1	A	12	N	2500	0	40	366	148	31	16	26	0	0	0	0	0	0	0	0	0	0	0	0	4737209	
268	1	A	12	N	2500	0	40	387	143	24	16	22	0	0	0	0	0	0	0	0	0	0	0	0	4737225	
269	1	A	12	N	2500	0	40	357	149	32	18	24	0	0	0	0	0	0	0	0	0	0	0	0	4737271	
270	1	A	12	N	2500	0	40	291	96	20	13	19	0	0	0	0	0	0	0	0	0	0	0	0	4737271	
271	1	A	12	N	2500	0	1	56	25	5	4	4	0	0	0	0	0	0	0	0	0	0	0	0	4737271	
272	1	A	12	N	2500	0	1	141	92	13	11	15	0	0	0	0	0	0	0	0	0	0	0	0	4737318	
273	1	A	12	N	2500	0	1	128	53	9	5	10	0	0	0	0	0	0	0	0	0	0	0	0	4737396	
274	1	A	12	N	2500	0	40	414	174	29	23	30	0	0	0	0	0	0	0	0	0	0	0	0	4737646	
275	1	A	12	N	2500	0	1	126	100	22	12	18	0	0	0	0	0	0	0	0	0	0	0	0	4737661	
276	1	A	12	N	2500	0	40	354	127	22	14	22	0	0	0	0	0	0	0	0	0	0	0	0	4737677	
277	1	A	12	N	2500	0	40	415	170	29	22	29	0	0	0	0	0	0	0	0	0	0	0	0	4737771	
278	1	A	12	N	2500	0	40	368	144	27	16	20	0	0	0	0	0	0	0	0	0	0	0	0	4738239	
279	1	A	12	N	2500	0	40	281	130	26	16	25	0	0	0	0	0	0	0	0	0	0	0	0	4738473	
280	1	A	12	N	2500	0	40	276	182	37	29	36	0	0	0	0	0	0	0	0	0	0	0	0	4738675	
281	1	A	12	N	2500	0	40	353	157	33	20	24	0	0	0	0	0	0	0	0	0	0	0	0	4739705	
282	1	A	12	N	2500	0	40	357	150	27	17	21	0	0	0	0	0	0	0	0	0	0	0	0	4740033	
283	1	B	12	N	2500	2	1	60	16	0	0	0	0	0	0	0	0	0	0	0	0	0	0	0	4747162	
284	1	B	12	N	2500	6	40	290	130	29	20	26	0	0	0	0	0	0	0	0	0	0	0	0	4747817	
285	1	B	12	N	2500	6	40	251	136	30	18	22	0	0	0	0	0	0	0	0	0	0	0	0	4748441	
286	1	B	12	N	2500	6	40	296	114	27	17	20	0	0	0	0	0	0	0	0	0	0	0	0	4749439	
287	1	B	12	N	2500	0	40	312	106	26	14	16	0	0	0	0	0	0	0	0	0	0	0	0	4749767	
288	1	B	12	N	2500	0	1	104	25	3	3	4	0	0	0	0	0	0	0	0	0	0	0	0	4750734	
289	1	B	12	N	2500	0	1	158	67	10	8	9	0	0	0	0	0	0	0	0	0	0	0	0	4750734	
290	1	B	12	N	2500	0	1	279	83	13	10	15	0	0	0	0	0	0	0	0	0	0	0	0	4751187	
291	1	B	12	N	2500	0	1	127	102	21	14	18	0	0	0	0	0	0	0	0	0	0	0	0	4751499	
292	1	B	12	N	2500	0	1	278	85	17	12	21	0	0	0	0	0	0	0	0	0	0	0	0	4751561	
293	1	B	12	N	2500	0	40	375	151	32	18	29	0	0	0	0	0	0	0	0	0	0	0	0	4751686	
294	1	B	12	N	2500	0	40	203	122	19	13	17	0	0	0	0	0	0	0	0	0	0	0	0	4751701	
295	1	B	12	N	2500	0	40	368	148	28	20	23	0	0	0	0	0	0	0	0	0	0	0	0	4752076	
296	1	B	12	N	2500	0	40	320	146	30	17	24	0	0	0	0	0	0	0	0	0	0	0	0	4752513	
297	1	B	12	N	2500	0	40	335	132	29	14	20	0	0	0	0	0	0	0	0	0	0	0	0	4752528	
298	1	B	12	N	2500	0	40	413	189	44	24	31	0	0	0	0	0	0	0	0	0	0	0	0	4752544	
299	1	B	12	N	2500	0	40	371	142	25	17	21	0	0	0	0	0	0	0	0	0	0	0	0	4752606	
300	1	B	12	N	2500	0	1	247	66	9	7	12	0	0	0	0	0	0	0	0	0	0	0	0	4752637	
301	1	B	12	N	2500	0	40	190	136	27	18	20	0	0	0	0	0	0	0	0	0	0	0	0	4752700	
302	1	B	12	N	2500	0	1	165	102	17	11	14	0	0	0	0	0	0	0	0	0	0	0	0	4752793	
303	1	B	12	N	2500	0	1	146	114	25	16	21	0	0	0	0	0	0	0	0	0	0	0	0	4752965	
304	1	B	12	N	2500	0	1	245	72	9	6	7	0	0	0	0	0	0	0	0	0	0	0	0	4753371	
305	1	B	12	N	2500	0	40	309	130	26	16	23	0	0	0	0	0	0	0	0	0	0	0	0	4754494	
306	1	B	12	N	2500	0	40	326	111	24	13	21	0	0	0	0	0	0	0	0	0	0	0	0	4754634	
307	1	B	11	N	2500	6	40	440	167	31	19	24	0	0	0	0	0	0	0	0	0	0	0	0	4765819	
308	1	B	10	N	2500	6	40	312	105	17	10	16	0	0	0	0	0	0	0	0	0	0	0	0	4776225	
309	1	B	10	N	2500	6	40	240	113	23	16	21	0	0	0	0	0	0	0	0	0	0	0	0	4777051	
310	1	B	10	N	2500	6	40	301	102	17	12	16	0	0	0	0	0	0	0	0	0	0	0	0	4777176	
311	1	B	10	N	2500	0	40	413	144	27	15	21	0	0	0	0	0	0	0	0	0	0	0	0	4778159	
312	1	B	10	N	2500	0	40	247	128	23	17	22	0	0	0	0	0	0	0	0	0	0	0	0	4778190	
313	1	B	10	N	2500	0	40	314	101	18	12	16	0	0	0	0	0	0	0	0	0	0	0	0	4778424	
314	1	B	10	N	2500	0	1	78	25	3	2	3	0	0	0	0	0	0	0	0	0	0	0	0	4778440	
315	1	B	10	N	2500	0	1	249	88	19	12	16	0	0	0	0	0	0	0	0	0	0	0	0	4778549	
316	1	B	10	N	2500	0	40	404	144	24	15	20	0	0	0	0	0	0	0	0	0	0	0	0	4779329	
317	1	B	10	N	2500	0	1	174	110	20	15	16	0	0	0	0	0	0	0	0	0	0	0	0	4779423	
318	1	B	10	N	2500	0	40	404	143	28	17	25	0	0	0	0	0	0	0	0	0	0	0	0	4779797	
319	1	B	10	N	2500	0	40	367	137	24	16	22	0	0	0	0	0	0	0	0	0	0	0	0	4779906	
320	1	B	10	N	2500	0	1	242	68	8	5	10	0	0	0	0	0	0	0	0	0	0	0	0	4779953	
321	1	B	10	N	2500	0	40	287	101	17	11	14	0	0	0	0	0	0	0	0	0	0	0	0	4779953	
322	1	B	10	N	2500	0	1	230	97	17	11	15	0	0	0	0	0	0	0	0	0	0	0	0	4780062	
323	1	B	10	N	2500	0	1	232	61	9	5	7	0	0	0	0	0	0	0	0	0	0	0	0	4780156	
324	1	B	10	N	2500	0	40	280	88	15	8	14	0	0	0	0	0	0	0	0	0	0	0	0	4780437	
325	1	B	10	N	2500	0	1	181	96	15	11	13	0	0	0	0	0	0	0	0	0	0	0	0	4780639	
326	1	B	10	N	2500	0	40	300	118	23	13	17	0	0	0	0	0	0	0	0	0	0	0	0	4780639	
327	1	B	10	N	2500	0	40	343	123	21	13	19	0	0	0	0	0	0	0	0	0	0	0	0	4780795	
328	1	B	10	N	2500	0	40	241	135	25	16	20	0	0	0	0	0	0	0	0	0	0	0	0	4780811	
329	1	B	10	N	2500	0	1	129	67	9	5	7	0	0	0	0	0	0	0	0	0	0	0	0	4780827	
330	1	B	10	N	2500	0	40	361	126	19	12	16	0	0	0	0	0	0	0	0	0	0	0	0	4780967	
331	1	B	10	N	2500	0	1	157	96	18	12	15	0	0	0	0	0	0	0	0	0	0	0	0	4781045	
332	1	B	10	N	2500	0	40	417	181	35	22	30	0	0	0	0	0	0	0	0	0	0	0	0	4781279	
333	1	B	10	N	2500	0	40	401	142	25	18	26	0	0	0	0	0	0	0	0	0	0	0	0	4781326	
334	1	B	10	N	2500	0	40	348	129	22	14	19	0	0	0	0	0	0	0	0	0	0	0	0	4781326	
335	1	B	10	N	2500	0	1	196	75	17	12	14	0	0	0	0	0	0	0	0	0	0	0	0	4781341	
336	1	B	10	N	2500	0	40	260	104	17	11	15	0	0	0	0	0	0	0	0	0	0	0	0	4781373	
337	1	B	10	N	2500	0	40	282	117	19	14	19	0	0	0	0	0	0	0	0	0	0	0	0	4782028	
338	1	B	10	N	2500	0	40	207	129	22	14	18	0	0	0	0	0	0	0	0	0	0	0	0	4782137	
339	1	B	10	N	2500	0	40	351	118	20	13	19	0	0	0	0	0	0	0	0	0	0	0	0	4782246	
340	1	B	10	N	2500	0	40	435	163	34	17	21	0	0	0	0	0	0	0	0	0	0	0	0	4782371	
341	1	B	10	N	2500	0	40	309	142	29	21	29	0	0	0	0	0	0	0	0	0	0	0	0	4782667	
342	1	B	10	N	2500	0	1	174	84	17	11	10	0	0	0	0	0	0	0	0	0	0	0	0	4782917	
343	1	B	10	N	2500	0	1	85	48	8	7	8	0	0	0	0	0	0	0	0	0	0	0	0	4782917	
344	1	B	10	N	2500	0	40	317	114	19	11	16	0	0	0	0	0	0	0	0	0	0	0	0	4783120	
345	1	B	10	N	2500	0	40	178	170	43	22	29	0	0	0	0	0	0	0	0	0	0	0	0	4783416	
346	1	B	9	N	2500	6	40	363	136	24	16	22	0	0	0	0	0	0	0	0	0	0	0	0	4790764	
347	1	B	9	N	2500	6	40	359	146	28	16	22	0	0	0	0	0	0	0	0	0	0	0	0	4792074	
348	1	B	8	N	2500	2	1	177	76	17	11	14	0	0	0	0	0	0	0	0	0	0	0	0	4804710	
349	1	B	8	N	2500	2	1	167	96	15	11	14	0	0	0	0	0	0	0	0	0	0	0	0	4806941	
350	1	B	8	N	2500	2	1	246	66	9	6	11	0	0	0	0	0	0	0	0	0	0	0	0	4807019	
351	1	B	8	N	2500	2	1	232	86	16	10	16	0	0	0	0	0	0	0	0	0	0	0	0	4807050	
352	1	B	8	N	2500	2	1	85	15	2	1	2	0	0	0	0	0	0	0	0	0	0	0	0	4807113	
353	1	B	8	N	2500	2	1	73	22	2	2	3	0	0	0	0	0	0	0	0	0	0	0	0	4807269	
354	1	B	8	N	2500	6	40	326	115	21	15	20	0	0	0	0	0	0	0	0	0	0	0	0	4807284	
355	1	B	8	N	2500	2	1	165	103	18	12	17	0	0	0	0	0	0	0	0	0	0	0	0	4807316	
356	1	B	8	N	2500	2	1	63	31	3	0	1	0	0	0	0	0	0	0	0	0	0	0	0	4807518	
357	1	B	8	N	2500	2	1	62	12	5	1	3	0	0	0	0	0	0	0	0	0	0	0	0	4807893	
358	1	B	8	N	2500	6	40	218	108	18	12	14	0	0	0	0	0	0	0	0	0	0	0	0	4808018	
359	1	B	8	N	2500	2	1	135	92	13	12	16	0	0	0	0	0	0	0	0	0	0	0	0	4808127	
360	1	B	8	N	2500	6	40	227	111	16	12	16	0	0	0	0	0	0	0	0	0	0	0	0	4808189	
361	1	B	8	N	2500	0	1	119	59	11	7	10	0	0	0	0	0	0	0	0	0	0	0	0	4808236	
362	1	B	8	N	2500	0	1	108	51	6	5	7	0	0	0	0	0	0	0	0	0	0	0	0	4808267	
363	1	B	8	N	2500	0	40	202	128	24	17	19	0	0	0	0	0	0	0	0	0	0	0	0	4808314	
364	1	B	8	N	2500	0	40	325	127	22	15	18	0	0	0	0	0	0	0	0	0	0	0	0	4808470	
365	1	B	8	N	2500	0	40	280	93	14	9	13	0	0	0	0	0	0	0	0	0	0	0	0	4808486	
366	1	B	8	N	2500	0	1	270	82	14	8	9	0	0	0	0	0	0	0	0	0	0	0	0	4808720	
367	1	B	8	N	2500	0	40	305	102	16	12	14	0	0	0	0	0	0	0	0	0	0	0	0	4808751	
368	1	B	8	N	2500	0	40	205	138	30	18	22	0	0	0	0	0	0	0	0	0	0	0	0	4808938	
369	1	B	8	N	2500	0	40	298	114	21	15	18	0	0	0	0	0	0	0	0	0	0	0	0	4808938	
370	1	B	8	N	2500	0	1	170	100	16	10	15	0	0	0	0	0	0	0	0	0	0	0	0	4808954	
371	1	B	8	N	2500	0	40	325	117	19	13	18	0	0	0	0	0	0	0	0	0	0	0	0	4808969	
372	1	B	8	N	2500	0	40	371	134	22	16	19	0	0	0	0	0	0	0	0	0	0	0	0	4808969	
373	1	B	8	N	2500	0	40	383	145	25	16	18	0	0	0	0	0	0	0	0	0	0	0	0	4809125	
374	1	B	8	N	2500	0	1	226	57	7	5	6	0	0	0	0	0	0	0	0	0	0	0	0	4809172	
375	1	B	8	N	2500	0	1	157	110	20	15	19	0	0	0	0	0	0	0	0	0	0	0	0	4809250	
376	1	B	8	N	2500	0	1	89	21	3	2	6	0	0	0	0	0	0	0	0	0	0	0	0	4809297	
377	1	B	8	N	2500	0	40	329	114	19	14	17	0	0	0	0	0	0	0	0	0	0	0	0	4809468	
378	1	B	8	N	2500	0	1	162	90	15	10	11	0	0	0	0	0	0	0	0	0	0	0	0	4809578	
379	1	B	8	N	2500	0	2	300	83	12	8	13	0	0	0	0	0	0	0	0	0	0	0	0	4809609	
380	1	B	8	N	2500	0	1	293	78	12	9	16	0	0	0	0	0	0	0	0	0	0	0	0	4809656	
381	1	B	8	N	2500	0	1	86	24	2	2	4	0	0	0	0	0	0	0	0	0	0	0	0	4810108	
382	1	B	8	N	2500	0	1	171	89	15	9	13	0	0	0	0	0	0	0	0	0	0	0	0	4810436	
383	1	B	8	N	2500	0	1	154	46	7	4	7	0	0	0	0	0	0	0	0	0	0	0	0	4811075	
384	1	B	8	N	2500	0	1	215	96	24	14	20	0	0	0	0	0	0	0	0	0	0	0	0	4811262	
385	1	B	8	N	2500	0	40	323	108	16	10	14	0	0	0	0	0	0	0	0	0	0	0	0	4812011	
