Id	Plate	Row	Column	Clog	Scan rate	Status sort	Status sel	TOF	EXT	Green	Yellow	Red	PH Ext	PW Ext	PC Ext	PH Green	PW Green	PCGreen	PH Yellow	PW Yellow	PCYellow	PH Red	PW Red	PCRed	Time Stamp	
0	1	B	1	N	2500	2	1	78	16	1	0	1	0	0	0	0	0	0	0	0	0	0	0	0	5044489	
1	1	B	1	N	2500	2	1	54	29	1	0	0	0	0	0	0	0	0	0	0	0	0	0	0	5049668	
2	1	B	2	N	2500	6	40	340	133	28	19	21	0	0	0	0	0	0	0	0	0	0	0	0	5059761	
3	1	B	2	N	2500	6	40	375	148	25	17	20	0	0	0	0	0	0	0	0	0	0	0	0	5059933	
4	1	B	2	N	2500	6	40	301	90	20	10	15	0	0	0	0	0	0	0	0	0	0	0	0	5059980	
5	1	B	2	N	2500	0	1	63	13	2	1	2	0	0	0	0	0	0	0	0	0	0	0	0	5060292	
6	1	B	2	N	2500	0	40	305	104	19	13	13	0	0	0	0	0	0	0	0	0	0	0	0	5060292	
7	1	B	2	N	2500	0	40	351	130	24	17	21	0	0	0	0	0	0	0	0	0	0	0	0	5060760	
8	1	B	2	N	2500	0	40	297	157	28	20	29	0	0	0	0	0	0	0	0	0	0	0	0	5060994	
9	1	B	2	N	2500	0	1	226	90	19	14	20	0	0	0	0	0	0	0	0	0	0	0	0	5061493	
10	1	B	2	N	2500	0	40	363	125	25	15	16	0	0	0	0	0	0	0	0	0	0	0	0	5061742	
11	1	B	2	N	2500	0	40	250	101	20	14	19	0	0	0	0	0	0	0	0	0	0	0	0	5061836	
12	1	B	2	N	2500	0	40	265	146	28	17	21	0	0	0	0	0	0	0	0	0	0	0	0	5062117	
13	1	B	2	N	2500	0	40	292	158	27	19	24	0	0	0	0	0	0	0	0	0	0	0	0	5062179	
14	1	B	2	N	2500	0	40	331	120	21	14	18	0	0	0	0	0	0	0	0	0	0	0	0	5062242	
15	1	B	2	N	2500	0	40	452	142	25	16	24	0	0	0	0	0	0	0	0	0	0	0	0	5062850	
16	1	B	2	N	2500	0	40	339	155	31	18	24	0	0	0	0	0	0	0	0	0	0	0	0	5062928	
17	1	B	2	N	2500	0	1	96	27	3	4	5	0	0	0	0	0	0	0	0	0	0	0	0	5063037	
18	1	B	2	N	2500	0	40	243	111	21	14	15	0	0	0	0	0	0	0	0	0	0	0	0	5063053	
19	1	B	2	N	2500	0	40	362	139	23	15	18	0	0	0	0	0	0	0	0	0	0	0	0	5063427	
20	1	B	2	N	2500	0	40	273	146	29	19	25	0	0	0	0	0	0	0	0	0	0	0	0	5063505	
21	1	B	2	N	2500	0	40	353	125	22	14	18	0	0	0	0	0	0	0	0	0	0	0	0	5063536	
22	1	B	2	N	2500	0	40	225	128	24	15	19	0	0	0	0	0	0	0	0	0	0	0	0	5063973	
23	1	B	2	N	2500	0	1	240	91	13	8	13	0	0	0	0	0	0	0	0	0	0	0	0	5064051	
24	1	B	2	N	2500	0	40	245	160	35	22	26	0	0	0	0	0	0	0	0	0	0	0	0	5064145	
25	1	B	2	N	2500	0	40	409	178	35	20	27	0	0	0	0	0	0	0	0	0	0	0	0	5064363	
26	1	B	2	N	2500	0	40	196	122	26	15	18	0	0	0	0	0	0	0	0	0	0	0	0	5064457	
27	1	B	2	N	2500	0	40	332	105	15	11	15	0	0	0	0	0	0	0	0	0	0	0	0	5064769	
28	1	B	2	N	2500	0	40	275	136	27	17	25	0	0	0	0	0	0	0	0	0	0	0	0	5064956	
29	1	B	4	N	2500	6	40	353	138	26	14	18	0	0	0	0	0	0	0	0	0	0	0	0	5088091	
30	1	B	4	N	2500	6	40	300	182	39	29	36	0	0	0	0	0	0	0	0	0	0	0	0	5088637	
31	1	B	4	N	2500	6	40	254	148	26	21	26	0	0	0	0	0	0	0	0	0	0	0	0	5088777	
32	1	B	4	N	2500	0	40	321	148	30	20	27	0	0	0	0	0	0	0	0	0	0	0	0	5089713	
33	1	B	4	N	2500	0	40	291	139	29	20	26	0	0	0	0	0	0	0	0	0	0	0	0	5090025	
34	1	B	4	N	2500	0	40	173	147	27	21	21	0	0	0	0	0	0	0	0	0	0	0	0	5090056	
35	1	B	4	N	2500	0	40	234	134	28	17	25	0	0	0	0	0	0	0	0	0	0	0	0	5090212	
36	1	B	4	N	2500	0	40	290	141	32	18	21	0	0	0	0	0	0	0	0	0	0	0	0	5090415	
37	1	B	4	N	2500	0	40	378	144	28	17	23	0	0	0	0	0	0	0	0	0	0	0	0	5090462	
38	1	B	4	N	2500	0	40	179	135	28	16	21	0	0	0	0	0	0	0	0	0	0	0	0	5090712	
39	1	B	4	N	2500	0	40	316	118	26	18	22	0	0	0	0	0	0	0	0	0	0	0	0	5090883	
40	1	B	4	N	2500	0	40	314	157	29	16	20	0	0	0	0	0	0	0	0	0	0	0	0	5090930	
41	1	B	4	N	2500	0	40	291	165	35	20	25	0	0	0	0	0	0	0	0	0	0	0	0	5091055	
42	1	B	4	N	2500	0	40	219	128	24	16	20	0	0	0	0	0	0	0	0	0	0	0	0	5091180	
43	1	B	4	N	2500	0	40	261	155	33	20	25	0	0	0	0	0	0	0	0	0	0	0	0	5091242	
44	1	B	4	N	2500	0	40	373	133	22	15	16	0	0	0	0	0	0	0	0	0	0	0	0	5091242	
45	1	B	4	N	2500	0	40	332	133	26	17	18	0	0	0	0	0	0	0	0	0	0	0	0	5091382	
46	1	B	4	N	2500	0	40	482	166	31	18	27	0	0	0	0	0	0	0	0	0	0	0	0	5091476	
47	1	B	4	N	2500	0	1	267	69	8	6	10	0	0	0	0	0	0	0	0	0	0	0	0	5091616	
48	1	B	4	N	2500	0	40	348	149	30	19	24	0	0	0	0	0	0	0	0	0	0	0	0	5091679	
49	1	B	4	N	2500	0	40	204	131	26	19	25	0	0	0	0	0	0	0	0	0	0	0	0	5091679	
50	1	B	4	N	2500	0	40	327	137	24	14	19	0	0	0	0	0	0	0	0	0	0	0	0	5091694	
51	1	B	4	N	2500	0	40	344	149	28	19	24	0	0	0	0	0	0	0	0	0	0	0	0	5091819	
52	1	B	4	N	2500	0	40	325	108	18	10	13	0	0	0	0	0	0	0	0	0	0	0	0	5091944	
53	1	B	4	N	2500	0	40	254	168	31	23	32	0	0	0	0	0	0	0	0	0	0	0	0	5092225	
54	1	B	4	N	2500	0	40	289	144	34	22	29	0	0	0	0	0	0	0	0	0	0	0	0	5092256	
55	1	B	4	N	2500	0	40	344	145	28	18	22	0	0	0	0	0	0	0	0	0	0	0	0	5092272	
56	1	B	4	N	2500	0	40	388	136	24	16	24	0	0	0	0	0	0	0	0	0	0	0	0	5092318	
57	1	B	4	N	2500	0	40	298	98	16	10	15	0	0	0	0	0	0	0	0	0	0	0	0	5092428	
58	1	B	4	N	2500	0	40	371	138	30	17	27	0	0	0	0	0	0	0	0	0	0	0	0	5092646	
59	1	B	4	N	2500	0	40	345	125	24	13	17	0	0	0	0	0	0	0	0	0	0	0	0	5092662	
60	1	B	4	N	2500	0	40	455	216	48	30	38	0	0	0	0	0	0	0	0	0	0	0	0	5092911	
61	1	B	4	N	2500	0	40	253	129	22	14	19	0	0	0	0	0	0	0	0	0	0	0	0	5092927	
62	1	B	4	N	2500	0	40	338	141	25	16	21	0	0	0	0	0	0	0	0	0	0	0	0	5092974	
63	1	B	4	N	2500	0	40	395	164	28	19	26	0	0	0	0	0	0	0	0	0	0	0	0	5093067	
64	1	B	4	N	2500	0	40	335	128	23	15	20	0	0	0	0	0	0	0	0	0	0	0	0	5093098	
65	1	B	4	N	2500	0	40	377	164	31	17	26	0	0	0	0	0	0	0	0	0	0	0	0	5093208	
66	1	B	4	N	2500	0	40	392	171	36	19	23	0	0	0	0	0	0	0	0	0	0	0	0	5093395	
67	1	B	4	N	2500	0	1	171	112	18	11	14	0	0	0	0	0	0	0	0	0	0	0	0	5093598	
68	1	B	4	N	2500	0	40	218	160	29	19	22	0	0	0	0	0	0	0	0	0	0	0	0	5093676	
69	1	B	4	N	2500	0	1	61	13	2	1	3	0	0	0	0	0	0	0	0	0	0	0	0	5093769	
70	1	B	4	N	2500	0	40	262	130	22	14	21	0	0	0	0	0	0	0	0	0	0	0	0	5093769	
71	1	B	4	N	2500	0	1	56	11	2	2	5	0	0	0	0	0	0	0	0	0	0	0	0	5094019	
72	1	B	5	N	2500	2	1	58	28	2	1	3	0	0	0	0	0	0	0	0	0	0	0	0	5109697	
73	1	B	6	N	2500	6	40	306	139	26	16	22	0	0	0	0	0	0	0	0	0	0	0	0	5116732	
74	1	B	6	N	2500	6	40	225	156	27	18	23	0	0	0	0	0	0	0	0	0	0	0	0	5117980	
75	1	B	6	N	2500	6	40	347	131	24	14	20	0	0	0	0	0	0	0	0	0	0	0	0	5118651	
76	1	B	6	N	2500	0	1	178	68	8	6	10	0	0	0	0	0	0	0	0	0	0	0	0	5118714	
77	1	B	6	N	2500	0	40	358	135	23	15	17	0	0	0	0	0	0	0	0	0	0	0	0	5119135	
78	1	B	6	N	2500	0	40	367	169	30	18	25	0	0	0	0	0	0	0	0	0	0	0	0	5119275	
79	1	B	6	N	2500	0	40	257	120	27	18	26	0	0	0	0	0	0	0	0	0	0	0	0	5119572	
80	1	B	6	N	2500	0	1	216	67	9	7	10	0	0	0	0	0	0	0	0	0	0	0	0	5119837	
81	1	B	6	N	2500	0	1	178	112	23	13	18	0	0	0	0	0	0	0	0	0	0	0	0	5119977	
82	1	B	6	N	2500	0	40	356	157	26	18	24	0	0	0	0	0	0	0	0	0	0	0	0	5120149	
83	1	B	6	N	2500	0	40	359	161	33	20	32	0	0	0	0	0	0	0	0	0	0	0	0	5120149	
84	1	B	6	N	2500	0	40	276	147	24	18	24	0	0	0	0	0	0	0	0	0	0	0	0	5120445	
85	1	B	6	N	2500	0	40	249	114	25	15	17	0	0	0	0	0	0	0	0	0	0	0	0	5120508	
86	1	B	6	N	2500	0	40	184	135	25	16	25	0	0	0	0	0	0	0	0	0	0	0	0	5121178	
87	1	B	6	N	2500	0	1	268	67	13	10	14	0	0	0	0	0	0	0	0	0	0	0	0	5121225	
88	1	B	6	N	2500	0	1	59	29	4	3	6	0	0	0	0	0	0	0	0	0	0	0	0	5121225	
89	1	B	6	N	2500	0	40	230	150	28	21	30	0	0	0	0	0	0	0	0	0	0	0	0	5121256	
90	1	B	6	N	2500	0	40	291	166	28	20	25	0	0	0	0	0	0	0	0	0	0	0	0	5121303	
91	1	B	6	N	2500	0	40	340	142	25	15	20	0	0	0	0	0	0	0	0	0	0	0	0	5121334	
92	1	B	6	N	2500	0	1	178	114	19	13	17	0	0	0	0	0	0	0	0	0	0	0	0	5121646	
93	1	B	6	N	2500	0	1	197	107	16	11	18	0	0	0	0	0	0	0	0	0	0	0	0	5121771	
94	1	B	6	N	2500	0	40	360	163	29	19	23	0	0	0	0	0	0	0	0	0	0	0	0	5121880	
95	1	B	6	N	2500	0	40	345	146	24	16	22	0	0	0	0	0	0	0	0	0	0	0	0	5121880	
96	1	B	6	N	2500	0	40	257	138	25	17	20	0	0	0	0	0	0	0	0	0	0	0	0	5122083	
97	1	B	6	N	2500	0	40	247	118	24	16	20	0	0	0	0	0	0	0	0	0	0	0	0	5122099	
98	1	B	6	N	2500	0	40	263	121	16	13	19	0	0	0	0	0	0	0	0	0	0	0	0	5122988	
99	1	B	6	N	2500	0	40	269	160	32	18	25	0	0	0	0	0	0	0	0	0	0	0	0	5123175	
100	1	B	6	N	2500	0	40	399	144	24	16	21	0	0	0	0	0	0	0	0	0	0	0	0	5123830	
101	1	C	2	N	2500	6	40	328	111	17	12	17	0	0	0	0	0	0	0	0	0	0	0	0	5150694	
102	1	C	4	N	2500	6	40	200	111	20	13	17	0	0	0	0	0	0	0	0	0	0	0	0	5175654	
103	1	C	4	N	2500	6	40	305	112	22	14	22	0	0	0	0	0	0	0	0	0	0	0	0	5175716	
104	1	C	4	N	2500	6	40	388	138	25	16	27	0	0	0	0	0	0	0	0	0	0	0	0	5175857	
105	1	C	4	N	2500	0	40	348	135	24	16	20	0	0	0	0	0	0	0	0	0	0	0	0	5175997	
106	1	C	4	N	2500	0	40	387	149	28	16	21	0	0	0	0	0	0	0	0	0	0	0	0	5176262	
107	1	C	4	N	2500	0	40	343	127	22	16	21	0	0	0	0	0	0	0	0	0	0	0	0	5177635	
108	1	C	4	N	2500	0	40	244	98	19	13	18	0	0	0	0	0	0	0	0	0	0	0	0	5178477	
109	1	C	4	N	2500	0	40	325	128	22	14	19	0	0	0	0	0	0	0	0	0	0	0	0	5178540	
110	1	C	4	N	2500	0	40	411	183	34	24	32	0	0	0	0	0	0	0	0	0	0	0	0	5178696	
111	1	C	4	N	2500	0	40	348	157	30	19	27	0	0	0	0	0	0	0	0	0	0	0	0	5178899	
112	1	C	4	N	2500	0	40	250	113	20	13	17	0	0	0	0	0	0	0	0	0	0	0	0	5178914	
113	1	C	4	N	2500	0	40	217	114	19	13	18	0	0	0	0	0	0	0	0	0	0	0	0	5178992	
114	1	C	4	N	2500	0	40	325	127	27	14	19	0	0	0	0	0	0	0	0	0	0	0	0	5179055	
115	1	C	4	N	2500	0	40	288	93	14	9	10	0	0	0	0	0	0	0	0	0	0	0	0	5179148	
116	1	C	4	N	2500	0	40	349	128	25	16	25	0	0	0	0	0	0	0	0	0	0	0	0	5179195	
117	1	C	4	N	2500	0	1	75	46	7	5	8	0	0	0	0	0	0	0	0	0	0	0	0	5179257	
118	1	C	4	N	2500	0	1	185	79	14	9	11	0	0	0	0	0	0	0	0	0	0	0	0	5179257	
119	1	C	4	N	2500	0	40	267	108	17	12	17	0	0	0	0	0	0	0	0	0	0	0	0	5179257	
120	1	C	4	N	2500	0	40	345	122	20	14	16	0	0	0	0	0	0	0	0	0	0	0	0	5179429	
121	1	C	4	N	2500	0	1	180	89	13	9	13	0	0	0	0	0	0	0	0	0	0	0	0	5179460	
122	1	C	4	N	2500	0	40	208	122	20	13	19	0	0	0	0	0	0	0	0	0	0	0	0	5179523	
123	1	C	4	N	2500	0	40	521	218	35	21	27	0	0	0	0	0	0	0	0	0	0	0	0	5179632	
124	1	C	4	N	2500	0	40	187	120	20	15	16	0	0	0	0	0	0	0	0	0	0	0	0	5179881	
125	1	C	4	N	2500	0	40	337	123	22	14	16	0	0	0	0	0	0	0	0	0	0	0	0	5179897	
126	1	C	4	N	2500	0	40	354	120	20	13	17	0	0	0	0	0	0	0	0	0	0	0	0	5179944	
127	1	C	4	N	2500	0	1	89	17	2	1	4	0	0	0	0	0	0	0	0	0	0	0	0	5180069	
128	1	C	4	N	2500	0	1	192	65	11	6	8	0	0	0	0	0	0	0	0	0	0	0	0	5180069	
129	1	C	4	N	2500	0	40	356	138	25	16	25	0	0	0	0	0	0	0	0	0	0	0	0	5180084	
130	1	C	4	N	2500	0	40	358	145	25	14	23	0	0	0	0	0	0	0	0	0	0	0	0	5180162	
131	1	C	4	N	2500	0	40	349	155	29	19	26	0	0	0	0	0	0	0	0	0	0	0	0	5180287	
132	1	C	4	N	2500	0	1	195	110	24	17	18	0	0	0	0	0	0	0	0	0	0	0	0	5180287	
133	1	C	4	N	2500	0	40	345	122	23	13	12	0	0	0	0	0	0	0	0	0	0	0	0	5180303	
134	1	C	4	N	2500	0	40	247	106	15	10	14	0	0	0	0	0	0	0	0	0	0	0	0	5180349	
135	1	C	4	N	2500	0	40	279	163	32	18	22	0	0	0	0	0	0	0	0	0	0	0	0	5180443	
136	1	C	4	N	2500	0	40	463	182	34	19	25	0	0	0	0	0	0	0	0	0	0	0	0	5180537	
137	1	C	4	N	2500	0	40	321	111	21	12	20	0	0	0	0	0	0	0	0	0	0	0	0	5180537	
138	1	C	4	N	2500	0	40	370	140	24	14	22	0	0	0	0	0	0	0	0	0	0	0	0	5180552	
139	1	C	4	N	2500	0	40	334	130	26	13	17	0	0	0	0	0	0	0	0	0	0	0	0	5180615	
140	1	C	4	N	2500	0	40	332	124	22	14	18	0	0	0	0	0	0	0	0	0	0	0	0	5180817	
141	1	C	4	N	2500	0	40	352	121	22	13	19	0	0	0	0	0	0	0	0	0	0	0	0	5180880	
142	1	C	4	N	2500	0	40	296	96	14	10	15	0	0	0	0	0	0	0	0	0	0	0	0	5180927	
143	1	C	4	N	2500	0	40	305	160	28	19	27	0	0	0	0	0	0	0	0	0	0	0	0	5181161	
144	1	C	4	N	2500	0	40	334	145	32	17	19	0	0	0	0	0	0	0	0	0	0	0	0	5181317	
145	1	C	4	N	2500	0	40	232	127	27	18	24	0	0	0	0	0	0	0	0	0	0	0	0	5181410	
146	1	C	4	N	2500	0	40	211	134	24	17	23	0	0	0	0	0	0	0	0	0	0	0	0	5181707	
147	1	C	4	N	2500	0	1	222	81	11	8	10	0	0	0	0	0	0	0	0	0	0	0	0	5181769	
148	1	C	4	N	2500	0	40	206	135	27	15	19	0	0	0	0	0	0	0	0	0	0	0	0	5181785	
149	1	C	4	N	2500	0	40	190	143	30	21	31	0	0	0	0	0	0	0	0	0	0	0	0	5181816	
150	1	C	4	N	2500	0	40	381	140	23	14	19	0	0	0	0	0	0	0	0	0	0	0	0	5181863	
151	1	C	4	N	2500	0	1	127	97	16	10	12	0	0	0	0	0	0	0	0	0	0	0	0	5182253	
152	1	C	4	N	2500	0	40	287	111	20	11	15	0	0	0	0	0	0	0	0	0	0	0	0	5182705	
153	1	C	6	N	2500	6	40	328	135	24	17	19	0	0	0	0	0	0	0	0	0	0	0	0	5204155	
154	1	C	6	N	2500	6	40	359	128	23	15	20	0	0	0	0	0	0	0	0	0	0	0	0	5205169	
155	1	C	6	N	2500	6	40	286	141	30	19	26	0	0	0	0	0	0	0	0	0	0	0	0	5207774	
156	1	C	6	N	2500	0	40	207	140	27	18	21	0	0	0	0	0	0	0	0	0	0	0	0	5207805	
157	1	C	6	N	2500	0	40	359	143	27	18	28	0	0	0	0	0	0	0	0	0	0	0	0	5208336	
158	1	C	6	N	2500	0	40	243	112	21	13	14	0	0	0	0	0	0	0	0	0	0	0	0	5208414	
159	1	C	6	N	2500	0	40	356	139	26	16	19	0	0	0	0	0	0	0	0	0	0	0	0	5208445	
160	1	C	6	N	2500	0	40	381	129	22	14	19	0	0	0	0	0	0	0	0	0	0	0	0	5208507	
161	1	C	6	N	2500	0	40	371	139	28	17	22	0	0	0	0	0	0	0	0	0	0	0	0	5208741	
162	1	C	6	N	2500	0	40	358	125	25	14	23	0	0	0	0	0	0	0	0	0	0	0	0	5208819	
163	1	C	6	N	2500	0	40	382	142	27	16	24	0	0	0	0	0	0	0	0	0	0	0	0	5208975	
164	1	C	6	N	2500	0	40	366	136	27	16	21	0	0	0	0	0	0	0	0	0	0	0	0	5208975	
165	1	C	6	N	2500	0	40	260	150	34	19	23	0	0	0	0	0	0	0	0	0	0	0	0	5209038	
166	1	C	6	N	2500	0	40	334	134	25	17	23	0	0	0	0	0	0	0	0	0	0	0	0	5209100	
167	1	C	6	N	2500	0	40	198	124	23	15	19	0	0	0	0	0	0	0	0	0	0	0	0	5209116	
168	1	C	6	N	2500	0	40	367	145	29	16	20	0	0	0	0	0	0	0	0	0	0	0	0	5209209	
169	1	C	6	N	2500	0	40	345	137	23	14	18	0	0	0	0	0	0	0	0	0	0	0	0	5209225	
170	1	C	6	N	2500	0	40	333	117	25	14	20	0	0	0	0	0	0	0	0	0	0	0	0	5209272	
171	1	C	6	N	2500	0	40	207	123	26	15	20	0	0	0	0	0	0	0	0	0	0	0	0	5209287	
172	1	C	6	N	2500	0	40	347	118	20	14	18	0	0	0	0	0	0	0	0	0	0	0	0	5209412	
173	1	C	6	N	2500	0	40	337	152	28	20	27	0	0	0	0	0	0	0	0	0	0	0	0	5209443	
174	1	C	6	N	2500	0	40	387	146	26	17	28	0	0	0	0	0	0	0	0	0	0	0	0	5209553	
175	1	C	6	N	2500	0	40	350	134	24	15	21	0	0	0	0	0	0	0	0	0	0	0	0	5209584	
176	1	C	6	N	2500	0	40	361	132	28	15	21	0	0	0	0	0	0	0	0	0	0	0	0	5209584	
177	1	C	6	N	2500	0	40	234	117	20	12	15	0	0	0	0	0	0	0	0	0	0	0	0	5209677	
178	1	C	6	N	2500	0	40	266	147	34	19	24	0	0	0	0	0	0	0	0	0	0	0	0	5209771	
179	1	C	6	N	2500	0	40	230	140	28	20	27	0	0	0	0	0	0	0	0	0	0	0	0	5210083	
180	1	C	6	N	2500	0	40	366	137	24	16	20	0	0	0	0	0	0	0	0	0	0	0	0	5210177	
181	1	C	6	N	2500	0	40	204	147	32	22	29	0	0	0	0	0	0	0	0	0	0	0	0	5210317	
182	1	C	6	N	2500	0	40	386	158	27	19	21	0	0	0	0	0	0	0	0	0	0	0	0	5210379	
183	1	C	6	N	2500	0	1	204	96	20	13	16	0	0	0	0	0	0	0	0	0	0	0	0	5210473	
184	1	C	7	N	2500	6	40	328	140	25	15	21	0	0	0	0	0	0	0	0	0	0	0	0	5221221	
185	1	C	7	N	2500	6	40	214	149	28	18	23	0	0	0	0	0	0	0	0	0	0	0	0	5223047	
186	1	C	8	N	2500	6	40	296	93	15	9	13	0	0	0	0	0	0	0	0	0	0	0	0	5232953	
187	1	C	8	N	2500	2	1	81	17	2	2	5	0	0	0	0	0	0	0	0	0	0	0	0	5233093	
188	1	C	8	N	2500	2	1	160	92	17	10	14	0	0	0	0	0	0	0	0	0	0	0	0	5233686	
189	1	C	8	N	2500	6	40	357	137	27	16	22	0	0	0	0	0	0	0	0	0	0	0	0	5233779	
190	1	C	8	N	2500	6	40	349	135	24	15	20	0	0	0	0	0	0	0	0	0	0	0	0	5233826	
191	1	C	8	N	2500	0	40	232	117	26	18	20	0	0	0	0	0	0	0	0	0	0	0	0	5234013	
192	1	C	8	N	2500	0	40	347	137	25	15	18	0	0	0	0	0	0	0	0	0	0	0	0	5234154	
193	1	C	8	N	2500	0	2	162	138	27	17	21	0	0	0	0	0	0	0	0	0	0	0	0	5234185	
194	1	C	8	N	2500	0	40	395	151	33	18	22	0	0	0	0	0	0	0	0	0	0	0	0	5234325	
195	1	C	8	N	2500	0	40	313	125	24	16	24	0	0	0	0	0	0	0	0	0	0	0	0	5234715	
196	1	C	8	N	2500	0	40	363	157	29	16	14	0	0	0	0	0	0	0	0	0	0	0	0	5235027	
197	1	C	8	N	2500	0	40	267	108	20	12	16	0	0	0	0	0	0	0	0	0	0	0	0	5235090	
198	1	C	8	N	2500	0	1	152	73	9	7	11	0	0	0	0	0	0	0	0	0	0	0	0	5235324	
199	1	C	8	N	2500	0	40	327	103	14	8	15	0	0	0	0	0	0	0	0	0	0	0	0	5235542	
200	1	C	8	N	2500	0	1	156	50	7	5	8	0	0	0	0	0	0	0	0	0	0	0	0	5235745	
201	1	C	8	N	2500	0	40	331	104	18	10	13	0	0	0	0	0	0	0	0	0	0	0	0	5235761	
202	1	C	8	N	2500	0	40	338	117	21	12	16	0	0	0	0	0	0	0	0	0	0	0	0	5235839	
203	1	C	8	N	2500	0	1	78	20	3	3	6	0	0	0	0	0	0	0	0	0	0	0	0	5235885	
204	1	C	8	N	2500	0	1	202	75	18	11	14	0	0	0	0	0	0	0	0	0	0	0	0	5235995	
205	1	C	8	N	2500	0	40	259	133	26	15	19	0	0	0	0	0	0	0	0	0	0	0	0	5236088	
206	1	C	8	N	2500	0	1	221	88	14	8	13	0	0	0	0	0	0	0	0	0	0	0	0	5236182	
207	1	C	8	N	2500	0	1	173	111	22	12	16	0	0	0	0	0	0	0	0	0	0	0	0	5236244	
208	1	C	8	N	2500	0	40	272	129	22	14	17	0	0	0	0	0	0	0	0	0	0	0	0	5236431	
209	1	C	8	N	2500	0	40	252	132	25	17	21	0	0	0	0	0	0	0	0	0	0	0	0	5236494	
210	1	C	8	N	2500	0	40	276	141	31	17	19	0	0	0	0	0	0	0	0	0	0	0	0	5236556	
211	1	C	8	N	2500	0	40	377	159	32	18	20	0	0	0	0	0	0	0	0	0	0	0	0	5236556	
212	1	C	8	N	2500	0	40	321	120	21	13	19	0	0	0	0	0	0	0	0	0	0	0	0	5236665	
213	1	C	8	N	2500	0	1	215	92	20	12	16	0	0	0	0	0	0	0	0	0	0	0	0	5236681	
214	1	C	8	N	2500	0	1	175	108	17	11	14	0	0	0	0	0	0	0	0	0	0	0	0	5236712	
215	1	C	8	N	2500	0	40	361	122	26	14	18	0	0	0	0	0	0	0	0	0	0	0	0	5236821	
216	1	C	8	N	2500	0	1	163	77	14	8	11	0	0	0	0	0	0	0	0	0	0	0	0	5236837	
217	1	C	8	N	2500	0	40	298	92	16	10	13	0	0	0	0	0	0	0	0	0	0	0	0	5236853	
218	1	C	8	N	2500	0	1	157	53	7	4	8	0	0	0	0	0	0	0	0	0	0	0	0	5236884	
219	1	C	8	N	2500	0	40	318	102	16	10	15	0	0	0	0	0	0	0	0	0	0	0	0	5236884	
220	1	C	8	N	2500	0	40	301	131	30	18	23	0	0	0	0	0	0	0	0	0	0	0	0	5236884	
221	1	C	8	N	2500	0	1	74	24	4	4	9	0	0	0	0	0	0	0	0	0	0	0	0	5236946	
222	1	C	8	N	2500	0	1	100	19	3	4	5	0	0	0	0	0	0	0	0	0	0	0	0	5236977	
223	1	C	8	N	2500	0	40	308	162	29	20	26	0	0	0	0	0	0	0	0	0	0	0	0	5237055	
224	1	C	8	N	2500	0	2	283	87	10	6	11	0	0	0	0	0	0	0	0	0	0	0	0	5237071	
225	1	C	8	N	2500	0	40	350	132	25	14	16	0	0	0	0	0	0	0	0	0	0	0	0	5237087	
226	1	C	8	N	2500	0	1	207	55	9	5	8	0	0	0	0	0	0	0	0	0	0	0	0	5237149	
227	1	C	8	N	2500	0	1	70	40	6	5	6	0	0	0	0	0	0	0	0	0	0	0	0	5237149	
228	1	C	8	N	2500	0	40	453	203	39	24	32	0	0	0	0	0	0	0	0	0	0	0	0	5237196	
229	1	C	8	N	2500	0	40	267	123	22	12	17	0	0	0	0	0	0	0	0	0	0	0	0	5237258	
230	1	C	8	N	2500	0	40	222	127	25	15	20	0	0	0	0	0	0	0	0	0	0	0	0	5237367	
231	1	C	8	N	2500	0	40	252	119	22	15	17	0	0	0	0	0	0	0	0	0	0	0	0	5237399	
232	1	C	8	N	2500	0	40	360	124	23	13	17	0	0	0	0	0	0	0	0	0	0	0	0	5237477	
233	1	C	8	N	2500	0	40	325	106	17	14	24	0	0	0	0	0	0	0	0	0	0	0	0	5237508	
234	1	C	8	N	2500	0	40	366	157	29	20	29	0	0	0	0	0	0	0	0	0	0	0	0	5237570	
235	1	C	8	N	2500	0	40	338	121	22	11	15	0	0	0	0	0	0	0	0	0	0	0	0	5237601	
236	1	C	8	N	2500	0	40	267	125	21	14	21	0	0	0	0	0	0	0	0	0	0	0	0	5237601	
237	1	C	8	N	2500	0	40	217	112	21	13	15	0	0	0	0	0	0	0	0	0	0	0	0	5237617	
238	1	C	8	N	2500	0	1	166	117	25	14	17	0	0	0	0	0	0	0	0	0	0	0	0	5237617	
239	1	C	8	N	2500	0	40	274	141	32	17	22	0	0	0	0	0	0	0	0	0	0	0	0	5237633	
240	1	C	8	N	2500	0	40	212	116	22	15	18	0	0	0	0	0	0	0	0	0	0	0	0	5237726	
241	1	C	8	N	2500	0	40	219	122	27	14	19	0	0	0	0	0	0	0	0	0	0	0	0	5237757	
242	1	C	8	N	2500	0	40	365	121	21	12	15	0	0	0	0	0	0	0	0	0	0	0	0	5237757	
243	1	C	8	N	2500	0	40	329	109	25	12	17	0	0	0	0	0	0	0	0	0	0	0	0	5237757	
244	1	C	8	N	2500	0	40	346	125	20	10	14	0	0	0	0	0	0	0	0	0	0	0	0	5237867	
245	1	C	8	N	2500	0	40	350	111	19	11	16	0	0	0	0	0	0	0	0	0	0	0	0	5237913	
246	1	C	8	N	2500	0	1	84	26	3	4	7	0	0	0	0	0	0	0	0	0	0	0	0	5237913	
247	1	C	8	N	2500	0	40	393	160	30	16	19	0	0	0	0	0	0	0	0	0	0	0	0	5237929	
248	1	C	8	N	2500	0	40	349	111	18	10	15	0	0	0	0	0	0	0	0	0	0	0	0	5237945	
249	1	C	8	N	2500	0	40	380	123	20	12	19	0	0	0	0	0	0	0	0	0	0	0	0	5237945	
250	1	C	8	N	2500	0	1	227	99	13	10	14	0	0	0	0	0	0	0	0	0	0	0	0	5237945	
251	1	C	8	N	2500	0	40	252	128	32	18	22	0	0	0	0	0	0	0	0	0	0	0	0	5238038	
252	1	C	8	N	2500	0	40	336	123	26	11	18	0	0	0	0	0	0	0	0	0	0	0	0	5238163	
253	1	C	8	N	2500	0	40	208	140	28	15	16	0	0	0	0	0	0	0	0	0	0	0	0	5238350	
254	1	C	8	N	2500	0	40	231	139	32	20	20	0	0	0	0	0	0	0	0	0	0	0	0	5238397	
255	1	C	8	N	2500	0	40	345	114	22	12	17	0	0	0	0	0	0	0	0	0	0	0	0	5238553	
256	1	C	8	N	2500	0	40	321	135	23	15	17	0	0	0	0	0	0	0	0	0	0	0	0	5238553	
257	1	C	8	N	2500	0	40	333	123	26	13	14	0	0	0	0	0	0	0	0	0	0	0	0	5238740	
258	1	C	8	N	2500	0	40	401	138	27	15	22	0	0	0	0	0	0	0	0	0	0	0	0	5238803	
259	1	C	8	N	2500	0	40	342	118	20	11	16	0	0	0	0	0	0	0	0	0	0	0	0	5238834	
260	1	C	8	N	2500	0	40	248	123	20	13	15	0	0	0	0	0	0	0	0	0	0	0	0	5238850	
261	1	C	8	N	2500	0	40	265	150	35	19	25	0	0	0	0	0	0	0	0	0	0	0	0	5238896	
262	1	C	8	N	2500	0	1	68	12	2	2	4	0	0	0	0	0	0	0	0	0	0	0	0	5238928	
263	1	C	8	N	2500	0	1	189	104	24	13	15	0	0	0	0	0	0	0	0	0	0	0	0	5239115	
264	1	C	8	N	2500	0	2	282	91	13	7	10	0	0	0	0	0	0	0	0	0	0	0	0	5239146	
265	1	C	8	N	2500	0	1	51	31	4	3	5	0	0	0	0	0	0	0	0	0	0	0	0	5239302	
266	1	C	8	N	2500	0	1	84	43	7	4	6	0	0	0	0	0	0	0	0	0	0	0	0	5239302	
267	1	C	8	N	2500	0	40	324	125	26	12	18	0	0	0	0	0	0	0	0	0	0	0	0	5239676	
268	1	C	8	N	2500	0	1	87	15	4	4	8	0	0	0	0	0	0	0	0	0	0	0	0	5240160	
269	1	C	8	N	2500	0	40	353	131	26	16	22	0	0	0	0	0	0	0	0	0	0	0	0	5240254	
270	1	C	8	N	2500	0	1	78	16	3	3	6	0	0	0	0	0	0	0	0	0	0	0	0	5240285	
271	1	C	9	N	2500	2	1	88	19	3	3	7	0	0	0	0	0	0	0	0	0	0	0	0	5253217	
272	1	C	10	N	2500	6	40	352	133	22	16	18	0	0	0	0	0	0	0	0	0	0	0	0	5261860	
273	1	C	10	N	2500	6	40	238	103	18	13	16	0	0	0	0	0	0	0	0	0	0	0	0	5262156	
274	1	C	10	N	2500	6	40	291	112	18	13	15	0	0	0	0	0	0	0	0	0	0	0	0	5262530	
275	1	C	10	N	2500	0	40	270	91	14	10	14	0	0	0	0	0	0	0	0	0	0	0	0	5263513	
276	1	C	10	N	2500	0	1	178	87	12	8	12	0	0	0	0	0	0	0	0	0	0	0	0	5264496	
277	1	C	10	N	2500	0	40	209	113	19	13	16	0	0	0	0	0	0	0	0	0	0	0	0	5266103	
278	1	C	10	N	2500	0	1	96	24	2	1	3	0	0	0	0	0	0	0	0	0	0	0	0	5267117	
279	1	C	12	N	2500	6	40	356	142	25	17	20	0	0	0	0	0	0	0	0	0	0	0	0	5290751	
280	1	C	12	N	2500	6	40	203	158	34	20	25	0	0	0	0	0	0	0	0	0	0	0	0	5291110	
281	1	C	12	N	2500	6	40	399	167	30	19	27	0	0	0	0	0	0	0	0	0	0	0	0	5291890	
282	1	C	12	N	2500	0	1	59	15	3	2	2	0	0	0	0	0	0	0	0	0	0	0	0	5291968	
283	1	C	12	N	2500	0	40	248	136	25	18	23	0	0	0	0	0	0	0	0	0	0	0	0	5292248	
284	1	C	12	N	2500	0	40	356	142	27	17	22	0	0	0	0	0	0	0	0	0	0	0	0	5292779	
285	1	C	12	N	2500	0	1	185	39	5	4	8	0	0	0	0	0	0	0	0	0	0	0	0	5292872	
286	1	C	12	N	2500	0	40	267	142	23	15	18	0	0	0	0	0	0	0	0	0	0	0	0	5293387	
287	1	C	12	N	2500	0	40	394	167	30	19	24	0	0	0	0	0	0	0	0	0	0	0	0	5293434	
288	1	C	12	N	2500	0	40	362	165	30	18	19	0	0	0	0	0	0	0	0	0	0	0	0	5293574	
289	1	C	12	N	2500	0	1	205	99	15	11	11	0	0	0	0	0	0	0	0	0	0	0	0	5294339	
290	1	C	12	N	2500	0	1	183	39	5	3	5	0	0	0	0	0	0	0	0	0	0	0	0	5294963	
291	1	C	12	N	2500	0	1	66	12	2	3	8	0	0	0	0	0	0	0	0	0	0	0	0	5295275	
292	1	C	12	N	2500	0	40	353	128	25	15	17	0	0	0	0	0	0	0	0	0	0	0	0	5295493	
293	1	C	12	N	2500	0	40	280	153	27	18	24	0	0	0	0	0	0	0	0	0	0	0	0	5295743	
294	1	C	12	N	2500	0	40	356	145	31	16	20	0	0	0	0	0	0	0	0	0	0	0	0	5296258	
295	1	C	12	N	2500	0	40	383	168	29	16	22	0	0	0	0	0	0	0	0	0	0	0	0	5296897	
296	1	D	1	N	2500	2	1	88	16	0	0	1	0	0	0	0	0	0	0	0	0	0	0	0	5313168	
297	1	D	2	N	2500	6	40	319	146	27	20	24	0	0	0	0	0	0	0	0	0	0	0	0	5321545	
298	1	D	2	N	2500	2	1	54	19	3	5	10	0	0	0	0	0	0	0	0	0	0	0	0	5322544	
299	1	D	2	N	2500	2	1	53	9	1	1	2	0	0	0	0	0	0	0	0	0	0	0	0	5322544	
300	1	D	2	N	2500	6	40	389	181	39	24	29	0	0	0	0	0	0	0	0	0	0	0	0	5322949	
301	1	D	2	N	2500	2	1	69	12	2	1	5	0	0	0	0	0	0	0	0	0	0	0	0	5322996	
302	1	D	2	N	2500	6	40	230	126	23	14	18	0	0	0	0	0	0	0	0	0	0	0	0	5323495	
303	1	D	2	N	2500	0	40	199	136	26	16	20	0	0	0	0	0	0	0	0	0	0	0	0	5325242	
304	1	D	2	N	2500	0	40	250	159	33	19	28	0	0	0	0	0	0	0	0	0	0	0	0	5325258	
305	1	D	2	N	2500	0	40	412	173	34	20	27	0	0	0	0	0	0	0	0	0	0	0	0	5326631	
306	1	D	2	N	2500	0	40	383	124	16	12	17	0	0	0	0	0	0	0	0	0	0	0	0	5327224	
307	1	D	2	N	2500	0	40	348	164	29	18	23	0	0	0	0	0	0	0	0	0	0	0	0	5328035	
308	1	D	4	N	2500	6	40	397	142	21	16	21	0	0	0	0	0	0	0	0	0	0	0	0	5349859	
309	1	D	4	N	2500	6	40	347	147	27	17	21	0	0	0	0	0	0	0	0	0	0	0	0	5349984	
310	1	D	4	N	2500	6	40	236	114	17	13	17	0	0	0	0	0	0	0	0	0	0	0	0	5351404	
311	1	D	4	N	2500	0	40	348	171	32	22	32	0	0	0	0	0	0	0	0	0	0	0	0	5352230	
312	1	D	4	N	2500	0	40	338	131	23	17	22	0	0	0	0	0	0	0	0	0	0	0	0	5352293	
313	1	D	4	N	2500	0	40	230	133	22	15	17	0	0	0	0	0	0	0	0	0	0	0	0	5352464	
314	1	D	4	N	2500	0	1	72	16	2	2	2	0	0	0	0	0	0	0	0	0	0	0	0	5352511	
315	1	D	4	N	2500	0	40	318	139	21	13	20	0	0	0	0	0	0	0	0	0	0	0	0	5352652	
316	1	D	4	N	2500	0	40	272	138	37	23	28	0	0	0	0	0	0	0	0	0	0	0	0	5353619	
317	1	D	4	N	2500	0	1	71	19	3	3	5	0	0	0	0	0	0	0	0	0	0	0	0	5353713	
318	1	D	4	N	2500	0	40	347	180	31	21	25	0	0	0	0	0	0	0	0	0	0	0	0	5354493	
319	1	D	4	N	2500	0	40	380	129	22	14	21	0	0	0	0	0	0	0	0	0	0	0	0	5354539	
320	1	D	4	N	2500	0	40	258	107	15	12	18	0	0	0	0	0	0	0	0	0	0	0	0	5354571	
321	1	D	4	N	2500	0	1	53	13	1	1	3	0	0	0	0	0	0	0	0	0	0	0	0	5354586	
322	1	D	4	N	2500	0	40	209	114	19	13	16	0	0	0	0	0	0	0	0	0	0	0	0	5354586	
323	1	D	4	N	2500	0	40	314	140	26	18	23	0	0	0	0	0	0	0	0	0	0	0	0	5354649	
324	1	D	4	N	2500	0	1	222	61	8	5	10	0	0	0	0	0	0	0	0	0	0	0	0	5354945	
325	1	D	4	N	2500	0	40	205	119	19	14	17	0	0	0	0	0	0	0	0	0	0	0	0	5355117	
326	1	D	4	N	2500	0	40	235	115	19	13	16	0	0	0	0	0	0	0	0	0	0	0	0	5356068	
327	1	D	4	N	2500	0	40	339	145	25	17	24	0	0	0	0	0	0	0	0	0	0	0	0	5356380	
328	1	D	5	N	2500	2	1	63	36	1	0	1	0	0	0	0	0	0	0	0	0	0	0	0	5366801	
329	1	D	6	N	2500	6	40	257	174	34	21	28	0	0	0	0	0	0	0	0	0	0	0	0	5378813	
330	1	D	6	N	2500	2	1	71	25	2	0	1	0	0	0	0	0	0	0	0	0	0	0	0	5378953	
331	1	D	6	N	2500	6	40	263	147	28	19	27	0	0	0	0	0	0	0	0	0	0	0	0	5379187	
332	1	D	6	N	2500	6	40	265	172	33	22	33	0	0	0	0	0	0	0	0	0	0	0	0	5379250	
333	1	D	6	N	2500	0	40	236	127	28	19	29	0	0	0	0	0	0	0	0	0	0	0	0	5379312	
334	1	D	6	N	2500	0	40	334	146	25	17	22	0	0	0	0	0	0	0	0	0	0	0	0	5379546	
335	1	D	6	N	2500	0	1	85	54	18	2	5	0	0	0	0	0	0	0	0	0	0	0	0	5379655	
336	1	D	6	N	2500	0	40	280	157	30	21	23	0	0	0	0	0	0	0	0	0	0	0	0	5379827	
337	1	D	6	N	2500	0	40	461	191	37	21	25	0	0	0	0	0	0	0	0	0	0	0	0	5380108	
338	1	D	6	N	2500	0	40	238	138	22	16	21	0	0	0	0	0	0	0	0	0	0	0	0	5380123	
339	1	D	6	N	2500	0	1	254	82	11	8	10	0	0	0	0	0	0	0	0	0	0	0	0	5380155	
340	1	D	6	N	2500	0	40	259	145	22	16	18	0	0	0	0	0	0	0	0	0	0	0	0	5380888	
341	1	D	6	N	2500	0	40	281	157	25	20	20	0	0	0	0	0	0	0	0	0	0	0	0	5381091	
342	1	D	6	N	2500	0	40	267	165	31	19	23	0	0	0	0	0	0	0	0	0	0	0	0	5381247	
343	1	D	6	N	2500	0	40	533	197	38	25	35	0	0	0	0	0	0	0	0	0	0	0	0	5381605	
344	1	D	6	N	2500	0	40	239	175	34	23	27	0	0	0	0	0	0	0	0	0	0	0	0	5381793	
345	1	D	6	N	2500	0	40	500	204	34	22	28	0	0	0	0	0	0	0	0	0	0	0	0	5382323	
346	1	D	6	N	2500	0	40	441	152	28	19	25	0	0	0	0	0	0	0	0	0	0	0	0	5382463	
347	1	D	6	N	2500	0	40	276	129	22	17	22	0	0	0	0	0	0	0	0	0	0	0	0	5382557	
348	1	D	6	N	2500	0	40	319	154	28	20	28	0	0	0	0	0	0	0	0	0	0	0	0	5382729	
349	1	D	6	N	2500	0	40	466	201	37	23	30	0	0	0	0	0	0	0	0	0	0	0	0	5383134	
350	1	D	6	N	2500	0	40	338	159	28	19	26	0	0	0	0	0	0	0	0	0	0	0	0	5383275	
351	1	D	6	N	2500	0	40	311	133	22	16	19	0	0	0	0	0	0	0	0	0	0	0	0	5383477	
352	1	D	6	N	2500	0	40	342	190	31	24	35	0	0	0	0	0	0	0	0	0	0	0	0	5383727	
353	1	D	6	N	2500	0	40	231	129	25	19	21	0	0	0	0	0	0	0	0	0	0	0	0	5383836	
354	1	D	6	N	2500	0	40	302	166	30	20	29	0	0	0	0	0	0	0	0	0	0	0	0	5383945	
355	1	D	6	N	2500	0	40	241	119	30	20	26	0	0	0	0	0	0	0	0	0	0	0	0	5384055	
356	1	D	6	N	2500	0	40	303	133	21	14	20	0	0	0	0	0	0	0	0	0	0	0	0	5384382	
357	1	D	6	N	2500	0	40	377	125	19	13	18	0	0	0	0	0	0	0	0	0	0	0	0	5384476	
358	1	D	6	N	2500	0	40	385	152	27	18	23	0	0	0	0	0	0	0	0	0	0	0	0	5384491	
359	1	D	6	N	2500	0	40	448	172	29	18	23	0	0	0	0	0	0	0	0	0	0	0	0	5384507	
360	1	D	6	N	2500	0	40	345	201	39	20	27	0	0	0	0	0	0	0	0	0	0	0	0	5384819	
361	1	D	6	N	2500	0	40	437	178	33	22	31	0	0	0	0	0	0	0	0	0	0	0	0	5385162	
362	1	D	6	N	2500	0	40	282	163	26	16	22	0	0	0	0	0	0	0	0	0	0	0	0	5385381	
363	1	D	6	N	2500	0	40	459	193	37	22	27	0	0	0	0	0	0	0	0	0	0	0	0	5385583	
364	1	D	6	N	2500	0	40	234	158	26	18	22	0	0	0	0	0	0	0	0	0	0	0	0	5385661	
365	1	D	6	N	2500	0	1	268	88	12	9	12	0	0	0	0	0	0	0	0	0	0	0	0	5385895	
366	1	D	8	N	2500	6	40	184	145	29	21	26	0	0	0	0	0	0	0	0	0	0	0	0	5407408	
367	1	D	8	N	2500	6	40	491	189	32	22	27	0	0	0	0	0	0	0	0	0	0	0	0	5408001	
368	1	D	8	N	2500	6	40	278	129	23	12	20	0	0	0	0	0	0	0	0	0	0	0	0	5408578	
369	1	D	8	N	2500	0	40	273	166	32	24	32	0	0	0	0	0	0	0	0	0	0	0	0	5408671	
370	1	D	8	N	2500	0	1	180	109	22	14	14	0	0	0	0	0	0	0	0	0	0	0	0	5408718	
371	1	D	8	N	2500	0	1	61	30	5	3	5	0	0	0	0	0	0	0	0	0	0	0	0	5408718	
372	1	D	8	N	2500	0	40	276	147	30	19	27	0	0	0	0	0	0	0	0	0	0	0	0	5409545	
373	1	D	8	N	2500	0	40	255	152	28	20	24	0	0	0	0	0	0	0	0	0	0	0	0	5410263	
374	1	D	8	N	2500	0	40	307	125	24	15	20	0	0	0	0	0	0	0	0	0	0	0	0	5410403	
375	1	D	8	N	2500	0	40	429	181	38	23	32	0	0	0	0	0	0	0	0	0	0	0	0	5410746	
376	1	D	8	N	2500	0	40	310	141	32	21	31	0	0	0	0	0	0	0	0	0	0	0	0	5411776	
377	1	D	8	N	2500	0	40	512	215	39	28	36	0	0	0	0	0	0	0	0	0	0	0	0	5411994	
378	1	D	8	N	2500	0	40	341	117	22	15	20	0	0	0	0	0	0	0	0	0	0	0	0	5412041	
379	1	D	8	N	2500	0	1	187	111	21	13	16	0	0	0	0	0	0	0	0	0	0	0	0	5412291	
380	1	D	8	N	2500	0	40	229	111	30	19	27	0	0	0	0	0	0	0	0	0	0	0	0	5412649	
381	1	D	8	N	2500	0	40	412	151	24	13	20	0	0	0	0	0	0	0	0	0	0	0	0	5412727	
382	1	D	8	N	2500	0	40	223	148	27	19	24	0	0	0	0	0	0	0	0	0	0	0	0	5412852	
383	1	D	8	N	2500	0	40	284	144	30	20	24	0	0	0	0	0	0	0	0	0	0	0	0	5413429	
384	1	D	8	N	2500	0	1	74	15	1	0	1	0	0	0	0	0	0	0	0	0	0	0	0	5413757	
385	1	D	8	N	2500	0	40	358	149	31	22	33	0	0	0	0	0	0	0	0	0	0	0	0	5414646	
386	1	D	10	N	2500	2	1	116	50	6	5	6	0	0	0	0	0	0	0	0	0	0	0	0	5437797	
387	1	D	10	N	2500	6	40	242	105	17	12	15	0	0	0	0	0	0	0	0	0	0	0	0	5437906	
388	1	D	10	N	2500	2	1	185	106	21	14	21	0	0	0	0	0	0	0	0	0	0	0	0	5438311	
389	1	D	10	N	2500	2	1	247	92	14	10	13	0	0	0	0	0	0	0	0	0	0	0	0	5440074	
390	1	D	10	N	2500	2	1	75	17	2	1	2	0	0	0	0	0	0	0	0	0	0	0	0	5440074	
391	1	D	10	N	2500	6	40	348	110	17	11	15	0	0	0	0	0	0	0	0	0	0	0	0	5440589	
392	1	D	10	N	2500	6	40	383	126	18	11	18	0	0	0	0	0	0	0	0	0	0	0	0	5440854	
393	1	D	10	N	2500	0	40	341	109	17	10	15	0	0	0	0	0	0	0	0	0	0	0	0	5440995	
394	1	D	10	N	2500	0	1	171	98	22	14	15	0	0	0	0	0	0	0	0	0	0	0	0	5441697	
395	1	D	10	N	2500	0	40	374	128	21	13	21	0	0	0	0	0	0	0	0	0	0	0	0	5441759	
396	1	D	10	N	2500	0	40	277	162	31	21	23	0	0	0	0	0	0	0	0	0	0	0	0	5441931	
397	1	D	10	N	2500	0	1	216	87	23	16	19	0	0	0	0	0	0	0	0	0	0	0	0	5442367	
398	1	D	11	N	2500	6	40	291	109	20	13	21	0	0	0	0	0	0	0	0	0	0	0	0	5454114	
399	1	D	12	N	2500	6	40	486	231	37	23	26	0	0	0	0	0	0	0	0	0	0	0	0	5465206	
400	1	D	12	N	2500	2	1	54	11	1	1	1	0	0	0	0	0	0	0	0	0	0	0	0	5465565	
401	1	D	12	N	2500	33	1	215	100	16	12	15	0	0	0	0	0	0	0	0	0	0	0	0	5465565	
402	1	D	12	N	2500	6	40	255	174	32	20	29	0	0	0	0	0	0	0	0	0	0	0	0	5465736	
403	1	D	12	N	2500	6	40	359	142	22	14	20	0	0	0	0	0	0	0	0	0	0	0	0	5466001	
404	1	D	12	N	2500	0	1	61	16	1	0	0	0	0	0	0	0	0	0	0	0	0	0	0	5466485	
405	1	D	12	N	2500	0	40	275	154	31	18	21	0	0	0	0	0	0	0	0	0	0	0	0	5467203	
406	1	D	12	N	2500	0	40	294	155	34	19	24	0	0	0	0	0	0	0	0	0	0	0	0	5467406	
407	1	D	12	N	2500	0	40	276	172	39	22	30	0	0	0	0	0	0	0	0	0	0	0	0	5467749	
408	1	D	12	N	2500	0	1	142	42	4	3	4	0	0	0	0	0	0	0	0	0	0	0	0	5467827	
409	1	D	12	N	2500	0	40	352	124	18	13	20	0	0	0	0	0	0	0	0	0	0	0	0	5468076	
410	1	D	12	N	2500	0	1	142	103	15	11	14	0	0	0	0	0	0	0	0	0	0	0	0	5468622	
411	1	D	12	N	2500	0	1	190	109	15	10	15	0	0	0	0	0	0	0	0	0	0	0	0	5469262	
412	1	D	12	N	2500	0	40	465	165	30	19	23	0	0	0	0	0	0	0	0	0	0	0	0	5469278	
413	1	D	12	N	2500	0	40	471	201	38	25	34	0	0	0	0	0	0	0	0	0	0	0	0	5469293	
414	1	D	12	N	2500	0	1	130	43	4	3	5	0	0	0	0	0	0	0	0	0	0	0	0	5469465	
415	1	D	12	N	2500	0	40	375	143	27	14	24	0	0	0	0	0	0	0	0	0	0	0	0	5469496	
416	1	D	12	N	2500	0	40	279	143	34	20	24	0	0	0	0	0	0	0	0	0	0	0	0	5469496	
417	1	D	12	N	2500	0	40	262	167	32	21	22	0	0	0	0	0	0	0	0	0	0	0	0	5469512	
418	1	D	12	N	2500	0	1	507	159	21	12	20	0	0	0	0	0	0	0	0	0	0	0	0	5469839	
419	1	D	12	N	2500	0	40	406	153	26	16	23	0	0	0	0	0	0	0	0	0	0	0	0	5469870	
420	1	D	12	N	2500	0	40	373	112	17	9	13	0	0	0	0	0	0	0	0	0	0	0	0	5470042	
421	1	D	12	N	2500	0	40	353	166	37	19	23	0	0	0	0	0	0	0	0	0	0	0	0	5470136	
422	1	D	12	N	2500	0	40	230	125	18	11	15	0	0	0	0	0	0	0	0	0	0	0	0	5470292	
423	1	D	12	N	2500	0	2	282	88	12	7	13	0	0	0	0	0	0	0	0	0	0	0	0	5471290	
424	1	D	12	N	2500	0	40	409	135	25	15	20	0	0	0	0	0	0	0	0	0	0	0	0	5471306	
425	1	D	12	N	2500	0	40	279	147	25	19	26	0	0	0	0	0	0	0	0	0	0	0	0	5471477	
426	1	E	1	N	2500	6	40	293	143	29	17	24	0	0	0	0	0	0	0	0	0	0	0	0	5480463	
427	1	E	2	N	2500	6	40	281	131	23	15	17	0	0	0	0	0	0	0	0	0	0	0	0	5495064	
428	1	E	2	N	2500	6	40	288	117	18	12	17	0	0	0	0	0	0	0	0	0	0	0	0	5495064	
429	1	E	2	N	2500	6	40	292	123	26	15	16	0	0	0	0	0	0	0	0	0	0	0	0	5495439	
430	1	E	2	N	2500	0	40	387	120	15	9	15	0	0	0	0	0	0	0	0	0	0	0	0	5495470	
431	1	E	2	N	2500	0	40	286	156	38	24	29	0	0	0	0	0	0	0	0	0	0	0	0	5495595	
432	1	E	2	N	2500	0	40	257	150	31	20	28	0	0	0	0	0	0	0	0	0	0	0	0	5495610	
433	1	E	2	N	2500	0	40	269	103	22	13	18	0	0	0	0	0	0	0	0	0	0	0	0	5495642	
434	1	E	2	N	2500	0	1	92	20	1	0	1	0	0	0	0	0	0	0	0	0	0	0	0	5495798	
435	1	E	2	N	2500	0	40	185	125	23	18	22	0	0	0	0	0	0	0	0	0	0	0	0	5496063	
436	1	E	2	N	2500	0	40	273	162	39	22	30	0	0	0	0	0	0	0	0	0	0	0	0	5496624	
437	1	E	2	N	2500	0	40	253	170	30	20	23	0	0	0	0	0	0	0	0	0	0	0	0	5496734	
438	1	E	2	N	2500	0	40	279	178	32	23	26	0	0	0	0	0	0	0	0	0	0	0	0	5496796	
439	1	E	2	N	2500	0	40	318	238	54	34	44	0	0	0	0	0	0	0	0	0	0	0	0	5497108	
440	1	E	2	N	2500	0	40	190	139	30	19	21	0	0	0	0	0	0	0	0	0	0	0	0	5497326	
441	1	E	2	N	2500	0	40	449	172	36	21	28	0	0	0	0	0	0	0	0	0	0	0	0	5497592	
442	1	E	2	N	2500	0	40	342	151	35	22	28	0	0	0	0	0	0	0	0	0	0	0	0	5497810	
443	1	E	2	N	2500	0	40	330	180	43	27	34	0	0	0	0	0	0	0	0	0	0	0	0	5497841	
444	1	E	2	N	2500	0	1	149	69	13	8	10	0	0	0	0	0	0	0	0	0	0	0	0	5498200	
445	1	E	2	N	2500	0	40	312	122	28	19	28	0	0	0	0	0	0	0	0	0	0	0	0	5498200	
446	1	E	2	N	2500	0	40	466	157	34	21	27	0	0	0	0	0	0	0	0	0	0	0	0	5498403	
447	1	E	2	N	2500	0	40	467	180	38	24	31	0	0	0	0	0	0	0	0	0	0	0	0	5498871	
448	1	E	2	N	2500	0	40	277	123	19	14	15	0	0	0	0	0	0	0	0	0	0	0	0	5498918	
449	1	E	2	N	2500	0	40	479	191	40	25	38	0	0	0	0	0	0	0	0	0	0	0	0	5499074	
450	1	E	2	N	2500	0	40	290	158	34	23	27	0	0	0	0	0	0	0	0	0	0	0	0	5499089	
451	1	E	2	N	2500	0	40	297	155	27	18	22	0	0	0	0	0	0	0	0	0	0	0	0	5499339	
452	1	E	2	N	2500	0	40	310	139	24	16	22	0	0	0	0	0	0	0	0	0	0	0	0	5499432	
453	1	E	2	N	2500	0	40	325	154	26	16	22	0	0	0	0	0	0	0	0	0	0	0	0	5499776	
454	1	E	2	N	2500	0	40	327	170	32	24	28	0	0	0	0	0	0	0	0	0	0	0	0	5499838	
455	1	E	2	N	2500	0	40	506	196	37	29	39	0	0	0	0	0	0	0	0	0	0	0	0	5499854	
456	1	E	2	N	2500	0	1	154	94	18	13	18	0	0	0	0	0	0	0	0	0	0	0	0	5500041	
457	1	E	2	N	2500	0	40	480	186	31	19	24	0	0	0	0	0	0	0	0	0	0	0	0	5500119	
458	1	E	2	N	2500	0	40	292	141	28	22	28	0	0	0	0	0	0	0	0	0	0	0	0	5500431	
459	1	E	2	N	2500	0	40	439	167	31	22	31	0	0	0	0	0	0	0	0	0	0	0	0	5500665	
460	1	E	2	N	2500	0	40	322	117	21	13	20	0	0	0	0	0	0	0	0	0	0	0	0	5500680	
461	1	E	2	N	2500	0	40	262	162	39	22	27	0	0	0	0	0	0	0	0	0	0	0	0	5500883	
462	1	E	2	N	2500	0	40	300	157	28	20	22	0	0	0	0	0	0	0	0	0	0	0	0	5501102	
463	1	E	2	N	2500	0	1	111	28	5	4	5	0	0	0	0	0	0	0	0	0	0	0	0	5501242	
464	1	E	2	N	2500	0	1	113	66	13	9	12	0	0	0	0	0	0	0	0	0	0	0	0	5501242	
465	1	E	2	N	2500	0	1	69	26	4	3	4	0	0	0	0	0	0	0	0	0	0	0	0	5501242	
466	1	E	2	N	2500	0	40	404	153	29	21	27	0	0	0	0	0	0	0	0	0	0	0	0	5501507	
467	1	E	2	N	2500	0	40	482	206	40	29	37	0	0	0	0	0	0	0	0	0	0	0	0	5501554	
468	1	E	2	N	2500	0	40	504	208	37	25	32	0	0	0	0	0	0	0	0	0	0	0	0	5501757	
469	1	E	2	N	2500	0	40	223	113	18	12	18	0	0	0	0	0	0	0	0	0	0	0	0	5502116	
470	1	E	3	N	2500	2	1	551	191	28	16	20	0	0	0	0	0	0	0	0	0	0	0	0	5509588	
471	1	E	3	N	2500	2	1	633	253	44	29	44	0	0	0	0	0	0	0	0	0	0	0	0	5509604	
472	1	E	4	N	2500	6	40	470	188	36	22	29	0	0	0	0	0	0	0	0	0	0	0	0	5523909	
473	1	E	4	N	2500	2	1	94	18	3	3	6	0	0	0	0	0	0	0	0	0	0	0	0	5525219	
474	1	E	4	N	2500	6	40	306	158	33	22	32	0	0	0	0	0	0	0	0	0	0	0	0	5525328	
475	1	E	4	N	2500	6	40	431	152	27	15	19	0	0	0	0	0	0	0	0	0	0	0	0	5525578	
476	1	E	4	N	2500	0	40	238	122	26	16	20	0	0	0	0	0	0	0	0	0	0	0	0	5525672	
477	1	E	4	N	2500	0	40	392	150	27	16	19	0	0	0	0	0	0	0	0	0	0	0	0	5526218	
478	1	E	4	N	2500	0	40	271	138	32	22	26	0	0	0	0	0	0	0	0	0	0	0	0	5526717	
479	1	E	4	N	2500	0	40	324	151	40	24	31	0	0	0	0	0	0	0	0	0	0	0	0	5526779	
480	1	E	4	N	2500	0	40	325	103	17	9	15	0	0	0	0	0	0	0	0	0	0	0	0	5526904	
481	1	E	4	N	2500	0	40	246	118	32	20	28	0	0	0	0	0	0	0	0	0	0	0	0	5526966	
482	1	E	4	N	2500	0	40	276	131	23	16	18	0	0	0	0	0	0	0	0	0	0	0	0	5526982	
483	1	E	4	N	2500	0	40	303	138	25	17	20	0	0	0	0	0	0	0	0	0	0	0	0	5527029	
484	1	E	4	N	2500	0	40	257	139	26	17	21	0	0	0	0	0	0	0	0	0	0	0	0	5527107	
485	1	E	4	N	2500	0	40	303	133	22	14	23	0	0	0	0	0	0	0	0	0	0	0	0	5527169	
486	1	E	4	N	2500	0	40	301	167	37	23	29	0	0	0	0	0	0	0	0	0	0	0	0	5527232	
487	1	E	4	N	2500	0	40	307	104	20	13	19	0	0	0	0	0	0	0	0	0	0	0	0	5527481	
488	1	E	4	N	2500	0	1	503	161	34	20	26	0	0	0	0	0	0	0	0	0	0	0	0	5527559	
489	1	E	4	N	2500	0	40	322	156	33	23	27	0	0	0	0	0	0	0	0	0	0	0	0	5527559	
490	1	E	4	N	2500	0	40	452	169	27	19	29	0	0	0	0	0	0	0	0	0	0	0	0	5527590	
491	1	E	4	N	2500	0	40	320	195	38	24	29	0	0	0	0	0	0	0	0	0	0	0	0	5527778	
492	1	E	4	N	2500	0	40	435	157	28	18	25	0	0	0	0	0	0	0	0	0	0	0	0	5527934	
493	1	E	4	N	2500	0	1	70	47	8	6	7	0	0	0	0	0	0	0	0	0	0	0	0	5527949	
494	1	E	4	N	2500	0	40	225	104	19	11	12	0	0	0	0	0	0	0	0	0	0	0	0	5527949	
495	1	E	4	N	2500	0	40	264	128	21	14	18	0	0	0	0	0	0	0	0	0	0	0	0	5528604	
496	1	E	4	N	2500	0	1	86	16	1	1	3	0	0	0	0	0	0	0	0	0	0	0	0	5528729	
497	1	E	4	N	2500	0	40	324	166	29	18	22	0	0	0	0	0	0	0	0	0	0	0	0	5528916	
498	1	E	4	N	2500	0	40	241	131	23	15	16	0	0	0	0	0	0	0	0	0	0	0	0	5529088	
499	1	E	4	N	2500	0	40	409	138	23	16	20	0	0	0	0	0	0	0	0	0	0	0	0	5529166	
500	1	E	4	N	2500	0	40	309	153	37	23	28	0	0	0	0	0	0	0	0	0	0	0	0	5529416	
501	1	E	4	N	2500	0	40	318	166	39	25	31	0	0	0	0	0	0	0	0	0	0	0	0	5529572	
502	1	E	4	N	2500	0	40	272	191	38	24	31	0	0	0	0	0	0	0	0	0	0	0	0	5529618	
503	1	E	4	N	2500	0	40	295	150	30	18	27	0	0	0	0	0	0	0	0	0	0	0	0	5529946	
504	1	E	4	N	2500	0	40	223	120	28	16	21	0	0	0	0	0	0	0	0	0	0	0	0	5530352	
505	1	E	4	N	2500	0	40	330	164	32	23	27	0	0	0	0	0	0	0	0	0	0	0	0	5530398	
506	1	E	4	N	2500	0	40	281	192	35	24	32	0	0	0	0	0	0	0	0	0	0	0	0	5530414	
507	1	E	4	N	2500	0	40	323	153	26	18	22	0	0	0	0	0	0	0	0	0	0	0	0	5530445	
508	1	E	4	N	2500	0	40	409	183	30	23	29	0	0	0	0	0	0	0	0	0	0	0	0	5530976	
509	1	E	6	N	2500	6	40	296	142	28	17	25	0	0	0	0	0	0	0	0	0	0	0	0	5552972	
510	1	E	6	N	2500	6	40	271	170	42	25	31	0	0	0	0	0	0	0	0	0	0	0	0	5553159	
511	1	E	6	N	2500	6	40	210	132	22	16	19	0	0	0	0	0	0	0	0	0	0	0	0	5553174	
512	1	E	6	N	2500	0	40	216	128	26	16	19	0	0	0	0	0	0	0	0	0	0	0	0	5554110	
513	1	E	6	N	2500	0	40	286	131	21	15	15	0	0	0	0	0	0	0	0	0	0	0	0	5554142	
514	1	E	6	N	2500	0	40	441	170	31	24	37	0	0	0	0	0	0	0	0	0	0	0	0	5554204	
515	1	E	6	N	2500	0	40	376	186	36	22	31	0	0	0	0	0	0	0	0	0	0	0	0	5554329	
516	1	E	6	N	2500	0	40	309	203	39	27	35	0	0	0	0	0	0	0	0	0	0	0	0	5555296	
517	1	E	6	N	2500	0	40	498	210	37	25	32	0	0	0	0	0	0	0	0	0	0	0	0	5555374	
518	1	E	6	N	2500	0	40	461	213	38	28	39	0	0	0	0	0	0	0	0	0	0	0	0	5557074	
519	1	E	6	N	2500	0	40	506	207	37	24	36	0	0	0	0	0	0	0	0	0	0	0	0	5557246	
520	1	E	6	N	2500	0	40	312	158	25	18	22	0	0	0	0	0	0	0	0	0	0	0	0	5557355	
521	1	E	6	N	2500	0	40	294	132	21	16	21	0	0	0	0	0	0	0	0	0	0	0	0	5557730	
522	1	E	6	N	2500	0	40	328	172	42	24	29	0	0	0	0	0	0	0	0	0	0	0	0	5558556	
523	1	E	6	N	2500	0	40	473	196	35	21	30	0	0	0	0	0	0	0	0	0	0	0	0	5558728	
524	1	E	6	N	2500	0	40	358	178	30	22	28	0	0	0	0	0	0	0	0	0	0	0	0	5558868	
525	1	E	6	N	2500	0	40	471	197	32	22	27	0	0	0	0	0	0	0	0	0	0	0	0	5559321	
526	1	E	6	N	2500	0	40	396	178	37	23	32	0	0	0	0	0	0	0	0	0	0	0	0	5559711	
527	1	E	7	N	2500	2	1	56	48	17	28	64	0	0	0	0	0	0	0	0	0	0	0	0	5570225	
528	1	E	8	N	2500	6	40	478	197	38	23	30	0	0	0	0	0	0	0	0	0	0	0	0	5582409	
529	1	E	8	N	2500	2	1	57	12	2	2	6	0	0	0	0	0	0	0	0	0	0	0	0	5582643	
530	1	E	8	N	2500	2	1	164	106	31	19	23	0	0	0	0	0	0	0	0	0	0	0	0	5585373	
531	1	E	8	N	2500	6	40	259	154	28	17	22	0	0	0	0	0	0	0	0	0	0	0	0	5585467	
532	1	E	8	N	2500	6	40	280	167	27	20	23	0	0	0	0	0	0	0	0	0	0	0	0	5586262	
533	1	E	8	N	2500	0	40	454	160	28	17	20	0	0	0	0	0	0	0	0	0	0	0	0	5586964	
534	1	E	8	N	2500	0	40	224	142	25	16	18	0	0	0	0	0	0	0	0	0	0	0	0	5587245	
535	1	E	8	N	2500	0	40	226	131	27	20	25	0	0	0	0	0	0	0	0	0	0	0	0	5587978	
536	1	E	8	N	2500	0	40	411	175	29	17	22	0	0	0	0	0	0	0	0	0	0	0	0	5588384	
537	1	E	10	N	2500	6	40	320	117	22	15	22	0	0	0	0	0	0	0	0	0	0	0	0	5611300	
538	1	E	10	N	2500	6	40	241	104	15	11	18	0	0	0	0	0	0	0	0	0	0	0	0	5611519	
539	1	E	10	N	2500	2	1	239	75	9	6	11	0	0	0	0	0	0	0	0	0	0	0	0	5611690	
540	1	E	10	N	2500	6	40	388	151	25	17	24	0	0	0	0	0	0	0	0	0	0	0	0	5612377	
541	1	E	10	N	2500	0	40	300	139	25	17	23	0	0	0	0	0	0	0	0	0	0	0	0	5612798	
542	1	E	10	N	2500	0	1	234	75	9	7	11	0	0	0	0	0	0	0	0	0	0	0	0	5613313	
543	1	E	10	N	2500	0	40	297	100	18	14	17	0	0	0	0	0	0	0	0	0	0	0	0	5613422	
544	1	E	10	N	2500	0	40	290	155	28	20	24	0	0	0	0	0	0	0	0	0	0	0	0	5613968	
545	1	E	10	N	2500	0	1	231	98	16	12	15	0	0	0	0	0	0	0	0	0	0	0	0	5614810	
546	1	E	10	N	2500	0	40	208	142	21	14	15	0	0	0	0	0	0	0	0	0	0	0	0	5614982	
547	1	E	10	N	2500	0	1	56	20	4	4	7	0	0	0	0	0	0	0	0	0	0	0	0	5616089	
548	1	E	10	N	2500	0	40	344	189	28	21	25	0	0	0	0	0	0	0	0	0	0	0	0	5616542	
549	1	E	11	N	2500	2	1	197	59	10	8	13	0	0	0	0	0	0	0	0	0	0	0	0	5625824	
550	1	E	11	N	2500	6	40	264	137	27	20	25	0	0	0	0	0	0	0	0	0	0	0	0	5629942	
551	1	E	12	N	2500	6	40	282	139	26	15	20	0	0	0	0	0	0	0	0	0	0	0	0	5639427	
552	1	E	12	N	2500	6	40	230	150	26	16	18	0	0	0	0	0	0	0	0	0	0	0	0	5639474	
553	1	E	12	N	2500	6	40	224	134	21	15	19	0	0	0	0	0	0	0	0	0	0	0	0	5640098	
554	1	E	12	N	2500	0	40	341	171	33	21	25	0	0	0	0	0	0	0	0	0	0	0	0	5640316	
555	1	E	12	N	2500	0	40	294	153	36	21	26	0	0	0	0	0	0	0	0	0	0	0	0	5640363	
556	1	E	12	N	2500	0	40	324	155	36	21	26	0	0	0	0	0	0	0	0	0	0	0	0	5640472	
557	1	E	12	N	2500	0	40	351	172	34	27	37	0	0	0	0	0	0	0	0	0	0	0	0	5640503	
558	1	E	12	N	2500	0	40	332	153	27	16	18	0	0	0	0	0	0	0	0	0	0	0	0	5640503	
559	1	E	12	N	2500	0	40	376	120	17	12	15	0	0	0	0	0	0	0	0	0	0	0	0	5640628	
560	1	E	12	N	2500	0	40	316	151	26	18	21	0	0	0	0	0	0	0	0	0	0	0	0	5640831	
561	1	E	12	N	2500	0	40	330	154	32	21	24	0	0	0	0	0	0	0	0	0	0	0	0	5640940	
562	1	E	12	N	2500	0	40	357	138	31	17	21	0	0	0	0	0	0	0	0	0	0	0	0	5641003	
563	1	E	12	N	2500	0	40	229	112	29	19	25	0	0	0	0	0	0	0	0	0	0	0	0	5641533	
564	1	E	12	N	2500	0	40	421	202	35	25	28	0	0	0	0	0	0	0	0	0	0	0	0	5641549	
565	1	E	12	N	2500	0	40	240	179	32	21	26	0	0	0	0	0	0	0	0	0	0	0	0	5641845	
566	1	E	12	N	2500	0	40	347	166	31	24	26	0	0	0	0	0	0	0	0	0	0	0	0	5641876	
567	1	E	12	N	2500	0	40	196	122	18	12	15	0	0	0	0	0	0	0	0	0	0	0	0	5642017	
568	1	E	12	N	2500	0	1	166	90	15	9	10	0	0	0	0	0	0	0	0	0	0	0	0	5642095	
569	1	E	12	N	2500	0	40	333	144	31	19	25	0	0	0	0	0	0	0	0	0	0	0	0	5642344	
570	1	E	12	N	2500	0	1	249	64	10	7	10	0	0	0	0	0	0	0	0	0	0	0	0	5642500	
571	1	E	12	N	2500	0	40	334	127	21	15	22	0	0	0	0	0	0	0	0	0	0	0	0	5642812	
572	1	E	12	N	2500	0	40	515	203	39	21	30	0	0	0	0	0	0	0	0	0	0	0	0	5642875	
573	1	E	12	N	2500	0	1	527	173	29	16	21	0	0	0	0	0	0	0	0	0	0	0	0	5643311	
574	1	E	12	N	2500	0	40	354	128	21	14	20	0	0	0	0	0	0	0	0	0	0	0	0	5643467	
575	1	E	12	N	2500	0	40	303	119	18	11	15	0	0	0	0	0	0	0	0	0	0	0	0	5643623	
576	1	E	12	N	2500	0	40	281	171	31	19	23	0	0	0	0	0	0	0	0	0	0	0	0	5643655	
577	1	E	12	N	2500	0	40	358	184	39	21	28	0	0	0	0	0	0	0	0	0	0	0	0	5643655	
578	1	E	12	N	2500	0	1	424	125	21	14	22	0	0	0	0	0	0	0	0	0	0	0	0	5644060	
579	1	E	12	N	2500	0	40	382	137	22	13	18	0	0	0	0	0	0	0	0	0	0	0	0	5644653	
580	1	E	12	N	2500	0	40	264	168	30	17	22	0	0	0	0	0	0	0	0	0	0	0	0	5644949	
581	1	E	12	N	2500	0	1	532	225	47	25	35	0	0	0	0	0	0	0	0	0	0	0	0	5645683	
582	1	E	12	N	2500	0	40	226	152	30	17	20	0	0	0	0	0	0	0	0	0	0	0	0	5645807	
583	1	E	12	N	2500	0	40	346	144	22	14	21	0	0	0	0	0	0	0	0	0	0	0	0	5645823	
584	1	E	12	N	2500	0	1	163	57	14	13	33	0	0	0	0	0	0	0	0	0	0	0	0	5645963	
585	1	E	12	N	2500	0	40	334	134	26	15	22	0	0	0	0	0	0	0	0	0	0	0	0	5646151	
586	1	E	12	N	2500	0	40	442	170	32	19	27	0	0	0	0	0	0	0	0	0	0	0	0	5646291	
587	1	F	1	N	2500	6	40	469	191	35	20	25	0	0	0	0	0	0	0	0	0	0	0	0	5660003	
588	1	F	2	N	2500	2	1	257	90	15	11	16	0	0	0	0	0	0	0	0	0	0	0	0	5669831	
589	1	F	2	N	2500	2	1	195	80	15	11	18	0	0	0	0	0	0	0	0	0	0	0	0	5670003	
590	1	F	2	N	2500	6	40	356	167	32	20	27	0	0	0	0	0	0	0	0	0	0	0	0	5670081	
591	1	F	2	N	2500	6	40	433	138	24	15	17	0	0	0	0	0	0	0	0	0	0	0	0	5670440	
592	1	F	2	N	2500	2	1	124	51	10	8	11	0	0	0	0	0	0	0	0	0	0	0	0	5670487	
593	1	F	2	N	2500	6	40	260	154	30	21	26	0	0	0	0	0	0	0	0	0	0	0	0	5670627	
594	1	F	2	N	2500	0	40	370	104	18	11	19	0	0	0	0	0	0	0	0	0	0	0	0	5670861	
595	1	F	2	N	2500	0	1	557	177	35	19	25	0	0	0	0	0	0	0	0	0	0	0	0	5670955	
596	1	F	2	N	2500	0	1	185	48	10	7	12	0	0	0	0	0	0	0	0	0	0	0	0	5671001	
597	1	F	2	N	2500	0	40	316	160	37	24	31	0	0	0	0	0	0	0	0	0	0	0	0	5671095	
598	1	F	2	N	2500	0	1	268	71	13	9	17	0	0	0	0	0	0	0	0	0	0	0	0	5671235	
599	1	F	2	N	2500	0	40	313	107	17	13	18	0	0	0	0	0	0	0	0	0	0	0	0	5671485	
600	1	F	2	N	2500	0	40	260	133	33	19	25	0	0	0	0	0	0	0	0	0	0	0	0	5671516	
601	1	F	2	N	2500	0	1	306	72	14	11	16	0	0	0	0	0	0	0	0	0	0	0	0	5671703	
602	1	F	2	N	2500	0	1	69	31	5	3	5	0	0	0	0	0	0	0	0	0	0	0	0	5671719	
603	1	F	2	N	2500	0	1	281	65	8	7	11	0	0	0	0	0	0	0	0	0	0	0	0	5671766	
604	1	F	2	N	2500	0	1	211	55	8	6	8	0	0	0	0	0	0	0	0	0	0	0	0	5672093	
605	1	F	2	N	2500	0	1	189	85	12	9	12	0	0	0	0	0	0	0	0	0	0	0	0	5672140	
606	1	F	2	N	2500	0	40	310	84	15	9	16	0	0	0	0	0	0	0	0	0	0	0	0	5672171	
607	1	F	2	N	2500	0	1	252	83	14	12	17	0	0	0	0	0	0	0	0	0	0	0	0	5672405	
608	1	F	2	N	2500	0	40	265	141	28	17	24	0	0	0	0	0	0	0	0	0	0	0	0	5672405	
609	1	F	2	N	2500	0	40	435	172	31	22	29	0	0	0	0	0	0	0	0	0	0	0	0	5672499	
610	1	F	2	N	2500	0	40	248	110	17	12	18	0	0	0	0	0	0	0	0	0	0	0	0	5672530	
611	1	F	2	N	2500	0	40	425	171	39	23	30	0	0	0	0	0	0	0	0	0	0	0	0	5672608	
612	1	F	2	N	2500	0	40	276	108	18	15	26	0	0	0	0	0	0	0	0	0	0	0	0	5672624	
613	1	F	2	N	2500	0	40	303	126	27	18	26	0	0	0	0	0	0	0	0	0	0	0	0	5672639	
614	1	F	2	N	2500	0	1	164	55	8	6	6	0	0	0	0	0	0	0	0	0	0	0	0	5672655	
615	1	F	2	N	2500	0	1	115	52	7	5	8	0	0	0	0	0	0	0	0	0	0	0	0	5672655	
616	1	F	2	N	2500	0	40	308	129	19	14	19	0	0	0	0	0	0	0	0	0	0	0	0	5672795	
617	1	F	2	N	2500	0	1	163	89	16	9	12	0	0	0	0	0	0	0	0	0	0	0	0	5672873	
618	1	F	2	N	2500	0	1	102	44	7	6	11	0	0	0	0	0	0	0	0	0	0	0	0	5673263	
619	1	F	2	N	2500	0	1	303	74	12	8	14	0	0	0	0	0	0	0	0	0	0	0	0	5673310	
620	1	F	2	N	2500	0	40	267	178	30	20	25	0	0	0	0	0	0	0	0	0	0	0	0	5673575	
621	1	F	2	N	2500	0	1	83	18	3	4	10	0	0	0	0	0	0	0	0	0	0	0	0	5673591	
622	1	F	2	N	2500	0	40	366	95	16	14	26	0	0	0	0	0	0	0	0	0	0	0	0	5673622	
623	1	F	2	N	2500	0	40	348	87	15	11	21	0	0	0	0	0	0	0	0	0	0	0	0	5673778	
624	1	F	2	N	2500	0	1	120	30	4	3	5	0	0	0	0	0	0	0	0	0	0	0	0	5673872	
625	1	F	2	N	2500	0	1	207	69	9	7	9	0	0	0	0	0	0	0	0	0	0	0	0	5673872	
626	1	F	2	N	2500	0	40	313	142	23	15	16	0	0	0	0	0	0	0	0	0	0	0	0	5673887	
627	1	F	2	N	2500	0	40	321	147	25	20	22	0	0	0	0	0	0	0	0	0	0	0	0	5673965	
628	1	F	2	N	2500	0	40	289	127	25	13	16	0	0	0	0	0	0	0	0	0	0	0	0	5673981	
629	1	F	2	N	2500	0	1	142	55	8	7	11	0	0	0	0	0	0	0	0	0	0	0	0	5673981	
630	1	F	2	N	2500	0	1	211	99	17	11	11	0	0	0	0	0	0	0	0	0	0	0	0	5674153	
631	1	F	2	N	2500	0	40	335	122	18	11	15	0	0	0	0	0	0	0	0	0	0	0	0	5674199	
632	1	F	2	N	2500	0	40	414	183	33	23	31	0	0	0	0	0	0	0	0	0	0	0	0	5674371	
633	1	F	2	N	2500	0	40	510	189	39	23	36	0	0	0	0	0	0	0	0	0	0	0	0	5674402	
634	1	F	2	N	2500	0	1	129	56	8	6	9	0	0	0	0	0	0	0	0	0	0	0	0	5674636	
635	1	F	2	N	2500	0	40	224	133	19	13	18	0	0	0	0	0	0	0	0	0	0	0	0	5674652	
636	1	F	2	N	2500	0	40	373	167	28	18	24	0	0	0	0	0	0	0	0	0	0	0	0	5674745	
637	1	F	2	N	2500	0	40	351	113	16	12	16	0	0	0	0	0	0	0	0	0	0	0	0	5674823	
638	1	F	2	N	2500	0	1	89	19	3	2	3	0	0	0	0	0	0	0	0	0	0	0	0	5674855	
639	1	F	2	N	2500	0	1	117	55	8	6	9	0	0	0	0	0	0	0	0	0	0	0	0	5674855	
640	1	F	2	N	2500	0	1	65	23	2	2	2	0	0	0	0	0	0	0	0	0	0	0	0	5674855	
641	1	F	2	N	2500	0	40	490	162	30	20	27	0	0	0	0	0	0	0	0	0	0	0	0	5674964	
642	1	F	2	N	2500	0	1	292	75	15	9	15	0	0	0	0	0	0	0	0	0	0	0	0	5675089	
643	1	F	2	N	2500	0	1	219	62	12	9	10	0	0	0	0	0	0	0	0	0	0	0	0	5675323	
644	1	F	2	N	2500	0	40	400	140	21	16	21	0	0	0	0	0	0	0	0	0	0	0	0	5675463	
645	1	F	2	N	2500	0	40	267	122	20	14	18	0	0	0	0	0	0	0	0	0	0	0	0	5675510	
646	1	F	2	N	2500	0	40	264	161	29	21	26	0	0	0	0	0	0	0	0	0	0	0	0	5675588	
647	1	F	2	N	2500	0	1	176	73	12	9	12	0	0	0	0	0	0	0	0	0	0	0	0	5675635	
648	1	F	2	N	2500	0	40	440	166	31	22	29	0	0	0	0	0	0	0	0	0	0	0	0	5675900	
649	1	F	2	N	2500	0	40	419	137	24	13	18	0	0	0	0	0	0	0	0	0	0	0	0	5675947	
650	1	F	2	N	2500	0	1	207	65	9	6	9	0	0	0	0	0	0	0	0	0	0	0	0	5676477	
651	1	F	2	N	2500	0	40	334	120	18	12	16	0	0	0	0	0	0	0	0	0	0	0	0	5677023	
652	1	F	3	N	2500	6	40	365	151	26	18	22	0	0	0	0	0	0	0	0	0	0	0	0	5689378	
653	1	F	3	N	2500	2	1	298	66	11	8	13	0	0	0	0	0	0	0	0	0	0	0	0	5689721	
654	1	F	4	N	2500	6	40	260	182	32	22	29	0	0	0	0	0	0	0	0	0	0	0	0	5698567	
655	1	F	4	N	2500	6	40	485	199	32	20	28	0	0	0	0	0	0	0	0	0	0	0	0	5698848	
656	1	F	4	N	2500	6	40	218	164	28	20	27	0	0	0	0	0	0	0	0	0	0	0	0	5698957	
657	1	F	4	N	2500	0	40	267	171	30	19	26	0	0	0	0	0	0	0	0	0	0	0	0	5699082	
658	1	F	4	N	2500	0	40	438	200	35	25	30	0	0	0	0	0	0	0	0	0	0	0	0	5699097	
659	1	F	4	N	2500	0	40	494	191	31	24	34	0	0	0	0	0	0	0	0	0	0	0	0	5699144	
660	1	F	4	N	2500	0	40	282	171	29	18	21	0	0	0	0	0	0	0	0	0	0	0	0	5699191	
661	1	F	4	N	2500	0	40	357	181	37	23	29	0	0	0	0	0	0	0	0	0	0	0	0	5699503	
662	1	F	4	N	2500	0	40	286	181	37	30	36	0	0	0	0	0	0	0	0	0	0	0	0	5699518	
663	1	F	4	N	2500	0	40	353	166	29	18	26	0	0	0	0	0	0	0	0	0	0	0	0	5699581	
664	1	F	4	N	2500	0	40	327	164	30	18	25	0	0	0	0	0	0	0	0	0	0	0	0	5699877	
665	1	F	4	N	2500	0	40	347	167	33	23	28	0	0	0	0	0	0	0	0	0	0	0	0	5699893	
666	1	F	4	N	2500	0	40	208	141	25	19	22	0	0	0	0	0	0	0	0	0	0	0	0	5699986	
667	1	F	4	N	2500	0	40	215	116	18	12	17	0	0	0	0	0	0	0	0	0	0	0	0	5700033	
668	1	F	4	N	2500	0	40	426	165	28	18	22	0	0	0	0	0	0	0	0	0	0	0	0	5700142	
669	1	F	4	N	2500	0	1	51	16	2	1	4	0	0	0	0	0	0	0	0	0	0	0	0	5700439	
670	1	F	4	N	2500	0	40	428	170	34	22	29	0	0	0	0	0	0	0	0	0	0	0	0	5700454	
671	1	F	4	N	2500	0	40	458	187	34	22	38	0	0	0	0	0	0	0	0	0	0	0	0	5700517	
672	1	F	4	N	2500	0	40	227	147	27	18	22	0	0	0	0	0	0	0	0	0	0	0	0	5700517	
673	1	F	4	N	2500	0	40	475	188	31	25	34	0	0	0	0	0	0	0	0	0	0	0	0	5700595	
674	1	F	4	N	2500	0	40	259	124	20	14	21	0	0	0	0	0	0	0	0	0	0	0	0	5700610	
675	1	F	4	N	2500	0	40	412	170	30	19	26	0	0	0	0	0	0	0	0	0	0	0	0	5700688	
676	1	F	4	N	2500	0	40	444	169	31	23	30	0	0	0	0	0	0	0	0	0	0	0	0	5700798	
677	1	F	4	N	2500	0	40	370	145	26	17	25	0	0	0	0	0	0	0	0	0	0	0	0	5700860	
678	1	F	4	N	2500	0	40	369	168	30	23	30	0	0	0	0	0	0	0	0	0	0	0	0	5701032	
679	1	F	4	N	2500	0	40	294	171	28	20	24	0	0	0	0	0	0	0	0	0	0	0	0	5701266	
680	1	F	4	N	2500	0	40	311	163	30	22	25	0	0	0	0	0	0	0	0	0	0	0	0	5701312	
681	1	F	4	N	2500	0	40	353	163	32	22	32	0	0	0	0	0	0	0	0	0	0	0	0	5701624	
682	1	F	4	N	2500	0	40	428	172	31	22	28	0	0	0	0	0	0	0	0	0	0	0	0	5701765	
683	1	F	4	N	2500	0	40	225	148	25	17	19	0	0	0	0	0	0	0	0	0	0	0	0	5701765	
684	1	F	4	N	2500	0	40	354	169	34	21	28	0	0	0	0	0	0	0	0	0	0	0	0	5701843	
685	1	F	4	N	2500	0	40	308	151	38	22	36	0	0	0	0	0	0	0	0	0	0	0	0	5701936	
686	1	F	4	N	2500	0	1	302	67	8	5	8	0	0	0	0	0	0	0	0	0	0	0	0	5702092	
687	1	F	4	N	2500	0	40	465	176	33	27	39	0	0	0	0	0	0	0	0	0	0	0	0	5702092	
688	1	F	4	N	2500	0	40	266	123	22	15	22	0	0	0	0	0	0	0	0	0	0	0	0	5702092	
689	1	F	4	N	2500	0	40	194	143	33	19	25	0	0	0	0	0	0	0	0	0	0	0	0	5702233	
690	1	F	4	N	2500	0	40	448	175	28	20	25	0	0	0	0	0	0	0	0	0	0	0	0	5702389	
691	1	F	4	N	2500	0	40	287	172	32	21	24	0	0	0	0	0	0	0	0	0	0	0	0	5702436	
692	1	F	4	N	2500	0	40	398	159	27	20	25	0	0	0	0	0	0	0	0	0	0	0	0	5702716	
693	1	F	4	N	2500	0	40	477	213	40	25	35	0	0	0	0	0	0	0	0	0	0	0	0	5702888	
694	1	F	4	N	2500	0	1	56	15	2	1	3	0	0	0	0	0	0	0	0	0	0	0	0	5703153	
695	1	F	4	N	2500	0	40	280	163	29	19	25	0	0	0	0	0	0	0	0	0	0	0	0	5703200	
696	1	F	4	N	2500	0	40	204	149	34	21	27	0	0	0	0	0	0	0	0	0	0	0	0	5703340	
697	1	F	4	N	2500	0	1	84	53	9	7	9	0	0	0	0	0	0	0	0	0	0	0	0	5703340	
698	1	F	4	N	2500	0	1	237	97	17	11	14	0	0	0	0	0	0	0	0	0	0	0	0	5703340	
699	1	F	4	N	2500	0	40	402	178	29	20	24	0	0	0	0	0	0	0	0	0	0	0	0	5703356	
700	1	F	4	N	2500	0	40	236	153	25	20	24	0	0	0	0	0	0	0	0	0	0	0	0	5703418	
701	1	F	4	N	2500	0	40	292	156	26	19	23	0	0	0	0	0	0	0	0	0	0	0	0	5703465	
702	1	F	4	N	2500	0	40	423	137	23	17	20	0	0	0	0	0	0	0	0	0	0	0	0	5703559	
703	1	F	4	N	2500	0	1	93	55	9	8	10	0	0	0	0	0	0	0	0	0	0	0	0	5703871	
704	1	F	4	N	2500	0	1	211	87	14	11	12	0	0	0	0	0	0	0	0	0	0	0	0	5703871	
705	1	F	4	N	2500	0	40	314	175	32	20	29	0	0	0	0	0	0	0	0	0	0	0	0	5703886	
706	1	F	4	N	2500	0	40	278	136	33	21	28	0	0	0	0	0	0	0	0	0	0	0	0	5704120	
707	1	F	4	N	2500	0	40	333	171	30	22	27	0	0	0	0	0	0	0	0	0	0	0	0	5704214	
708	1	F	4	N	2500	0	1	70	14	3	4	8	0	0	0	0	0	0	0	0	0	0	0	0	5704276	
709	1	F	4	N	2500	0	40	364	200	42	28	39	0	0	0	0	0	0	0	0	0	0	0	0	5704276	
710	1	F	4	N	2500	0	40	295	154	26	20	21	0	0	0	0	0	0	0	0	0	0	0	0	5704292	
711	1	F	4	N	2500	0	40	220	138	22	16	18	0	0	0	0	0	0	0	0	0	0	0	0	5704308	
712	1	F	4	N	2500	0	40	452	186	37	23	30	0	0	0	0	0	0	0	0	0	0	0	0	5704354	
713	1	F	4	N	2500	0	40	292	152	34	26	37	0	0	0	0	0	0	0	0	0	0	0	0	5704417	
714	1	F	4	N	2500	0	1	534	230	39	30	37	0	0	0	0	0	0	0	0	0	0	0	0	5704495	
715	1	F	4	N	2500	0	40	258	159	29	18	24	0	0	0	0	0	0	0	0	0	0	0	0	5704588	
716	1	F	4	N	2500	0	40	413	160	28	21	28	0	0	0	0	0	0	0	0	0	0	0	0	5704620	
717	1	F	4	N	2500	0	40	393	165	28	22	28	0	0	0	0	0	0	0	0	0	0	0	0	5704620	
718	1	F	4	N	2500	0	40	419	169	26	19	25	0	0	0	0	0	0	0	0	0	0	0	0	5704682	
719	1	F	4	N	2500	0	40	237	170	29	19	26	0	0	0	0	0	0	0	0	0	0	0	0	5704744	
720	1	F	4	N	2500	0	40	504	213	37	24	31	0	0	0	0	0	0	0	0	0	0	0	0	5704776	
721	1	F	4	N	2500	0	40	351	146	25	18	21	0	0	0	0	0	0	0	0	0	0	0	0	5705244	
722	1	F	5	N	2500	2	1	71	13	2	0	1	0	0	0	0	0	0	0	0	0	0	0	0	5713262	
723	1	F	5	N	2500	33	1	52	9	0	0	0	0	0	0	0	0	0	0	0	0	0	0	0	5713262	
724	1	F	5	N	2500	2	1	52	11	2	2	8	0	0	0	0	0	0	0	0	0	0	0	0	5717022	
725	1	F	5	N	2500	2	1	213	77	3	2	6	0	0	0	0	0	0	0	0	0	0	0	0	5717802	
726	1	F	5	N	2500	6	40	464	198	31	22	26	0	0	0	0	0	0	0	0	0	0	0	0	5717926	
727	1	F	5	N	2500	2	1	171	82	11	9	13	0	0	0	0	0	0	0	0	0	0	0	0	5719346	
728	1	F	5	N	2500	6	40	332	134	26	20	25	0	0	0	0	0	0	0	0	0	0	0	0	5719954	
729	1	F	5	N	2500	6	40	324	158	29	19	26	0	0	0	0	0	0	0	0	0	0	0	0	5720017	
730	1	F	6	N	2500	6	40	227	129	31	19	27	0	0	0	0	0	0	0	0	0	0	0	0	5727583	
731	1	F	6	N	2500	6	40	448	190	32	20	26	0	0	0	0	0	0	0	0	0	0	0	0	5728971	
732	1	F	6	N	2500	6	40	222	118	18	14	17	0	0	0	0	0	0	0	0	0	0	0	0	5729283	
733	1	F	6	N	2500	0	1	241	95	21	13	14	0	0	0	0	0	0	0	0	0	0	0	0	5729283	
734	1	F	6	N	2500	0	40	317	168	38	21	26	0	0	0	0	0	0	0	0	0	0	0	0	5729314	
735	1	F	6	N	2500	0	40	409	159	27	19	28	0	0	0	0	0	0	0	0	0	0	0	0	5729392	
736	1	F	6	N	2500	0	40	275	134	30	19	24	0	0	0	0	0	0	0	0	0	0	0	0	5729424	
737	1	F	6	N	2500	0	40	460	171	30	21	26	0	0	0	0	0	0	0	0	0	0	0	0	5729658	
738	1	F	6	N	2500	0	40	419	181	36	21	31	0	0	0	0	0	0	0	0	0	0	0	0	5729736	
739	1	F	6	N	2500	0	40	517	208	32	25	42	0	0	0	0	0	0	0	0	0	0	0	0	5730672	
740	1	F	6	N	2500	0	1	97	66	12	7	8	0	0	0	0	0	0	0	0	0	0	0	0	5731030	
741	1	F	6	N	2500	0	1	222	100	17	12	15	0	0	0	0	0	0	0	0	0	0	0	0	5731030	
742	1	F	6	N	2500	0	40	450	162	33	22	30	0	0	0	0	0	0	0	0	0	0	0	0	5731264	
743	1	F	6	N	2500	0	1	276	79	13	9	12	0	0	0	0	0	0	0	0	0	0	0	0	5731389	
744	1	F	6	N	2500	0	40	376	117	16	11	14	0	0	0	0	0	0	0	0	0	0	0	0	5731514	
745	1	F	6	N	2500	0	40	328	137	30	19	23	0	0	0	0	0	0	0	0	0	0	0	0	5732216	
746	1	F	6	N	2500	0	40	345	131	19	16	22	0	0	0	0	0	0	0	0	0	0	0	0	5733948	
747	1	F	6	N	2500	0	40	367	135	20	15	21	0	0	0	0	0	0	0	0	0	0	0	0	5734416	
748	1	F	7	N	2500	6	40	478	182	28	19	28	0	0	0	0	0	0	0	0	0	0	0	0	5743557	
749	1	F	8	N	2500	6	40	301	127	20	15	17	0	0	0	0	0	0	0	0	0	0	0	0	5757472	
750	1	F	8	N	2500	2	1	88	24	4	4	10	0	0	0	0	0	0	0	0	0	0	0	0	5758003	
751	1	F	8	N	2500	2	2	267	96	13	12	17	0	0	0	0	0	0	0	0	0	0	0	0	5759984	
752	1	F	8	N	2500	2	1	53	17	4	4	8	0	0	0	0	0	0	0	0	0	0	0	0	5760265	
753	1	F	8	N	2500	6	40	350	114	17	13	24	0	0	0	0	0	0	0	0	0	0	0	0	5761185	
754	1	F	8	N	2500	2	1	491	147	24	16	24	0	0	0	0	0	0	0	0	0	0	0	0	5762184	
755	1	F	8	N	2500	6	40	427	149	20	15	24	0	0	0	0	0	0	0	0	0	0	0	0	5762917	
756	1	F	10	N	2500	6	40	304	158	26	18	23	0	0	0	0	0	0	0	0	0	0	0	0	5784570	
757	1	F	10	N	2500	6	40	172	118	18	12	16	0	0	0	0	0	0	0	0	0	0	0	0	5784866	
758	1	F	10	N	2500	6	40	263	156	26	19	22	0	0	0	0	0	0	0	0	0	0	0	0	5785147	
759	1	F	10	N	2500	0	40	254	162	27	19	21	0	0	0	0	0	0	0	0	0	0	0	0	5785708	
760	1	F	10	N	2500	0	40	288	132	26	16	22	0	0	0	0	0	0	0	0	0	0	0	0	5786364	
761	1	F	10	N	2500	0	40	505	203	39	22	33	0	0	0	0	0	0	0	0	0	0	0	0	5786551	
762	1	F	10	N	2500	0	40	290	120	27	18	24	0	0	0	0	0	0	0	0	0	0	0	0	5787050	
763	1	F	10	N	2500	0	40	325	156	35	20	26	0	0	0	0	0	0	0	0	0	0	0	0	5787066	
764	1	F	10	N	2500	0	40	398	166	30	19	26	0	0	0	0	0	0	0	0	0	0	0	0	5787596	
765	1	F	10	N	2500	0	40	472	197	39	24	37	0	0	0	0	0	0	0	0	0	0	0	0	5787861	
766	1	F	10	N	2500	0	1	105	23	2	1	1	0	0	0	0	0	0	0	0	0	0	0	0	5787986	
767	1	F	10	N	2500	0	40	226	147	36	23	29	0	0	0	0	0	0	0	0	0	0	0	0	5788064	
768	1	F	10	N	2500	0	40	325	167	34	18	21	0	0	0	0	0	0	0	0	0	0	0	0	5789000	
769	1	F	10	N	2500	0	40	295	175	38	23	30	0	0	0	0	0	0	0	0	0	0	0	0	5789172	
770	1	F	10	N	2500	0	1	67	26	7	8	18	0	0	0	0	0	0	0	0	0	0	0	0	5789234	
771	1	F	10	N	2500	0	40	432	189	34	21	29	0	0	0	0	0	0	0	0	0	0	0	0	5790154	
772	1	F	12	N	2500	2	1	171	106	19	14	20	0	0	0	0	0	0	0	0	0	0	0	0	5813274	
773	1	F	12	N	2500	6	40	219	130	34	21	26	0	0	0	0	0	0	0	0	0	0	0	0	5813305	
774	1	F	12	N	2500	6	40	222	132	23	16	18	0	0	0	0	0	0	0	0	0	0	0	0	5814335	
775	1	F	12	N	2500	2	1	188	45	7	5	6	0	0	0	0	0	0	0	0	0	0	0	0	5814522	
776	1	F	12	N	2500	2	1	138	61	11	9	14	0	0	0	0	0	0	0	0	0	0	0	0	5814647	
777	1	F	12	N	2500	6	40	301	151	30	18	26	0	0	0	0	0	0	0	0	0	0	0	0	5815723	
778	1	F	12	N	2500	0	40	255	142	26	19	26	0	0	0	0	0	0	0	0	0	0	0	0	5816129	
779	1	F	12	N	2500	0	40	449	184	32	20	28	0	0	0	0	0	0	0	0	0	0	0	0	5816363	
780	1	F	12	N	2500	0	40	241	122	24	15	18	0	0	0	0	0	0	0	0	0	0	0	0	5816675	
781	1	F	12	N	2500	0	40	197	125	22	16	23	0	0	0	0	0	0	0	0	0	0	0	0	5816799	
782	1	F	12	N	2500	0	1	188	95	17	14	19	0	0	0	0	0	0	0	0	0	0	0	0	5817423	
783	1	F	12	N	2500	0	40	293	168	33	24	34	0	0	0	0	0	0	0	0	0	0	0	0	5817470	
784	1	F	12	N	2500	0	40	317	171	38	26	34	0	0	0	0	0	0	0	0	0	0	0	0	5817954	
785	1	F	12	N	2500	0	40	399	147	26	16	23	0	0	0	0	0	0	0	0	0	0	0	0	5817969	
786	1	F	12	N	2500	0	40	376	175	32	23	31	0	0	0	0	0	0	0	0	0	0	0	0	5818047	
787	1	F	12	N	2500	0	40	385	178	34	20	24	0	0	0	0	0	0	0	0	0	0	0	0	5818172	
788	1	F	12	N	2500	0	40	222	159	29	21	28	0	0	0	0	0	0	0	0	0	0	0	0	5818219	
789	1	F	12	N	2500	0	40	233	111	25	17	22	0	0	0	0	0	0	0	0	0	0	0	0	5818703	
790	1	F	12	N	2500	0	40	283	139	25	19	26	0	0	0	0	0	0	0	0	0	0	0	0	5818765	
791	1	F	12	N	2500	0	1	177	94	15	11	16	0	0	0	0	0	0	0	0	0	0	0	0	5818796	
792	1	F	12	N	2500	0	1	215	95	17	11	14	0	0	0	0	0	0	0	0	0	0	0	0	5819030	
793	1	F	12	N	2500	0	40	471	179	36	22	28	0	0	0	0	0	0	0	0	0	0	0	0	5819373	
794	1	F	12	N	2500	0	40	246	126	26	19	24	0	0	0	0	0	0	0	0	0	0	0	0	5819451	
795	1	F	12	N	2500	0	40	209	113	17	13	15	0	0	0	0	0	0	0	0	0	0	0	0	5819685	
796	1	F	12	N	2500	0	40	234	131	30	19	25	0	0	0	0	0	0	0	0	0	0	0	0	5820138	
797	1	F	12	N	2500	0	1	53	10	1	2	5	0	0	0	0	0	0	0	0	0	0	0	0	5820715	
798	1	G	2	N	2500	2	1	57	12	2	1	3	0	0	0	0	0	0	0	0	0	0	0	0	5844739	
799	1	G	2	N	2500	10	40	272	124	24	15	22	0	0	0	0	0	0	0	0	0	0	0	0	5844739	
800	1	G	2	N	2500	6	40	436	177	30	19	24	0	0	0	0	0	0	0	0	0	0	0	0	5845691	
801	1	G	2	N	2500	6	40	260	132	34	24	31	0	0	0	0	0	0	0	0	0	0	0	0	5846361	
802	1	G	2	N	2500	6	40	394	160	29	17	22	0	0	0	0	0	0	0	0	0	0	0	0	5847063	
803	1	G	2	N	2500	0	40	371	162	30	20	27	0	0	0	0	0	0	0	0	0	0	0	0	5849107	
804	1	G	2	N	2500	0	40	282	148	25	18	21	0	0	0	0	0	0	0	0	0	0	0	0	5849232	
805	1	G	2	N	2500	0	40	490	213	44	25	33	0	0	0	0	0	0	0	0	0	0	0	0	5849325	
806	1	G	2	N	2500	0	40	194	145	27	19	30	0	0	0	0	0	0	0	0	0	0	0	0	5849481	
807	1	G	2	N	2500	0	40	369	158	27	20	28	0	0	0	0	0	0	0	0	0	0	0	0	5849934	
808	1	G	2	N	2500	0	40	406	162	27	19	33	0	0	0	0	0	0	0	0	0	0	0	0	5850932	
809	1	G	3	N	2500	6	40	371	203	34	20	24	0	0	0	0	0	0	0	0	0	0	0	0	5863724	
810	1	G	4	N	2500	6	40	415	156	28	18	24	0	0	0	0	0	0	0	0	0	0	0	0	5873459	
811	1	G	4	N	2500	6	40	228	167	30	22	30	0	0	0	0	0	0	0	0	0	0	0	0	5874098	
812	1	G	4	N	2500	6	40	359	120	19	14	20	0	0	0	0	0	0	0	0	0	0	0	0	5874207	
813	1	G	4	N	2500	0	40	440	162	28	20	28	0	0	0	0	0	0	0	0	0	0	0	0	5875409	
814	1	G	4	N	2500	0	40	307	138	34	24	35	0	0	0	0	0	0	0	0	0	0	0	0	5875455	
815	1	G	4	N	2500	0	40	302	150	29	21	25	0	0	0	0	0	0	0	0	0	0	0	0	5875596	
816	1	G	4	N	2500	0	40	399	180	31	21	30	0	0	0	0	0	0	0	0	0	0	0	0	5875643	
817	1	G	4	N	2500	0	40	285	151	25	17	19	0	0	0	0	0	0	0	0	0	0	0	0	5876095	
818	1	G	4	N	2500	0	40	426	169	33	21	31	0	0	0	0	0	0	0	0	0	0	0	0	5876423	
819	1	G	4	N	2500	0	40	477	162	28	18	23	0	0	0	0	0	0	0	0	0	0	0	0	5877156	
820	1	G	4	N	2500	0	40	301	152	26	19	25	0	0	0	0	0	0	0	0	0	0	0	0	5877702	
821	1	G	4	N	2500	0	1	168	44	8	5	8	0	0	0	0	0	0	0	0	0	0	0	0	5878092	
822	1	G	4	N	2500	0	40	249	101	15	12	16	0	0	0	0	0	0	0	0	0	0	0	0	5878092	
823	1	G	4	N	2500	0	40	402	137	24	16	22	0	0	0	0	0	0	0	0	0	0	0	0	5879262	
824	1	G	6	N	2500	2	2	296	93	13	10	14	0	0	0	0	0	0	0	0	0	0	0	0	5901897	
825	1	G	6	N	2500	6	40	351	119	18	11	19	0	0	0	0	0	0	0	0	0	0	0	0	5902568	
826	1	G	6	N	2500	6	40	305	96	14	7	12	0	0	0	0	0	0	0	0	0	0	0	0	5903863	
827	1	G	6	N	2500	6	40	326	113	17	13	17	0	0	0	0	0	0	0	0	0	0	0	0	5904846	
828	1	G	6	N	2500	0	1	242	71	9	7	7	0	0	0	0	0	0	0	0	0	0	0	0	5905439	
829	1	G	6	N	2500	0	1	108	37	4	3	4	0	0	0	0	0	0	0	0	0	0	0	0	5905953	
830	1	G	8	N	2500	6	40	225	113	25	13	16	0	0	0	0	0	0	0	0	0	0	0	0	5930087	
831	1	G	8	N	2500	2	1	58	17	2	2	4	0	0	0	0	0	0	0	0	0	0	0	0	5930726	
832	1	G	8	N	2500	6	40	282	141	26	15	18	0	0	0	0	0	0	0	0	0	0	0	0	5930898	
833	1	G	8	N	2500	6	40	361	153	36	20	28	0	0	0	0	0	0	0	0	0	0	0	0	5931148	
834	1	G	8	N	2500	0	1	171	86	15	9	12	0	0	0	0	0	0	0	0	0	0	0	0	5931881	
835	1	G	8	N	2500	0	1	126	50	8	6	9	0	0	0	0	0	0	0	0	0	0	0	0	5931881	
836	1	G	8	N	2500	0	1	52	14	3	0	1	0	0	0	0	0	0	0	0	0	0	0	0	5932052	
837	1	G	8	N	2500	0	40	286	148	30	20	28	0	0	0	0	0	0	0	0	0	0	0	0	5932130	
838	1	G	8	N	2500	0	40	216	136	23	14	14	0	0	0	0	0	0	0	0	0	0	0	0	5932349	
839	1	G	8	N	2500	0	40	221	139	23	16	22	0	0	0	0	0	0	0	0	0	0	0	0	5932630	
840	1	G	8	N	2500	0	40	225	156	28	19	22	0	0	0	0	0	0	0	0	0	0	0	0	5932708	
841	1	G	8	N	2500	0	40	359	113	16	13	17	0	0	0	0	0	0	0	0	0	0	0	0	5932832	
842	1	G	8	N	2500	0	40	326	140	26	17	22	0	0	0	0	0	0	0	0	0	0	0	0	5932926	
843	1	G	8	N	2500	0	40	255	142	24	17	19	0	0	0	0	0	0	0	0	0	0	0	0	5933503	
844	1	G	8	N	2500	0	40	284	153	24	16	21	0	0	0	0	0	0	0	0	0	0	0	0	5933581	
845	1	G	8	N	2500	0	40	281	147	30	19	21	0	0	0	0	0	0	0	0	0	0	0	0	5933924	
846	1	G	8	N	2500	0	40	339	146	32	19	20	0	0	0	0	0	0	0	0	0	0	0	0	5934127	
847	1	G	8	N	2500	0	40	211	133	22	14	18	0	0	0	0	0	0	0	0	0	0	0	0	5934486	
848	1	G	8	N	2500	0	40	316	143	27	18	20	0	0	0	0	0	0	0	0	0	0	0	0	5935266	
849	1	G	8	N	2500	0	40	391	166	31	23	27	0	0	0	0	0	0	0	0	0	0	0	0	5935422	
850	1	G	8	N	2500	0	40	291	133	25	14	19	0	0	0	0	0	0	0	0	0	0	0	0	5935765	
851	1	G	10	N	2500	6	40	419	194	33	23	29	0	0	0	0	0	0	0	0	0	0	0	0	5959134	
852	1	G	10	N	2500	6	40	376	152	25	20	25	0	0	0	0	0	0	0	0	0	0	0	0	5959165	
853	1	G	10	N	2500	6	40	427	168	31	24	32	0	0	0	0	0	0	0	0	0	0	0	0	5959181	
854	1	G	10	N	2500	0	1	93	19	4	3	8	0	0	0	0	0	0	0	0	0	0	0	0	5959196	
855	1	G	10	N	2500	0	1	270	87	10	7	13	0	0	0	0	0	0	0	0	0	0	0	0	5959462	
856	1	G	10	N	2500	0	40	443	190	30	25	33	0	0	0	0	0	0	0	0	0	0	0	0	5959680	
857	1	G	10	N	2500	0	40	316	177	32	22	30	0	0	0	0	0	0	0	0	0	0	0	0	5959774	
858	1	G	10	N	2500	0	40	453	180	30	21	26	0	0	0	0	0	0	0	0	0	0	0	0	5959898	
859	1	G	10	N	2500	0	1	125	69	13	12	14	0	0	0	0	0	0	0	0	0	0	0	0	5959961	
860	1	G	10	N	2500	0	1	205	72	12	8	12	0	0	0	0	0	0	0	0	0	0	0	0	5959961	
861	1	G	10	N	2500	0	40	259	170	32	21	30	0	0	0	0	0	0	0	0	0	0	0	0	5960647	
862	1	G	10	N	2500	0	40	419	169	31	20	28	0	0	0	0	0	0	0	0	0	0	0	0	5961100	
863	1	G	10	N	2500	0	40	395	184	34	23	30	0	0	0	0	0	0	0	0	0	0	0	0	5961490	
864	1	G	10	N	2500	0	40	356	179	33	25	29	0	0	0	0	0	0	0	0	0	0	0	0	5961552	
865	1	G	10	N	2500	0	40	321	145	36	26	37	0	0	0	0	0	0	0	0	0	0	0	0	5961770	
866	1	G	10	N	2500	0	40	503	191	32	24	34	0	0	0	0	0	0	0	0	0	0	0	0	5962036	
867	1	G	10	N	2500	0	2	313	79	11	9	13	0	0	0	0	0	0	0	0	0	0	0	0	5962067	
868	1	G	10	N	2500	0	40	394	176	33	23	30	0	0	0	0	0	0	0	0	0	0	0	0	5962082	
869	1	G	10	N	2500	0	40	406	142	24	16	25	0	0	0	0	0	0	0	0	0	0	0	0	5962769	
870	1	G	10	N	2500	0	40	335	168	35	22	26	0	0	0	0	0	0	0	0	0	0	0	0	5962940	
871	1	G	10	N	2500	0	40	191	174	36	27	33	0	0	0	0	0	0	0	0	0	0	0	0	5963143	
872	1	G	10	N	2500	0	40	415	161	26	19	27	0	0	0	0	0	0	0	0	0	0	0	0	5963518	
873	1	G	10	N	2500	0	40	269	175	31	22	28	0	0	0	0	0	0	0	0	0	0	0	0	5964032	
874	1	G	10	N	2500	0	40	357	157	31	23	33	0	0	0	0	0	0	0	0	0	0	0	0	5964173	
875	1	G	10	N	2500	0	40	386	179	41	30	43	0	0	0	0	0	0	0	0	0	0	0	0	5964500	
876	1	G	10	N	2500	0	2	151	125	26	20	28	0	0	0	0	0	0	0	0	0	0	0	0	5964610	
877	1	G	10	N	2500	0	1	70	20	1	1	3	0	0	0	0	0	0	0	0	0	0	0	0	5964750	
878	1	G	10	N	2500	0	40	490	206	40	24	37	0	0	0	0	0	0	0	0	0	0	0	0	5964875	
879	1	G	10	N	2500	0	40	292	155	29	22	31	0	0	0	0	0	0	0	0	0	0	0	0	5964953	
880	1	G	10	N	2500	0	40	516	202	39	27	36	0	0	0	0	0	0	0	0	0	0	0	0	5964984	
881	1	G	11	N	2500	6	40	298	152	33	22	31	0	0	0	0	0	0	0	0	0	0	0	0	5974219	
882	1	G	12	N	2500	6	40	331	197	45	28	32	0	0	0	0	0	0	0	0	0	0	0	0	5987916	
883	1	G	12	N	2500	2	1	149	115	30	20	25	0	0	0	0	0	0	0	0	0	0	0	0	5988010	
884	1	G	12	N	2500	6	40	392	198	33	22	25	0	0	0	0	0	0	0	0	0	0	0	0	5988025	
885	1	G	12	N	2500	6	40	192	139	34	19	21	0	0	0	0	0	0	0	0	0	0	0	0	5988275	
886	1	G	12	N	2500	0	40	247	112	16	12	17	0	0	0	0	0	0	0	0	0	0	0	0	5989304	
887	1	G	12	N	2500	0	40	481	176	34	21	27	0	0	0	0	0	0	0	0	0	0	0	0	5989414	
888	1	G	12	N	2500	0	40	383	192	41	24	30	0	0	0	0	0	0	0	0	0	0	0	0	5989445	
889	1	G	12	N	2500	0	40	292	197	40	24	27	0	0	0	0	0	0	0	0	0	0	0	0	5989492	
890	1	G	12	N	2500	0	1	211	98	15	10	14	0	0	0	0	0	0	0	0	0	0	0	0	5990022	
891	1	G	12	N	2500	0	1	178	72	9	8	9	0	0	0	0	0	0	0	0	0	0	0	0	5990677	
892	1	G	12	N	2500	0	40	378	179	33	22	29	0	0	0	0	0	0	0	0	0	0	0	0	5991036	
893	1	G	12	N	2500	0	40	247	161	28	18	24	0	0	0	0	0	0	0	0	0	0	0	0	5991052	
894	1	G	12	N	2500	0	40	228	123	21	14	18	0	0	0	0	0	0	0	0	0	0	0	0	5991067	
895	1	G	12	N	2500	0	40	369	134	21	18	28	0	0	0	0	0	0	0	0	0	0	0	0	5991176	
896	1	G	12	N	2500	0	40	359	138	29	18	26	0	0	0	0	0	0	0	0	0	0	0	0	5991551	
897	1	G	12	N	2500	0	40	437	174	32	21	30	0	0	0	0	0	0	0	0	0	0	0	0	5991972	
898	1	G	12	N	2500	0	40	462	172	37	20	27	0	0	0	0	0	0	0	0	0	0	0	0	5991972	
899	1	G	12	N	2500	0	40	279	165	31	20	29	0	0	0	0	0	0	0	0	0	0	0	0	5992237	
900	1	G	12	N	2500	0	40	498	195	37	23	33	0	0	0	0	0	0	0	0	0	0	0	0	5992331	
901	1	G	12	N	2500	0	40	432	163	28	20	29	0	0	0	0	0	0	0	0	0	0	0	0	5992362	
902	1	G	12	N	2500	0	40	336	168	37	22	31	0	0	0	0	0	0	0	0	0	0	0	0	5992409	
903	1	H	2	N	2500	6	40	233	163	27	19	23	0	0	0	0	0	0	0	0	0	0	0	0	6018352	
904	1	H	2	N	2500	6	40	431	178	31	24	35	0	0	0	0	0	0	0	0	0	0	0	0	6018742	
905	1	H	2	N	2500	6	40	371	117	18	15	21	0	0	0	0	0	0	0	0	0	0	0	0	6019522	
906	1	H	2	N	2500	0	40	239	146	33	19	28	0	0	0	0	0	0	0	0	0	0	0	0	6019662	
907	1	H	2	N	2500	0	40	302	107	18	12	18	0	0	0	0	0	0	0	0	0	0	0	0	6019958	
908	1	H	2	N	2500	0	1	109	29	7	4	6	0	0	0	0	0	0	0	0	0	0	0	0	6020302	
909	1	H	2	N	2500	0	40	462	158	25	16	21	0	0	0	0	0	0	0	0	0	0	0	0	6020536	
910	1	H	2	N	2500	0	40	415	142	26	16	23	0	0	0	0	0	0	0	0	0	0	0	0	6020910	
911	1	H	2	N	2500	0	40	289	132	23	17	21	0	0	0	0	0	0	0	0	0	0	0	0	6021331	
912	1	H	2	N	2500	0	40	213	113	22	15	21	0	0	0	0	0	0	0	0	0	0	0	0	6021581	
913	1	H	2	N	2500	0	40	376	134	22	13	19	0	0	0	0	0	0	0	0	0	0	0	0	6021955	
914	1	H	2	N	2500	0	2	167	120	19	15	18	0	0	0	0	0	0	0	0	0	0	0	0	6022205	
915	1	H	2	N	2500	0	40	421	175	31	21	25	0	0	0	0	0	0	0	0	0	0	0	0	6022454	
916	1	H	2	N	2500	0	40	230	126	19	14	22	0	0	0	0	0	0	0	0	0	0	0	0	6022844	
917	1	H	2	N	2500	0	40	413	156	29	16	25	0	0	0	0	0	0	0	0	0	0	0	0	6023812	
918	1	H	2	N	2500	0	40	347	140	28	17	22	0	0	0	0	0	0	0	0	0	0	0	0	6024467	
919	1	H	2	N	2500	0	40	400	119	16	12	17	0	0	0	0	0	0	0	0	0	0	0	0	6024670	
920	1	H	4	N	2500	6	40	238	144	31	19	27	0	0	0	0	0	0	0	0	0	0	0	0	6047165	
921	1	H	4	N	2500	6	40	347	133	29	17	22	0	0	0	0	0	0	0	0	0	0	0	0	6047337	
922	1	H	4	N	2500	6	40	425	175	28	19	25	0	0	0	0	0	0	0	0	0	0	0	0	6048273	
923	1	H	4	N	2500	0	40	416	191	37	25	37	0	0	0	0	0	0	0	0	0	0	0	0	6048616	
924	1	H	4	N	2500	0	40	241	154	30	18	22	0	0	0	0	0	0	0	0	0	0	0	0	6048803	
925	1	H	4	N	2500	0	40	216	132	19	14	16	0	0	0	0	0	0	0	0	0	0	0	0	6050082	
926	1	H	4	N	2500	0	40	466	180	31	22	37	0	0	0	0	0	0	0	0	0	0	0	0	6050176	
927	1	H	4	N	2500	0	1	89	18	2	1	2	0	0	0	0	0	0	0	0	0	0	0	0	6050550	
928	1	H	4	N	2500	0	1	79	57	8	7	8	0	0	0	0	0	0	0	0	0	0	0	0	6050550	
929	1	H	4	N	2500	0	40	203	129	24	14	19	0	0	0	0	0	0	0	0	0	0	0	0	6050769	
930	1	H	4	N	2500	0	40	409	186	35	23	34	0	0	0	0	0	0	0	0	0	0	0	0	6050815	
931	1	H	4	N	2500	0	40	398	186	34	22	30	0	0	0	0	0	0	0	0	0	0	0	0	6051174	
932	1	H	4	N	2500	0	40	442	184	40	19	28	0	0	0	0	0	0	0	0	0	0	0	0	6052219	
933	1	H	6	N	2500	6	40	394	132	21	15	21	0	0	0	0	0	0	0	0	0	0	0	0	6075729	
934	1	H	6	N	2500	6	40	428	154	27	16	20	0	0	0	0	0	0	0	0	0	0	0	0	6076103	
935	1	H	6	N	2500	6	40	438	141	22	14	22	0	0	0	0	0	0	0	0	0	0	0	0	6076540	
936	1	H	6	N	2500	0	40	430	150	26	17	25	0	0	0	0	0	0	0	0	0	0	0	0	6077008	
937	1	H	6	N	2500	0	40	446	175	34	21	27	0	0	0	0	0	0	0	0	0	0	0	0	6077242	
938	1	H	6	N	2500	0	40	404	159	29	18	24	0	0	0	0	0	0	0	0	0	0	0	0	6077694	
939	1	H	6	N	2500	0	40	354	135	28	16	22	0	0	0	0	0	0	0	0	0	0	0	0	6078599	
940	1	H	6	N	2500	0	40	387	120	19	13	20	0	0	0	0	0	0	0	0	0	0	0	0	6078880	
941	1	H	6	N	2500	0	40	372	102	17	12	16	0	0	0	0	0	0	0	0	0	0	0	0	6078880	
942	1	H	6	N	2500	0	40	257	154	26	19	23	0	0	0	0	0	0	0	0	0	0	0	0	6079145	
943	1	H	6	N	2500	0	40	411	147	23	15	18	0	0	0	0	0	0	0	0	0	0	0	0	6079223	
944	1	H	6	N	2500	0	1	294	79	11	8	9	0	0	0	0	0	0	0	0	0	0	0	0	6080253	
945	1	H	6	N	2500	0	40	391	143	22	16	18	0	0	0	0	0	0	0	0	0	0	0	0	6080424	
946	1	H	6	N	2500	0	40	410	145	26	18	23	0	0	0	0	0	0	0	0	0	0	0	0	6080674	
947	1	H	6	N	2500	0	40	251	109	17	12	13	0	0	0	0	0	0	0	0	0	0	0	0	6081142	
948	1	H	6	N	2500	0	40	294	115	23	12	13	0	0	0	0	0	0	0	0	0	0	0	0	6081438	
949	1	H	8	N	2500	6	40	242	109	29	20	24	0	0	0	0	0	0	0	0	0	0	0	0	6104136	
950	1	H	8	N	2500	6	40	235	139	25	18	20	0	0	0	0	0	0	0	0	0	0	0	0	6104557	
951	1	H	8	N	2500	6	40	356	153	35	24	34	0	0	0	0	0	0	0	0	0	0	0	0	6104869	
952	1	H	8	N	2500	0	40	399	211	47	25	31	0	0	0	0	0	0	0	0	0	0	0	0	6105259	
953	1	H	8	N	2500	0	40	265	134	23	16	19	0	0	0	0	0	0	0	0	0	0	0	0	6105369	
954	1	H	8	N	2500	0	40	221	123	22	19	24	0	0	0	0	0	0	0	0	0	0	0	0	6105571	
955	1	H	8	N	2500	0	40	382	189	39	21	30	0	0	0	0	0	0	0	0	0	0	0	0	6105727	
956	1	H	8	N	2500	0	2	282	146	83	132	366	0	0	0	0	0	0	0	0	0	0	0	0	6105743	
957	1	H	8	N	2500	0	1	55	10	1	2	3	0	0	0	0	0	0	0	0	0	0	0	0	6105759	
958	1	H	8	N	2500	0	40	249	166	28	19	22	0	0	0	0	0	0	0	0	0	0	0	0	6105946	
959	1	H	8	N	2500	0	40	251	158	29	19	26	0	0	0	0	0	0	0	0	0	0	0	0	6106055	
960	1	H	8	N	2500	0	40	286	148	39	25	32	0	0	0	0	0	0	0	0	0	0	0	0	6106507	
961	1	H	8	N	2500	0	40	214	149	26	17	19	0	0	0	0	0	0	0	0	0	0	0	0	6106570	
962	1	H	8	N	2500	0	1	605	225	37	26	39	0	0	0	0	0	0	0	0	0	0	0	0	6106663	
963	1	H	8	N	2500	0	1	600	222	39	24	31	0	0	0	0	0	0	0	0	0	0	0	0	6106913	
964	1	H	8	N	2500	0	40	326	139	32	20	27	0	0	0	0	0	0	0	0	0	0	0	0	6106960	
965	1	H	8	N	2500	0	40	268	155	29	23	28	0	0	0	0	0	0	0	0	0	0	0	0	6107053	
966	1	H	8	N	2500	0	40	515	210	35	23	35	0	0	0	0	0	0	0	0	0	0	0	0	6107053	
967	1	H	8	N	2500	0	40	324	161	34	21	27	0	0	0	0	0	0	0	0	0	0	0	0	6107241	
968	1	H	8	N	2500	0	40	387	159	31	19	25	0	0	0	0	0	0	0	0	0	0	0	0	6107303	
969	1	H	8	N	2500	0	40	381	177	31	19	26	0	0	0	0	0	0	0	0	0	0	0	0	6107303	
970	1	H	8	N	2500	0	40	259	102	17	11	16	0	0	0	0	0	0	0	0	0	0	0	0	6107350	
971	1	H	8	N	2500	0	40	231	120	29	20	25	0	0	0	0	0	0	0	0	0	0	0	0	6107365	
972	1	H	8	N	2500	0	40	468	162	31	18	26	0	0	0	0	0	0	0	0	0	0	0	0	6107599	
973	1	H	8	N	2500	0	1	166	94	17	11	13	0	0	0	0	0	0	0	0	0	0	0	0	6107677	
974	1	H	8	N	2500	0	40	383	167	32	22	27	0	0	0	0	0	0	0	0	0	0	0	0	6108005	
975	1	H	8	N	2500	0	40	413	163	27	16	22	0	0	0	0	0	0	0	0	0	0	0	0	6108099	
976	1	H	8	N	2500	0	40	310	187	36	25	33	0	0	0	0	0	0	0	0	0	0	0	0	6108832	
977	1	H	8	N	2500	0	40	195	122	19	14	18	0	0	0	0	0	0	0	0	0	0	0	0	6109081	
978	1	H	8	N	2500	0	40	297	155	26	19	24	0	0	0	0	0	0	0	0	0	0	0	0	6109315	
979	1	H	8	N	2500	0	40	211	139	26	17	20	0	0	0	0	0	0	0	0	0	0	0	0	6109752	
980	1	H	8	N	2500	0	40	338	156	36	21	29	0	0	0	0	0	0	0	0	0	0	0	0	6109752	
981	1	H	8	N	2500	0	40	432	190	40	21	27	0	0	0	0	0	0	0	0	0	0	0	0	6109893	
982	1	H	8	N	2500	0	40	187	121	23	18	19	0	0	0	0	0	0	0	0	0	0	0	0	6110314	
983	1	H	8	N	2500	0	1	150	59	12	11	15	0	0	0	0	0	0	0	0	0	0	0	0	6111219	
984	1	H	9	N	2500	2	1	67	15	2	1	2	0	0	0	0	0	0	0	0	0	0	0	0	6120298	
985	1	H	9	N	2500	2	1	135	73	13	9	11	0	0	0	0	0	0	0	0	0	0	0	0	6120298	
986	1	H	9	N	2500	2	1	74	35	5	5	7	0	0	0	0	0	0	0	0	0	0	0	0	6120298	
987	1	H	10	N	2500	6	40	246	154	28	20	28	0	0	0	0	0	0	0	0	0	0	0	0	6133355	
988	1	H	10	N	2500	6	40	311	128	20	15	20	0	0	0	0	0	0	0	0	0	0	0	0	6133589	
989	1	H	10	N	2500	6	40	365	168	29	17	25	0	0	0	0	0	0	0	0	0	0	0	0	6134057	
990	1	H	10	N	2500	0	1	75	17	5	3	3	0	0	0	0	0	0	0	0	0	0	0	0	6134104	
991	1	H	10	N	2500	0	1	58	15	4	1	2	0	0	0	0	0	0	0	0	0	0	0	0	6134260	
992	1	H	10	N	2500	0	40	428	178	30	20	27	0	0	0	0	0	0	0	0	0	0	0	0	6135133	
993	1	H	10	N	2500	0	40	245	139	27	17	19	0	0	0	0	0	0	0	0	0	0	0	0	6135196	
994	1	H	10	N	2500	0	40	362	142	27	19	22	0	0	0	0	0	0	0	0	0	0	0	0	6136272	
995	1	H	10	N	2500	0	2	164	127	24	18	23	0	0	0	0	0	0	0	0	0	0	0	0	6136522	
996	1	H	10	N	2500	0	40	223	136	23	16	22	0	0	0	0	0	0	0	0	0	0	0	0	6136553	
997	1	H	10	N	2500	0	40	462	160	26	15	20	0	0	0	0	0	0	0	0	0	0	0	0	6136771	
998	1	H	10	N	2500	0	40	206	177	34	23	26	0	0	0	0	0	0	0	0	0	0	0	0	6136881	
999	1	H	10	N	2500	0	2	153	128	27	18	24	0	0	0	0	0	0	0	0	0	0	0	0	6136990	
1000	1	H	10	N	2500	0	1	52	9	1	0	1	0	0	0	0	0	0	0	0	0	0	0	0	6137208	
1001	1	H	10	N	2500	0	40	271	155	28	18	24	0	0	0	0	0	0	0	0	0	0	0	0	6137785	
1002	1	H	10	N	2500	0	40	261	167	36	20	24	0	0	0	0	0	0	0	0	0	0	0	0	6138253	
1003	1	H	10	N	2500	0	40	358	107	15	10	16	0	0	0	0	0	0	0	0	0	0	0	0	6138285	
1004	1	H	10	N	2500	0	40	214	174	35	23	31	0	0	0	0	0	0	0	0	0	0	0	0	6138565	
1005	1	H	10	N	2500	0	40	356	113	19	10	13	0	0	0	0	0	0	0	0	0	0	0	0	6138675	
1006	1	H	10	N	2500	0	40	385	178	32	19	22	0	0	0	0	0	0	0	0	0	0	0	0	6138675	
1007	1	H	10	N	2500	0	40	438	141	19	14	21	0	0	0	0	0	0	0	0	0	0	0	0	6138690	
1008	1	H	10	N	2500	0	40	389	150	25	14	19	0	0	0	0	0	0	0	0	0	0	0	0	6138753	
1009	1	H	10	N	2500	0	40	367	137	18	14	21	0	0	0	0	0	0	0	0	0	0	0	0	6139345	
1010	1	H	10	N	2500	0	40	268	131	23	15	19	0	0	0	0	0	0	0	0	0	0	0	0	6139377	
1011	1	H	12	N	2500	6	40	365	170	32	20	25	0	0	0	0	0	0	0	0	0	0	0	0	6161747	
1012	1	H	12	N	2500	6	40	324	132	24	16	19	0	0	0	0	0	0	0	0	0	0	0	0	6161903	
1013	1	H	12	N	2500	6	40	284	158	29	18	21	0	0	0	0	0	0	0	0	0	0	0	0	6162933	
1014	1	H	12	N	2500	0	40	420	190	41	19	26	0	0	0	0	0	0	0	0	0	0	0	0	6163167	
1015	1	H	12	N	2500	0	40	280	157	29	19	24	0	0	0	0	0	0	0	0	0	0	0	0	6164321	
1016	1	H	12	N	2500	0	40	431	159	27	18	25	0	0	0	0	0	0	0	0	0	0	0	0	6164321	
1017	1	H	12	N	2500	0	40	194	133	28	18	20	0	0	0	0	0	0	0	0	0	0	0	0	6164430	
1018	1	H	12	N	2500	0	40	388	157	28	19	25	0	0	0	0	0	0	0	0	0	0	0	0	6164493	
1019	1	H	12	N	2500	0	40	441	179	33	23	28	0	0	0	0	0	0	0	0	0	0	0	0	6164633	
1020	1	H	12	N	2500	0	40	204	131	23	17	19	0	0	0	0	0	0	0	0	0	0	0	0	6165990	
1021	1	H	12	N	2500	0	40	355	167	34	21	22	0	0	0	0	0	0	0	0	0	0	0	0	6165990	
1022	1	H	12	N	2500	0	40	373	164	31	19	30	0	0	0	0	0	0	0	0	0	0	0	0	6166271	
1023	1	H	12	N	2500	0	1	244	66	7	5	7	0	0	0	0	0	0	0	0	0	0	0	0	6166505	
1024	1	H	12	N	2500	0	40	178	150	38	22	25	0	0	0	0	0	0	0	0	0	0	0	0	6166521	
1025	1	H	12	N	2500	0	40	370	156	32	18	24	0	0	0	0	0	0	0	0	0	0	0	0	6166864	
1026	1	H	12	N	2500	0	40	422	143	23	15	22	0	0	0	0	0	0	0	0	0	0	0	0	6166911	
1027	1	H	12	N	2500	0	40	223	130	21	13	19	0	0	0	0	0	0	0	0	0	0	0	0	6166926	
1028	1	H	12	N	2500	0	40	333	158	31	18	24	0	0	0	0	0	0	0	0	0	0	0	0	6167207	
1029	1	H	12	N	2500	0	40	316	168	30	21	24	0	0	0	0	0	0	0	0	0	0	0	0	6168252	
1030	1	H	12	N	2500	0	40	251	128	20	14	18	0	0	0	0	0	0	0	0	0	0	0	0	6168908	


Threshold source: EXT,  value 50
Min TOF = 50
EXT signal gain 1.6
Green signal gain 3.0
Yellow signal gain 3.0
Red signal gain 3.0
Green PMT voltage 700
Yellow PMT voltage 700
Red PMT voltage 900
Signal multipliers: 1.0,1.0,1.0,1.0
C:\Users\unionbio\Desktop\COPAS Templates\USE for L4 dispense4.csv