Id	Plate	Row	Column	Clog	Scan rate	Status sort	Status sel	TOF	EXT	Green	Yellow	Red	PH Ext	PW Ext	PC Ext	PH Green	PW Green	PCGreen	PH Yellow	PW Yellow	PCYellow	PH Red	PW Red	PCRed	Time Stamp	
0	1	A	1	N	2500	6	40	361	146	25	18	23	0	0	0	0	0	0	0	0	0	0	0	0	5948509	
1	1	A	1	N	2500	6	40	343	133	27	18	22	0	0	0	0	0	0	0	0	0	0	0	0	5948992	
2	1	A	1	N	2500	6	40	257	135	27	17	21	0	0	0	0	0	0	0	0	0	0	0	0	5950942	
3	1	A	2	N	2500	6	40	239	122	27	14	17	0	0	0	0	0	0	0	0	0	0	0	0	5960271	
4	1	A	2	N	2500	6	40	290	94	18	11	16	0	0	0	0	0	0	0	0	0	0	0	0	5960490	
5	1	A	2	N	2500	2	1	174	113	21	14	16	0	0	0	0	0	0	0	0	0	0	0	0	5961051	
6	1	A	2	N	2500	6	40	198	110	19	13	14	0	0	0	0	0	0	0	0	0	0	0	0	5962362	
7	1	A	2	N	2500	0	40	279	116	19	13	18	0	0	0	0	0	0	0	0	0	0	0	0	5962377	
8	1	A	2	N	2500	0	40	335	123	25	14	20	0	0	0	0	0	0	0	0	0	0	0	0	5962720	
9	1	A	2	N	2500	0	40	297	120	22	14	21	0	0	0	0	0	0	0	0	0	0	0	0	5963251	
10	1	A	2	N	2500	0	1	223	58	8	5	9	0	0	0	0	0	0	0	0	0	0	0	0	5963984	
11	1	A	2	N	2500	0	40	296	98	19	12	19	0	0	0	0	0	0	0	0	0	0	0	0	5964140	
12	1	A	2	N	2500	0	40	231	110	19	13	14	0	0	0	0	0	0	0	0	0	0	0	0	5964249	
13	1	A	2	N	2500	0	40	295	113	22	15	17	0	0	0	0	0	0	0	0	0	0	0	0	5964592	
14	1	A	2	N	2500	0	40	287	110	24	12	17	0	0	0	0	0	0	0	0	0	0	0	0	5964624	
15	1	A	2	N	2500	0	1	195	85	14	9	12	0	0	0	0	0	0	0	0	0	0	0	0	5965170	
16	1	A	2	N	2500	0	40	318	112	17	11	13	0	0	0	0	0	0	0	0	0	0	0	0	5965357	
17	1	A	2	N	2500	0	40	246	111	23	13	20	0	0	0	0	0	0	0	0	0	0	0	0	5965981	
18	1	A	2	N	2500	0	1	66	14	5	3	10	0	0	0	0	0	0	0	0	0	0	0	0	5966995	
19	1	A	2	N	2500	0	1	87	21	6	11	30	0	0	0	0	0	0	0	0	0	0	0	0	5966995	
20	1	A	3	N	2500	2	1	54	10	0	1	1	0	0	0	0	0	0	0	0	0	0	0	0	5979007	
21	1	A	3	N	2500	2	1	52	11	1	0	2	0	0	0	0	0	0	0	0	0	0	0	0	5980848	
22	1	A	4	N	2500	6	40	203	133	22	17	21	0	0	0	0	0	0	0	0	0	0	0	0	5988835	
23	1	A	4	N	2500	2	1	194	82	20	14	18	0	0	0	0	0	0	0	0	0	0	0	0	5988850	
24	1	A	4	N	2500	6	40	356	135	23	17	26	0	0	0	0	0	0	0	0	0	0	0	0	5988897	
25	1	A	4	N	2500	6	40	355	146	25	19	25	0	0	0	0	0	0	0	0	0	0	0	0	5989100	
26	1	A	4	N	2500	0	40	343	120	22	14	20	0	0	0	0	0	0	0	0	0	0	0	0	5989443	
27	1	A	4	N	2500	0	40	214	153	28	20	21	0	0	0	0	0	0	0	0	0	0	0	0	5989708	
28	1	A	4	N	2500	0	40	342	134	26	16	20	0	0	0	0	0	0	0	0	0	0	0	0	5989771	
29	1	A	4	N	2500	0	40	327	143	26	18	24	0	0	0	0	0	0	0	0	0	0	0	0	5990020	
30	1	A	4	N	2500	0	1	211	55	6	6	11	0	0	0	0	0	0	0	0	0	0	0	0	5990098	
31	1	A	4	N	2500	0	40	402	156	31	17	23	0	0	0	0	0	0	0	0	0	0	0	0	5990114	
32	1	A	4	N	2500	0	40	401	153	29	20	23	0	0	0	0	0	0	0	0	0	0	0	0	5990473	
33	1	A	4	N	2500	0	1	171	81	21	13	19	0	0	0	0	0	0	0	0	0	0	0	0	5990473	
34	1	A	4	N	2500	0	40	248	132	27	20	25	0	0	0	0	0	0	0	0	0	0	0	0	5990644	
35	1	A	4	N	2500	0	40	332	131	21	14	19	0	0	0	0	0	0	0	0	0	0	0	0	5990691	
36	1	A	4	N	2500	0	40	365	124	23	15	19	0	0	0	0	0	0	0	0	0	0	0	0	5990800	
37	1	A	4	N	2500	0	40	256	122	27	19	21	0	0	0	0	0	0	0	0	0	0	0	0	5990832	
38	1	A	4	N	2500	0	1	138	31	4	3	5	0	0	0	0	0	0	0	0	0	0	0	0	5990863	
39	1	A	4	N	2500	0	40	270	157	30	17	20	0	0	0	0	0	0	0	0	0	0	0	0	5990894	
40	1	A	4	N	2500	0	40	197	144	30	17	26	0	0	0	0	0	0	0	0	0	0	0	0	5991175	
41	1	A	4	N	2500	0	40	341	131	25	16	23	0	0	0	0	0	0	0	0	0	0	0	0	5991237	
42	1	A	4	N	2500	0	40	265	156	34	23	29	0	0	0	0	0	0	0	0	0	0	0	0	5991736	
43	1	A	4	N	2500	0	40	331	137	23	18	24	0	0	0	0	0	0	0	0	0	0	0	0	5991768	
44	1	A	4	N	2500	0	40	395	147	27	17	25	0	0	0	0	0	0	0	0	0	0	0	0	5991799	
45	1	A	4	N	2500	0	1	183	84	19	12	16	0	0	0	0	0	0	0	0	0	0	0	0	5992126	
46	1	A	4	N	2500	0	40	297	102	20	11	16	0	0	0	0	0	0	0	0	0	0	0	0	5992142	
47	1	A	4	N	2500	0	40	305	146	31	19	24	0	0	0	0	0	0	0	0	0	0	0	0	5992407	
48	1	A	4	N	2500	0	40	356	152	27	17	19	0	0	0	0	0	0	0	0	0	0	0	0	5993016	
49	1	A	4	N	2500	0	40	386	132	24	15	23	0	0	0	0	0	0	0	0	0	0	0	0	5993172	
50	1	A	4	N	2500	0	40	311	115	19	14	20	0	0	0	0	0	0	0	0	0	0	0	0	5993172	
51	1	A	4	N	2500	0	40	199	142	28	18	21	0	0	0	0	0	0	0	0	0	0	0	0	5993172	
52	1	A	4	N	2500	0	40	184	138	32	17	23	0	0	0	0	0	0	0	0	0	0	0	0	5993187	
53	1	A	4	N	2500	0	40	353	181	36	21	26	0	0	0	0	0	0	0	0	0	0	0	0	5993187	
54	1	A	4	N	2500	0	40	367	138	24	16	23	0	0	0	0	0	0	0	0	0	0	0	0	5993234	
55	1	A	4	N	2500	0	40	343	129	23	15	19	0	0	0	0	0	0	0	0	0	0	0	0	5993250	
56	1	A	4	N	2500	0	40	177	136	23	20	24	0	0	0	0	0	0	0	0	0	0	0	0	5993265	
57	1	A	4	N	2500	0	40	326	131	29	16	23	0	0	0	0	0	0	0	0	0	0	0	0	5993312	
58	1	A	4	N	2500	0	40	404	169	31	20	27	0	0	0	0	0	0	0	0	0	0	0	0	5993374	
59	1	A	4	N	2500	0	40	343	122	23	14	18	0	0	0	0	0	0	0	0	0	0	0	0	5993374	
60	1	A	4	N	2500	0	40	392	162	31	17	23	0	0	0	0	0	0	0	0	0	0	0	0	5993437	
61	1	A	4	N	2500	0	40	320	164	33	20	25	0	0	0	0	0	0	0	0	0	0	0	0	5993484	
62	1	A	4	N	2500	0	40	301	130	29	20	25	0	0	0	0	0	0	0	0	0	0	0	0	5993546	
63	1	A	4	N	2500	0	40	339	134	26	18	27	0	0	0	0	0	0	0	0	0	0	0	0	5993593	
64	1	A	4	N	2500	0	40	347	123	20	14	17	0	0	0	0	0	0	0	0	0	0	0	0	5993593	
65	1	A	4	N	2500	0	40	340	129	25	14	17	0	0	0	0	0	0	0	0	0	0	0	0	5993640	
66	1	A	4	N	2500	0	40	341	133	22	15	22	0	0	0	0	0	0	0	0	0	0	0	0	5993718	
67	1	A	4	N	2500	0	40	402	170	29	23	29	0	0	0	0	0	0	0	0	0	0	0	0	5993749	
68	1	A	4	N	2500	0	40	367	149	24	19	26	0	0	0	0	0	0	0	0	0	0	0	0	5993780	
69	1	A	4	N	2500	0	40	347	130	22	14	17	0	0	0	0	0	0	0	0	0	0	0	0	5993796	
70	1	A	4	N	2500	0	40	344	159	27	17	23	0	0	0	0	0	0	0	0	0	0	0	0	5993796	
71	1	A	4	N	2500	0	40	441	153	31	20	28	0	0	0	0	0	0	0	0	0	0	0	0	5993858	
72	1	A	4	N	2500	0	40	334	135	25	15	25	0	0	0	0	0	0	0	0	0	0	0	0	5993874	
73	1	A	4	N	2500	0	40	363	141	28	16	25	0	0	0	0	0	0	0	0	0	0	0	0	5993967	
74	1	A	4	N	2500	0	40	277	131	23	17	24	0	0	0	0	0	0	0	0	0	0	0	0	5994045	
75	1	A	4	N	2500	0	40	412	172	33	19	26	0	0	0	0	0	0	0	0	0	0	0	0	5994076	
76	1	A	4	N	2500	0	1	239	86	19	13	14	0	0	0	0	0	0	0	0	0	0	0	0	5994092	
77	1	A	4	N	2500	0	40	246	99	19	11	14	0	0	0	0	0	0	0	0	0	0	0	0	5994092	
78	1	A	4	N	2500	0	40	458	166	29	19	23	0	0	0	0	0	0	0	0	0	0	0	0	5994170	
79	1	A	4	N	2500	0	40	347	129	24	14	25	0	0	0	0	0	0	0	0	0	0	0	0	5994232	
80	1	A	4	N	2500	0	1	221	96	17	11	15	0	0	0	0	0	0	0	0	0	0	0	0	5994264	
81	1	A	4	N	2500	0	40	232	146	25	19	23	0	0	0	0	0	0	0	0	0	0	0	0	5994264	
82	1	A	4	N	2500	0	40	349	123	19	13	19	0	0	0	0	0	0	0	0	0	0	0	0	5994279	
83	1	A	4	N	2500	0	40	351	141	29	16	21	0	0	0	0	0	0	0	0	0	0	0	0	5994279	
84	1	A	4	N	2500	0	40	368	147	32	17	20	0	0	0	0	0	0	0	0	0	0	0	0	5994326	
85	1	A	4	N	2500	0	40	257	144	31	17	21	0	0	0	0	0	0	0	0	0	0	0	0	5994373	
86	1	A	4	N	2500	0	40	314	112	21	12	20	0	0	0	0	0	0	0	0	0	0	0	0	5994622	
87	1	A	4	N	2500	0	1	201	98	25	17	20	0	0	0	0	0	0	0	0	0	0	0	0	5994669	
88	1	A	4	N	2500	0	40	261	146	26	17	19	0	0	0	0	0	0	0	0	0	0	0	0	5994669	
89	1	A	4	N	2500	0	40	339	138	24	17	23	0	0	0	0	0	0	0	0	0	0	0	0	5994700	
90	1	A	4	N	2500	0	40	391	148	28	18	22	0	0	0	0	0	0	0	0	0	0	0	0	5994763	
91	1	A	4	N	2500	0	40	380	151	26	19	24	0	0	0	0	0	0	0	0	0	0	0	0	5994763	
92	1	A	4	N	2500	0	40	341	141	23	16	22	0	0	0	0	0	0	0	0	0	0	0	0	5994778	
93	1	A	4	N	2500	0	40	373	151	28	18	25	0	0	0	0	0	0	0	0	0	0	0	0	5994794	
94	1	A	4	N	2500	0	40	298	142	28	17	21	0	0	0	0	0	0	0	0	0	0	0	0	5994997	
95	1	A	4	N	2500	0	40	342	142	24	17	24	0	0	0	0	0	0	0	0	0	0	0	0	5995215	
96	1	A	4	N	2500	0	40	373	145	24	16	23	0	0	0	0	0	0	0	0	0	0	0	0	5995324	
97	1	A	4	N	2500	0	1	184	95	18	11	14	0	0	0	0	0	0	0	0	0	0	0	0	5995512	
98	1	A	4	N	2500	0	1	67	36	6	4	6	0	0	0	0	0	0	0	0	0	0	0	0	5995668	
99	1	A	4	N	2500	0	1	170	113	22	15	22	0	0	0	0	0	0	0	0	0	0	0	0	5995933	
100	1	A	5	N	2500	2	1	72	70	17	0	1	0	0	0	0	0	0	0	0	0	0	0	0	6003967	
101	1	A	5	N	2500	2	1	209	95	24	17	19	0	0	0	0	0	0	0	0	0	0	0	0	6004201	
102	1	A	5	N	2500	2	1	149	211	43	1	4	0	0	0	0	0	0	0	0	0	0	0	0	6004872	
103	1	A	5	N	2500	2	1	72	55	3	0	2	0	0	0	0	0	0	0	0	0	0	0	0	6005464	
104	1	A	5	N	2500	2	1	81	22	2	2	5	0	0	0	0	0	0	0	0	0	0	0	0	6008772	
105	1	A	5	N	2500	6	40	346	122	20	14	23	0	0	0	0	0	0	0	0	0	0	0	0	6009848	
106	1	A	6	N	2500	2	1	217	64	8	5	10	0	0	0	0	0	0	0	0	0	0	0	0	6018818	
107	1	A	6	N	2500	2	1	175	92	14	10	12	0	0	0	0	0	0	0	0	0	0	0	0	6018912	
108	1	A	6	N	2500	6	40	196	119	23	15	21	0	0	0	0	0	0	0	0	0	0	0	0	6020019	
109	1	A	6	N	2500	6	40	388	150	27	17	23	0	0	0	0	0	0	0	0	0	0	0	0	6020144	
110	1	A	6	N	2500	6	40	285	99	23	13	19	0	0	0	0	0	0	0	0	0	0	0	0	6020269	
111	1	A	6	N	2500	0	40	289	109	23	15	22	0	0	0	0	0	0	0	0	0	0	0	0	6020394	
112	1	A	6	N	2500	0	40	307	94	14	9	14	0	0	0	0	0	0	0	0	0	0	0	0	6021376	
113	1	A	6	N	2500	0	40	190	120	23	15	22	0	0	0	0	0	0	0	0	0	0	0	0	6021610	
114	1	A	6	N	2500	0	1	162	95	18	13	14	0	0	0	0	0	0	0	0	0	0	0	0	6022078	
115	1	A	6	N	2500	0	1	254	78	11	7	12	0	0	0	0	0	0	0	0	0	0	0	0	6022375	
116	1	A	6	N	2500	0	40	315	109	20	13	15	0	0	0	0	0	0	0	0	0	0	0	0	6022390	
117	1	A	6	N	2500	0	40	304	111	21	11	19	0	0	0	0	0	0	0	0	0	0	0	0	6022484	
118	1	A	6	N	2500	0	1	167	90	16	11	14	0	0	0	0	0	0	0	0	0	0	0	0	6022656	
119	1	A	6	N	2500	0	40	306	104	20	12	14	0	0	0	0	0	0	0	0	0	0	0	0	6022656	
120	1	A	6	N	2500	0	40	296	94	17	11	16	0	0	0	0	0	0	0	0	0	0	0	0	6022968	
121	1	A	6	N	2500	0	1	130	84	12	8	11	0	0	0	0	0	0	0	0	0	0	0	0	6022983	
122	1	A	6	N	2500	0	40	315	116	21	16	25	0	0	0	0	0	0	0	0	0	0	0	0	6023295	
123	1	A	6	N	2500	0	40	186	115	22	13	18	0	0	0	0	0	0	0	0	0	0	0	0	6023342	
124	1	A	6	N	2500	0	1	202	78	17	9	13	0	0	0	0	0	0	0	0	0	0	0	0	6023389	
125	1	A	6	N	2500	0	40	246	105	20	15	21	0	0	0	0	0	0	0	0	0	0	0	0	6023545	
126	1	A	6	N	2500	0	40	369	131	24	15	18	0	0	0	0	0	0	0	0	0	0	0	0	6023997	
127	1	A	7	N	2500	6	40	226	122	21	12	15	0	0	0	0	0	0	0	0	0	0	0	0	6035729	
128	1	A	8	N	2500	6	40	230	115	20	14	19	0	0	0	0	0	0	0	0	0	0	0	0	6047163	
129	1	A	8	N	2500	6	40	419	154	29	20	26	0	0	0	0	0	0	0	0	0	0	0	0	6047226	
130	1	A	8	N	2500	6	40	333	120	23	14	19	0	0	0	0	0	0	0	0	0	0	0	0	6047475	
131	1	A	8	N	2500	0	40	248	127	32	22	28	0	0	0	0	0	0	0	0	0	0	0	0	6047631	
132	1	A	8	N	2500	0	40	188	126	29	16	21	0	0	0	0	0	0	0	0	0	0	0	0	6048084	
133	1	A	8	N	2500	0	40	304	103	20	13	22	0	0	0	0	0	0	0	0	0	0	0	0	6048271	
134	1	A	8	N	2500	0	40	194	125	20	13	16	0	0	0	0	0	0	0	0	0	0	0	0	6048287	
135	1	A	8	N	2500	0	1	209	76	15	9	14	0	0	0	0	0	0	0	0	0	0	0	0	6048474	
136	1	A	8	N	2500	0	40	314	117	24	13	17	0	0	0	0	0	0	0	0	0	0	0	0	6048489	
137	1	A	8	N	2500	0	40	343	126	23	15	22	0	0	0	0	0	0	0	0	0	0	0	0	6048505	
138	1	A	8	N	2500	0	40	199	116	22	14	17	0	0	0	0	0	0	0	0	0	0	0	0	6048630	
139	1	A	8	N	2500	0	40	339	118	23	14	21	0	0	0	0	0	0	0	0	0	0	0	0	6048895	
140	1	A	8	N	2500	0	40	377	137	25	17	23	0	0	0	0	0	0	0	0	0	0	0	0	6049191	
141	1	A	8	N	2500	0	1	223	83	13	10	12	0	0	0	0	0	0	0	0	0	0	0	0	6049394	
142	1	A	8	N	2500	0	40	333	129	24	14	21	0	0	0	0	0	0	0	0	0	0	0	0	6049410	
143	1	A	8	N	2500	0	40	324	144	27	17	22	0	0	0	0	0	0	0	0	0	0	0	0	6049472	
144	1	A	8	N	2500	0	40	507	195	32	22	36	0	0	0	0	0	0	0	0	0	0	0	0	6049535	
145	1	A	8	N	2500	0	2	151	131	30	18	20	0	0	0	0	0	0	0	0	0	0	0	0	6049550	
146	1	A	8	N	2500	0	40	277	154	28	20	23	0	0	0	0	0	0	0	0	0	0	0	0	6049722	
147	1	A	8	N	2500	0	40	342	133	26	18	27	0	0	0	0	0	0	0	0	0	0	0	0	6049800	
148	1	A	8	N	2500	0	40	310	112	20	12	18	0	0	0	0	0	0	0	0	0	0	0	0	6050221	
149	1	A	8	N	2500	0	40	329	125	26	17	21	0	0	0	0	0	0	0	0	0	0	0	0	6050517	
150	1	A	8	N	2500	0	40	300	94	14	12	16	0	0	0	0	0	0	0	0	0	0	0	0	6050705	
151	1	A	8	N	2500	0	40	287	108	18	13	21	0	0	0	0	0	0	0	0	0	0	0	0	6050923	
152	1	A	8	N	2500	0	40	392	123	24	16	21	0	0	0	0	0	0	0	0	0	0	0	0	6050970	
153	1	A	8	N	2500	0	40	363	143	27	19	23	0	0	0	0	0	0	0	0	0	0	0	0	6051017	
154	1	A	8	N	2500	0	1	124	57	10	6	8	0	0	0	0	0	0	0	0	0	0	0	0	6051126	
155	1	A	8	N	2500	0	1	59	51	10	8	9	0	0	0	0	0	0	0	0	0	0	0	0	6051126	
156	1	A	8	N	2500	0	40	255	136	31	18	24	0	0	0	0	0	0	0	0	0	0	0	0	6051204	
157	1	A	8	N	2500	0	40	348	144	28	16	21	0	0	0	0	0	0	0	0	0	0	0	0	6051251	
158	1	A	8	N	2500	0	1	137	114	22	15	18	0	0	0	0	0	0	0	0	0	0	0	0	6051266	
159	1	A	8	N	2500	0	40	341	128	23	14	18	0	0	0	0	0	0	0	0	0	0	0	0	6051375	
160	1	A	8	N	2500	0	40	356	159	30	21	26	0	0	0	0	0	0	0	0	0	0	0	0	6051594	
161	1	A	8	N	2500	0	1	484	128	21	14	22	0	0	0	0	0	0	0	0	0	0	0	0	6051781	
162	1	A	8	N	2500	0	40	441	142	22	15	25	0	0	0	0	0	0	0	0	0	0	0	0	6052093	
163	1	A	8	N	2500	0	40	337	148	31	18	27	0	0	0	0	0	0	0	0	0	0	0	0	6052187	
164	1	A	8	N	2500	0	1	141	78	15	11	15	0	0	0	0	0	0	0	0	0	0	0	0	6052545	
165	1	A	8	N	2500	0	40	226	137	26	16	22	0	0	0	0	0	0	0	0	0	0	0	0	6052561	
166	1	A	8	N	2500	0	40	250	131	23	17	20	0	0	0	0	0	0	0	0	0	0	0	0	6052857	
167	1	A	8	N	2500	0	40	354	140	27	14	20	0	0	0	0	0	0	0	0	0	0	0	0	6052889	
168	1	A	9	N	2500	6	40	179	119	26	14	17	0	0	0	0	0	0	0	0	0	0	0	0	6060642	
169	1	A	10	N	2500	6	40	274	109	22	13	18	0	0	0	0	0	0	0	0	0	0	0	0	6075555	
170	1	A	10	N	2500	6	40	282	101	19	13	19	0	0	0	0	0	0	0	0	0	0	0	0	6075587	
171	1	A	10	N	2500	6	40	310	118	23	15	16	0	0	0	0	0	0	0	0	0	0	0	0	6075930	
172	1	A	10	N	2500	0	40	291	102	24	13	15	0	0	0	0	0	0	0	0	0	0	0	0	6076023	
173	1	A	10	N	2500	0	40	288	108	20	12	17	0	0	0	0	0	0	0	0	0	0	0	0	6076086	
174	1	A	10	N	2500	0	1	176	100	22	14	19	0	0	0	0	0	0	0	0	0	0	0	0	6076445	
175	1	A	10	N	2500	0	40	302	115	22	13	15	0	0	0	0	0	0	0	0	0	0	0	0	6076460	
176	1	A	10	N	2500	0	40	278	153	30	17	23	0	0	0	0	0	0	0	0	0	0	0	0	6076523	
177	1	A	10	N	2500	0	1	156	90	22	12	17	0	0	0	0	0	0	0	0	0	0	0	0	6076538	
178	1	A	10	N	2500	0	40	388	172	31	19	24	0	0	0	0	0	0	0	0	0	0	0	0	6076710	
179	1	A	10	N	2500	0	40	325	145	27	16	24	0	0	0	0	0	0	0	0	0	0	0	0	6076710	
180	1	A	10	N	2500	0	40	297	141	29	19	25	0	0	0	0	0	0	0	0	0	0	0	0	6077037	
181	1	A	10	N	2500	0	1	61	21	6	7	14	0	0	0	0	0	0	0	0	0	0	0	0	6077443	
182	1	A	10	N	2500	0	40	274	99	19	13	16	0	0	0	0	0	0	0	0	0	0	0	0	6078285	
183	1	A	10	N	2500	0	1	163	92	18	11	15	0	0	0	0	0	0	0	0	0	0	0	0	6078285	
184	1	A	10	N	2500	0	40	218	129	26	16	22	0	0	0	0	0	0	0	0	0	0	0	0	6078535	
185	1	A	10	N	2500	0	40	220	112	22	16	23	0	0	0	0	0	0	0	0	0	0	0	0	6078597	
186	1	A	10	N	2500	0	1	166	101	23	12	16	0	0	0	0	0	0	0	0	0	0	0	0	6078691	
187	1	A	10	N	2500	0	40	393	119	21	13	17	0	0	0	0	0	0	0	0	0	0	0	0	6079112	
188	1	A	10	N	2500	0	1	254	78	15	8	11	0	0	0	0	0	0	0	0	0	0	0	0	6079455	
189	1	A	10	N	2500	0	1	220	97	15	11	16	0	0	0	0	0	0	0	0	0	0	0	0	6079658	
190	1	A	10	N	2500	0	40	363	145	25	17	22	0	0	0	0	0	0	0	0	0	0	0	0	6079689	
191	1	A	10	N	2500	0	40	385	185	40	24	32	0	0	0	0	0	0	0	0	0	0	0	0	6079814	
192	1	A	10	N	2500	0	40	298	110	22	14	17	0	0	0	0	0	0	0	0	0	0	0	0	6079892	
193	1	A	10	N	2500	0	40	303	100	18	12	16	0	0	0	0	0	0	0	0	0	0	0	0	6080610	
194	1	A	10	N	2500	0	40	355	150	30	18	26	0	0	0	0	0	0	0	0	0	0	0	0	6080688	
195	1	A	10	N	2500	0	40	354	148	28	18	22	0	0	0	0	0	0	0	0	0	0	0	0	6080953	
196	1	A	10	N	2500	0	1	240	85	18	10	17	0	0	0	0	0	0	0	0	0	0	0	0	6081078	
197	1	A	10	N	2500	0	1	172	71	11	8	10	0	0	0	0	0	0	0	0	0	0	0	0	6081156	
198	1	A	10	N	2500	0	1	195	107	20	12	14	0	0	0	0	0	0	0	0	0	0	0	0	6081343	
199	1	A	10	N	2500	0	40	326	116	22	14	19	0	0	0	0	0	0	0	0	0	0	0	0	6081733	
200	1	A	10	N	2500	0	1	205	65	11	7	11	0	0	0	0	0	0	0	0	0	0	0	0	6081811	
201	1	A	12	N	2500	6	40	278	119	23	16	19	0	0	0	0	0	0	0	0	0	0	0	0	6103963	
202	1	A	12	N	2500	6	40	303	110	18	13	17	0	0	0	0	0	0	0	0	0	0	0	0	6104837	
203	1	A	12	N	2500	6	40	327	130	21	15	16	0	0	0	0	0	0	0	0	0	0	0	0	6104837	
204	1	A	12	N	2500	0	40	262	113	21	15	15	0	0	0	0	0	0	0	0	0	0	0	0	6105445	
205	1	A	12	N	2500	0	40	293	151	35	21	23	0	0	0	0	0	0	0	0	0	0	0	0	6106553	
206	1	A	12	N	2500	0	1	261	73	8	7	9	0	0	0	0	0	0	0	0	0	0	0	0	6107021	
207	1	A	12	N	2500	0	40	328	126	28	15	21	0	0	0	0	0	0	0	0	0	0	0	0	6107161	
208	1	A	12	N	2500	0	40	331	128	23	14	18	0	0	0	0	0	0	0	0	0	0	0	0	6107426	
209	1	A	12	N	2500	0	1	218	58	8	6	8	0	0	0	0	0	0	0	0	0	0	0	0	6107832	
210	1	A	12	N	2500	0	40	342	123	25	15	20	0	0	0	0	0	0	0	0	0	0	0	0	6107910	
211	1	A	12	N	2500	0	40	487	193	36	30	49	0	0	0	0	0	0	0	0	0	0	0	0	6107957	
212	1	A	12	N	2500	0	1	206	106	18	12	17	0	0	0	0	0	0	0	0	0	0	0	0	6108144	
213	1	A	12	N	2500	0	40	352	140	27	19	29	0	0	0	0	0	0	0	0	0	0	0	0	6108253	
214	1	A	12	N	2500	0	40	329	142	29	19	28	0	0	0	0	0	0	0	0	0	0	0	0	6108425	
215	1	A	12	N	2500	0	40	365	140	30	19	27	0	0	0	0	0	0	0	0	0	0	0	0	6108534	
216	1	A	12	N	2500	0	40	280	156	35	19	25	0	0	0	0	0	0	0	0	0	0	0	0	6108846	
217	1	A	12	N	2500	0	40	266	112	28	18	23	0	0	0	0	0	0	0	0	0	0	0	0	6109033	
218	1	A	12	N	2500	0	40	322	113	21	13	18	0	0	0	0	0	0	0	0	0	0	0	0	6109127	
219	1	A	12	N	2500	0	40	313	109	23	14	17	0	0	0	0	0	0	0	0	0	0	0	0	6109205	
220	1	A	12	N	2500	0	40	393	158	26	19	25	0	0	0	0	0	0	0	0	0	0	0	0	6109485	
221	1	A	12	N	2500	0	40	359	133	24	16	24	0	0	0	0	0	0	0	0	0	0	0	0	6109829	
222	1	A	12	N	2500	0	40	364	137	25	18	26	0	0	0	0	0	0	0	0	0	0	0	0	6110577	
223	1	B	1	N	2500	6	40	383	155	27	19	26	0	0	0	0	0	0	0	0	0	0	0	0	6123463	
224	1	B	1	N	2500	6	40	388	168	30	18	25	0	0	0	0	0	0	0	0	0	0	0	0	6125226	
225	1	B	1	N	2500	2	1	187	106	18	11	16	0	0	0	0	0	0	0	0	0	0	0	0	6125538	
226	1	B	2	N	2500	6	40	309	123	28	16	19	0	0	0	0	0	0	0	0	0	0	0	0	6134289	
227	1	B	2	N	2500	6	40	208	135	27	16	22	0	0	0	0	0	0	0	0	0	0	0	0	6134757	
228	1	B	2	N	2500	2	1	222	62	7	6	7	0	0	0	0	0	0	0	0	0	0	0	0	6134960	
229	1	B	2	N	2500	6	40	338	141	28	18	25	0	0	0	0	0	0	0	0	0	0	0	0	6135288	
230	1	B	2	N	2500	0	40	329	152	27	19	25	0	0	0	0	0	0	0	0	0	0	0	0	6135381	
231	1	B	2	N	2500	0	40	218	114	23	14	21	0	0	0	0	0	0	0	0	0	0	0	0	6135647	
232	1	B	2	N	2500	0	1	51	15	3	2	4	0	0	0	0	0	0	0	0	0	0	0	0	6136427	
233	1	B	2	N	2500	0	40	279	110	21	15	17	0	0	0	0	0	0	0	0	0	0	0	0	6136848	
234	1	B	2	N	2500	0	40	348	135	24	16	20	0	0	0	0	0	0	0	0	0	0	0	0	6137394	
235	1	B	2	N	2500	0	40	237	143	28	20	24	0	0	0	0	0	0	0	0	0	0	0	0	6137487	
236	1	B	2	N	2500	0	1	148	121	31	19	23	0	0	0	0	0	0	0	0	0	0	0	0	6137612	
237	1	B	2	N	2500	0	40	179	121	20	14	17	0	0	0	0	0	0	0	0	0	0	0	0	6138673	
238	1	B	2	N	2500	0	1	228	63	9	6	9	0	0	0	0	0	0	0	0	0	0	0	0	6138767	
239	1	B	2	N	2500	0	2	158	124	27	17	20	0	0	0	0	0	0	0	0	0	0	0	0	6139001	
240	1	B	2	N	2500	0	40	360	145	27	18	18	0	0	0	0	0	0	0	0	0	0	0	0	6139032	
241	1	B	2	N	2500	0	1	183	99	17	11	13	0	0	0	0	0	0	0	0	0	0	0	0	6139157	
242	1	B	2	N	2500	0	40	295	101	19	11	14	0	0	0	0	0	0	0	0	0	0	0	0	6139235	
243	1	B	2	N	2500	0	40	345	123	20	12	17	0	0	0	0	0	0	0	0	0	0	0	0	6139344	
244	1	B	2	N	2500	0	40	402	153	30	18	21	0	0	0	0	0	0	0	0	0	0	0	0	6139437	
245	1	B	2	N	2500	0	40	232	116	21	12	14	0	0	0	0	0	0	0	0	0	0	0	0	6139656	
246	1	B	2	N	2500	0	40	342	143	29	16	20	0	0	0	0	0	0	0	0	0	0	0	0	6140264	
247	1	B	2	N	2500	0	1	216	62	10	6	9	0	0	0	0	0	0	0	0	0	0	0	0	6141169	
248	1	B	3	N	2500	2	1	50	10	1	1	2	0	0	0	0	0	0	0	0	0	0	0	0	6154648	
249	1	B	4	N	2500	6	40	279	129	26	18	23	0	0	0	0	0	0	0	0	0	0	0	0	6163555	
250	1	B	4	N	2500	6	40	471	187	36	22	27	0	0	0	0	0	0	0	0	0	0	0	0	6163774	
251	1	B	4	N	2500	6	40	463	178	34	20	27	0	0	0	0	0	0	0	0	0	0	0	0	6163774	
252	1	B	4	N	2500	0	40	303	123	18	14	23	0	0	0	0	0	0	0	0	0	0	0	0	6163914	
253	1	B	4	N	2500	0	40	346	135	24	15	20	0	0	0	0	0	0	0	0	0	0	0	0	6164164	
254	1	B	4	N	2500	0	40	438	160	31	18	23	0	0	0	0	0	0	0	0	0	0	0	0	6164304	
255	1	B	4	N	2500	0	40	243	154	27	20	26	0	0	0	0	0	0	0	0	0	0	0	0	6164616	
256	1	B	4	N	2500	0	1	229	88	15	10	12	0	0	0	0	0	0	0	0	0	0	0	0	6164616	
257	1	B	4	N	2500	0	1	50	45	7	5	4	0	0	0	0	0	0	0	0	0	0	0	0	6164616	
258	1	B	4	N	2500	0	40	299	110	23	14	18	0	0	0	0	0	0	0	0	0	0	0	0	6165224	
259	1	B	4	N	2500	0	40	188	132	23	16	21	0	0	0	0	0	0	0	0	0	0	0	0	6165349	
260	1	B	4	N	2500	0	40	314	112	21	14	22	0	0	0	0	0	0	0	0	0	0	0	0	6165396	
261	1	B	4	N	2500	0	40	278	168	38	21	29	0	0	0	0	0	0	0	0	0	0	0	0	6165599	
262	1	B	4	N	2500	0	40	324	122	23	14	18	0	0	0	0	0	0	0	0	0	0	0	0	6165864	
263	1	B	4	N	2500	0	40	389	142	27	18	26	0	0	0	0	0	0	0	0	0	0	0	0	6166067	
264	1	B	4	N	2500	0	40	349	126	25	15	20	0	0	0	0	0	0	0	0	0	0	0	0	6166176	
265	1	B	4	N	2500	0	40	338	154	27	22	31	0	0	0	0	0	0	0	0	0	0	0	0	6166192	
266	1	B	4	N	2500	0	40	322	115	20	14	17	0	0	0	0	0	0	0	0	0	0	0	0	6166223	
267	1	B	4	N	2500	0	40	264	160	27	20	28	0	0	0	0	0	0	0	0	0	0	0	0	6166379	
268	1	B	4	N	2500	0	40	342	132	22	16	18	0	0	0	0	0	0	0	0	0	0	0	0	6166457	
269	1	B	4	N	2500	0	40	320	156	27	19	25	0	0	0	0	0	0	0	0	0	0	0	0	6166660	
270	1	B	4	N	2500	0	40	258	133	25	17	22	0	0	0	0	0	0	0	0	0	0	0	0	6166738	
271	1	B	4	N	2500	0	40	355	135	24	17	22	0	0	0	0	0	0	0	0	0	0	0	0	6166816	
272	1	B	4	N	2500	0	1	179	105	18	10	16	0	0	0	0	0	0	0	0	0	0	0	0	6166816	
273	1	B	4	N	2500	0	40	385	149	27	16	20	0	0	0	0	0	0	0	0	0	0	0	0	6167050	
274	1	B	4	N	2500	0	40	299	135	29	18	22	0	0	0	0	0	0	0	0	0	0	0	0	6167143	
275	1	B	4	N	2500	0	40	223	128	26	21	26	0	0	0	0	0	0	0	0	0	0	0	0	6167143	
276	1	B	4	N	2500	0	40	366	144	26	17	23	0	0	0	0	0	0	0	0	0	0	0	0	6167159	
277	1	B	4	N	2500	0	1	62	12	1	1	2	0	0	0	0	0	0	0	0	0	0	0	0	6167330	
278	1	B	4	N	2500	0	1	84	35	6	5	7	0	0	0	0	0	0	0	0	0	0	0	0	6167330	
279	1	B	4	N	2500	0	40	493	195	39	22	31	0	0	0	0	0	0	0	0	0	0	0	0	6167346	
280	1	B	4	N	2500	0	1	95	25	4	2	2	0	0	0	0	0	0	0	0	0	0	0	0	6167424	
281	1	B	4	N	2500	0	1	198	96	16	11	15	0	0	0	0	0	0	0	0	0	0	0	0	6167424	
282	1	B	4	N	2500	0	40	395	146	23	13	20	0	0	0	0	0	0	0	0	0	0	0	0	6167440	
283	1	B	4	N	2500	0	40	264	130	28	19	22	0	0	0	0	0	0	0	0	0	0	0	0	6167486	
284	1	B	4	N	2500	0	40	269	139	30	21	28	0	0	0	0	0	0	0	0	0	0	0	0	6167518	
285	1	B	4	N	2500	0	40	256	101	15	11	16	0	0	0	0	0	0	0	0	0	0	0	0	6167549	
286	1	B	4	N	2500	0	40	241	148	28	18	19	0	0	0	0	0	0	0	0	0	0	0	0	6167580	
287	1	B	4	N	2500	0	1	125	62	9	7	11	0	0	0	0	0	0	0	0	0	0	0	0	6167580	
288	1	B	4	N	2500	0	40	372	138	24	16	21	0	0	0	0	0	0	0	0	0	0	0	0	6167845	
289	1	B	4	N	2500	0	40	248	138	30	19	27	0	0	0	0	0	0	0	0	0	0	0	0	6167876	
290	1	B	4	N	2500	0	40	177	119	33	19	26	0	0	0	0	0	0	0	0	0	0	0	0	6167892	
291	1	B	4	N	2500	0	40	309	137	23	19	25	0	0	0	0	0	0	0	0	0	0	0	0	6167954	
292	1	B	4	N	2500	0	40	267	122	27	14	18	0	0	0	0	0	0	0	0	0	0	0	0	6168095	
293	1	B	4	N	2500	0	40	351	141	26	16	23	0	0	0	0	0	0	0	0	0	0	0	0	6168095	
294	1	B	4	N	2500	0	40	301	148	28	19	24	0	0	0	0	0	0	0	0	0	0	0	0	6168173	
295	1	B	4	N	2500	0	40	375	139	27	17	25	0	0	0	0	0	0	0	0	0	0	0	0	6168251	
296	1	B	4	N	2500	0	40	343	141	27	17	23	0	0	0	0	0	0	0	0	0	0	0	0	6168266	
297	1	B	4	N	2500	0	40	322	127	27	14	16	0	0	0	0	0	0	0	0	0	0	0	0	6168344	
298	1	B	4	N	2500	0	40	216	153	30	22	27	0	0	0	0	0	0	0	0	0	0	0	0	6168734	
299	1	B	4	N	2500	0	40	225	142	29	20	24	0	0	0	0	0	0	0	0	0	0	0	0	6168906	
300	1	B	4	N	2500	0	40	251	119	24	15	19	0	0	0	0	0	0	0	0	0	0	0	0	6168953	
301	1	B	4	N	2500	0	40	348	118	23	15	21	0	0	0	0	0	0	0	0	0	0	0	0	6169218	
302	1	B	5	N	2500	6	40	340	129	23	15	20	0	0	0	0	0	0	0	0	0	0	0	0	6179654	
303	1	B	5	N	2500	6	40	313	158	27	19	27	0	0	0	0	0	0	0	0	0	0	0	0	6180372	
304	1	B	5	N	2500	6	40	355	138	26	15	21	0	0	0	0	0	0	0	0	0	0	0	0	6184069	
305	1	B	6	N	2500	6	40	205	114	22	14	17	0	0	0	0	0	0	0	0	0	0	0	0	6191557	
306	1	B	6	N	2500	6	40	210	132	25	18	24	0	0	0	0	0	0	0	0	0	0	0	0	6191729	
307	1	B	6	N	2500	6	40	376	151	31	20	24	0	0	0	0	0	0	0	0	0	0	0	0	6192400	
308	1	B	6	N	2500	0	40	228	139	30	17	22	0	0	0	0	0	0	0	0	0	0	0	0	6192478	
309	1	B	6	N	2500	0	40	292	105	17	11	11	0	0	0	0	0	0	0	0	0	0	0	0	6192680	
310	1	B	6	N	2500	0	40	342	145	33	17	22	0	0	0	0	0	0	0	0	0	0	0	0	6192883	
311	1	B	6	N	2500	0	40	338	126	25	15	22	0	0	0	0	0	0	0	0	0	0	0	0	6193336	
312	1	B	6	N	2500	0	40	219	106	25	14	19	0	0	0	0	0	0	0	0	0	0	0	0	6193351	
313	1	B	6	N	2500	0	40	323	129	25	16	22	0	0	0	0	0	0	0	0	0	0	0	0	6193554	
314	1	B	6	N	2500	0	40	321	134	25	16	22	0	0	0	0	0	0	0	0	0	0	0	0	6193975	
315	1	B	6	N	2500	0	40	324	134	28	16	23	0	0	0	0	0	0	0	0	0	0	0	0	6194771	
316	1	B	6	N	2500	0	40	311	117	19	13	21	0	0	0	0	0	0	0	0	0	0	0	0	6195020	
317	1	B	6	N	2500	0	40	267	121	20	14	18	0	0	0	0	0	0	0	0	0	0	0	0	6195083	
318	1	B	6	N	2500	0	1	231	66	7	7	12	0	0	0	0	0	0	0	0	0	0	0	0	6195348	
319	1	B	6	N	2500	0	40	312	130	24	14	21	0	0	0	0	0	0	0	0	0	0	0	0	6195457	
320	1	B	6	N	2500	0	1	138	57	9	6	9	0	0	0	0	0	0	0	0	0	0	0	0	6195613	
321	1	B	6	N	2500	0	40	360	154	30	18	24	0	0	0	0	0	0	0	0	0	0	0	0	6195785	
322	1	B	6	N	2500	0	1	160	103	21	13	17	0	0	0	0	0	0	0	0	0	0	0	0	6195785	
323	1	B	6	N	2500	0	40	365	147	24	18	24	0	0	0	0	0	0	0	0	0	0	0	0	6196144	
324	1	B	6	N	2500	0	40	342	132	24	15	21	0	0	0	0	0	0	0	0	0	0	0	0	6196190	
325	1	B	6	N	2500	0	1	264	80	13	7	11	0	0	0	0	0	0	0	0	0	0	0	0	6196409	
326	1	B	6	N	2500	0	40	181	119	26	14	18	0	0	0	0	0	0	0	0	0	0	0	0	6196409	
327	1	B	6	N	2500	0	40	281	112	18	14	22	0	0	0	0	0	0	0	0	0	0	0	0	6196580	
328	1	B	6	N	2500	0	40	384	161	29	18	22	0	0	0	0	0	0	0	0	0	0	0	0	6196705	
329	1	B	6	N	2500	0	40	292	135	31	19	24	0	0	0	0	0	0	0	0	0	0	0	0	6196799	
330	1	B	6	N	2500	0	40	284	107	18	12	17	0	0	0	0	0	0	0	0	0	0	0	0	6196986	
331	1	B	6	N	2500	0	40	304	120	28	15	18	0	0	0	0	0	0	0	0	0	0	0	0	6197548	
332	1	B	6	N	2500	0	40	347	125	22	12	18	0	0	0	0	0	0	0	0	0	0	0	0	6197548	
333	1	B	6	N	2500	0	40	301	140	25	15	21	0	0	0	0	0	0	0	0	0	0	0	0	6197626	
334	1	B	6	N	2500	0	40	228	113	19	13	23	0	0	0	0	0	0	0	0	0	0	0	0	6197672	
335	1	B	6	N	2500	0	40	331	130	27	15	24	0	0	0	0	0	0	0	0	0	0	0	0	6197906	
336	1	B	7	N	2500	6	40	343	142	27	18	24	0	0	0	0	0	0	0	0	0	0	0	0	6207532	
337	1	B	8	N	2500	2	1	60	16	2	2	4	0	0	0	0	0	0	0	0	0	0	0	0	6219996	
338	1	B	8	N	2500	2	1	160	84	13	9	14	0	0	0	0	0	0	0	0	0	0	0	0	6220355	
339	1	B	8	N	2500	2	1	235	72	10	7	9	0	0	0	0	0	0	0	0	0	0	0	0	6221353	
340	1	B	8	N	2500	2	1	196	96	15	10	13	0	0	0	0	0	0	0	0	0	0	0	0	6222554	
341	1	B	8	N	2500	2	1	144	64	8	6	7	0	0	0	0	0	0	0	0	0	0	0	0	6222632	
342	1	B	8	N	2500	2	1	162	62	9	6	9	0	0	0	0	0	0	0	0	0	0	0	0	6222804	
343	1	B	8	N	2500	2	1	135	63	10	6	7	0	0	0	0	0	0	0	0	0	0	0	0	6222866	
344	1	B	8	N	2500	2	1	143	53	11	7	8	0	0	0	0	0	0	0	0	0	0	0	0	6223178	
345	1	B	8	N	2500	2	1	232	80	12	8	12	0	0	0	0	0	0	0	0	0	0	0	0	6223490	
346	1	B	8	N	2500	2	1	116	62	11	7	8	0	0	0	0	0	0	0	0	0	0	0	0	6223912	
347	1	B	8	N	2500	2	1	262	71	11	7	8	0	0	0	0	0	0	0	0	0	0	0	0	6224036	
348	1	B	8	N	2500	2	1	148	114	23	14	20	0	0	0	0	0	0	0	0	0	0	0	0	6224364	
349	1	B	8	N	2500	2	1	190	60	9	5	11	0	0	0	0	0	0	0	0	0	0	0	0	6224504	
350	1	B	8	N	2500	2	1	206	102	18	11	13	0	0	0	0	0	0	0	0	0	0	0	0	6224723	
351	1	B	8	N	2500	2	1	163	58	9	7	10	0	0	0	0	0	0	0	0	0	0	0	0	6224785	
352	1	B	8	N	2500	6	40	262	109	17	12	20	0	0	0	0	0	0	0	0	0	0	0	0	6224926	
353	1	B	8	N	2500	6	40	293	98	17	12	15	0	0	0	0	0	0	0	0	0	0	0	0	6225222	
354	1	B	8	N	2500	2	1	160	38	4	3	7	0	0	0	0	0	0	0	0	0	0	0	0	6225409	
355	1	B	8	N	2500	2	1	98	50	6	5	6	0	0	0	0	0	0	0	0	0	0	0	0	6225581	
356	1	B	8	N	2500	6	40	278	111	19	10	14	0	0	0	0	0	0	0	0	0	0	0	0	6225768	
357	1	B	8	N	2500	0	40	288	133	19	15	21	0	0	0	0	0	0	0	0	0	0	0	0	6226111	
358	1	B	8	N	2500	0	1	178	48	6	4	6	0	0	0	0	0	0	0	0	0	0	0	0	6226283	
359	1	B	8	N	2500	0	1	70	15	2	3	4	0	0	0	0	0	0	0	0	0	0	0	0	6226954	
360	1	B	8	N	2500	0	1	236	86	13	11	13	0	0	0	0	0	0	0	0	0	0	0	0	6227312	
361	1	B	10	N	2500	6	40	218	105	18	12	17	0	0	0	0	0	0	0	0	0	0	0	0	6248840	
362	1	B	10	N	2500	6	40	320	128	25	15	18	0	0	0	0	0	0	0	0	0	0	0	0	6249012	
363	1	B	10	N	2500	6	40	361	135	25	17	20	0	0	0	0	0	0	0	0	0	0	0	0	6249340	
364	1	B	10	N	2500	0	40	351	141	25	17	23	0	0	0	0	0	0	0	0	0	0	0	0	6249511	
365	1	B	10	N	2500	0	1	169	104	23	13	16	0	0	0	0	0	0	0	0	0	0	0	0	6249652	
366	1	B	10	N	2500	0	40	308	93	16	9	14	0	0	0	0	0	0	0	0	0	0	0	0	6250400	
367	1	B	10	N	2500	0	40	284	100	21	11	19	0	0	0	0	0	0	0	0	0	0	0	0	6251680	
368	1	B	10	N	2500	0	40	318	105	21	12	18	0	0	0	0	0	0	0	0	0	0	0	0	6252007	
369	1	B	10	N	2500	0	40	322	127	24	17	20	0	0	0	0	0	0	0	0	0	0	0	0	6252319	
370	1	B	10	N	2500	0	40	185	119	21	13	14	0	0	0	0	0	0	0	0	0	0	0	0	6252335	
371	1	B	10	N	2500	0	40	271	116	23	15	22	0	0	0	0	0	0	0	0	0	0	0	0	6252803	
372	1	B	10	N	2500	0	40	354	135	28	16	23	0	0	0	0	0	0	0	0	0	0	0	0	6253162	
373	1	B	10	N	2500	0	40	393	135	23	14	19	0	0	0	0	0	0	0	0	0	0	0	0	6253240	
374	1	B	10	N	2500	0	40	307	115	19	16	16	0	0	0	0	0	0	0	0	0	0	0	0	6253286	
375	1	B	10	N	2500	0	40	346	127	27	19	23	0	0	0	0	0	0	0	0	0	0	0	0	6253286	
376	1	B	10	N	2500	0	40	333	147	27	19	22	0	0	0	0	0	0	0	0	0	0	0	0	6253380	
377	1	B	10	N	2500	0	1	178	99	19	11	13	0	0	0	0	0	0	0	0	0	0	0	0	6253552	
378	1	B	10	N	2500	0	1	146	54	8	5	7	0	0	0	0	0	0	0	0	0	0	0	0	6253692	
379	1	B	10	N	2500	0	40	228	114	20	14	20	0	0	0	0	0	0	0	0	0	0	0	0	6253739	
380	1	B	10	N	2500	0	40	297	129	26	17	23	0	0	0	0	0	0	0	0	0	0	0	0	6253848	
381	1	B	10	N	2500	0	40	379	140	26	19	21	0	0	0	0	0	0	0	0	0	0	0	0	6253973	
382	1	B	10	N	2500	0	40	227	149	28	19	21	0	0	0	0	0	0	0	0	0	0	0	0	6254051	
383	1	B	10	N	2500	0	1	190	84	14	10	13	0	0	0	0	0	0	0	0	0	0	0	0	6254238	
384	1	B	10	N	2500	0	1	165	118	23	16	23	0	0	0	0	0	0	0	0	0	0	0	0	6254316	
385	1	B	10	N	2500	0	40	372	152	27	18	20	0	0	0	0	0	0	0	0	0	0	0	0	6254378	
386	1	B	10	N	2500	0	1	175	110	21	13	16	0	0	0	0	0	0	0	0	0	0	0	0	6254488	
387	1	B	10	N	2500	0	40	256	161	30	19	23	0	0	0	0	0	0	0	0	0	0	0	0	6254566	
388	1	B	10	N	2500	0	1	171	76	13	9	10	0	0	0	0	0	0	0	0	0	0	0	0	6254753	
389	1	B	10	N	2500	0	40	344	132	24	18	21	0	0	0	0	0	0	0	0	0	0	0	0	6255127	
390	1	B	10	N	2500	0	1	266	78	11	7	9	0	0	0	0	0	0	0	0	0	0	0	0	6255782	
391	1	B	11	N	2500	6	40	222	121	32	19	24	0	0	0	0	0	0	0	0	0	0	0	0	6266016	
392	1	B	11	N	2500	6	40	314	146	23	16	21	0	0	0	0	0	0	0	0	0	0	0	0	6270072	
393	1	B	12	N	2500	6	40	302	101	19	12	19	0	0	0	0	0	0	0	0	0	0	0	0	6277763	
394	1	B	12	N	2500	6	40	187	122	24	16	20	0	0	0	0	0	0	0	0	0	0	0	0	6277981	
395	1	B	12	N	2500	6	40	332	132	32	21	26	0	0	0	0	0	0	0	0	0	0	0	0	6278044	
396	1	B	12	N	2500	0	40	245	110	20	14	20	0	0	0	0	0	0	0	0	0	0	0	0	6278200	
397	1	B	12	N	2500	0	40	221	137	30	23	30	0	0	0	0	0	0	0	0	0	0	0	0	6278309	
398	1	B	12	N	2500	0	40	333	122	23	16	19	0	0	0	0	0	0	0	0	0	0	0	0	6278559	
399	1	B	12	N	2500	0	40	218	122	27	15	20	0	0	0	0	0	0	0	0	0	0	0	0	6280103	
400	1	B	12	N	2500	0	1	144	103	19	12	13	0	0	0	0	0	0	0	0	0	0	0	0	6280181	
401	1	B	12	N	2500	0	1	88	34	6	4	8	0	0	0	0	0	0	0	0	0	0	0	0	6280368	
402	1	B	12	N	2500	0	40	383	147	28	19	28	0	0	0	0	0	0	0	0	0	0	0	0	6280384	
403	1	B	12	N	2500	0	40	228	108	23	13	15	0	0	0	0	0	0	0	0	0	0	0	0	6280602	
404	1	B	12	N	2500	0	40	216	113	24	19	21	0	0	0	0	0	0	0	0	0	0	0	0	6280680	
405	1	B	12	N	2500	0	1	153	61	9	6	7	0	0	0	0	0	0	0	0	0	0	0	0	6280961	
406	1	B	12	N	2500	0	40	178	134	27	20	27	0	0	0	0	0	0	0	0	0	0	0	0	6280992	
407	1	B	12	N	2500	0	40	315	125	28	20	28	0	0	0	0	0	0	0	0	0	0	0	0	6281023	
408	1	B	12	N	2500	0	40	374	148	28	19	22	0	0	0	0	0	0	0	0	0	0	0	0	6281101	
409	1	B	12	N	2500	0	40	343	132	29	16	21	0	0	0	0	0	0	0	0	0	0	0	0	6281133	
410	1	B	12	N	2500	0	1	102	74	12	8	9	0	0	0	0	0	0	0	0	0	0	0	0	6281304	
411	1	B	12	N	2500	0	40	371	129	23	15	20	0	0	0	0	0	0	0	0	0	0	0	0	6281335	
412	1	B	12	N	2500	0	1	153	35	7	4	5	0	0	0	0	0	0	0	0	0	0	0	0	6281429	
413	1	B	12	N	2500	0	1	82	35	7	4	6	0	0	0	0	0	0	0	0	0	0	0	0	6281429	
414	1	B	12	N	2500	0	1	191	61	8	6	8	0	0	0	0	0	0	0	0	0	0	0	0	6281647	
415	1	B	12	N	2500	0	40	384	187	32	22	32	0	0	0	0	0	0	0	0	0	0	0	0	6281772	
416	1	B	12	N	2500	0	1	76	32	4	3	4	0	0	0	0	0	0	0	0	0	0	0	0	6281881	
417	1	B	12	N	2500	0	1	51	21	2	1	1	0	0	0	0	0	0	0	0	0	0	0	0	6281959	
418	1	B	12	N	2500	0	40	248	130	24	16	23	0	0	0	0	0	0	0	0	0	0	0	0	6282849	
419	1	B	12	N	2500	0	40	260	129	27	18	21	0	0	0	0	0	0	0	0	0	0	0	0	6282864	
420	1	B	12	N	2500	0	40	209	137	24	19	27	0	0	0	0	0	0	0	0	0	0	0	0	6282911	
421	1	B	12	N	2500	0	1	248	88	17	10	14	0	0	0	0	0	0	0	0	0	0	0	0	6283379	
422	1	B	12	N	2500	0	40	216	126	23	16	20	0	0	0	0	0	0	0	0	0	0	0	0	6283457	
423	1	B	12	N	2500	0	40	336	125	23	16	20	0	0	0	0	0	0	0	0	0	0	0	0	6283551	
424	1	B	12	N	2500	0	1	270	65	9	6	9	0	0	0	0	0	0	0	0	0	0	0	0	6283613	
425	1	B	12	N	2500	0	1	129	42	5	3	6	0	0	0	0	0	0	0	0	0	0	0	0	6284424	
426	1	B	12	N	2500	0	40	329	122	21	14	16	0	0	0	0	0	0	0	0	0	0	0	0	6284814	
427	1	C	1	N	2500	6	40	211	116	22	13	20	0	0	0	0	0	0	0	0	0	0	0	0	6294112	
428	1	C	1	N	2500	6	40	256	137	25	20	28	0	0	0	0	0	0	0	0	0	0	0	0	6297341	
429	1	C	2	N	2500	6	40	376	134	24	17	20	0	0	0	0	0	0	0	0	0	0	0	0	6309025	
430	1	C	2	N	2500	6	40	380	152	28	19	27	0	0	0	0	0	0	0	0	0	0	0	0	6309462	
431	1	C	2	N	2500	6	40	177	126	23	16	18	0	0	0	0	0	0	0	0	0	0	0	0	6309790	
432	1	C	2	N	2500	0	40	213	120	22	14	15	0	0	0	0	0	0	0	0	0	0	0	0	6310507	
433	1	C	2	N	2500	0	1	207	74	14	7	12	0	0	0	0	0	0	0	0	0	0	0	0	6310741	
434	1	C	2	N	2500	0	40	203	117	22	14	16	0	0	0	0	0	0	0	0	0	0	0	0	6311272	
435	1	C	2	N	2500	0	1	216	89	16	10	15	0	0	0	0	0	0	0	0	0	0	0	0	6312442	
436	1	C	2	N	2500	0	40	324	115	20	13	19	0	0	0	0	0	0	0	0	0	0	0	0	6313456	
437	1	C	2	N	2500	0	40	315	130	22	13	20	0	0	0	0	0	0	0	0	0	0	0	0	6314064	
438	1	C	2	N	2500	0	1	57	28	7	7	11	0	0	0	0	0	0	0	0	0	0	0	0	6315281	
439	1	C	4	N	2500	2	1	67	26	8	4	5	0	0	0	0	0	0	0	0	0	0	0	0	6336871	
440	1	C	4	N	2500	2	1	77	35	12	3	4	0	0	0	0	0	0	0	0	0	0	0	0	6336871	
441	1	C	4	N	2500	6	40	199	128	26	14	16	0	0	0	0	0	0	0	0	0	0	0	0	6337573	
442	1	C	4	N	2500	6	40	348	137	27	15	21	0	0	0	0	0	0	0	0	0	0	0	0	6337776	
443	1	C	4	N	2500	6	40	316	98	18	11	16	0	0	0	0	0	0	0	0	0	0	0	0	6337854	
444	1	C	4	N	2500	0	40	320	129	25	19	22	0	0	0	0	0	0	0	0	0	0	0	0	6338260	
445	1	C	4	N	2500	0	1	174	94	16	10	12	0	0	0	0	0	0	0	0	0	0	0	0	6338322	
446	1	C	4	N	2500	0	1	169	83	18	11	14	0	0	0	0	0	0	0	0	0	0	0	0	6338556	
447	1	C	4	N	2500	0	1	190	109	21	14	16	0	0	0	0	0	0	0	0	0	0	0	0	6339040	
448	1	C	4	N	2500	0	40	384	147	25	17	23	0	0	0	0	0	0	0	0	0	0	0	0	6339071	
449	1	C	4	N	2500	0	40	270	166	32	22	30	0	0	0	0	0	0	0	0	0	0	0	0	6339118	
450	1	C	4	N	2500	0	1	70	18	4	1	1	0	0	0	0	0	0	0	0	0	0	0	0	6339149	
451	1	C	4	N	2500	0	40	329	114	20	11	19	0	0	0	0	0	0	0	0	0	0	0	0	6339180	
452	1	C	4	N	2500	0	1	163	48	6	4	7	0	0	0	0	0	0	0	0	0	0	0	0	6339461	
453	1	C	4	N	2500	0	40	386	136	25	16	23	0	0	0	0	0	0	0	0	0	0	0	0	6339523	
454	1	C	4	N	2500	0	40	341	143	29	15	21	0	0	0	0	0	0	0	0	0	0	0	0	6339851	
455	1	C	4	N	2500	0	40	295	124	25	17	23	0	0	0	0	0	0	0	0	0	0	0	0	6340210	
456	1	C	4	N	2500	0	40	205	115	24	14	20	0	0	0	0	0	0	0	0	0	0	0	0	6340849	
457	1	C	4	N	2500	0	40	281	94	18	11	16	0	0	0	0	0	0	0	0	0	0	0	0	6340974	
458	1	C	4	N	2500	0	40	294	94	18	10	14	0	0	0	0	0	0	0	0	0	0	0	0	6340990	
459	1	C	4	N	2500	0	40	310	108	20	13	20	0	0	0	0	0	0	0	0	0	0	0	0	6341115	
460	1	C	4	N	2500	0	40	339	150	28	17	23	0	0	0	0	0	0	0	0	0	0	0	0	6341395	
461	1	C	4	N	2500	0	40	271	101	17	11	16	0	0	0	0	0	0	0	0	0	0	0	0	6341395	
462	1	C	4	N	2500	0	40	357	130	26	16	21	0	0	0	0	0	0	0	0	0	0	0	0	6341973	
463	1	C	4	N	2500	0	40	336	120	23	14	23	0	0	0	0	0	0	0	0	0	0	0	0	6342472	
464	1	C	4	N	2500	0	1	189	81	14	8	9	0	0	0	0	0	0	0	0	0	0	0	0	6342534	
465	1	C	4	N	2500	0	40	324	101	19	11	16	0	0	0	0	0	0	0	0	0	0	0	0	6342550	
466	1	C	4	N	2500	0	1	72	13	2	1	2	0	0	0	0	0	0	0	0	0	0	0	0	6342565	
467	1	C	4	N	2500	0	1	53	9	0	0	0	0	0	0	0	0	0	0	0	0	0	0	0	6342565	
468	1	C	4	N	2500	0	40	336	117	23	13	16	0	0	0	0	0	0	0	0	0	0	0	0	6342768	
469	1	C	4	N	2500	0	40	341	130	22	12	16	0	0	0	0	0	0	0	0	0	0	0	0	6342940	
470	1	C	4	N	2500	0	40	353	118	19	13	17	0	0	0	0	0	0	0	0	0	0	0	0	6343080	
471	1	C	4	N	2500	0	40	267	136	29	15	21	0	0	0	0	0	0	0	0	0	0	0	0	6344032	
472	1	C	5	N	2500	6	40	333	122	21	13	18	0	0	0	0	0	0	0	0	0	0	0	0	6355654	
473	1	C	6	N	2500	6	40	245	120	28	17	20	0	0	0	0	0	0	0	0	0	0	0	0	6365591	
474	1	C	6	N	2500	6	40	427	164	30	17	25	0	0	0	0	0	0	0	0	0	0	0	0	6366199	
475	1	C	6	N	2500	6	40	323	113	21	14	19	0	0	0	0	0	0	0	0	0	0	0	0	6366340	
476	1	C	6	N	2500	0	40	208	121	28	16	22	0	0	0	0	0	0	0	0	0	0	0	0	6366355	
477	1	C	6	N	2500	0	40	382	137	25	18	21	0	0	0	0	0	0	0	0	0	0	0	0	6366995	
478	1	C	6	N	2500	0	1	72	18	2	1	1	0	0	0	0	0	0	0	0	0	0	0	0	6367151	
479	1	C	6	N	2500	0	1	77	17	2	1	2	0	0	0	0	0	0	0	0	0	0	0	0	6367151	
480	1	C	6	N	2500	0	1	181	93	22	14	20	0	0	0	0	0	0	0	0	0	0	0	0	6367510	
481	1	C	6	N	2500	0	40	204	138	28	18	20	0	0	0	0	0	0	0	0	0	0	0	0	6367713	
482	1	C	6	N	2500	0	40	355	130	26	17	27	0	0	0	0	0	0	0	0	0	0	0	0	6368040	
483	1	C	6	N	2500	0	1	160	84	11	7	9	0	0	0	0	0	0	0	0	0	0	0	0	6368040	
484	1	C	6	N	2500	0	40	277	167	33	19	24	0	0	0	0	0	0	0	0	0	0	0	0	6368134	
485	1	C	6	N	2500	0	40	219	140	25	18	24	0	0	0	0	0	0	0	0	0	0	0	0	6368165	
486	1	C	6	N	2500	0	40	318	120	24	15	21	0	0	0	0	0	0	0	0	0	0	0	0	6368571	
487	1	C	6	N	2500	0	40	342	121	21	14	21	0	0	0	0	0	0	0	0	0	0	0	0	6368789	
488	1	C	6	N	2500	0	1	284	72	10	8	13	0	0	0	0	0	0	0	0	0	0	0	0	6369210	
489	1	C	6	N	2500	0	40	241	112	21	13	17	0	0	0	0	0	0	0	0	0	0	0	0	6369273	
490	1	C	6	N	2500	0	1	217	66	12	9	13	0	0	0	0	0	0	0	0	0	0	0	0	6369444	
491	1	C	6	N	2500	0	40	215	123	28	20	23	0	0	0	0	0	0	0	0	0	0	0	0	6369475	
492	1	C	6	N	2500	0	40	348	138	27	16	20	0	0	0	0	0	0	0	0	0	0	0	0	6369647	
493	1	C	6	N	2500	0	40	256	135	22	16	21	0	0	0	0	0	0	0	0	0	0	0	0	6369912	
494	1	C	6	N	2500	0	40	308	153	31	19	22	0	0	0	0	0	0	0	0	0	0	0	0	6369975	
495	1	C	6	N	2500	0	40	245	131	28	16	19	0	0	0	0	0	0	0	0	0	0	0	0	6370084	
496	1	C	6	N	2500	0	40	244	130	26	15	17	0	0	0	0	0	0	0	0	0	0	0	0	6370099	
497	1	C	6	N	2500	0	40	301	125	23	15	18	0	0	0	0	0	0	0	0	0	0	0	0	6370177	
498	1	C	6	N	2500	0	40	333	115	20	13	19	0	0	0	0	0	0	0	0	0	0	0	0	6370255	
499	1	C	6	N	2500	0	40	337	124	22	14	19	0	0	0	0	0	0	0	0	0	0	0	0	6370723	
500	1	C	6	N	2500	0	40	288	127	24	18	24	0	0	0	0	0	0	0	0	0	0	0	0	6371457	
501	1	C	6	N	2500	0	40	313	155	28	18	21	0	0	0	0	0	0	0	0	0	0	0	0	6371535	
502	1	C	7	N	2500	6	40	436	166	30	17	23	0	0	0	0	0	0	0	0	0	0	0	0	6381066	
503	1	C	7	N	2500	6	40	354	125	23	14	16	0	0	0	0	0	0	0	0	0	0	0	0	6381924	
504	1	C	7	N	2500	6	40	269	136	28	17	25	0	0	0	0	0	0	0	0	0	0	0	0	6382408	
505	1	C	7	N	2500	0	1	195	102	24	17	16	0	0	0	0	0	0	0	0	0	0	0	0	6385232	
506	1	C	7	N	2500	0	1	101	19	0	0	1	0	0	0	0	0	0	0	0	0	0	0	0	6386807	
507	1	C	7	N	2500	0	1	132	26	0	0	2	0	0	0	0	0	0	0	0	0	0	0	0	6386807	
508	1	C	8	N	2500	6	40	337	111	19	11	15	0	0	0	0	0	0	0	0	0	0	0	0	6393905	
509	1	C	8	N	2500	2	1	263	84	16	8	10	0	0	0	0	0	0	0	0	0	0	0	0	6393921	
510	1	C	8	N	2500	6	40	340	129	26	14	18	0	0	0	0	0	0	0	0	0	0	0	0	6394030	
511	1	C	8	N	2500	6	40	213	123	28	15	16	0	0	0	0	0	0	0	0	0	0	0	0	6394092	
512	1	C	8	N	2500	0	40	358	139	28	15	19	0	0	0	0	0	0	0	0	0	0	0	0	6394264	
513	1	C	8	N	2500	0	40	279	129	26	14	20	0	0	0	0	0	0	0	0	0	0	0	0	6394280	
514	1	C	8	N	2500	0	40	236	116	16	11	16	0	0	0	0	0	0	0	0	0	0	0	0	6394794	
515	1	C	8	N	2500	0	40	322	149	30	16	18	0	0	0	0	0	0	0	0	0	0	0	0	6394888	
516	1	C	8	N	2500	0	1	150	121	20	14	18	0	0	0	0	0	0	0	0	0	0	0	0	6394935	
517	1	C	8	N	2500	0	1	65	12	1	1	3	0	0	0	0	0	0	0	0	0	0	0	0	6394950	
518	1	C	8	N	2500	0	1	116	21	3	3	6	0	0	0	0	0	0	0	0	0	0	0	0	6394982	
519	1	C	8	N	2500	0	1	214	104	22	11	15	0	0	0	0	0	0	0	0	0	0	0	0	6395153	
520	1	C	8	N	2500	0	1	73	17	3	3	3	0	0	0	0	0	0	0	0	0	0	0	0	6395169	
521	1	C	8	N	2500	0	40	346	114	23	12	16	0	0	0	0	0	0	0	0	0	0	0	0	6395169	
522	1	C	8	N	2500	0	40	257	104	18	9	13	0	0	0	0	0	0	0	0	0	0	0	0	6395216	
523	1	C	8	N	2500	0	40	355	121	20	11	16	0	0	0	0	0	0	0	0	0	0	0	0	6395262	
524	1	C	8	N	2500	0	40	317	114	22	12	17	0	0	0	0	0	0	0	0	0	0	0	0	6395418	
525	1	C	8	N	2500	0	40	366	121	21	13	19	0	0	0	0	0	0	0	0	0	0	0	0	6395450	
526	1	C	8	N	2500	0	40	390	152	32	18	22	0	0	0	0	0	0	0	0	0	0	0	0	6395496	
527	1	C	8	N	2500	0	40	344	131	25	14	18	0	0	0	0	0	0	0	0	0	0	0	0	6395621	
528	1	C	8	N	2500	0	40	306	95	15	8	14	0	0	0	0	0	0	0	0	0	0	0	0	6395652	
529	1	C	8	N	2500	0	40	273	101	17	12	16	0	0	0	0	0	0	0	0	0	0	0	0	6395793	
530	1	C	8	N	2500	0	40	247	147	36	18	20	0	0	0	0	0	0	0	0	0	0	0	0	6395840	
531	1	C	8	N	2500	0	40	204	109	19	11	15	0	0	0	0	0	0	0	0	0	0	0	0	6395949	
532	1	C	8	N	2500	0	40	222	136	23	16	20	0	0	0	0	0	0	0	0	0	0	0	0	6396308	
533	1	C	8	N	2500	0	40	354	124	25	14	19	0	0	0	0	0	0	0	0	0	0	0	0	6396464	
534	1	C	8	N	2500	0	40	242	114	21	14	16	0	0	0	0	0	0	0	0	0	0	0	0	6396900	
535	1	C	8	N	2500	0	40	243	140	23	15	20	0	0	0	0	0	0	0	0	0	0	0	0	6396900	
536	1	C	8	N	2500	0	1	129	28	4	3	4	0	0	0	0	0	0	0	0	0	0	0	0	6397010	
537	1	C	8	N	2500	0	1	212	86	19	10	13	0	0	0	0	0	0	0	0	0	0	0	0	6397010	
538	1	C	8	N	2500	0	40	220	118	24	12	19	0	0	0	0	0	0	0	0	0	0	0	0	6397166	
539	1	C	8	N	2500	0	1	61	15	2	3	7	0	0	0	0	0	0	0	0	0	0	0	0	6397228	
540	1	C	8	N	2500	0	40	490	178	31	21	30	0	0	0	0	0	0	0	0	0	0	0	0	6397337	
541	1	C	8	N	2500	0	40	328	114	24	12	17	0	0	0	0	0	0	0	0	0	0	0	0	6397446	
542	1	C	8	N	2500	0	40	341	135	28	15	19	0	0	0	0	0	0	0	0	0	0	0	0	6397649	
543	1	C	8	N	2500	0	1	254	71	8	5	8	0	0	0	0	0	0	0	0	0	0	0	0	6397774	
544	1	C	8	N	2500	0	40	363	132	24	13	18	0	0	0	0	0	0	0	0	0	0	0	0	6397883	
545	1	C	8	N	2500	0	40	222	117	28	14	17	0	0	0	0	0	0	0	0	0	0	0	0	6398102	
546	1	C	8	N	2500	0	40	309	153	34	20	26	0	0	0	0	0	0	0	0	0	0	0	0	6398336	
547	1	C	8	N	2500	0	40	311	107	20	12	15	0	0	0	0	0	0	0	0	0	0	0	0	6398351	
548	1	C	8	N	2500	0	1	60	15	2	2	4	0	0	0	0	0	0	0	0	0	0	0	0	6398538	
549	1	C	8	N	2500	0	40	291	182	41	23	30	0	0	0	0	0	0	0	0	0	0	0	0	6398663	
550	1	C	8	N	2500	0	40	342	125	25	15	19	0	0	0	0	0	0	0	0	0	0	0	0	6398710	
551	1	C	8	N	2500	0	40	351	131	24	13	19	0	0	0	0	0	0	0	0	0	0	0	0	6398741	
552	1	C	8	N	2500	0	1	86	33	4	3	6	0	0	0	0	0	0	0	0	0	0	0	0	6398850	
553	1	C	8	N	2500	0	1	136	33	5	4	10	0	0	0	0	0	0	0	0	0	0	0	0	6398882	
554	1	C	8	N	2500	0	40	373	145	29	16	18	0	0	0	0	0	0	0	0	0	0	0	0	6398882	
555	1	C	8	N	2500	0	40	415	157	30	18	21	0	0	0	0	0	0	0	0	0	0	0	0	6398944	
556	1	C	8	N	2500	0	40	360	132	24	14	23	0	0	0	0	0	0	0	0	0	0	0	0	6398960	
557	1	C	8	N	2500	0	40	266	115	22	15	18	0	0	0	0	0	0	0	0	0	0	0	0	6398975	
558	1	C	8	N	2500	0	40	323	138	26	13	17	0	0	0	0	0	0	0	0	0	0	0	0	6399069	
559	1	C	8	N	2500	0	40	380	152	29	18	24	0	0	0	0	0	0	0	0	0	0	0	0	6399084	
560	1	C	8	N	2500	0	40	392	157	30	18	24	0	0	0	0	0	0	0	0	0	0	0	0	6399100	
561	1	C	8	N	2500	0	40	358	146	28	16	18	0	0	0	0	0	0	0	0	0	0	0	0	6399209	
562	1	C	8	N	2500	0	1	52	16	5	4	7	0	0	0	0	0	0	0	0	0	0	0	0	6399225	
563	1	C	8	N	2500	0	40	325	109	19	11	16	0	0	0	0	0	0	0	0	0	0	0	0	6399240	
564	1	C	8	N	2500	0	40	422	169	33	22	29	0	0	0	0	0	0	0	0	0	0	0	0	6399396	
565	1	C	8	N	2500	0	40	358	136	28	17	22	0	0	0	0	0	0	0	0	0	0	0	0	6399443	
566	1	C	8	N	2500	0	40	368	145	26	15	16	0	0	0	0	0	0	0	0	0	0	0	0	6399584	
567	1	C	8	N	2500	0	40	357	141	29	13	16	0	0	0	0	0	0	0	0	0	0	0	0	6399615	
568	1	C	8	N	2500	0	40	438	157	23	13	18	0	0	0	0	0	0	0	0	0	0	0	0	6399630	
569	1	C	8	N	2500	0	40	424	164	30	18	25	0	0	0	0	0	0	0	0	0	0	0	0	6399630	
570	1	C	8	N	2500	0	1	72	15	3	2	4	0	0	0	0	0	0	0	0	0	0	0	0	6399677	
571	1	C	8	N	2500	0	40	346	122	21	12	17	0	0	0	0	0	0	0	0	0	0	0	0	6399693	
572	1	C	8	N	2500	0	1	108	51	9	5	7	0	0	0	0	0	0	0	0	0	0	0	0	6399724	
573	1	C	8	N	2500	0	1	57	11	2	2	4	0	0	0	0	0	0	0	0	0	0	0	0	6399896	
574	1	C	8	N	2500	0	40	244	100	17	10	15	0	0	0	0	0	0	0	0	0	0	0	0	6400130	
575	1	C	8	N	2500	0	40	357	149	29	17	23	0	0	0	0	0	0	0	0	0	0	0	0	6400239	
576	1	C	8	N	2500	0	1	90	19	3	4	8	0	0	0	0	0	0	0	0	0	0	0	0	6400317	
577	1	C	8	N	2500	0	40	338	107	18	11	15	0	0	0	0	0	0	0	0	0	0	0	0	6400364	
578	1	C	8	N	2500	0	1	119	50	10	5	7	0	0	0	0	0	0	0	0	0	0	0	0	6400738	
579	1	C	8	N	2500	0	1	141	65	14	7	7	0	0	0	0	0	0	0	0	0	0	0	0	6400738	
580	1	C	8	N	2500	0	40	428	154	31	18	28	0	0	0	0	0	0	0	0	0	0	0	0	6400754	
581	1	C	8	N	2500	0	1	54	9	2	2	3	0	0	0	0	0	0	0	0	0	0	0	0	6400785	
582	1	C	8	N	2500	0	40	326	121	23	13	20	0	0	0	0	0	0	0	0	0	0	0	0	6400847	
583	1	C	8	N	2500	0	40	288	111	24	13	20	0	0	0	0	0	0	0	0	0	0	0	0	6400925	
584	1	C	8	N	2500	0	40	365	151	31	16	21	0	0	0	0	0	0	0	0	0	0	0	0	6400941	
585	1	C	8	N	2500	0	40	362	139	30	15	20	0	0	0	0	0	0	0	0	0	0	0	0	6400941	
586	1	C	8	N	2500	0	40	271	147	32	18	22	0	0	0	0	0	0	0	0	0	0	0	0	6400988	
587	1	C	8	N	2500	0	1	64	18	4	3	5	0	0	0	0	0	0	0	0	0	0	0	0	6401222	
588	1	C	8	N	2500	0	40	394	141	27	16	23	0	0	0	0	0	0	0	0	0	0	0	0	6401315	
589	1	C	9	N	2500	2	1	68	15	2	3	5	0	0	0	0	0	0	0	0	0	0	0	0	6408866	
590	1	C	9	N	2500	2	1	57	20	2	2	7	0	0	0	0	0	0	0	0	0	0	0	0	6409412	
591	1	C	9	N	2500	2	1	57	16	3	3	7	0	0	0	0	0	0	0	0	0	0	0	0	6409599	
592	1	C	9	N	2500	2	1	50	11	3	1	2	0	0	0	0	0	0	0	0	0	0	0	0	6409708	
593	1	C	9	N	2500	6	40	323	112	20	11	15	0	0	0	0	0	0	0	0	0	0	0	0	6410098	
594	1	C	9	N	2500	6	40	347	157	37	19	20	0	0	0	0	0	0	0	0	0	0	0	0	6413202	
595	1	C	10	N	2500	2	1	59	27	4	4	8	0	0	0	0	0	0	0	0	0	0	0	0	6422859	
596	1	C	10	N	2500	2	1	262	85	14	10	12	0	0	0	0	0	0	0	0	0	0	0	0	6425136	
597	1	C	10	N	2500	6	40	208	111	22	15	18	0	0	0	0	0	0	0	0	0	0	0	0	6426041	
598	1	C	10	N	2500	2	1	187	84	13	10	13	0	0	0	0	0	0	0	0	0	0	0	0	6426260	
599	1	C	10	N	2500	6	40	337	125	21	13	17	0	0	0	0	0	0	0	0	0	0	0	0	6427383	
600	1	C	10	N	2500	2	1	216	84	19	10	14	0	0	0	0	0	0	0	0	0	0	0	0	6427835	
601	1	C	10	N	2500	6	40	217	120	27	16	23	0	0	0	0	0	0	0	0	0	0	0	0	6427944	
602	1	C	10	N	2500	0	1	203	93	18	11	14	0	0	0	0	0	0	0	0	0	0	0	0	6429692	
603	1	C	11	N	2500	2	1	85	34	3	2	3	0	0	0	0	0	0	0	0	0	0	0	0	6438147	
604	1	C	12	N	2500	6	40	330	163	30	18	25	0	0	0	0	0	0	0	0	0	0	0	0	6451532	
605	1	C	12	N	2500	6	40	219	126	24	16	20	0	0	0	0	0	0	0	0	0	0	0	0	6451968	
606	1	C	12	N	2500	6	40	222	131	26	17	24	0	0	0	0	0	0	0	0	0	0	0	0	6452904	
607	1	C	12	N	2500	0	40	356	139	25	17	23	0	0	0	0	0	0	0	0	0	0	0	0	6453170	
608	1	C	12	N	2500	0	40	327	150	27	18	21	0	0	0	0	0	0	0	0	0	0	0	0	6453700	
609	1	C	12	N	2500	0	40	401	172	31	21	25	0	0	0	0	0	0	0	0	0	0	0	0	6453840	
610	1	C	12	N	2500	0	40	379	154	28	19	25	0	0	0	0	0	0	0	0	0	0	0	0	6454074	
611	1	C	12	N	2500	0	40	318	129	29	15	23	0	0	0	0	0	0	0	0	0	0	0	0	6454090	
612	1	C	12	N	2500	0	40	309	137	25	19	23	0	0	0	0	0	0	0	0	0	0	0	0	6454340	
613	1	C	12	N	2500	0	40	340	132	23	16	25	0	0	0	0	0	0	0	0	0	0	0	0	6454589	
614	1	C	12	N	2500	0	1	118	72	11	8	11	0	0	0	0	0	0	0	0	0	0	0	0	6454745	
615	1	C	12	N	2500	0	40	290	137	31	18	20	0	0	0	0	0	0	0	0	0	0	0	0	6455104	
616	1	C	12	N	2500	0	40	390	160	28	21	25	0	0	0	0	0	0	0	0	0	0	0	0	6455525	
617	1	C	12	N	2500	0	40	233	134	30	17	21	0	0	0	0	0	0	0	0	0	0	0	0	6455525	
618	1	C	12	N	2500	0	40	211	137	28	16	20	0	0	0	0	0	0	0	0	0	0	0	0	6455588	
619	1	C	12	N	2500	0	40	228	133	30	19	23	0	0	0	0	0	0	0	0	0	0	0	0	6455806	
620	1	C	12	N	2500	0	40	257	142	26	17	23	0	0	0	0	0	0	0	0	0	0	0	0	6455868	
621	1	C	12	N	2500	0	40	217	143	28	18	24	0	0	0	0	0	0	0	0	0	0	0	0	6455931	
622	1	C	12	N	2500	0	40	406	170	31	22	29	0	0	0	0	0	0	0	0	0	0	0	0	6455946	
623	1	C	12	N	2500	0	40	176	151	33	21	23	0	0	0	0	0	0	0	0	0	0	0	0	6455978	
624	1	C	12	N	2500	0	40	216	132	25	16	19	0	0	0	0	0	0	0	0	0	0	0	0	6456399	
625	1	C	12	N	2500	0	1	105	41	5	3	7	0	0	0	0	0	0	0	0	0	0	0	0	6456477	
626	1	C	12	N	2500	0	40	373	164	29	20	26	0	0	0	0	0	0	0	0	0	0	0	0	6456742	
627	1	C	12	N	2500	0	40	342	118	22	13	17	0	0	0	0	0	0	0	0	0	0	0	0	6457194	
628	1	C	12	N	2500	0	40	306	102	15	10	12	0	0	0	0	0	0	0	0	0	0	0	0	6457896	
629	1	C	12	N	2500	0	40	296	129	22	17	23	0	0	0	0	0	0	0	0	0	0	0	0	6458474	
630	1	D	1	N	2500	6	40	369	148	28	17	24	0	0	0	0	0	0	0	0	0	0	0	0	6470002	
631	1	D	1	N	2500	6	40	351	121	18	11	16	0	0	0	0	0	0	0	0	0	0	0	0	6470376	
632	1	D	1	N	2500	6	40	227	122	20	14	17	0	0	0	0	0	0	0	0	0	0	0	0	6470766	
633	1	D	2	N	2500	6	40	192	131	27	17	23	0	0	0	0	0	0	0	0	0	0	0	0	6484354	
634	1	D	2	N	2500	6	40	350	142	28	15	20	0	0	0	0	0	0	0	0	0	0	0	0	6484448	
635	1	D	2	N	2500	6	40	323	137	24	16	20	0	0	0	0	0	0	0	0	0	0	0	0	6484666	
636	1	D	2	N	2500	0	40	323	166	30	20	29	0	0	0	0	0	0	0	0	0	0	0	0	6485259	
637	1	D	2	N	2500	0	1	213	67	13	8	11	0	0	0	0	0	0	0	0	0	0	0	0	6485477	
638	1	D	2	N	2500	0	1	154	61	11	9	12	0	0	0	0	0	0	0	0	0	0	0	0	6485477	
639	1	D	2	N	2500	0	40	312	124	24	17	24	0	0	0	0	0	0	0	0	0	0	0	0	6486866	
640	1	D	3	N	2500	2	1	107	36	5	6	13	0	0	0	0	0	0	0	0	0	0	0	0	6496912	
641	1	D	3	N	2500	2	1	64	21	1	0	1	0	0	0	0	0	0	0	0	0	0	0	0	6499003	
642	1	D	4	N	2500	2	1	150	103	18	13	15	0	0	0	0	0	0	0	0	0	0	0	0	6510391	
643	1	D	4	N	2500	2	1	265	91	15	10	14	0	0	0	0	0	0	0	0	0	0	0	0	6510593	
644	1	D	4	N	2500	8	40	282	110	24	15	21	0	0	0	0	0	0	0	0	0	0	0	0	6510593	
645	1	D	4	N	2500	2	1	148	61	9	6	7	0	0	0	0	0	0	0	0	0	0	0	0	6510796	
646	1	D	4	N	2500	2	1	125	47	14	7	9	0	0	0	0	0	0	0	0	0	0	0	0	6511592	
647	1	D	4	N	2500	6	40	414	128	23	13	19	0	0	0	0	0	0	0	0	0	0	0	0	6512278	
648	1	D	4	N	2500	6	40	364	148	25	18	24	0	0	0	0	0	0	0	0	0	0	0	0	6512497	
649	1	D	4	N	2500	6	40	338	120	24	15	20	0	0	0	0	0	0	0	0	0	0	0	0	6512668	
650	1	D	4	N	2500	0	1	177	105	25	17	20	0	0	0	0	0	0	0	0	0	0	0	0	6513152	
651	1	D	4	N	2500	0	40	298	84	14	10	13	0	0	0	0	0	0	0	0	0	0	0	0	6513885	
652	1	D	4	N	2500	0	1	226	84	18	13	18	0	0	0	0	0	0	0	0	0	0	0	0	6513947	
653	1	D	4	N	2500	0	40	373	131	24	14	17	0	0	0	0	0	0	0	0	0	0	0	0	6513979	
654	1	D	4	N	2500	0	1	182	47	7	4	11	0	0	0	0	0	0	0	0	0	0	0	0	6514150	
655	1	D	4	N	2500	0	40	241	120	26	16	21	0	0	0	0	0	0	0	0	0	0	0	0	6514275	
656	1	D	4	N	2500	0	40	260	108	20	14	16	0	0	0	0	0	0	0	0	0	0	0	0	6514431	
657	1	D	4	N	2500	0	40	291	103	24	11	16	0	0	0	0	0	0	0	0	0	0	0	0	6514540	
658	1	D	4	N	2500	0	40	381	151	28	17	24	0	0	0	0	0	0	0	0	0	0	0	0	6514852	
659	1	D	4	N	2500	0	40	325	116	23	15	16	0	0	0	0	0	0	0	0	0	0	0	0	6514883	
660	1	D	4	N	2500	0	40	329	114	20	14	21	0	0	0	0	0	0	0	0	0	0	0	0	6514930	
661	1	D	4	N	2500	0	1	197	108	19	14	20	0	0	0	0	0	0	0	0	0	0	0	0	6514993	
662	1	D	4	N	2500	0	40	311	116	21	13	16	0	0	0	0	0	0	0	0	0	0	0	0	6515133	
663	1	D	4	N	2500	0	40	287	94	17	10	16	0	0	0	0	0	0	0	0	0	0	0	0	6515164	
664	1	D	4	N	2500	0	40	228	128	24	18	22	0	0	0	0	0	0	0	0	0	0	0	0	6515383	
665	1	D	4	N	2500	0	40	332	118	23	15	21	0	0	0	0	0	0	0	0	0	0	0	0	6515539	
666	1	D	4	N	2500	0	40	241	130	27	16	22	0	0	0	0	0	0	0	0	0	0	0	0	6515554	
667	1	D	6	N	2500	6	40	335	142	26	15	18	0	0	0	0	0	0	0	0	0	0	0	0	6539001	
668	1	D	6	N	2500	6	40	171	119	24	16	21	0	0	0	0	0	0	0	0	0	0	0	0	6539235	
669	1	D	6	N	2500	6	40	443	165	32	19	23	0	0	0	0	0	0	0	0	0	0	0	0	6539313	
670	1	D	6	N	2500	0	40	219	146	24	17	20	0	0	0	0	0	0	0	0	0	0	0	0	6539578	
671	1	D	6	N	2500	0	40	342	123	22	14	20	0	0	0	0	0	0	0	0	0	0	0	0	6539765	
672	1	D	6	N	2500	0	1	219	48	8	5	13	0	0	0	0	0	0	0	0	0	0	0	0	6540639	
673	1	D	6	N	2500	0	40	325	133	22	14	20	0	0	0	0	0	0	0	0	0	0	0	0	6540951	
674	1	D	6	N	2500	0	40	295	86	16	9	13	0	0	0	0	0	0	0	0	0	0	0	0	6540998	
675	1	D	6	N	2500	0	40	369	141	24	13	20	0	0	0	0	0	0	0	0	0	0	0	0	6541185	
676	1	D	6	N	2500	0	40	219	131	26	15	22	0	0	0	0	0	0	0	0	0	0	0	0	6541466	
677	1	D	6	N	2500	0	40	363	124	22	14	18	0	0	0	0	0	0	0	0	0	0	0	0	6542199	
678	1	D	6	N	2500	0	40	212	119	27	16	19	0	0	0	0	0	0	0	0	0	0	0	0	6542277	
679	1	D	6	N	2500	0	40	321	91	14	8	16	0	0	0	0	0	0	0	0	0	0	0	0	6542339	
680	1	D	6	N	2500	0	40	354	133	25	15	21	0	0	0	0	0	0	0	0	0	0	0	0	6542433	
681	1	D	6	N	2500	0	40	340	133	23	15	19	0	0	0	0	0	0	0	0	0	0	0	0	6542683	
682	1	D	6	N	2500	0	40	255	119	23	15	21	0	0	0	0	0	0	0	0	0	0	0	0	6542714	
683	1	D	6	N	2500	0	40	259	108	19	12	17	0	0	0	0	0	0	0	0	0	0	0	0	6542870	
684	1	D	6	N	2500	0	40	292	105	18	13	17	0	0	0	0	0	0	0	0	0	0	0	0	6543135	
685	1	D	6	N	2500	0	1	284	79	15	9	15	0	0	0	0	0	0	0	0	0	0	0	0	6543307	
686	1	D	6	N	2500	0	40	284	103	16	12	19	0	0	0	0	0	0	0	0	0	0	0	0	6543385	
687	1	D	6	N	2500	0	40	336	133	21	14	19	0	0	0	0	0	0	0	0	0	0	0	0	6543478	
688	1	D	6	N	2500	0	40	278	166	27	20	26	0	0	0	0	0	0	0	0	0	0	0	0	6543556	
689	1	D	6	N	2500	0	1	241	83	16	10	15	0	0	0	0	0	0	0	0	0	0	0	0	6543634	
690	1	D	6	N	2500	0	40	325	131	24	14	20	0	0	0	0	0	0	0	0	0	0	0	0	6543728	
691	1	D	6	N	2500	0	40	279	115	20	14	15	0	0	0	0	0	0	0	0	0	0	0	0	6543915	
692	1	D	6	N	2500	0	40	314	156	28	20	25	0	0	0	0	0	0	0	0	0	0	0	0	6543931	
693	1	D	6	N	2500	0	40	206	119	20	13	17	0	0	0	0	0	0	0	0	0	0	0	0	6544009	
694	1	D	6	N	2500	0	40	325	104	19	12	14	0	0	0	0	0	0	0	0	0	0	0	0	6544087	
695	1	D	6	N	2500	0	40	329	117	19	12	17	0	0	0	0	0	0	0	0	0	0	0	0	6544118	
696	1	D	6	N	2500	0	40	311	95	18	10	16	0	0	0	0	0	0	0	0	0	0	0	0	6544165	
697	1	D	6	N	2500	0	40	359	122	18	13	20	0	0	0	0	0	0	0	0	0	0	0	0	6544289	
698	1	D	6	N	2500	0	40	366	121	20	13	19	0	0	0	0	0	0	0	0	0	0	0	0	6544383	
699	1	D	6	N	2500	0	40	399	157	26	17	27	0	0	0	0	0	0	0	0	0	0	0	0	6544461	
700	1	D	6	N	2500	0	40	398	145	25	16	27	0	0	0	0	0	0	0	0	0	0	0	0	6544633	
701	1	D	6	N	2500	0	40	264	128	21	14	20	0	0	0	0	0	0	0	0	0	0	0	0	6544648	
702	1	D	6	N	2500	0	40	234	123	21	13	20	0	0	0	0	0	0	0	0	0	0	0	0	6545241	
703	1	D	6	N	2500	0	1	161	68	14	7	14	0	0	0	0	0	0	0	0	0	0	0	0	6545615	
704	1	D	6	N	2500	0	1	61	28	3	3	4	0	0	0	0	0	0	0	0	0	0	0	0	6545615	
705	1	D	6	N	2500	0	40	297	133	27	18	20	0	0	0	0	0	0	0	0	0	0	0	0	6546021	
706	1	D	6	N	2500	0	40	295	88	18	9	13	0	0	0	0	0	0	0	0	0	0	0	0	6546083	
707	1	D	8	N	2500	2	1	121	45	9	6	8	0	0	0	0	0	0	0	0	0	0	0	0	6568204	
708	1	D	8	N	2500	2	1	66	38	6	5	5	0	0	0	0	0	0	0	0	0	0	0	0	6568204	
709	1	D	8	N	2500	6	40	318	134	24	18	23	0	0	0	0	0	0	0	0	0	0	0	0	6568345	
710	1	D	8	N	2500	6	40	297	118	22	13	17	0	0	0	0	0	0	0	0	0	0	0	0	6569109	
711	1	D	8	N	2500	2	1	169	68	12	8	12	0	0	0	0	0	0	0	0	0	0	0	0	6569951	
712	1	D	8	N	2500	6	40	233	137	26	18	21	0	0	0	0	0	0	0	0	0	0	0	0	6570482	
713	1	D	8	N	2500	0	40	351	130	24	15	17	0	0	0	0	0	0	0	0	0	0	0	0	6570622	
714	1	D	8	N	2500	0	40	259	139	27	18	20	0	0	0	0	0	0	0	0	0	0	0	0	6571184	
715	1	D	8	N	2500	0	1	75	42	79	84	97	0	0	0	0	0	0	0	0	0	0	0	0	6571465	
716	1	D	8	N	2500	0	40	349	112	21	12	20	0	0	0	0	0	0	0	0	0	0	0	0	6571574	
717	1	D	8	N	2500	0	40	308	114	25	13	19	0	0	0	0	0	0	0	0	0	0	0	0	6571636	
718	1	D	8	N	2500	0	1	55	10	1	1	2	0	0	0	0	0	0	0	0	0	0	0	0	6572026	
719	1	D	8	N	2500	0	40	308	108	18	12	17	0	0	0	0	0	0	0	0	0	0	0	0	6572089	
720	1	D	8	N	2500	0	40	350	131	25	15	21	0	0	0	0	0	0	0	0	0	0	0	0	6572151	
721	1	D	8	N	2500	0	1	176	100	18	11	14	0	0	0	0	0	0	0	0	0	0	0	0	6572401	
722	1	D	8	N	2500	0	40	321	150	32	17	23	0	0	0	0	0	0	0	0	0	0	0	0	6572479	
723	1	D	8	N	2500	0	1	175	110	18	14	18	0	0	0	0	0	0	0	0	0	0	0	0	6572713	
724	1	D	8	N	2500	0	40	238	142	27	19	22	0	0	0	0	0	0	0	0	0	0	0	0	6572791	
725	1	D	8	N	2500	0	40	236	127	29	17	22	0	0	0	0	0	0	0	0	0	0	0	0	6572853	
726	1	D	8	N	2500	0	40	263	116	23	13	16	0	0	0	0	0	0	0	0	0	0	0	0	6572884	
727	1	D	8	N	2500	0	40	299	95	19	11	17	0	0	0	0	0	0	0	0	0	0	0	0	6572962	
728	1	D	8	N	2500	0	40	288	118	23	15	19	0	0	0	0	0	0	0	0	0	0	0	0	6573040	
729	1	D	8	N	2500	0	1	63	28	1	0	1	0	0	0	0	0	0	0	0	0	0	0	0	6573165	
730	1	D	8	N	2500	0	1	183	71	17	10	14	0	0	0	0	0	0	0	0	0	0	0	0	6573555	
731	1	D	9	N	2500	6	40	447	142	28	16	21	0	0	0	0	0	0	0	0	0	0	0	0	6582915	
732	1	D	9	N	2500	6	40	245	141	32	18	25	0	0	0	0	0	0	0	0	0	0	0	0	6587049	
733	1	D	9	N	2500	2	1	51	10	1	2	5	0	0	0	0	0	0	0	0	0	0	0	0	6587501	
734	1	D	10	N	2500	2	1	73	19	5	1	3	0	0	0	0	0	0	0	0	0	0	0	0	6596565	
735	1	D	10	N	2500	2	1	274	80	15	10	13	0	0	0	0	0	0	0	0	0	0	0	0	6597298	
736	1	D	10	N	2500	2	1	89	49	8	6	6	0	0	0	0	0	0	0	0	0	0	0	0	6597423	
737	1	D	10	N	2500	33	1	50	44	8	5	7	0	0	0	0	0	0	0	0	0	0	0	0	6597423	
738	1	D	10	N	2500	2	1	90	56	10	6	5	0	0	0	0	0	0	0	0	0	0	0	0	6597969	
739	1	D	10	N	2500	2	2	250	136	242	337	381	0	0	0	0	0	0	0	0	0	0	0	0	6598687	
740	1	D	10	N	2500	2	1	226	55	9	5	8	0	0	0	0	0	0	0	0	0	0	0	0	6599529	
741	1	D	10	N	2500	2	1	292	83	17	10	14	0	0	0	0	0	0	0	0	0	0	0	0	6600247	
742	1	D	10	N	2500	6	40	285	89	14	9	13	0	0	0	0	0	0	0	0	0	0	0	0	6600730	
743	1	D	10	N	2500	2	1	265	69	11	7	10	0	0	0	0	0	0	0	0	0	0	0	0	6600793	
744	1	D	10	N	2500	2	1	69	31	48	63	81	0	0	0	0	0	0	0	0	0	0	0	0	6600917	
745	1	D	10	N	2500	2	1	169	95	17	10	11	0	0	0	0	0	0	0	0	0	0	0	0	6601073	
746	1	D	10	N	2500	6	40	355	126	22	13	19	0	0	0	0	0	0	0	0	0	0	0	0	6601401	
747	1	D	10	N	2500	6	40	190	114	28	17	18	0	0	0	0	0	0	0	0	0	0	0	0	6601526	
748	1	D	10	N	2500	0	40	282	88	15	10	14	0	0	0	0	0	0	0	0	0	0	0	0	6602540	
749	1	D	11	N	2500	6	40	437	132	24	15	22	0	0	0	0	0	0	0	0	0	0	0	0	6614817	
750	1	D	12	N	2500	6	40	173	128	31	19	20	0	0	0	0	0	0	0	0	0	0	0	0	6625768	
751	1	D	12	N	2500	6	40	321	115	21	13	22	0	0	0	0	0	0	0	0	0	0	0	0	6626283	
752	1	D	12	N	2500	6	40	315	116	19	13	17	0	0	0	0	0	0	0	0	0	0	0	0	6626314	
753	1	D	12	N	2500	0	40	258	141	28	16	22	0	0	0	0	0	0	0	0	0	0	0	0	6626798	
754	1	D	12	N	2500	0	1	117	29	10	3	4	0	0	0	0	0	0	0	0	0	0	0	0	6627422	
755	1	D	12	N	2500	0	40	258	99	18	13	17	0	0	0	0	0	0	0	0	0	0	0	0	6627484	
756	1	D	12	N	2500	0	40	552	212	36	20	28	0	0	0	0	0	0	0	0	0	0	0	0	6628186	
757	1	D	12	N	2500	0	40	198	112	23	16	19	0	0	0	0	0	0	0	0	0	0	0	0	6628654	
758	1	D	12	N	2500	0	1	50	10	1	1	2	0	0	0	0	0	0	0	0	0	0	0	0	6629154	
759	1	D	12	N	2500	0	40	334	125	22	15	21	0	0	0	0	0	0	0	0	0	0	0	0	6629466	
760	1	D	12	N	2500	0	40	198	118	19	12	17	0	0	0	0	0	0	0	0	0	0	0	0	6629622	
761	1	D	12	N	2500	0	1	58	20	5	2	2	0	0	0	0	0	0	0	0	0	0	0	0	6629809	
762	1	D	12	N	2500	0	1	53	15	7	1	1	0	0	0	0	0	0	0	0	0	0	0	0	6629809	
763	1	D	12	N	2500	0	40	317	125	25	13	17	0	0	0	0	0	0	0	0	0	0	0	0	6631306	
764	1	D	12	N	2500	0	40	278	88	16	8	15	0	0	0	0	0	0	0	0	0	0	0	0	6632164	
765	1	E	1	N	2500	2	1	109	26	3	0	2	0	0	0	0	0	0	0	0	0	0	0	0	6645830	
766	1	E	2	N	2500	6	40	285	99	20	13	17	0	0	0	0	0	0	0	0	0	0	0	0	6657468	
767	1	E	2	N	2500	2	1	163	66	11	8	10	0	0	0	0	0	0	0	0	0	0	0	0	6657639	
768	1	E	2	N	2500	2	2	148	127	30	18	22	0	0	0	0	0	0	0	0	0	0	0	0	6658170	
769	1	E	2	N	2500	6	40	350	123	23	13	18	0	0	0	0	0	0	0	0	0	0	0	0	6658482	
770	1	E	2	N	2500	6	40	271	99	18	12	16	0	0	0	0	0	0	0	0	0	0	0	0	6658747	
771	1	E	2	N	2500	0	1	90	16	10	15	24	0	0	0	0	0	0	0	0	0	0	0	0	6658794	
772	1	E	2	N	2500	0	40	212	134	28	16	23	0	0	0	0	0	0	0	0	0	0	0	0	6659246	
773	1	E	2	N	2500	0	1	176	88	17	10	14	0	0	0	0	0	0	0	0	0	0	0	0	6659464	
774	1	E	2	N	2500	0	40	293	91	17	12	16	0	0	0	0	0	0	0	0	0	0	0	0	6659480	
775	1	E	2	N	2500	0	40	333	115	24	15	20	0	0	0	0	0	0	0	0	0	0	0	0	6659714	
776	1	E	2	N	2500	0	1	174	82	14	8	10	0	0	0	0	0	0	0	0	0	0	0	0	6659776	
777	1	E	2	N	2500	0	40	201	120	20	14	17	0	0	0	0	0	0	0	0	0	0	0	0	6660556	
778	1	E	2	N	2500	0	40	352	119	22	13	17	0	0	0	0	0	0	0	0	0	0	0	0	6660697	
779	1	E	2	N	2500	0	1	88	53	10	8	11	0	0	0	0	0	0	0	0	0	0	0	0	6660775	
780	1	E	2	N	2500	0	1	76	47	10	7	6	0	0	0	0	0	0	0	0	0	0	0	0	6660775	
781	1	E	2	N	2500	0	40	363	130	24	17	22	0	0	0	0	0	0	0	0	0	0	0	0	6660853	
782	1	E	2	N	2500	0	40	293	103	21	12	19	0	0	0	0	0	0	0	0	0	0	0	0	6660931	
783	1	E	2	N	2500	0	40	365	108	17	11	14	0	0	0	0	0	0	0	0	0	0	0	0	6660931	
784	1	E	2	N	2500	0	1	99	51	8	6	9	0	0	0	0	0	0	0	0	0	0	0	0	6662350	
785	1	E	2	N	2500	0	1	89	46	7	6	9	0	0	0	0	0	0	0	0	0	0	0	0	6662350	
786	1	E	3	N	2500	6	40	297	91	21	12	17	0	0	0	0	0	0	0	0	0	0	0	0	6676032	
787	1	E	4	N	2500	6	40	338	123	25	15	21	0	0	0	0	0	0	0	0	0	0	0	0	6684144	
788	1	E	4	N	2500	2	1	146	61	9	6	8	0	0	0	0	0	0	0	0	0	0	0	0	6685329	
789	1	E	4	N	2500	2	1	68	14	2	3	6	0	0	0	0	0	0	0	0	0	0	0	0	6685610	
790	1	E	4	N	2500	2	1	248	92	16	10	13	0	0	0	0	0	0	0	0	0	0	0	0	6685891	
791	1	E	4	N	2500	6	40	332	108	16	12	16	0	0	0	0	0	0	0	0	0	0	0	0	6686359	
792	1	E	4	N	2500	6	40	266	121	19	15	20	0	0	0	0	0	0	0	0	0	0	0	0	6686437	
793	1	E	4	N	2500	0	1	214	65	10	7	10	0	0	0	0	0	0	0	0	0	0	0	0	6687030	
794	1	E	4	N	2500	0	40	346	127	24	14	17	0	0	0	0	0	0	0	0	0	0	0	0	6687981	
795	1	E	4	N	2500	0	40	400	138	27	18	22	0	0	0	0	0	0	0	0	0	0	0	0	6687997	
796	1	E	4	N	2500	0	40	314	110	23	14	22	0	0	0	0	0	0	0	0	0	0	0	0	6688012	
797	1	E	4	N	2500	0	40	369	105	17	11	11	0	0	0	0	0	0	0	0	0	0	0	0	6688122	
798	1	E	4	N	2500	0	1	107	49	8	8	11	0	0	0	0	0	0	0	0	0	0	0	0	6688231	
799	1	E	4	N	2500	0	40	390	152	31	20	29	0	0	0	0	0	0	0	0	0	0	0	0	6688246	
800	1	E	4	N	2500	0	40	231	147	31	20	21	0	0	0	0	0	0	0	0	0	0	0	0	6688293	
801	1	E	4	N	2500	0	1	198	102	26	13	19	0	0	0	0	0	0	0	0	0	0	0	0	6688293	
802	1	E	4	N	2500	0	40	301	115	21	13	17	0	0	0	0	0	0	0	0	0	0	0	0	6688371	
803	1	E	4	N	2500	0	40	249	133	24	17	21	0	0	0	0	0	0	0	0	0	0	0	0	6688402	
804	1	E	4	N	2500	0	1	73	26	3	4	8	0	0	0	0	0	0	0	0	0	0	0	0	6688418	
805	1	E	4	N	2500	0	40	205	122	23	15	19	0	0	0	0	0	0	0	0	0	0	0	0	6688792	
806	1	E	4	N	2500	0	40	201	110	28	16	17	0	0	0	0	0	0	0	0	0	0	0	0	6688839	
807	1	E	4	N	2500	0	1	185	95	21	12	16	0	0	0	0	0	0	0	0	0	0	0	0	6688964	
808	1	E	4	N	2500	0	40	378	125	23	15	19	0	0	0	0	0	0	0	0	0	0	0	0	6689370	
809	1	E	4	N	2500	0	40	349	115	22	13	19	0	0	0	0	0	0	0	0	0	0	0	0	6689822	
810	1	E	4	N	2500	0	40	342	125	24	12	14	0	0	0	0	0	0	0	0	0	0	0	0	6690477	
811	1	E	4	N	2500	0	40	300	107	21	14	18	0	0	0	0	0	0	0	0	0	0	0	0	6691476	
812	1	E	4	N	2500	0	40	317	110	20	13	16	0	0	0	0	0	0	0	0	0	0	0	0	6691538	
813	1	E	5	N	2500	6	40	245	122	25	16	23	0	0	0	0	0	0	0	0	0	0	0	0	6700383	
814	1	E	5	N	2500	2	1	270	81	11	8	12	0	0	0	0	0	0	0	0	0	0	0	0	6703176	
815	1	E	5	N	2500	2	1	179	106	23	12	15	0	0	0	0	0	0	0	0	0	0	0	0	6705344	
816	1	E	6	N	2500	6	40	356	129	24	17	22	0	0	0	0	0	0	0	0	0	0	0	0	6713534	
817	1	E	6	N	2500	6	40	307	118	20	14	20	0	0	0	0	0	0	0	0	0	0	0	0	6715546	
818	1	E	6	N	2500	6	40	228	108	17	14	20	0	0	0	0	0	0	0	0	0	0	0	0	6715593	
819	1	E	6	N	2500	0	1	181	60	7	5	9	0	0	0	0	0	0	0	0	0	0	0	0	6716077	
820	1	E	6	N	2500	0	40	346	142	26	22	29	0	0	0	0	0	0	0	0	0	0	0	0	6716436	
821	1	E	6	N	2500	0	40	376	152	27	19	28	0	0	0	0	0	0	0	0	0	0	0	0	6717481	
822	1	E	6	N	2500	0	40	248	102	22	16	23	0	0	0	0	0	0	0	0	0	0	0	0	6717621	
823	1	E	6	N	2500	0	40	357	148	27	16	21	0	0	0	0	0	0	0	0	0	0	0	0	6717637	
824	1	E	6	N	2500	0	1	172	107	21	13	16	0	0	0	0	0	0	0	0	0	0	0	0	6717808	
825	1	E	6	N	2500	0	40	349	153	26	18	21	0	0	0	0	0	0	0	0	0	0	0	0	6718323	
826	1	E	6	N	2500	0	40	251	175	36	23	29	0	0	0	0	0	0	0	0	0	0	0	0	6718401	
827	1	E	7	N	2500	6	40	351	139	24	16	21	0	0	0	0	0	0	0	0	0	0	0	0	6728323	
828	1	E	8	N	2500	6	40	345	160	31	22	29	0	0	0	0	0	0	0	0	0	0	0	0	6743003	
829	1	E	8	N	2500	6	40	406	153	25	16	17	0	0	0	0	0	0	0	0	0	0	0	0	6743424	
830	1	E	8	N	2500	6	40	311	137	26	17	18	0	0	0	0	0	0	0	0	0	0	0	0	6743705	
831	1	E	8	N	2500	0	40	367	174	29	21	32	0	0	0	0	0	0	0	0	0	0	0	0	6744126	
832	1	E	8	N	2500	0	40	308	122	27	14	21	0	0	0	0	0	0	0	0	0	0	0	0	6745483	
833	1	E	8	N	2500	0	40	321	128	21	14	18	0	0	0	0	0	0	0	0	0	0	0	0	6746372	
834	1	E	8	N	2500	0	40	214	122	21	15	16	0	0	0	0	0	0	0	0	0	0	0	0	6746497	
835	1	E	8	N	2500	0	40	217	128	25	16	18	0	0	0	0	0	0	0	0	0	0	0	0	6746934	
836	1	E	8	N	2500	0	40	326	124	21	15	20	0	0	0	0	0	0	0	0	0	0	0	0	6746965	
837	1	E	8	N	2500	0	40	255	142	26	18	23	0	0	0	0	0	0	0	0	0	0	0	0	6746981	
838	1	E	8	N	2500	0	1	118	60	8	7	13	0	0	0	0	0	0	0	0	0	0	0	0	6748697	
839	1	E	8	N	2500	0	40	267	104	16	12	20	0	0	0	0	0	0	0	0	0	0	0	0	6749071	
840	1	E	9	N	2500	6	40	224	120	25	15	17	0	0	0	0	0	0	0	0	0	0	0	0	6757370	
841	1	E	9	N	2500	6	40	348	139	25	17	21	0	0	0	0	0	0	0	0	0	0	0	0	6760865	
842	1	E	10	N	2500	6	40	320	88	14	8	13	0	0	0	0	0	0	0	0	0	0	0	0	6771473	
843	1	E	10	N	2500	2	1	143	62	94	124	177	0	0	0	0	0	0	0	0	0	0	0	0	6771551	
844	1	E	10	N	2500	2	1	241	91	16	11	16	0	0	0	0	0	0	0	0	0	0	0	0	6772190	
845	1	E	10	N	2500	6	40	341	117	20	14	19	0	0	0	0	0	0	0	0	0	0	0	0	6772487	
846	1	E	10	N	2500	2	1	205	53	7	6	9	0	0	0	0	0	0	0	0	0	0	0	0	6773485	
847	1	E	10	N	2500	6	40	299	104	18	12	16	0	0	0	0	0	0	0	0	0	0	0	0	6773906	
848	1	E	10	N	2500	0	40	223	115	30	16	20	0	0	0	0	0	0	0	0	0	0	0	0	6773937	
849	1	E	10	N	2500	0	40	193	113	23	14	17	0	0	0	0	0	0	0	0	0	0	0	0	6774078	
850	1	E	10	N	2500	0	1	206	67	9	8	8	0	0	0	0	0	0	0	0	0	0	0	0	6774842	
851	1	E	10	N	2500	0	1	64	12	2	2	5	0	0	0	0	0	0	0	0	0	0	0	0	6775154	
852	1	E	10	N	2500	0	40	304	124	26	14	18	0	0	0	0	0	0	0	0	0	0	0	0	6775217	
853	1	E	10	N	2500	0	40	319	112	22	14	17	0	0	0	0	0	0	0	0	0	0	0	0	6775482	
854	1	E	10	N	2500	0	1	94	22	2	2	1	0	0	0	0	0	0	0	0	0	0	0	0	6776293	
855	1	E	10	N	2500	0	1	191	47	6	5	7	0	0	0	0	0	0	0	0	0	0	0	0	6776777	
856	1	E	10	N	2500	0	40	318	108	18	13	19	0	0	0	0	0	0	0	0	0	0	0	0	6776823	
857	1	E	10	N	2500	0	40	315	111	18	11	15	0	0	0	0	0	0	0	0	0	0	0	0	6776964	
858	1	E	10	N	2500	0	1	170	97	21	11	15	0	0	0	0	0	0	0	0	0	0	0	0	6777042	
859	1	E	10	N	2500	0	40	302	104	17	11	15	0	0	0	0	0	0	0	0	0	0	0	0	6777057	
860	1	E	11	N	2500	2	1	275	85	16	9	14	0	0	0	0	0	0	0	0	0	0	0	0	6785559	
861	1	E	12	N	2500	2	1	75	20	3	2	5	0	0	0	0	0	0	0	0	0	0	0	0	6799849	
862	1	E	12	N	2500	2	1	204	84	18	10	12	0	0	0	0	0	0	0	0	0	0	0	0	6800411	
863	1	E	12	N	2500	6	40	326	123	23	13	18	0	0	0	0	0	0	0	0	0	0	0	0	6800816	
864	1	E	12	N	2500	2	1	147	100	23	12	17	0	0	0	0	0	0	0	0	0	0	0	0	6801113	
865	1	E	12	N	2500	6	40	342	134	26	15	19	0	0	0	0	0	0	0	0	0	0	0	0	6801144	
866	1	E	12	N	2500	6	40	286	110	20	13	19	0	0	0	0	0	0	0	0	0	0	0	0	6801331	
867	1	E	12	N	2500	0	1	133	93	21	11	15	0	0	0	0	0	0	0	0	0	0	0	0	6801768	
868	1	E	12	N	2500	0	1	183	100	17	12	17	0	0	0	0	0	0	0	0	0	0	0	0	6801893	
869	1	E	12	N	2500	0	40	271	137	24	15	22	0	0	0	0	0	0	0	0	0	0	0	0	6802080	
870	1	E	12	N	2500	0	1	224	74	11	9	11	0	0	0	0	0	0	0	0	0	0	0	0	6802251	
871	1	E	12	N	2500	0	40	284	131	25	16	20	0	0	0	0	0	0	0	0	0	0	0	0	6802314	
872	1	E	12	N	2500	0	40	301	124	24	17	19	0	0	0	0	0	0	0	0	0	0	0	0	6802501	
873	1	E	12	N	2500	0	1	220	64	10	7	6	0	0	0	0	0	0	0	0	0	0	0	0	6802875	
874	1	E	12	N	2500	0	1	159	94	15	10	12	0	0	0	0	0	0	0	0	0	0	0	0	6804155	
875	1	E	12	N	2500	0	40	326	141	31	18	24	0	0	0	0	0	0	0	0	0	0	0	0	6804357	
876	1	E	12	N	2500	0	40	236	131	28	16	19	0	0	0	0	0	0	0	0	0	0	0	0	6804513	
877	1	E	12	N	2500	0	1	254	74	11	7	11	0	0	0	0	0	0	0	0	0	0	0	0	6804654	
878	1	E	12	N	2500	0	1	164	98	25	14	16	0	0	0	0	0	0	0	0	0	0	0	0	6804732	
879	1	E	12	N	2500	0	40	341	129	26	14	14	0	0	0	0	0	0	0	0	0	0	0	0	6805013	
880	1	F	2	N	2500	2	1	181	66	11	9	17	0	0	0	0	0	0	0	0	0	0	0	0	6829567	
881	1	F	2	N	2500	6	40	332	156	30	17	22	0	0	0	0	0	0	0	0	0	0	0	0	6829739	
882	1	F	2	N	2500	6	40	342	121	20	12	15	0	0	0	0	0	0	0	0	0	0	0	0	6829910	
883	1	F	2	N	2500	6	40	358	127	25	17	24	0	0	0	0	0	0	0	0	0	0	0	0	6830238	
884	1	F	2	N	2500	0	1	174	99	16	12	14	0	0	0	0	0	0	0	0	0	0	0	0	6830394	
885	1	F	2	N	2500	0	40	313	125	21	14	18	0	0	0	0	0	0	0	0	0	0	0	0	6830425	
886	1	F	2	N	2500	0	1	232	84	13	9	11	0	0	0	0	0	0	0	0	0	0	0	0	6830706	
887	1	F	2	N	2500	0	1	205	47	8	6	10	0	0	0	0	0	0	0	0	0	0	0	0	6830721	
888	1	F	2	N	2500	0	40	323	104	16	12	15	0	0	0	0	0	0	0	0	0	0	0	0	6830815	
889	1	F	2	N	2500	0	1	161	52	9	7	10	0	0	0	0	0	0	0	0	0	0	0	0	6831221	
890	1	F	2	N	2500	0	1	362	82	13	8	13	0	0	0	0	0	0	0	0	0	0	0	0	6831283	
891	1	F	2	N	2500	0	1	103	46	6	5	5	0	0	0	0	0	0	0	0	0	0	0	0	6831392	
892	1	F	2	N	2500	0	1	117	25	3	2	2	0	0	0	0	0	0	0	0	0	0	0	0	6831392	
893	1	F	2	N	2500	0	1	204	55	9	6	11	0	0	0	0	0	0	0	0	0	0	0	0	6831626	
894	1	F	2	N	2500	0	1	209	48	8	6	8	0	0	0	0	0	0	0	0	0	0	0	0	6831876	
895	1	F	2	N	2500	0	40	228	117	20	14	23	0	0	0	0	0	0	0	0	0	0	0	0	6832219	
896	1	F	2	N	2500	0	1	224	57	10	7	11	0	0	0	0	0	0	0	0	0	0	0	0	6832422	
897	1	F	2	N	2500	0	40	347	151	31	19	23	0	0	0	0	0	0	0	0	0	0	0	0	6832453	
898	1	F	2	N	2500	0	1	310	72	12	8	15	0	0	0	0	0	0	0	0	0	0	0	0	6832469	
899	1	F	2	N	2500	0	40	251	98	20	14	21	0	0	0	0	0	0	0	0	0	0	0	0	6832562	
900	1	F	2	N	2500	0	1	140	105	26	16	20	0	0	0	0	0	0	0	0	0	0	0	0	6832562	
901	1	F	2	N	2500	0	40	265	132	26	17	23	0	0	0	0	0	0	0	0	0	0	0	0	6832999	
902	1	F	2	N	2500	0	1	188	48	8	7	12	0	0	0	0	0	0	0	0	0	0	0	0	6833264	
903	1	F	2	N	2500	0	1	289	72	12	11	15	0	0	0	0	0	0	0	0	0	0	0	0	6833264	
904	1	F	2	N	2500	0	1	218	52	9	6	10	0	0	0	0	0	0	0	0	0	0	0	0	6833327	
905	1	F	2	N	2500	0	40	290	115	23	13	17	0	0	0	0	0	0	0	0	0	0	0	0	6833498	
906	1	F	2	N	2500	0	1	290	79	11	7	11	0	0	0	0	0	0	0	0	0	0	0	0	6833639	
907	1	F	2	N	2500	0	1	189	78	12	9	10	0	0	0	0	0	0	0	0	0	0	0	0	6833857	
908	1	F	2	N	2500	0	1	252	49	8	6	10	0	0	0	0	0	0	0	0	0	0	0	0	6833873	
909	1	F	2	N	2500	0	1	234	63	11	7	10	0	0	0	0	0	0	0	0	0	0	0	0	6834013	
910	1	F	2	N	2500	0	1	247	89	14	11	13	0	0	0	0	0	0	0	0	0	0	0	0	6834060	
911	1	F	2	N	2500	0	40	218	113	22	15	16	0	0	0	0	0	0	0	0	0	0	0	0	6834060	
912	1	F	2	N	2500	0	1	203	51	9	6	10	0	0	0	0	0	0	0	0	0	0	0	0	6834091	
913	1	F	2	N	2500	0	40	321	95	16	9	15	0	0	0	0	0	0	0	0	0	0	0	0	6834107	
914	1	F	2	N	2500	0	40	374	145	30	16	23	0	0	0	0	0	0	0	0	0	0	0	0	6834200	
915	1	F	2	N	2500	0	40	252	132	26	19	25	0	0	0	0	0	0	0	0	0	0	0	0	6834232	
916	1	F	2	N	2500	0	1	122	53	8	7	10	0	0	0	0	0	0	0	0	0	0	0	0	6834232	
917	1	F	2	N	2500	0	40	310	99	18	9	12	0	0	0	0	0	0	0	0	0	0	0	0	6834294	
918	1	F	2	N	2500	0	1	135	74	14	8	10	0	0	0	0	0	0	0	0	0	0	0	0	6834310	
919	1	F	2	N	2500	0	40	333	119	19	12	13	0	0	0	0	0	0	0	0	0	0	0	0	6834325	
920	1	F	2	N	2500	0	1	200	49	8	6	9	0	0	0	0	0	0	0	0	0	0	0	0	6834356	
921	1	F	2	N	2500	0	1	170	49	9	6	14	0	0	0	0	0	0	0	0	0	0	0	0	6834388	
922	1	F	2	N	2500	0	1	251	95	20	14	19	0	0	0	0	0	0	0	0	0	0	0	0	6834388	
923	1	F	2	N	2500	0	1	175	107	20	14	13	0	0	0	0	0	0	0	0	0	0	0	0	6834450	
924	1	F	2	N	2500	0	1	227	48	8	5	11	0	0	0	0	0	0	0	0	0	0	0	0	6834450	
925	1	F	2	N	2500	0	1	186	105	15	11	11	0	0	0	0	0	0	0	0	0	0	0	0	6834512	
926	1	F	2	N	2500	0	40	366	123	23	14	18	0	0	0	0	0	0	0	0	0	0	0	0	6834575	
927	1	F	2	N	2500	0	1	252	73	12	8	11	0	0	0	0	0	0	0	0	0	0	0	0	6834637	
928	1	F	2	N	2500	0	40	318	95	13	12	19	0	0	0	0	0	0	0	0	0	0	0	0	6834700	
929	1	F	2	N	2500	0	1	117	74	16	11	14	0	0	0	0	0	0	0	0	0	0	0	0	6834793	
930	1	F	2	N	2500	0	40	345	90	15	11	20	0	0	0	0	0	0	0	0	0	0	0	0	6834793	
931	1	F	2	N	2500	0	1	200	51	8	6	7	0	0	0	0	0	0	0	0	0	0	0	0	6834824	
932	1	F	2	N	2500	0	40	319	94	15	8	11	0	0	0	0	0	0	0	0	0	0	0	0	6834887	
933	1	F	2	N	2500	0	1	180	47	7	4	6	0	0	0	0	0	0	0	0	0	0	0	0	6834887	
934	1	F	2	N	2500	0	40	353	127	23	16	19	0	0	0	0	0	0	0	0	0	0	0	0	6834887	
935	1	F	2	N	2500	0	40	304	94	20	10	16	0	0	0	0	0	0	0	0	0	0	0	0	6834949	
936	1	F	2	N	2500	0	1	178	40	8	6	8	0	0	0	0	0	0	0	0	0	0	0	0	6834949	
937	1	F	2	N	2500	0	1	197	106	19	12	17	0	0	0	0	0	0	0	0	0	0	0	0	6834980	
938	1	F	2	N	2500	0	1	113	44	8	7	10	0	0	0	0	0	0	0	0	0	0	0	0	6835012	
939	1	F	2	N	2500	0	1	176	74	12	9	12	0	0	0	0	0	0	0	0	0	0	0	0	6835043	
940	1	F	2	N	2500	0	1	113	51	10	7	10	0	0	0	0	0	0	0	0	0	0	0	0	6835121	
941	1	F	2	N	2500	0	2	162	122	24	14	19	0	0	0	0	0	0	0	0	0	0	0	0	6835199	
942	1	F	2	N	2500	0	1	259	80	11	9	13	0	0	0	0	0	0	0	0	0	0	0	0	6835402	
943	1	F	2	N	2500	0	40	314	125	23	14	17	0	0	0	0	0	0	0	0	0	0	0	0	6835433	
944	1	F	2	N	2500	0	1	220	54	8	6	11	0	0	0	0	0	0	0	0	0	0	0	0	6835542	
945	1	F	2	N	2500	0	1	211	49	9	6	9	0	0	0	0	0	0	0	0	0	0	0	0	6835698	
946	1	F	2	N	2500	0	1	234	45	8	6	12	0	0	0	0	0	0	0	0	0	0	0	0	6835698	
947	1	F	2	N	2500	0	1	212	46	7	5	8	0	0	0	0	0	0	0	0	0	0	0	0	6835994	
948	1	F	2	N	2500	0	1	282	71	12	8	11	0	0	0	0	0	0	0	0	0	0	0	0	6836135	
949	1	F	2	N	2500	0	1	138	62	11	7	12	0	0	0	0	0	0	0	0	0	0	0	0	6836150	
950	1	F	2	N	2500	0	40	307	94	19	10	13	0	0	0	0	0	0	0	0	0	0	0	0	6836384	
951	1	F	2	N	2500	0	1	106	45	9	6	11	0	0	0	0	0	0	0	0	0	0	0	0	6836447	
952	1	F	2	N	2500	0	40	351	132	22	17	20	0	0	0	0	0	0	0	0	0	0	0	0	6836650	
953	1	F	2	N	2500	0	40	329	113	21	13	18	0	0	0	0	0	0	0	0	0	0	0	0	6836930	
954	1	F	4	N	2500	6	40	221	127	24	16	23	0	0	0	0	0	0	0	0	0	0	0	0	6858458	
955	1	F	4	N	2500	2	1	134	81	14	9	12	0	0	0	0	0	0	0	0	0	0	0	0	6858521	
956	1	F	4	N	2500	6	40	300	137	23	18	27	0	0	0	0	0	0	0	0	0	0	0	0	6858708	
957	1	F	4	N	2500	6	40	498	191	46	35	50	0	0	0	0	0	0	0	0	0	0	0	0	6858755	
958	1	F	4	N	2500	0	1	220	65	9	5	9	0	0	0	0	0	0	0	0	0	0	0	0	6859020	
959	1	F	4	N	2500	0	40	343	131	20	13	17	0	0	0	0	0	0	0	0	0	0	0	0	6859254	
960	1	F	4	N	2500	0	40	311	149	29	18	24	0	0	0	0	0	0	0	0	0	0	0	0	6859316	
961	1	F	4	N	2500	0	40	295	119	19	15	19	0	0	0	0	0	0	0	0	0	0	0	0	6859394	
962	1	F	4	N	2500	0	40	249	127	23	19	25	0	0	0	0	0	0	0	0	0	0	0	0	6859488	
963	1	F	4	N	2500	0	40	170	130	26	22	24	0	0	0	0	0	0	0	0	0	0	0	0	6859706	
964	1	F	4	N	2500	0	40	327	135	31	21	22	0	0	0	0	0	0	0	0	0	0	0	0	6859816	
965	1	F	4	N	2500	0	40	313	120	20	15	24	0	0	0	0	0	0	0	0	0	0	0	0	6859940	
966	1	F	4	N	2500	0	1	181	92	16	10	17	0	0	0	0	0	0	0	0	0	0	0	0	6859972	
967	1	F	4	N	2500	0	40	382	138	25	19	24	0	0	0	0	0	0	0	0	0	0	0	0	6860252	
968	1	F	4	N	2500	0	40	240	117	25	14	20	0	0	0	0	0	0	0	0	0	0	0	0	6860533	
969	1	F	4	N	2500	0	40	328	129	21	18	28	0	0	0	0	0	0	0	0	0	0	0	0	6860689	
970	1	F	4	N	2500	0	1	84	53	10	7	10	0	0	0	0	0	0	0	0	0	0	0	0	6860783	
971	1	F	4	N	2500	0	1	133	60	11	7	8	0	0	0	0	0	0	0	0	0	0	0	0	6860783	
972	1	F	4	N	2500	0	40	356	120	20	13	17	0	0	0	0	0	0	0	0	0	0	0	0	6860939	
973	1	F	4	N	2500	0	40	276	147	25	21	28	0	0	0	0	0	0	0	0	0	0	0	0	6861095	
974	1	F	4	N	2500	0	40	312	113	20	14	18	0	0	0	0	0	0	0	0	0	0	0	0	6861126	
975	1	F	4	N	2500	0	40	314	119	23	15	21	0	0	0	0	0	0	0	0	0	0	0	0	6861157	
976	1	F	4	N	2500	0	40	265	105	16	13	17	0	0	0	0	0	0	0	0	0	0	0	0	6861298	
977	1	F	4	N	2500	0	40	321	121	21	14	20	0	0	0	0	0	0	0	0	0	0	0	0	6861344	
978	1	F	4	N	2500	0	40	287	148	30	16	22	0	0	0	0	0	0	0	0	0	0	0	0	6861360	
979	1	F	4	N	2500	0	40	321	113	22	15	20	0	0	0	0	0	0	0	0	0	0	0	0	6861485	
980	1	F	4	N	2500	0	40	177	127	21	17	17	0	0	0	0	0	0	0	0	0	0	0	0	6861532	
981	1	F	4	N	2500	0	40	317	115	19	13	21	0	0	0	0	0	0	0	0	0	0	0	0	6861532	
982	1	F	4	N	2500	0	40	327	113	19	13	19	0	0	0	0	0	0	0	0	0	0	0	0	6861563	
983	1	F	4	N	2500	0	40	401	156	32	16	18	0	0	0	0	0	0	0	0	0	0	0	0	6861563	
984	1	F	4	N	2500	0	40	346	114	18	13	18	0	0	0	0	0	0	0	0	0	0	0	0	6861610	
985	1	F	4	N	2500	0	40	203	111	23	13	17	0	0	0	0	0	0	0	0	0	0	0	0	6861875	
986	1	F	4	N	2500	0	40	340	138	23	17	23	0	0	0	0	0	0	0	0	0	0	0	0	6862031	
987	1	F	4	N	2500	0	40	339	129	24	20	24	0	0	0	0	0	0	0	0	0	0	0	0	6862031	
988	1	F	4	N	2500	0	40	334	112	19	11	18	0	0	0	0	0	0	0	0	0	0	0	0	6862234	
989	1	F	4	N	2500	0	1	55	10	2	4	9	0	0	0	0	0	0	0	0	0	0	0	0	6862296	
990	1	F	4	N	2500	0	40	397	162	33	21	27	0	0	0	0	0	0	0	0	0	0	0	0	6862343	
991	1	F	4	N	2500	0	40	366	140	24	17	22	0	0	0	0	0	0	0	0	0	0	0	0	6862358	
992	1	F	4	N	2500	0	40	207	156	32	21	29	0	0	0	0	0	0	0	0	0	0	0	0	6862483	
993	1	F	4	N	2500	0	40	194	127	29	19	25	0	0	0	0	0	0	0	0	0	0	0	0	6862499	
994	1	F	4	N	2500	0	40	328	124	21	16	20	0	0	0	0	0	0	0	0	0	0	0	0	6862561	
995	1	F	4	N	2500	0	40	252	136	23	17	20	0	0	0	0	0	0	0	0	0	0	0	0	6862608	
996	1	F	4	N	2500	0	40	203	118	21	14	18	0	0	0	0	0	0	0	0	0	0	0	0	6862826	
997	1	F	4	N	2500	0	1	219	93	22	15	17	0	0	0	0	0	0	0	0	0	0	0	0	6862858	
998	1	F	4	N	2500	0	40	327	118	23	14	24	0	0	0	0	0	0	0	0	0	0	0	0	6862951	
999	1	F	4	N	2500	0	1	226	101	22	16	20	0	0	0	0	0	0	0	0	0	0	0	0	6863060	
1000	1	F	4	N	2500	0	40	351	136	23	16	19	0	0	0	0	0	0	0	0	0	0	0	0	6863123	
1001	1	F	4	N	2500	0	40	225	109	20	13	15	0	0	0	0	0	0	0	0	0	0	0	0	6863154	
1002	1	F	4	N	2500	0	1	178	111	20	16	17	0	0	0	0	0	0	0	0	0	0	0	0	6863232	
1003	1	F	4	N	2500	0	40	304	102	21	13	20	0	0	0	0	0	0	0	0	0	0	0	0	6863232	
1004	1	F	4	N	2500	0	40	228	122	26	15	21	0	0	0	0	0	0	0	0	0	0	0	0	6863279	
1005	1	F	4	N	2500	0	40	225	126	24	19	25	0	0	0	0	0	0	0	0	0	0	0	0	6863310	
1006	1	F	4	N	2500	0	40	226	122	22	18	22	0	0	0	0	0	0	0	0	0	0	0	0	6863310	
1007	1	F	4	N	2500	0	40	245	112	22	13	20	0	0	0	0	0	0	0	0	0	0	0	0	6863310	
1008	1	F	4	N	2500	0	40	363	125	21	14	18	0	0	0	0	0	0	0	0	0	0	0	0	6863341	
1009	1	F	4	N	2500	0	40	394	152	29	19	25	0	0	0	0	0	0	0	0	0	0	0	0	6863435	
1010	1	F	4	N	2500	0	40	253	150	27	20	24	0	0	0	0	0	0	0	0	0	0	0	0	6863466	
1011	1	F	4	N	2500	0	40	385	158	32	19	23	0	0	0	0	0	0	0	0	0	0	0	0	6863528	
1012	1	F	4	N	2500	0	40	310	129	22	13	17	0	0	0	0	0	0	0	0	0	0	0	0	6863544	
1013	1	F	4	N	2500	0	40	327	121	22	15	18	0	0	0	0	0	0	0	0	0	0	0	0	6863591	
1014	1	F	4	N	2500	0	40	310	112	19	12	20	0	0	0	0	0	0	0	0	0	0	0	0	6863669	
1015	1	F	4	N	2500	0	40	309	121	23	15	18	0	0	0	0	0	0	0	0	0	0	0	0	6863684	
1016	1	F	4	N	2500	0	40	370	137	23	16	21	0	0	0	0	0	0	0	0	0	0	0	0	6863731	
1017	1	F	4	N	2500	0	40	383	148	31	22	30	0	0	0	0	0	0	0	0	0	0	0	0	6863856	
1018	1	F	4	N	2500	0	40	264	135	23	20	25	0	0	0	0	0	0	0	0	0	0	0	0	6863887	
1019	1	F	4	N	2500	0	40	362	144	22	15	23	0	0	0	0	0	0	0	0	0	0	0	0	6864012	
1020	1	F	4	N	2500	0	1	243	87	20	13	16	0	0	0	0	0	0	0	0	0	0	0	0	6864137	
1021	1	F	4	N	2500	0	40	345	137	24	18	19	0	0	0	0	0	0	0	0	0	0	0	0	6864355	
1022	1	F	4	N	2500	0	40	249	124	22	14	21	0	0	0	0	0	0	0	0	0	0	0	0	6864527	
1023	1	F	4	N	2500	0	40	346	133	27	19	22	0	0	0	0	0	0	0	0	0	0	0	0	6864527	
1024	1	F	4	N	2500	0	40	310	109	22	15	19	0	0	0	0	0	0	0	0	0	0	0	0	6864854	
1025	1	F	6	N	2500	6	40	362	130	21	17	24	0	0	0	0	0	0	0	0	0	0	0	0	6887100	
1026	1	F	6	N	2500	6	40	325	124	26	16	20	0	0	0	0	0	0	0	0	0	0	0	0	6887334	
1027	1	F	6	N	2500	6	40	228	153	27	20	21	0	0	0	0	0	0	0	0	0	0	0	0	6887506	
1028	1	F	6	N	2500	0	40	319	112	22	13	20	0	0	0	0	0	0	0	0	0	0	0	0	6887521	
1029	1	F	6	N	2500	0	1	200	96	19	15	20	0	0	0	0	0	0	0	0	0	0	0	0	6888036	
1030	1	F	6	N	2500	0	1	117	57	8	6	8	0	0	0	0	0	0	0	0	0	0	0	0	6888488	
1031	1	F	6	N	2500	0	40	304	116	21	13	16	0	0	0	0	0	0	0	0	0	0	0	0	6888707	
1032	1	F	6	N	2500	0	1	167	104	16	11	16	0	0	0	0	0	0	0	0	0	0	0	0	6888738	
1033	1	F	6	N	2500	0	40	278	107	17	13	21	0	0	0	0	0	0	0	0	0	0	0	0	6889081	
1034	1	F	6	N	2500	0	1	171	57	7	6	10	0	0	0	0	0	0	0	0	0	0	0	0	6890173	
1035	1	F	6	N	2500	0	40	198	123	23	15	19	0	0	0	0	0	0	0	0	0	0	0	0	6890329	
1036	1	F	6	N	2500	0	1	202	95	16	10	17	0	0	0	0	0	0	0	0	0	0	0	0	6890735	
1037	1	F	6	N	2500	0	40	305	147	25	20	28	0	0	0	0	0	0	0	0	0	0	0	0	6891686	
1038	1	F	6	N	2500	0	40	303	105	17	13	16	0	0	0	0	0	0	0	0	0	0	0	0	6891780	
1039	1	F	6	N	2500	0	40	381	145	24	15	22	0	0	0	0	0	0	0	0	0	0	0	0	6892264	
1040	1	F	6	N	2500	0	40	287	88	14	9	14	0	0	0	0	0	0	0	0	0	0	0	0	6892560	
1041	1	F	6	N	2500	0	40	239	118	18	13	14	0	0	0	0	0	0	0	0	0	0	0	0	6893777	
1042	1	F	6	N	2500	0	40	307	94	15	10	14	0	0	0	0	0	0	0	0	0	0	0	0	6894073	
1043	1	F	6	N	2500	0	40	260	128	22	15	17	0	0	0	0	0	0	0	0	0	0	0	0	6894338	
1044	1	F	8	N	2500	6	40	343	99	15	10	15	0	0	0	0	0	0	0	0	0	0	0	0	6918269	
1045	1	F	8	N	2500	2	1	57	12	2	2	4	0	0	0	0	0	0	0	0	0	0	0	0	6918394	
1046	1	F	8	N	2500	6	40	345	130	23	14	21	0	0	0	0	0	0	0	0	0	0	0	0	6919080	
1047	1	F	8	N	2500	6	40	319	121	22	17	21	0	0	0	0	0	0	0	0	0	0	0	0	6920640	
1048	1	F	8	N	2500	0	40	332	111	20	14	23	0	0	0	0	0	0	0	0	0	0	0	0	6920843	
1049	1	F	8	N	2500	0	40	215	124	27	15	21	0	0	0	0	0	0	0	0	0	0	0	0	6920890	
1050	1	F	8	N	2500	0	40	215	127	28	18	25	0	0	0	0	0	0	0	0	0	0	0	0	6920905	
1051	1	F	8	N	2500	0	40	189	116	23	15	20	0	0	0	0	0	0	0	0	0	0	0	0	6920968	
1052	1	F	8	N	2500	0	1	134	32	3	3	6	0	0	0	0	0	0	0	0	0	0	0	0	6920999	
1053	1	F	8	N	2500	0	40	312	116	21	13	18	0	0	0	0	0	0	0	0	0	0	0	0	6921014	
1054	1	F	8	N	2500	0	40	366	126	20	14	20	0	0	0	0	0	0	0	0	0	0	0	0	6921061	
1055	1	F	8	N	2500	0	40	299	98	15	11	13	0	0	0	0	0	0	0	0	0	0	0	0	6921155	
1056	1	F	8	N	2500	0	1	109	26	2	3	4	0	0	0	0	0	0	0	0	0	0	0	0	6922200	
1057	1	F	9	N	2500	2	1	69	19	9	12	17	0	0	0	0	0	0	0	0	0	0	0	0	6935008	
1058	1	F	10	N	2500	6	40	342	138	22	16	19	0	0	0	0	0	0	0	0	0	0	0	0	6945054	
1059	1	F	10	N	2500	2	1	147	120	24	14	17	0	0	0	0	0	0	0	0	0	0	0	0	6946692	
1060	1	F	10	N	2500	6	40	299	115	24	13	19	0	0	0	0	0	0	0	0	0	0	0	0	6947004	
1061	1	F	10	N	2500	6	40	282	103	23	14	17	0	0	0	0	0	0	0	0	0	0	0	0	6947098	
1062	1	F	10	N	2500	0	40	353	135	25	16	25	0	0	0	0	0	0	0	0	0	0	0	0	6947535	
1063	1	F	10	N	2500	0	40	312	100	16	11	18	0	0	0	0	0	0	0	0	0	0	0	0	6947987	
1064	1	F	10	N	2500	0	40	341	119	19	12	18	0	0	0	0	0	0	0	0	0	0	0	0	6948081	
1065	1	F	10	N	2500	0	40	233	150	29	19	24	0	0	0	0	0	0	0	0	0	0	0	0	6948892	
1066	1	F	10	N	2500	0	40	367	152	27	16	22	0	0	0	0	0	0	0	0	0	0	0	0	6949017	
1067	1	F	10	N	2500	0	1	165	101	16	11	16	0	0	0	0	0	0	0	0	0	0	0	0	6949110	
1068	1	F	10	N	2500	0	1	164	103	17	12	16	0	0	0	0	0	0	0	0	0	0	0	0	6949126	
1069	1	F	10	N	2500	0	40	270	139	27	17	20	0	0	0	0	0	0	0	0	0	0	0	0	6949329	
1070	1	F	10	N	2500	0	2	165	127	24	19	23	0	0	0	0	0	0	0	0	0	0	0	0	6949578	
1071	1	F	10	N	2500	0	40	319	118	22	15	19	0	0	0	0	0	0	0	0	0	0	0	0	6949656	
1072	1	F	10	N	2500	0	1	223	92	19	12	13	0	0	0	0	0	0	0	0	0	0	0	0	6949703	
1073	1	F	10	N	2500	0	40	287	111	23	15	21	0	0	0	0	0	0	0	0	0	0	0	0	6949890	
1074	1	F	10	N	2500	0	1	142	93	22	13	19	0	0	0	0	0	0	0	0	0	0	0	0	6950093	
1075	1	F	10	N	2500	0	40	288	135	25	16	19	0	0	0	0	0	0	0	0	0	0	0	0	6950155	
1076	1	F	10	N	2500	0	40	361	143	24	15	21	0	0	0	0	0	0	0	0	0	0	0	0	6950436	
1077	1	F	10	N	2500	0	40	316	127	24	16	20	0	0	0	0	0	0	0	0	0	0	0	0	6950935	
1078	1	F	10	N	2500	0	40	204	129	24	15	19	0	0	0	0	0	0	0	0	0	0	0	0	6950951	
1079	1	F	10	N	2500	0	40	179	120	22	17	20	0	0	0	0	0	0	0	0	0	0	0	0	6951653	
1080	1	F	11	N	2500	2	1	202	107	21	13	17	0	0	0	0	0	0	0	0	0	0	0	0	6960139	
1081	1	F	12	N	2500	2	1	159	99	24	15	21	0	0	0	0	0	0	0	0	0	0	0	0	6973743	
1082	1	F	12	N	2500	6	40	261	115	22	14	23	0	0	0	0	0	0	0	0	0	0	0	0	6974055	
1083	1	F	12	N	2500	6	40	295	124	23	15	21	0	0	0	0	0	0	0	0	0	0	0	0	6974866	
1084	1	F	12	N	2500	6	40	313	105	23	13	23	0	0	0	0	0	0	0	0	0	0	0	0	6975802	
1085	1	F	12	N	2500	0	40	318	110	22	14	21	0	0	0	0	0	0	0	0	0	0	0	0	6976800	
1086	1	F	12	N	2500	0	1	199	70	14	11	14	0	0	0	0	0	0	0	0	0	0	0	0	6976956	
1087	1	F	12	N	2500	0	1	81	18	3	2	4	0	0	0	0	0	0	0	0	0	0	0	0	6977019	
1088	1	F	12	N	2500	0	1	175	69	12	9	13	0	0	0	0	0	0	0	0	0	0	0	0	6977019	
1089	1	F	12	N	2500	0	40	202	136	25	18	22	0	0	0	0	0	0	0	0	0	0	0	0	6977284	
1090	1	F	12	N	2500	0	1	168	113	21	15	18	0	0	0	0	0	0	0	0	0	0	0	0	6977409	
1091	1	F	12	N	2500	0	1	189	51	10	9	13	0	0	0	0	0	0	0	0	0	0	0	0	6977892	
1092	1	F	12	N	2500	0	40	318	123	24	16	20	0	0	0	0	0	0	0	0	0	0	0	0	6977908	
1093	1	F	12	N	2500	0	1	245	59	10	7	12	0	0	0	0	0	0	0	0	0	0	0	0	6978189	
1094	1	F	12	N	2500	0	40	332	123	23	15	19	0	0	0	0	0	0	0	0	0	0	0	0	6978625	
1095	1	F	12	N	2500	0	1	198	108	23	17	24	0	0	0	0	0	0	0	0	0	0	0	0	6978672	
1096	1	F	12	N	2500	0	40	275	105	21	14	17	0	0	0	0	0	0	0	0	0	0	0	0	6978766	
1097	1	F	12	N	2500	0	40	232	148	29	20	26	0	0	0	0	0	0	0	0	0	0	0	0	6979015	
1098	1	F	12	N	2500	0	40	315	113	21	13	18	0	0	0	0	0	0	0	0	0	0	0	0	6979109	
1099	1	F	12	N	2500	0	1	179	86	16	9	13	0	0	0	0	0	0	0	0	0	0	0	0	6979780	
1100	1	F	12	N	2500	0	1	61	13	4	5	12	0	0	0	0	0	0	0	0	0	0	0	0	6980731	
1101	1	G	1	N	2500	6	40	284	104	18	13	16	0	0	0	0	0	0	0	0	0	0	0	0	6989265	
1102	1	G	1	N	2500	2	1	241	70	8	5	6	0	0	0	0	0	0	0	0	0	0	0	0	6991417	
1103	1	G	2	N	2500	6	40	284	139	24	14	19	0	0	0	0	0	0	0	0	0	0	0	0	7003944	
1104	1	G	2	N	2500	6	40	394	152	26	14	21	0	0	0	0	0	0	0	0	0	0	0	0	7004709	
1105	1	G	2	N	2500	6	40	382	153	29	17	21	0	0	0	0	0	0	0	0	0	0	0	0	7005317	
1106	1	G	2	N	2500	0	40	268	140	24	14	19	0	0	0	0	0	0	0	0	0	0	0	0	7005613	
1107	1	G	2	N	2500	0	1	53	17	4	6	12	0	0	0	0	0	0	0	0	0	0	0	0	7007314	
1108	1	G	2	N	2500	0	40	290	95	14	9	12	0	0	0	0	0	0	0	0	0	0	0	0	7007470	
1109	1	G	2	N	2500	0	40	300	117	21	13	18	0	0	0	0	0	0	0	0	0	0	0	0	7007673	
1110	1	G	2	N	2500	0	40	313	127	21	14	22	0	0	0	0	0	0	0	0	0	0	0	0	7008546	
1111	1	G	2	N	2500	0	40	300	105	16	11	18	0	0	0	0	0	0	0	0	0	0	0	0	7009014	
1112	1	G	2	N	2500	0	1	218	60	7	6	10	0	0	0	0	0	0	0	0	0	0	0	0	7009357	
1113	1	G	2	N	2500	0	40	335	123	23	12	20	0	0	0	0	0	0	0	0	0	0	0	0	7009357	
1114	1	G	3	N	2500	2	1	96	23	3	4	30	0	0	0	0	0	0	0	0	0	0	0	0	7020043	
1115	1	G	3	N	2500	33	1	110	21	5	3	28	0	0	0	0	0	0	0	0	0	0	0	0	7020043	
1116	1	G	4	N	2500	6	40	260	116	18	13	17	0	0	0	0	0	0	0	0	0	0	0	0	7033210	
1117	1	G	4	N	2500	6	40	258	132	24	17	22	0	0	0	0	0	0	0	0	0	0	0	0	7033537	
1118	1	G	4	N	2500	6	40	351	119	19	13	21	0	0	0	0	0	0	0	0	0	0	0	0	7034754	
1119	1	G	4	N	2500	0	40	266	111	23	14	15	0	0	0	0	0	0	0	0	0	0	0	0	7035737	
1120	1	G	4	N	2500	0	40	346	104	17	10	15	0	0	0	0	0	0	0	0	0	0	0	0	7035877	
1121	1	G	4	N	2500	0	40	326	150	30	20	27	0	0	0	0	0	0	0	0	0	0	0	0	7036361	
1122	1	G	4	N	2500	0	2	306	82	12	8	15	0	0	0	0	0	0	0	0	0	0	0	0	7037749	
1123	1	G	4	N	2500	0	40	266	104	17	12	15	0	0	0	0	0	0	0	0	0	0	0	0	7037843	
1124	1	G	4	N	2500	0	40	356	140	22	16	21	0	0	0	0	0	0	0	0	0	0	0	0	7039153	
1125	1	G	6	N	2500	2	2	299	89	13	9	11	0	0	0	0	0	0	0	0	0	0	0	0	7062304	
1126	1	G	6	N	2500	6	40	274	121	19	12	16	0	0	0	0	0	0	0	0	0	0	0	0	7062413	
1127	1	G	6	N	2500	2	1	217	88	14	9	12	0	0	0	0	0	0	0	0	0	0	0	0	7062476	
1128	1	G	6	N	2500	6	40	303	101	20	11	15	0	0	0	0	0	0	0	0	0	0	0	0	7064691	
1129	1	G	6	N	2500	2	2	271	92	13	10	16	0	0	0	0	0	0	0	0	0	0	0	0	7065627	
1130	1	G	6	N	2500	2	1	241	71	9	6	10	0	0	0	0	0	0	0	0	0	0	0	0	7065736	
1131	1	G	6	N	2500	2	1	262	79	11	8	10	0	0	0	0	0	0	0	0	0	0	0	0	7066360	
1132	1	G	6	N	2500	2	1	247	70	12	7	10	0	0	0	0	0	0	0	0	0	0	0	0	7067046	
1133	1	G	6	N	2500	2	1	158	89	22	12	17	0	0	0	0	0	0	0	0	0	0	0	0	7068014	
1134	1	G	8	N	2500	6	40	336	131	27	16	18	0	0	0	0	0	0	0	0	0	0	0	0	7092131	
1135	1	G	8	N	2500	6	40	336	117	24	13	18	0	0	0	0	0	0	0	0	0	0	0	0	7093067	
1136	1	G	8	N	2500	6	40	306	83	14	8	12	0	0	0	0	0	0	0	0	0	0	0	0	7093192	
1137	1	G	8	N	2500	0	40	356	132	27	15	18	0	0	0	0	0	0	0	0	0	0	0	0	7093442	
1138	1	G	8	N	2500	0	1	243	62	8	6	10	0	0	0	0	0	0	0	0	0	0	0	0	7093707	
1139	1	G	8	N	2500	0	40	298	127	30	14	21	0	0	0	0	0	0	0	0	0	0	0	0	7094955	
1140	1	G	8	N	2500	0	40	366	130	24	12	19	0	0	0	0	0	0	0	0	0	0	0	0	7095516	
1141	1	G	8	N	2500	0	40	326	118	22	11	14	0	0	0	0	0	0	0	0	0	0	0	0	7095579	
1142	1	G	8	N	2500	0	40	335	124	21	14	18	0	0	0	0	0	0	0	0	0	0	0	0	7095610	
1143	1	G	8	N	2500	0	40	266	102	22	12	17	0	0	0	0	0	0	0	0	0	0	0	0	7095641	
1144	1	G	8	N	2500	0	40	372	128	27	15	27	0	0	0	0	0	0	0	0	0	0	0	0	7095938	
1145	1	G	8	N	2500	0	1	121	41	7	4	5	0	0	0	0	0	0	0	0	0	0	0	0	7096764	
1146	1	G	8	N	2500	0	40	287	88	15	9	12	0	0	0	0	0	0	0	0	0	0	0	0	7097279	
1147	1	G	8	N	2500	0	40	222	120	19	12	14	0	0	0	0	0	0	0	0	0	0	0	0	7097482	
1148	1	G	9	N	2500	6	40	270	106	19	12	13	0	0	0	0	0	0	0	0	0	0	0	0	7109946	
1149	1	G	10	N	2500	6	40	260	135	28	19	26	0	0	0	0	0	0	0	0	0	0	0	0	7120102	
1150	1	G	10	N	2500	6	40	345	129	23	15	19	0	0	0	0	0	0	0	0	0	0	0	0	7120118	
1151	1	G	10	N	2500	6	40	326	132	23	16	21	0	0	0	0	0	0	0	0	0	0	0	0	7120320	
1152	1	G	10	N	2500	0	40	260	131	30	23	29	0	0	0	0	0	0	0	0	0	0	0	0	7120695	
1153	1	G	10	N	2500	0	40	239	132	27	16	21	0	0	0	0	0	0	0	0	0	0	0	0	7121116	
1154	1	G	10	N	2500	0	40	324	141	27	19	23	0	0	0	0	0	0	0	0	0	0	0	0	7121147	
1155	1	G	10	N	2500	0	40	373	134	22	18	26	0	0	0	0	0	0	0	0	0	0	0	0	7121225	
1156	1	G	10	N	2500	0	40	365	144	28	18	24	0	0	0	0	0	0	0	0	0	0	0	0	7121537	
1157	1	G	10	N	2500	0	40	365	129	22	16	22	0	0	0	0	0	0	0	0	0	0	0	0	7121756	
1158	1	G	10	N	2500	0	40	300	104	18	12	19	0	0	0	0	0	0	0	0	0	0	0	0	7121771	
1159	1	G	10	N	2500	0	40	232	129	29	20	25	0	0	0	0	0	0	0	0	0	0	0	0	7121865	
1160	1	G	10	N	2500	0	1	83	17	3	2	5	0	0	0	0	0	0	0	0	0	0	0	0	7122255	
1161	1	G	10	N	2500	0	40	329	131	22	18	24	0	0	0	0	0	0	0	0	0	0	0	0	7122333	
1162	1	G	10	N	2500	0	40	342	136	25	20	27	0	0	0	0	0	0	0	0	0	0	0	0	7122380	
1163	1	G	10	N	2500	0	40	441	156	27	17	20	0	0	0	0	0	0	0	0	0	0	0	0	7122411	
1164	1	G	10	N	2500	0	40	369	144	24	18	27	0	0	0	0	0	0	0	0	0	0	0	0	7122473	
1165	1	G	10	N	2500	0	40	335	123	21	15	21	0	0	0	0	0	0	0	0	0	0	0	0	7122520	
1166	1	G	10	N	2500	0	1	158	83	17	11	15	0	0	0	0	0	0	0	0	0	0	0	0	7122629	
1167	1	G	10	N	2500	0	40	281	135	24	19	26	0	0	0	0	0	0	0	0	0	0	0	0	7122941	
1168	1	G	10	N	2500	0	1	179	101	18	14	17	0	0	0	0	0	0	0	0	0	0	0	0	7123160	
1169	1	G	10	N	2500	0	40	270	152	29	18	27	0	0	0	0	0	0	0	0	0	0	0	0	7123300	
1170	1	G	10	N	2500	0	40	266	119	19	14	18	0	0	0	0	0	0	0	0	0	0	0	0	7123331	
1171	1	G	10	N	2500	0	40	395	164	31	25	31	0	0	0	0	0	0	0	0	0	0	0	0	7123487	
1172	1	G	10	N	2500	0	40	362	138	26	18	26	0	0	0	0	0	0	0	0	0	0	0	0	7123518	
1173	1	G	10	N	2500	0	40	276	91	19	11	12	0	0	0	0	0	0	0	0	0	0	0	0	7123690	
1174	1	G	10	N	2500	0	1	92	31	5	4	6	0	0	0	0	0	0	0	0	0	0	0	0	7123737	
1175	1	G	10	N	2500	0	40	306	116	19	15	21	0	0	0	0	0	0	0	0	0	0	0	0	7124174	
1176	1	G	10	N	2500	0	40	303	114	23	13	18	0	0	0	0	0	0	0	0	0	0	0	0	7124314	
1177	1	G	10	N	2500	0	40	337	127	24	16	21	0	0	0	0	0	0	0	0	0	0	0	0	7124345	
1178	1	G	10	N	2500	0	40	417	153	27	22	35	0	0	0	0	0	0	0	0	0	0	0	0	7124392	
1179	1	G	10	N	2500	0	40	280	121	19	16	22	0	0	0	0	0	0	0	0	0	0	0	0	7124392	
1180	1	G	10	N	2500	0	40	302	97	17	11	18	0	0	0	0	0	0	0	0	0	0	0	0	7124408	
1181	1	G	10	N	2500	0	40	241	129	23	18	25	0	0	0	0	0	0	0	0	0	0	0	0	7124891	
1182	1	G	10	N	2500	0	40	323	121	21	16	22	0	0	0	0	0	0	0	0	0	0	0	0	7124969	
1183	1	G	10	N	2500	0	40	451	182	33	21	38	0	0	0	0	0	0	0	0	0	0	0	0	7126124	
1184	1	G	10	N	2500	0	1	264	69	8	6	11	0	0	0	0	0	0	0	0	0	0	0	0	7126202	
1185	1	G	12	N	2500	2	1	133	86	59	66	139	0	0	0	0	0	0	0	0	0	0	0	0	7148291	
1186	1	G	12	N	2500	6	40	314	149	29	19	27	0	0	0	0	0	0	0	0	0	0	0	0	7148712	
1187	1	G	12	N	2500	6	40	323	130	24	16	21	0	0	0	0	0	0	0	0	0	0	0	0	7149149	
1188	1	G	12	N	2500	6	40	262	160	34	18	23	0	0	0	0	0	0	0	0	0	0	0	0	7149383	
1189	1	G	12	N	2500	0	40	341	146	26	17	23	0	0	0	0	0	0	0	0	0	0	0	0	7149586	
1190	1	G	12	N	2500	0	40	345	134	24	17	24	0	0	0	0	0	0	0	0	0	0	0	0	7149633	
1191	1	G	12	N	2500	0	40	229	144	28	18	24	0	0	0	0	0	0	0	0	0	0	0	0	7150288	
1192	1	G	12	N	2500	0	40	357	135	25	16	20	0	0	0	0	0	0	0	0	0	0	0	0	7150647	
1193	1	G	12	N	2500	0	40	276	153	25	19	25	0	0	0	0	0	0	0	0	0	0	0	0	7151021	
1194	1	G	12	N	2500	0	40	358	133	23	16	25	0	0	0	0	0	0	0	0	0	0	0	0	7151458	
1195	1	G	12	N	2500	0	40	300	149	28	19	28	0	0	0	0	0	0	0	0	0	0	0	0	7152113	
1196	1	G	12	N	2500	0	40	213	113	26	19	24	0	0	0	0	0	0	0	0	0	0	0	0	7152332	
1197	1	G	12	N	2500	0	40	190	128	22	15	20	0	0	0	0	0	0	0	0	0	0	0	0	7152456	
1198	1	G	12	N	2500	0	1	68	36	5	3	3	0	0	0	0	0	0	0	0	0	0	0	0	7152456	
1199	1	G	12	N	2500	0	1	134	76	12	8	12	0	0	0	0	0	0	0	0	0	0	0	0	7152456	
1200	1	G	12	N	2500	0	40	367	141	30	17	20	0	0	0	0	0	0	0	0	0	0	0	0	7152566	
1201	1	G	12	N	2500	0	40	347	136	24	18	24	0	0	0	0	0	0	0	0	0	0	0	0	7152800	
1202	1	G	12	N	2500	0	40	235	126	23	17	19	0	0	0	0	0	0	0	0	0	0	0	0	7153034	
1203	1	G	12	N	2500	0	40	281	136	26	15	23	0	0	0	0	0	0	0	0	0	0	0	0	7153143	
1204	1	G	12	N	2500	0	40	207	129	24	19	23	0	0	0	0	0	0	0	0	0	0	0	0	7153782	
1205	1	G	12	N	2500	0	40	293	150	26	16	21	0	0	0	0	0	0	0	0	0	0	0	0	7153860	
1206	1	G	12	N	2500	0	40	348	133	22	16	21	0	0	0	0	0	0	0	0	0	0	0	0	7153938	
1207	1	G	12	N	2500	0	1	75	30	36	42	60	0	0	0	0	0	0	0	0	0	0	0	0	7153954	
1208	1	G	12	N	2500	0	40	359	129	22	17	23	0	0	0	0	0	0	0	0	0	0	0	0	7154063	
1209	1	G	12	N	2500	0	1	55	17	1	1	1	0	0	0	0	0	0	0	0	0	0	0	0	7154484	
1210	1	H	1	N	2500	6	40	365	141	30	16	23	0	0	0	0	0	0	0	0	0	0	0	0	7168946	
1211	1	H	2	N	2500	6	40	284	96	14	11	14	0	0	0	0	0	0	0	0	0	0	0	0	7179211	
1212	1	H	2	N	2500	6	40	213	109	19	13	16	0	0	0	0	0	0	0	0	0	0	0	0	7179491	
1213	1	H	2	N	2500	6	40	305	101	16	11	17	0	0	0	0	0	0	0	0	0	0	0	0	7179741	
1214	1	H	2	N	2500	0	1	112	23	2	2	2	0	0	0	0	0	0	0	0	0	0	0	0	7180115	
1215	1	H	2	N	2500	0	40	330	119	24	16	22	0	0	0	0	0	0	0	0	0	0	0	0	7180459	
1216	1	H	2	N	2500	0	1	168	99	18	11	14	0	0	0	0	0	0	0	0	0	0	0	0	7180786	
1217	1	H	2	N	2500	0	1	190	97	17	12	16	0	0	0	0	0	0	0	0	0	0	0	0	7181129	
1218	1	H	2	N	2500	0	1	187	94	18	14	17	0	0	0	0	0	0	0	0	0	0	0	0	7181551	
1219	1	H	2	N	2500	0	40	309	110	21	13	17	0	0	0	0	0	0	0	0	0	0	0	0	7182518	
1220	1	H	2	N	2500	0	1	253	91	14	9	14	0	0	0	0	0	0	0	0	0	0	0	0	7182565	
1221	1	H	2	N	2500	0	40	335	131	23	15	20	0	0	0	0	0	0	0	0	0	0	0	0	7184717	
1222	1	H	2	N	2500	0	40	312	97	13	9	14	0	0	0	0	0	0	0	0	0	0	0	0	7185669	
1223	1	H	3	N	2500	6	40	304	120	21	14	15	0	0	0	0	0	0	0	0	0	0	0	0	7195528	
1224	1	H	3	N	2500	2	1	52	12	1	1	2	0	0	0	0	0	0	0	0	0	0	0	0	7200068	
1225	1	H	4	N	2500	6	40	258	130	23	16	19	0	0	0	0	0	0	0	0	0	0	0	0	7207899	
1226	1	H	4	N	2500	6	40	335	136	26	19	27	0	0	0	0	0	0	0	0	0	0	0	0	7208695	
1227	1	H	4	N	2500	6	40	264	105	21	12	23	0	0	0	0	0	0	0	0	0	0	0	0	7209178	
1228	1	H	4	N	2500	0	1	102	33	14	17	37	0	0	0	0	0	0	0	0	0	0	0	0	7209833	
1229	1	H	4	N	2500	0	40	294	114	19	14	19	0	0	0	0	0	0	0	0	0	0	0	0	7209880	
1230	1	H	4	N	2500	0	40	316	107	21	12	19	0	0	0	0	0	0	0	0	0	0	0	0	7210988	
1231	1	H	4	N	2500	0	40	233	102	18	12	16	0	0	0	0	0	0	0	0	0	0	0	0	7211534	
1232	1	H	4	N	2500	0	40	328	122	21	15	25	0	0	0	0	0	0	0	0	0	0	0	0	7211986	
1233	1	H	4	N	2500	0	40	300	107	18	11	17	0	0	0	0	0	0	0	0	0	0	0	0	7212673	
1234	1	H	4	N	2500	0	40	213	119	25	17	22	0	0	0	0	0	0	0	0	0	0	0	0	7212704	
1235	1	H	5	N	2500	2	1	218	58	8	4	10	0	0	0	0	0	0	0	0	0	0	0	0	7222391	
1236	1	H	6	N	2500	6	40	304	125	21	15	17	0	0	0	0	0	0	0	0	0	0	0	0	7236946	
1237	1	H	6	N	2500	6	40	307	128	23	16	18	0	0	0	0	0	0	0	0	0	0	0	0	7237227	
1238	1	H	6	N	2500	6	40	314	131	21	15	20	0	0	0	0	0	0	0	0	0	0	0	0	7238241	
1239	1	H	6	N	2500	0	40	319	98	15	10	12	0	0	0	0	0	0	0	0	0	0	0	0	7238647	
1240	1	H	6	N	2500	0	1	169	117	18	15	17	0	0	0	0	0	0	0	0	0	0	0	0	7238849	
1241	1	H	6	N	2500	0	1	202	79	19	12	15	0	0	0	0	0	0	0	0	0	0	0	0	7238959	
1242	1	H	6	N	2500	0	40	309	114	24	13	20	0	0	0	0	0	0	0	0	0	0	0	0	7239115	
1243	1	H	6	N	2500	0	1	236	72	10	8	11	0	0	0	0	0	0	0	0	0	0	0	0	7239224	
1244	1	H	6	N	2500	0	40	294	93	17	11	12	0	0	0	0	0	0	0	0	0	0	0	0	7239458	
1245	1	H	6	N	2500	0	40	345	136	22	14	21	0	0	0	0	0	0	0	0	0	0	0	0	7240019	
1246	1	H	6	N	2500	0	40	358	130	23	14	21	0	0	0	0	0	0	0	0	0	0	0	0	7240753	
1247	1	H	6	N	2500	0	40	314	120	19	12	13	0	0	0	0	0	0	0	0	0	0	0	0	7240831	
1248	1	H	6	N	2500	0	40	313	124	23	16	21	0	0	0	0	0	0	0	0	0	0	0	0	7240940	
1249	1	H	6	N	2500	0	40	194	125	23	15	19	0	0	0	0	0	0	0	0	0	0	0	0	7241330	
1250	1	H	8	N	2500	6	40	359	150	27	14	17	0	0	0	0	0	0	0	0	0	0	0	0	7265307	
1251	1	H	8	N	2500	6	40	319	114	21	14	19	0	0	0	0	0	0	0	0	0	0	0	0	7265541	
1252	1	H	8	N	2500	6	40	278	97	16	10	17	0	0	0	0	0	0	0	0	0	0	0	0	7265775	
1253	1	H	8	N	2500	0	40	353	122	21	14	21	0	0	0	0	0	0	0	0	0	0	0	0	7265853	
1254	1	H	8	N	2500	0	40	321	122	23	16	23	0	0	0	0	0	0	0	0	0	0	0	0	7266118	
1255	1	H	8	N	2500	0	40	367	162	30	20	25	0	0	0	0	0	0	0	0	0	0	0	0	7266212	
1256	1	H	8	N	2500	0	1	181	78	18	12	14	0	0	0	0	0	0	0	0	0	0	0	0	7266227	
1257	1	H	8	N	2500	0	1	198	104	25	15	16	0	0	0	0	0	0	0	0	0	0	0	0	7266664	
1258	1	H	8	N	2500	0	40	287	126	25	15	19	0	0	0	0	0	0	0	0	0	0	0	0	7267163	
1259	1	H	8	N	2500	0	40	315	105	18	12	18	0	0	0	0	0	0	0	0	0	0	0	0	7267288	
1260	1	H	8	N	2500	0	40	223	155	32	18	22	0	0	0	0	0	0	0	0	0	0	0	0	7267569	
1261	1	H	8	N	2500	0	40	321	127	25	17	22	0	0	0	0	0	0	0	0	0	0	0	0	7267741	
1262	1	H	8	N	2500	0	40	352	131	22	18	23	0	0	0	0	0	0	0	0	0	0	0	0	7268333	
1263	1	H	8	N	2500	0	1	229	65	9	6	10	0	0	0	0	0	0	0	0	0	0	0	0	7268770	
1264	1	H	8	N	2500	0	1	168	67	11	8	12	0	0	0	0	0	0	0	0	0	0	0	0	7269285	
1265	1	H	8	N	2500	0	40	326	120	22	15	25	0	0	0	0	0	0	0	0	0	0	0	0	7269550	
1266	1	H	8	N	2500	0	40	291	152	32	18	18	0	0	0	0	0	0	0	0	0	0	0	0	7269737	
1267	1	H	8	N	2500	0	40	249	120	28	18	22	0	0	0	0	0	0	0	0	0	0	0	0	7269831	
1268	1	H	8	N	2500	0	40	196	118	21	14	21	0	0	0	0	0	0	0	0	0	0	0	0	7269847	
1269	1	H	8	N	2500	0	40	325	130	28	17	23	0	0	0	0	0	0	0	0	0	0	0	0	7269893	
1270	1	H	8	N	2500	0	40	313	118	26	14	22	0	0	0	0	0	0	0	0	0	0	0	0	7270705	
1271	1	H	8	N	2500	0	40	192	122	22	15	17	0	0	0	0	0	0	0	0	0	0	0	0	7271703	
1272	1	H	8	N	2500	0	40	421	133	21	15	22	0	0	0	0	0	0	0	0	0	0	0	0	7271875	
1273	1	H	9	N	2500	6	40	225	133	24	16	19	0	0	0	0	0	0	0	0	0	0	0	0	7278832	
1274	1	H	9	N	2500	2	1	266	85	6	2	8	0	0	0	0	0	0	0	0	0	0	0	0	7280954	
1275	1	H	9	N	2500	6	40	341	123	22	14	16	0	0	0	0	0	0	0	0	0	0	0	0	7284433	
1276	1	H	10	N	2500	2	1	275	73	14	9	13	0	0	0	0	0	0	0	0	0	0	0	0	7293918	
1277	1	H	10	N	2500	2	1	206	104	19	14	18	0	0	0	0	0	0	0	0	0	0	0	0	7295025	
1278	1	H	10	N	2500	2	1	172	103	18	12	14	0	0	0	0	0	0	0	0	0	0	0	0	7295618	
1279	1	H	10	N	2500	6	40	392	144	24	19	28	0	0	0	0	0	0	0	0	0	0	0	0	7296226	
1280	1	H	10	N	2500	2	1	207	62	9	7	12	0	0	0	0	0	0	0	0	0	0	0	0	7296616	
1281	1	H	10	N	2500	6	40	317	120	18	12	17	0	0	0	0	0	0	0	0	0	0	0	0	7296679	
1282	1	H	10	N	2500	6	40	307	121	21	11	15	0	0	0	0	0	0	0	0	0	0	0	0	7296866	
1283	1	H	10	N	2500	0	40	350	152	27	22	30	0	0	0	0	0	0	0	0	0	0	0	0	7297100	
1284	1	H	10	N	2500	0	1	110	50	6	4	8	0	0	0	0	0	0	0	0	0	0	0	0	7297334	
1285	1	H	10	N	2500	0	1	167	110	21	15	18	0	0	0	0	0	0	0	0	0	0	0	0	7297350	
1286	1	H	10	N	2500	0	40	346	130	26	16	22	0	0	0	0	0	0	0	0	0	0	0	0	7298348	
1287	1	H	10	N	2500	0	40	238	117	24	15	19	0	0	0	0	0	0	0	0	0	0	0	0	7298395	
1288	1	H	10	N	2500	0	1	154	42	6	5	6	0	0	0	0	0	0	0	0	0	0	0	0	7298504	
1289	1	H	10	N	2500	0	1	145	70	11	8	11	0	0	0	0	0	0	0	0	0	0	0	0	7298504	
1290	1	H	10	N	2500	0	1	157	81	14	8	10	0	0	0	0	0	0	0	0	0	0	0	0	7298910	
1291	1	H	10	N	2500	0	40	342	122	24	14	18	0	0	0	0	0	0	0	0	0	0	0	0	7298941	
1292	1	H	10	N	2500	0	40	407	152	28	20	24	0	0	0	0	0	0	0	0	0	0	0	0	7298972	
1293	1	H	10	N	2500	0	40	344	131	25	15	19	0	0	0	0	0	0	0	0	0	0	0	0	7299939	
1294	1	H	12	N	2500	6	40	313	126	22	16	0	0	0	0	0	0	0	0	0	0	0	0	0	7322154	
1295	1	H	12	N	2500	6	40	432	141	22	17	25	0	0	0	0	0	0	0	0	0	0	0	0	7322388	
1296	1	H	12	N	2500	6	40	296	103	17	11	19	0	0	0	0	0	0	0	0	0	0	0	0	7322466	
1297	1	H	12	N	2500	0	40	315	121	23	17	23	0	0	0	0	0	0	0	0	0	0	0	0	7322980	
1298	1	H	12	N	2500	0	40	350	127	24	14	18	0	0	0	0	0	0	0	0	0	0	0	0	7323230	
1299	1	H	12	N	2500	0	1	154	109	24	14	17	0	0	0	0	0	0	0	0	0	0	0	0	7323870	
1300	1	H	12	N	2500	0	1	156	114	23	15	19	0	0	0	0	0	0	0	0	0	0	0	0	7323932	
1301	1	H	12	N	2500	0	40	327	120	20	14	16	0	0	0	0	0	0	0	0	0	0	0	0	7323963	
1302	1	H	12	N	2500	0	40	307	125	22	16	21	0	0	0	0	0	0	0	0	0	0	0	0	7324587	
1303	1	H	12	N	2500	0	40	296	110	21	14	18	0	0	0	0	0	0	0	0	0	0	0	0	7324681	
1304	1	H	12	N	2500	0	40	236	128	22	16	18	0	0	0	0	0	0	0	0	0	0	0	0	7324790	
1305	1	H	12	N	2500	0	40	371	146	28	19	26	0	0	0	0	0	0	0	0	0	0	0	0	7325008	
1306	1	H	12	N	2500	0	1	225	66	9	4	9	0	0	0	0	0	0	0	0	0	0	0	0	7325570	
1307	1	H	12	N	2500	0	40	193	123	28	17	17	0	0	0	0	0	0	0	0	0	0	0	0	7325695	
1308	1	H	12	N	2500	0	40	194	123	22	15	17	0	0	0	0	0	0	0	0	0	0	0	0	7325726	
1309	1	H	12	N	2500	0	40	312	131	23	13	19	0	0	0	0	0	0	0	0	0	0	0	0	7325773	
1310	1	H	12	N	2500	0	1	265	76	12	8	11	0	0	0	0	0	0	0	0	0	0	0	0	7326241	
1311	1	H	12	N	2500	0	40	344	124	22	13	17	0	0	0	0	0	0	0	0	0	0	0	0	7326303	
1312	1	H	12	N	2500	0	1	217	103	21	11	16	0	0	0	0	0	0	0	0	0	0	0	0	7326537	
1313	1	H	12	N	2500	0	40	361	137	24	18	21	0	0	0	0	0	0	0	0	0	0	0	0	7326865	
1314	1	H	12	N	2500	0	40	314	117	22	13	15	0	0	0	0	0	0	0	0	0	0	0	0	7327520	
1315	1	H	12	N	2500	0	1	166	92	15	11	16	0	0	0	0	0	0	0	0	0	0	0	0	7327567	
1316	1	H	12	N	2500	0	40	357	135	23	15	21	0	0	0	0	0	0	0	0	0	0	0	0	7327723	
1317	1	H	12	N	2500	0	40	280	165	34	20	22	0	0	0	0	0	0	0	0	0	0	0	0	7327879	
1318	1	H	12	N	2500	0	40	334	118	20	15	20	0	0	0	0	0	0	0	0	0	0	0	0	7328160	
1319	1	H	12	N	2500	0	40	191	118	21	15	19	0	0	0	0	0	0	0	0	0	0	0	0	7328518	
1320	1	H	12	N	2500	0	40	277	102	17	11	15	0	0	0	0	0	0	0	0	0	0	0	0	7328986	
1321	1	H	12	N	2500	0	1	198	87	23	16	19	0	0	0	0	0	0	0	0	0	0	0	0	7329220	


Threshold source: EXT,  value 50
Min TOF = 50
EXT signal gain 1.6
Green signal gain 3.0
Yellow signal gain 3.0
Red signal gain 3.0
Green PMT voltage 700
Yellow PMT voltage 700
Red PMT voltage 900
Signal multipliers: 1.0,1.0,1.0,1.0
C:\Users\unionbio\Desktop\COPAS Templates\USE for L4 dispense4.csv