Id	Plate	Row	Column	Clog	Scan rate	Status sort	Status sel	TOF	EXT	Green	Yellow	Red	PH Ext	PW Ext	PC Ext	PH Green	PW Green	PCGreen	PH Yellow	PW Yellow	PCYellow	PH Red	PW Red	PCRed	Time Stamp	
0	1	A	1	N	2500	2	1	239	72	11	7	10	0	0	0	0	0	0	0	0	0	0	0	0	7667538	
1	1	A	1	N	2500	2	1	97	51	5	3	8	0	0	0	0	0	0	0	0	0	0	0	0	7669098	
2	1	A	1	N	2500	6	40	292	105	18	11	13	0	0	0	0	0	0	0	0	0	0	0	0	7670362	
3	1	A	2	N	2500	6	40	341	126	20	14	18	0	0	0	0	0	0	0	0	0	0	0	0	7680611	
4	1	A	2	N	2500	6	40	246	127	21	15	18	0	0	0	0	0	0	0	0	0	0	0	0	7681625	
5	1	A	2	N	2500	6	40	343	107	20	12	18	0	0	0	0	0	0	0	0	0	0	0	0	7681765	
6	1	A	2	N	2500	0	40	339	107	19	11	18	0	0	0	0	0	0	0	0	0	0	0	0	7682280	
7	1	A	2	N	2500	0	40	185	123	27	14	19	0	0	0	0	0	0	0	0	0	0	0	0	7683653	
8	1	A	2	N	2500	0	1	266	85	12	8	11	0	0	0	0	0	0	0	0	0	0	0	0	7684308	
9	1	A	2	N	2500	0	1	182	86	14	9	9	0	0	0	0	0	0	0	0	0	0	0	0	7684355	
10	1	A	2	N	2500	0	1	123	86	24	14	17	0	0	0	0	0	0	0	0	0	0	0	0	7684667	
11	1	A	2	N	2500	0	40	274	121	20	16	19	0	0	0	0	0	0	0	0	0	0	0	0	7684885	
12	1	A	2	N	2500	0	40	313	119	22	14	20	0	0	0	0	0	0	0	0	0	0	0	0	7684901	
13	1	A	3	N	2500	2	1	118	153	8	2	4	0	0	0	0	0	0	0	0	0	0	0	0	7695899	
14	1	A	4	N	2500	6	40	232	144	33	18	23	0	0	0	0	0	0	0	0	0	0	0	0	7708317	
15	1	A	4	N	2500	6	40	386	128	22	17	23	0	0	0	0	0	0	0	0	0	0	0	0	7708535	
16	1	A	4	N	2500	6	40	274	152	31	18	21	0	0	0	0	0	0	0	0	0	0	0	0	7708707	
17	1	A	4	N	2500	0	40	234	115	20	14	18	0	0	0	0	0	0	0	0	0	0	0	0	7708738	
18	1	A	4	N	2500	0	40	190	129	28	15	19	0	0	0	0	0	0	0	0	0	0	0	0	7708894	
19	1	A	4	N	2500	0	40	343	135	26	17	22	0	0	0	0	0	0	0	0	0	0	0	0	7709237	
20	1	A	4	N	2500	0	40	244	160	32	22	24	0	0	0	0	0	0	0	0	0	0	0	0	7709362	
21	1	A	4	N	2500	0	40	357	142	28	19	26	0	0	0	0	0	0	0	0	0	0	0	0	7709580	
22	1	A	4	N	2500	0	40	363	152	26	21	28	0	0	0	0	0	0	0	0	0	0	0	0	7709643	
23	1	A	4	N	2500	0	1	419	120	24	16	19	0	0	0	0	0	0	0	0	0	0	0	0	7709923	
24	1	A	4	N	2500	0	40	198	137	23	18	21	0	0	0	0	0	0	0	0	0	0	0	0	7709955	
25	1	A	4	N	2500	0	40	357	145	27	18	24	0	0	0	0	0	0	0	0	0	0	0	0	7709970	
26	1	A	4	N	2500	0	40	337	133	27	18	23	0	0	0	0	0	0	0	0	0	0	0	0	7709986	
27	1	A	4	N	2500	0	1	181	89	19	13	17	0	0	0	0	0	0	0	0	0	0	0	0	7710501	
28	1	A	4	N	2500	0	40	249	123	29	21	28	0	0	0	0	0	0	0	0	0	0	0	0	7710532	
29	1	A	4	N	2500	0	40	242	144	29	16	21	0	0	0	0	0	0	0	0	0	0	0	0	7710547	
30	1	A	4	N	2500	0	40	350	133	24	16	21	0	0	0	0	0	0	0	0	0	0	0	0	7710657	
31	1	A	4	N	2500	0	40	430	178	32	23	31	0	0	0	0	0	0	0	0	0	0	0	0	7710875	
32	1	A	4	N	2500	0	40	223	136	25	13	19	0	0	0	0	0	0	0	0	0	0	0	0	7711281	
33	1	A	4	N	2500	0	40	249	148	30	19	26	0	0	0	0	0	0	0	0	0	0	0	0	7711327	
34	1	A	4	N	2500	0	40	238	111	26	20	27	0	0	0	0	0	0	0	0	0	0	0	0	7711390	
35	1	A	4	N	2500	0	40	229	123	27	16	21	0	0	0	0	0	0	0	0	0	0	0	0	7711405	
36	1	A	4	N	2500	0	40	349	140	23	17	25	0	0	0	0	0	0	0	0	0	0	0	0	7711530	
37	1	A	4	N	2500	0	40	307	97	17	11	15	0	0	0	0	0	0	0	0	0	0	0	0	7711593	
38	1	A	4	N	2500	0	40	353	130	25	15	19	0	0	0	0	0	0	0	0	0	0	0	0	7711764	
39	1	A	4	N	2500	0	1	180	108	21	16	20	0	0	0	0	0	0	0	0	0	0	0	0	7711795	
40	1	A	4	N	2500	0	40	333	119	26	15	18	0	0	0	0	0	0	0	0	0	0	0	0	7711811	
41	1	A	4	N	2500	0	40	306	127	30	20	25	0	0	0	0	0	0	0	0	0	0	0	0	7711842	
42	1	A	4	N	2500	0	40	310	106	22	12	18	0	0	0	0	0	0	0	0	0	0	0	0	7711858	
43	1	A	4	N	2500	0	40	392	157	27	21	28	0	0	0	0	0	0	0	0	0	0	0	0	7711998	
44	1	A	4	N	2500	0	40	198	117	30	23	29	0	0	0	0	0	0	0	0	0	0	0	0	7712154	
45	1	A	4	N	2500	0	40	394	163	35	18	24	0	0	0	0	0	0	0	0	0	0	0	0	7712201	
46	1	A	4	N	2500	0	40	409	151	25	20	28	0	0	0	0	0	0	0	0	0	0	0	0	7712279	
47	1	A	4	N	2500	0	40	368	146	25	20	27	0	0	0	0	0	0	0	0	0	0	0	0	7712326	
48	1	A	4	N	2500	0	40	205	137	32	18	22	0	0	0	0	0	0	0	0	0	0	0	0	7712404	
49	1	A	4	N	2500	0	40	242	143	28	17	25	0	0	0	0	0	0	0	0	0	0	0	0	7712435	
50	1	A	4	N	2500	0	40	400	172	31	19	25	0	0	0	0	0	0	0	0	0	0	0	0	7712466	
51	1	A	4	N	2500	0	40	348	140	25	16	23	0	0	0	0	0	0	0	0	0	0	0	0	7712638	
52	1	A	4	N	2500	0	40	330	171	36	20	28	0	0	0	0	0	0	0	0	0	0	0	0	7712841	
53	1	A	4	N	2500	0	40	386	153	30	17	21	0	0	0	0	0	0	0	0	0	0	0	0	7712856	
54	1	A	4	N	2500	0	40	343	133	22	16	24	0	0	0	0	0	0	0	0	0	0	0	0	7712934	
55	1	A	4	N	2500	0	40	352	144	24	16	18	0	0	0	0	0	0	0	0	0	0	0	0	7712997	
56	1	A	4	N	2500	0	40	237	143	36	21	24	0	0	0	0	0	0	0	0	0	0	0	0	7713059	
57	1	A	4	N	2500	0	1	111	24	3	2	4	0	0	0	0	0	0	0	0	0	0	0	0	7713231	
58	1	A	4	N	2500	0	40	310	121	23	14	17	0	0	0	0	0	0	0	0	0	0	0	0	7713231	
59	1	A	4	N	2500	0	40	333	107	22	12	19	0	0	0	0	0	0	0	0	0	0	0	0	7713246	
60	1	A	4	N	2500	0	40	349	153	28	22	29	0	0	0	0	0	0	0	0	0	0	0	0	7713262	
61	1	A	4	N	2500	0	40	405	253	50	36	47	0	0	0	0	0	0	0	0	0	0	0	0	7713277	
62	1	A	4	N	2500	0	40	382	151	26	20	28	0	0	0	0	0	0	0	0	0	0	0	0	7713293	
63	1	A	4	N	2500	0	40	225	125	26	16	20	0	0	0	0	0	0	0	0	0	0	0	0	7713293	
64	1	A	4	N	2500	0	1	155	106	20	14	18	0	0	0	0	0	0	0	0	0	0	0	0	7713340	
65	1	A	4	N	2500	0	40	366	135	26	18	27	0	0	0	0	0	0	0	0	0	0	0	0	7713402	
66	1	A	4	N	2500	0	40	337	134	23	14	20	0	0	0	0	0	0	0	0	0	0	0	0	7713574	
67	1	A	4	N	2500	0	40	355	131	23	16	19	0	0	0	0	0	0	0	0	0	0	0	0	7713730	
68	1	A	4	N	2500	0	40	359	134	25	17	19	0	0	0	0	0	0	0	0	0	0	0	0	7713979	
69	1	A	4	N	2500	0	40	180	117	22	12	14	0	0	0	0	0	0	0	0	0	0	0	0	7713995	
70	1	A	4	N	2500	0	40	344	138	22	17	24	0	0	0	0	0	0	0	0	0	0	0	0	7714104	
71	1	A	4	N	2500	0	1	178	95	14	9	13	0	0	0	0	0	0	0	0	0	0	0	0	7714307	
72	1	A	4	N	2500	0	40	325	120	23	13	19	0	0	0	0	0	0	0	0	0	0	0	0	7714494	
73	1	A	4	N	2500	0	40	358	145	27	17	22	0	0	0	0	0	0	0	0	0	0	0	0	7714962	
74	1	A	4	N	2500	0	40	200	110	28	20	23	0	0	0	0	0	0	0	0	0	0	0	0	7714993	
75	1	A	5	N	2500	6	40	316	124	22	16	19	0	0	0	0	0	0	0	0	0	0	0	0	7724447	
76	1	A	5	N	2500	6	40	202	140	24	19	22	0	0	0	0	0	0	0	0	0	0	0	0	7724478	
77	1	A	5	N	2500	2	1	73	18	3	1	2	0	0	0	0	0	0	0	0	0	0	0	0	7724603	
78	1	A	5	N	2500	33	1	221	97	16	11	13	0	0	0	0	0	0	0	0	0	0	0	0	7724603	
79	1	A	5	N	2500	2	1	98	24	2	1	3	0	0	0	0	0	0	0	0	0	0	0	0	7727598	
80	1	A	5	N	2500	6	40	323	146	29	18	26	0	0	0	0	0	0	0	0	0	0	0	0	7728019	
81	1	A	6	N	2500	6	40	296	127	26	18	25	0	0	0	0	0	0	0	0	0	0	0	0	7737879	
82	1	A	6	N	2500	6	40	281	90	18	12	15	0	0	0	0	0	0	0	0	0	0	0	0	7738097	
83	1	A	6	N	2500	2	1	201	105	22	14	21	0	0	0	0	0	0	0	0	0	0	0	0	7739127	
84	1	A	6	N	2500	2	1	95	19	3	2	4	0	0	0	0	0	0	0	0	0	0	0	0	7739485	
85	1	A	6	N	2500	6	40	326	121	22	15	23	0	0	0	0	0	0	0	0	0	0	0	0	7740297	
86	1	A	6	N	2500	0	40	303	105	22	15	20	0	0	0	0	0	0	0	0	0	0	0	0	7740421	
87	1	A	6	N	2500	0	40	195	113	22	14	17	0	0	0	0	0	0	0	0	0	0	0	0	7741077	
88	1	A	6	N	2500	0	40	278	94	16	9	12	0	0	0	0	0	0	0	0	0	0	0	0	7741155	
89	1	A	6	N	2500	0	1	209	56	9	5	7	0	0	0	0	0	0	0	0	0	0	0	0	7741201	
90	1	A	6	N	2500	0	40	338	116	21	15	17	0	0	0	0	0	0	0	0	0	0	0	0	7741248	
91	1	A	6	N	2500	0	1	129	86	19	15	17	0	0	0	0	0	0	0	0	0	0	0	0	7741420	
92	1	A	6	N	2500	0	1	228	101	23	13	18	0	0	0	0	0	0	0	0	0	0	0	0	7741950	
93	1	A	6	N	2500	0	40	375	129	23	16	26	0	0	0	0	0	0	0	0	0	0	0	0	7742028	
94	1	A	6	N	2500	0	1	200	95	23	13	17	0	0	0	0	0	0	0	0	0	0	0	0	7742106	
95	1	A	6	N	2500	0	1	152	84	12	8	8	0	0	0	0	0	0	0	0	0	0	0	0	7742153	
96	1	A	6	N	2500	0	40	287	91	15	10	13	0	0	0	0	0	0	0	0	0	0	0	0	7742231	
97	1	A	6	N	2500	0	40	260	114	21	16	22	0	0	0	0	0	0	0	0	0	0	0	0	7742496	
98	1	A	6	N	2500	0	40	340	129	27	16	21	0	0	0	0	0	0	0	0	0	0	0	0	7742496	
99	1	A	6	N	2500	0	1	182	86	17	11	17	0	0	0	0	0	0	0	0	0	0	0	0	7744010	
100	1	A	7	N	2500	2	1	50	11	1	1	3	0	0	0	0	0	0	0	0	0	0	0	0	7751622	
101	1	A	8	N	2500	6	40	295	114	23	12	18	0	0	0	0	0	0	0	0	0	0	0	0	7766146	
102	1	A	8	N	2500	6	40	294	127	22	15	20	0	0	0	0	0	0	0	0	0	0	0	0	7766645	
103	1	A	8	N	2500	6	40	219	124	25	17	22	0	0	0	0	0	0	0	0	0	0	0	0	7767737	
104	1	A	8	N	2500	0	40	326	118	21	13	19	0	0	0	0	0	0	0	0	0	0	0	0	7767909	
105	1	A	8	N	2500	0	40	329	132	23	18	21	0	0	0	0	0	0	0	0	0	0	0	0	7768096	
106	1	A	8	N	2500	0	40	207	136	25	16	20	0	0	0	0	0	0	0	0	0	0	0	0	7768377	
107	1	A	8	N	2500	0	40	276	117	21	14	17	0	0	0	0	0	0	0	0	0	0	0	0	7768377	
108	1	A	8	N	2500	0	40	341	126	18	14	20	0	0	0	0	0	0	0	0	0	0	0	0	7768408	
109	1	A	8	N	2500	0	1	262	71	11	8	11	0	0	0	0	0	0	0	0	0	0	0	0	7768439	
110	1	A	8	N	2500	0	40	349	121	21	15	21	0	0	0	0	0	0	0	0	0	0	0	0	7768455	
111	1	A	8	N	2500	0	40	432	160	27	16	24	0	0	0	0	0	0	0	0	0	0	0	0	7768595	
112	1	A	8	N	2500	0	40	300	103	18	12	20	0	0	0	0	0	0	0	0	0	0	0	0	7768829	
113	1	A	8	N	2500	0	40	359	143	27	19	23	0	0	0	0	0	0	0	0	0	0	0	0	7769001	
114	1	A	8	N	2500	0	40	272	100	17	12	15	0	0	0	0	0	0	0	0	0	0	0	0	7769032	
115	1	A	8	N	2500	0	40	274	145	25	19	27	0	0	0	0	0	0	0	0	0	0	0	0	7769687	
116	1	A	8	N	2500	0	40	328	120	23	15	22	0	0	0	0	0	0	0	0	0	0	0	0	7769890	
117	1	A	8	N	2500	0	40	241	146	35	19	23	0	0	0	0	0	0	0	0	0	0	0	0	7769906	
118	1	A	8	N	2500	0	40	309	138	25	16	21	0	0	0	0	0	0	0	0	0	0	0	0	7769999	
119	1	A	8	N	2500	0	40	219	104	24	13	17	0	0	0	0	0	0	0	0	0	0	0	0	7770062	
120	1	A	8	N	2500	0	1	138	29	3	3	8	0	0	0	0	0	0	0	0	0	0	0	0	7770093	
121	1	A	8	N	2500	0	40	301	141	25	17	20	0	0	0	0	0	0	0	0	0	0	0	0	7770249	
122	1	A	8	N	2500	0	40	377	140	25	17	23	0	0	0	0	0	0	0	0	0	0	0	0	7770296	
123	1	A	8	N	2500	0	40	341	123	27	16	21	0	0	0	0	0	0	0	0	0	0	0	0	7770296	
124	1	A	8	N	2500	0	40	241	101	17	11	15	0	0	0	0	0	0	0	0	0	0	0	0	7770452	
125	1	A	8	N	2500	0	40	344	123	22	14	22	0	0	0	0	0	0	0	0	0	0	0	0	7770623	
126	1	A	8	N	2500	0	40	333	128	24	17	23	0	0	0	0	0	0	0	0	0	0	0	0	7771263	
127	1	A	8	N	2500	0	40	366	131	27	17	26	0	0	0	0	0	0	0	0	0	0	0	0	7771434	
128	1	A	8	N	2500	0	40	214	117	27	15	21	0	0	0	0	0	0	0	0	0	0	0	0	7771622	
129	1	A	10	N	2500	6	40	330	134	28	15	21	0	0	0	0	0	0	0	0	0	0	0	0	7795162	
130	1	A	10	N	2500	6	40	350	149	33	16	20	0	0	0	0	0	0	0	0	0	0	0	0	7796004	
131	1	A	10	N	2500	2	1	134	100	22	12	16	0	0	0	0	0	0	0	0	0	0	0	0	7796379	
132	1	A	10	N	2500	6	40	221	120	23	16	19	0	0	0	0	0	0	0	0	0	0	0	0	7796862	
133	1	A	10	N	2500	0	1	122	35	6	4	7	0	0	0	0	0	0	0	0	0	0	0	0	7796940	
134	1	A	10	N	2500	0	1	83	54	12	9	8	0	0	0	0	0	0	0	0	0	0	0	0	7796940	
135	1	A	10	N	2500	0	1	135	73	8	6	9	0	0	0	0	0	0	0	0	0	0	0	0	7797221	
136	1	A	10	N	2500	0	40	348	155	31	16	21	0	0	0	0	0	0	0	0	0	0	0	0	7797518	
137	1	A	10	N	2500	0	40	326	102	14	11	13	0	0	0	0	0	0	0	0	0	0	0	0	7797876	
138	1	A	10	N	2500	0	40	314	120	23	15	22	0	0	0	0	0	0	0	0	0	0	0	0	7798142	
139	1	A	10	N	2500	0	40	302	108	18	12	18	0	0	0	0	0	0	0	0	0	0	0	0	7798844	
140	1	A	10	N	2500	0	40	334	117	22	14	20	0	0	0	0	0	0	0	0	0	0	0	0	7799000	
141	1	A	10	N	2500	0	40	353	145	30	18	20	0	0	0	0	0	0	0	0	0	0	0	0	7799062	
142	1	A	10	N	2500	0	1	215	82	19	12	16	0	0	0	0	0	0	0	0	0	0	0	0	7799109	
143	1	A	10	N	2500	0	1	158	37	5	2	5	0	0	0	0	0	0	0	0	0	0	0	0	7799156	
144	1	A	10	N	2500	0	40	232	156	33	18	21	0	0	0	0	0	0	0	0	0	0	0	0	7799249	
145	1	A	10	N	2500	0	40	365	155	32	18	19	0	0	0	0	0	0	0	0	0	0	0	0	7799577	
146	1	A	10	N	2500	0	40	185	135	25	16	21	0	0	0	0	0	0	0	0	0	0	0	0	7799608	
147	1	A	10	N	2500	0	40	176	134	25	18	22	0	0	0	0	0	0	0	0	0	0	0	0	7799655	
148	1	A	10	N	2500	0	40	337	123	22	13	17	0	0	0	0	0	0	0	0	0	0	0	0	7799670	
149	1	A	10	N	2500	0	40	289	99	20	11	15	0	0	0	0	0	0	0	0	0	0	0	0	7799702	
150	1	A	10	N	2500	0	1	148	93	18	11	14	0	0	0	0	0	0	0	0	0	0	0	0	7800248	
151	1	A	10	N	2500	0	1	79	14	2	2	3	0	0	0	0	0	0	0	0	0	0	0	0	7800294	
152	1	A	11	N	2500	2	1	56	17	2	1	4	0	0	0	0	0	0	0	0	0	0	0	0	7811667	
153	1	A	12	N	2500	6	40	338	112	22	13	16	0	0	0	0	0	0	0	0	0	0	0	0	7824038	
154	1	A	12	N	2500	6	40	300	134	26	17	19	0	0	0	0	0	0	0	0	0	0	0	0	7824677	
155	1	A	12	N	2500	6	40	388	156	27	19	25	0	0	0	0	0	0	0	0	0	0	0	0	7824849	
156	1	A	12	N	2500	0	40	318	170	31	22	25	0	0	0	0	0	0	0	0	0	0	0	0	7825020	
157	1	A	12	N	2500	0	40	409	180	32	21	28	0	0	0	0	0	0	0	0	0	0	0	0	7825052	
158	1	A	12	N	2500	0	40	309	133	25	17	23	0	0	0	0	0	0	0	0	0	0	0	0	7825052	
159	1	A	12	N	2500	0	40	244	134	33	19	25	0	0	0	0	0	0	0	0	0	0	0	0	7825208	
160	1	A	12	N	2500	0	40	261	129	28	19	25	0	0	0	0	0	0	0	0	0	0	0	0	7825520	
161	1	A	12	N	2500	0	40	406	168	31	21	26	0	0	0	0	0	0	0	0	0	0	0	0	7825910	
162	1	A	12	N	2500	0	40	277	96	16	11	17	0	0	0	0	0	0	0	0	0	0	0	0	7826175	
163	1	A	12	N	2500	0	40	415	168	34	24	33	0	0	0	0	0	0	0	0	0	0	0	0	7827033	
164	1	A	12	N	2500	0	40	242	131	24	17	25	0	0	0	0	0	0	0	0	0	0	0	0	7827251	
165	1	A	12	N	2500	0	40	360	149	33	18	21	0	0	0	0	0	0	0	0	0	0	0	0	7828062	
166	1	A	12	N	2500	0	1	169	111	21	16	18	0	0	0	0	0	0	0	0	0	0	0	0	7828234	
167	1	A	12	N	2500	0	40	226	144	29	20	24	0	0	0	0	0	0	0	0	0	0	0	0	7828312	
168	1	A	12	N	2500	0	40	393	172	33	23	32	0	0	0	0	0	0	0	0	0	0	0	0	7828359	
169	1	A	12	N	2500	0	40	258	149	28	23	30	0	0	0	0	0	0	0	0	0	0	0	0	7828468	
170	1	A	12	N	2500	0	40	403	161	31	20	27	0	0	0	0	0	0	0	0	0	0	0	0	7828624	
171	1	B	2	N	2500	2	1	106	24	4	2	3	0	0	0	0	0	0	0	0	0	0	0	0	7853615	
172	1	B	2	N	2500	33	1	69	41	5	4	5	0	0	0	0	0	0	0	0	0	0	0	0	7853615	
173	1	B	2	N	2500	6	40	249	130	25	15	19	0	0	0	0	0	0	0	0	0	0	0	0	7854520	
174	1	B	2	N	2500	6	40	223	106	24	13	14	0	0	0	0	0	0	0	0	0	0	0	0	7854738	
175	1	B	2	N	2500	2	1	160	114	22	16	20	0	0	0	0	0	0	0	0	0	0	0	0	7854832	
176	1	B	2	N	2500	2	1	276	66	10	8	14	0	0	0	0	0	0	0	0	0	0	0	0	7855253	
177	1	B	2	N	2500	6	40	444	148	28	17	25	0	0	0	0	0	0	0	0	0	0	0	0	7855893	
178	1	B	2	N	2500	0	40	396	151	29	18	21	0	0	0	0	0	0	0	0	0	0	0	0	7856267	
179	1	B	2	N	2500	0	40	340	137	24	18	22	0	0	0	0	0	0	0	0	0	0	0	0	7856361	
180	1	B	2	N	2500	0	1	199	75	17	12	16	0	0	0	0	0	0	0	0	0	0	0	0	7856688	
181	1	B	2	N	2500	0	40	234	141	26	20	24	0	0	0	0	0	0	0	0	0	0	0	0	7857141	
182	1	B	2	N	2500	0	40	246	131	27	16	21	0	0	0	0	0	0	0	0	0	0	0	0	7858108	
183	1	B	2	N	2500	0	40	191	118	25	13	19	0	0	0	0	0	0	0	0	0	0	0	0	7858186	
184	1	B	2	N	2500	0	40	207	110	29	18	20	0	0	0	0	0	0	0	0	0	0	0	0	7859387	
185	1	B	2	N	2500	0	1	195	64	8	6	10	0	0	0	0	0	0	0	0	0	0	0	0	7859497	
186	1	B	2	N	2500	0	1	253	71	10	7	11	0	0	0	0	0	0	0	0	0	0	0	0	7860417	
187	1	B	4	N	2500	6	40	319	134	25	17	24	0	0	0	0	0	0	0	0	0	0	0	0	7882210	
188	1	B	4	N	2500	6	40	315	118	21	14	19	0	0	0	0	0	0	0	0	0	0	0	0	7882288	
189	1	B	4	N	2500	6	40	291	133	23	15	20	0	0	0	0	0	0	0	0	0	0	0	0	7882741	
190	1	B	4	N	2500	0	40	271	131	24	15	21	0	0	0	0	0	0	0	0	0	0	0	0	7883474	
191	1	B	4	N	2500	0	40	341	132	25	14	21	0	0	0	0	0	0	0	0	0	0	0	0	7883521	
192	1	B	4	N	2500	0	40	222	131	22	16	21	0	0	0	0	0	0	0	0	0	0	0	0	7884004	
193	1	B	4	N	2500	0	1	101	45	8	4	8	0	0	0	0	0	0	0	0	0	0	0	0	7884113	
194	1	B	4	N	2500	0	40	287	153	27	20	31	0	0	0	0	0	0	0	0	0	0	0	0	7884207	
195	1	B	4	N	2500	0	40	306	176	36	20	22	0	0	0	0	0	0	0	0	0	0	0	0	7884503	
196	1	B	4	N	2500	0	40	266	150	35	20	27	0	0	0	0	0	0	0	0	0	0	0	0	7884722	
197	1	B	4	N	2500	0	40	237	151	32	24	29	0	0	0	0	0	0	0	0	0	0	0	0	7885081	
198	1	B	4	N	2500	0	40	363	142	24	17	23	0	0	0	0	0	0	0	0	0	0	0	0	7885096	
199	1	B	4	N	2500	0	40	350	140	27	17	22	0	0	0	0	0	0	0	0	0	0	0	0	7885252	
200	1	B	4	N	2500	0	40	375	163	30	22	29	0	0	0	0	0	0	0	0	0	0	0	0	7885330	
201	1	B	4	N	2500	0	40	258	180	35	23	29	0	0	0	0	0	0	0	0	0	0	0	0	7885689	
202	1	B	4	N	2500	0	40	345	135	28	16	23	0	0	0	0	0	0	0	0	0	0	0	0	7886095	
203	1	B	4	N	2500	0	40	331	133	24	17	20	0	0	0	0	0	0	0	0	0	0	0	0	7886251	
204	1	B	4	N	2500	0	40	331	131	24	18	22	0	0	0	0	0	0	0	0	0	0	0	0	7886407	
205	1	B	4	N	2500	0	40	359	129	24	14	20	0	0	0	0	0	0	0	0	0	0	0	0	7886609	
206	1	B	4	N	2500	0	40	240	132	27	16	23	0	0	0	0	0	0	0	0	0	0	0	0	7886656	
207	1	B	4	N	2500	0	40	404	161	34	18	24	0	0	0	0	0	0	0	0	0	0	0	0	7886781	
208	1	B	4	N	2500	0	40	414	151	29	19	30	0	0	0	0	0	0	0	0	0	0	0	0	7887124	
209	1	B	4	N	2500	0	40	180	133	29	16	18	0	0	0	0	0	0	0	0	0	0	0	0	7887187	
210	1	B	4	N	2500	0	40	301	90	14	9	13	0	0	0	0	0	0	0	0	0	0	0	0	7887249	
211	1	B	4	N	2500	0	40	356	120	21	14	20	0	0	0	0	0	0	0	0	0	0	0	0	7887327	
212	1	B	4	N	2500	0	40	332	148	32	18	24	0	0	0	0	0	0	0	0	0	0	0	0	7887514	
213	1	B	4	N	2500	0	40	338	128	26	16	26	0	0	0	0	0	0	0	0	0	0	0	0	7888949	
214	1	B	4	N	2500	0	40	316	105	16	11	14	0	0	0	0	0	0	0	0	0	0	0	0	7889230	
215	1	B	5	N	2500	2	1	71	52	6	4	9	0	0	0	0	0	0	0	0	0	0	0	0	7898590	
216	1	B	6	N	2500	6	40	178	118	30	16	20	0	0	0	0	0	0	0	0	0	0	0	0	7911086	
217	1	B	6	N	2500	6	40	394	168	30	19	28	0	0	0	0	0	0	0	0	0	0	0	0	7911211	
218	1	B	6	N	2500	6	40	341	149	28	20	27	0	0	0	0	0	0	0	0	0	0	0	0	7911476	
219	1	B	6	N	2500	0	40	390	168	35	22	27	0	0	0	0	0	0	0	0	0	0	0	0	7912069	
220	1	B	6	N	2500	0	40	203	128	29	20	22	0	0	0	0	0	0	0	0	0	0	0	0	7912521	
221	1	B	6	N	2500	0	40	407	169	30	19	25	0	0	0	0	0	0	0	0	0	0	0	0	7913036	
222	1	B	6	N	2500	0	40	279	106	23	16	23	0	0	0	0	0	0	0	0	0	0	0	0	7913301	
223	1	B	6	N	2500	0	40	293	99	19	11	15	0	0	0	0	0	0	0	0	0	0	0	0	7914346	
224	1	B	6	N	2500	0	40	371	147	32	16	26	0	0	0	0	0	0	0	0	0	0	0	0	7914830	
225	1	B	6	N	2500	0	40	247	96	21	14	19	0	0	0	0	0	0	0	0	0	0	0	0	7914877	
226	1	B	6	N	2500	0	40	231	139	28	15	19	0	0	0	0	0	0	0	0	0	0	0	0	7915282	
227	1	B	6	N	2500	0	40	324	150	28	19	26	0	0	0	0	0	0	0	0	0	0	0	0	7915563	
228	1	B	6	N	2500	0	40	290	115	21	14	20	0	0	0	0	0	0	0	0	0	0	0	0	7916203	
229	1	B	6	N	2500	0	40	241	148	26	17	20	0	0	0	0	0	0	0	0	0	0	0	0	7916546	
230	1	B	6	N	2500	0	1	168	117	21	15	16	0	0	0	0	0	0	0	0	0	0	0	0	7916749	
231	1	B	6	N	2500	0	40	430	154	25	14	17	0	0	0	0	0	0	0	0	0	0	0	0	7916827	
232	1	B	6	N	2500	0	40	261	127	33	18	23	0	0	0	0	0	0	0	0	0	0	0	0	7916967	
233	1	B	6	N	2500	0	40	188	135	29	21	27	0	0	0	0	0	0	0	0	0	0	0	0	7917014	
234	1	B	6	N	2500	0	40	316	115	18	11	15	0	0	0	0	0	0	0	0	0	0	0	0	7917419	
235	1	B	8	N	2500	2	1	256	66	9	6	10	0	0	0	0	0	0	0	0	0	0	0	0	7940055	
236	1	B	8	N	2500	6	40	246	102	16	10	13	0	0	0	0	0	0	0	0	0	0	0	0	7942411	
237	1	B	8	N	2500	2	2	301	82	11	7	12	0	0	0	0	0	0	0	0	0	0	0	0	7943705	
238	1	B	8	N	2500	6	40	309	105	16	10	13	0	0	0	0	0	0	0	0	0	0	0	0	7943815	
239	1	B	8	N	2500	2	1	151	84	15	10	15	0	0	0	0	0	0	0	0	0	0	0	0	7944267	
240	1	B	8	N	2500	6	40	203	139	29	16	24	0	0	0	0	0	0	0	0	0	0	0	0	7944610	
241	1	B	8	N	2500	0	1	256	76	13	8	11	0	0	0	0	0	0	0	0	0	0	0	0	7944766	
242	1	B	8	N	2500	0	2	292	86	13	9	14	0	0	0	0	0	0	0	0	0	0	0	0	7944875	
243	1	B	8	N	2500	0	1	175	87	17	10	17	0	0	0	0	0	0	0	0	0	0	0	0	7945000	
244	1	B	8	N	2500	0	40	305	103	18	10	15	0	0	0	0	0	0	0	0	0	0	0	0	7945999	
245	1	B	9	N	2500	2	1	229	89	18	11	14	0	0	0	0	0	0	0	0	0	0	0	0	7955967	
246	1	B	9	N	2500	2	1	286	85	15	10	13	0	0	0	0	0	0	0	0	0	0	0	0	7958572	
247	1	B	9	N	2500	2	1	168	74	9	7	10	0	0	0	0	0	0	0	0	0	0	0	0	7958775	
248	1	B	10	N	2500	6	40	198	145	29	20	22	0	0	0	0	0	0	0	0	0	0	0	0	7968868	
249	1	B	10	N	2500	6	40	302	136	27	17	22	0	0	0	0	0	0	0	0	0	0	0	0	7970241	
250	1	B	10	N	2500	6	40	348	124	21	13	16	0	0	0	0	0	0	0	0	0	0	0	0	7970272	
251	1	B	10	N	2500	0	40	317	155	32	22	29	0	0	0	0	0	0	0	0	0	0	0	0	7971037	
252	1	B	10	N	2500	0	40	231	129	29	17	25	0	0	0	0	0	0	0	0	0	0	0	0	7971333	
253	1	B	10	N	2500	0	40	231	117	21	14	16	0	0	0	0	0	0	0	0	0	0	0	0	7971598	
254	1	B	10	N	2500	0	40	309	174	38	27	34	0	0	0	0	0	0	0	0	0	0	0	0	7971832	
255	1	B	10	N	2500	0	40	254	121	22	18	20	0	0	0	0	0	0	0	0	0	0	0	0	7972098	
256	1	B	10	N	2500	0	40	352	139	29	18	27	0	0	0	0	0	0	0	0	0	0	0	0	7972254	
257	1	B	10	N	2500	0	1	161	95	21	12	18	0	0	0	0	0	0	0	0	0	0	0	0	7972503	
258	1	B	10	N	2500	0	1	173	103	20	15	18	0	0	0	0	0	0	0	0	0	0	0	0	7972519	
259	1	B	10	N	2500	0	1	92	20	2	1	3	0	0	0	0	0	0	0	0	0	0	0	0	7972800	
260	1	B	10	N	2500	0	1	229	90	16	10	16	0	0	0	0	0	0	0	0	0	0	0	0	7972800	
261	1	B	10	N	2500	0	40	338	120	22	12	17	0	0	0	0	0	0	0	0	0	0	0	0	7972878	
262	1	B	10	N	2500	0	40	394	153	30	21	28	0	0	0	0	0	0	0	0	0	0	0	0	7973065	
263	1	B	10	N	2500	0	40	310	100	15	9	12	0	0	0	0	0	0	0	0	0	0	0	0	7973455	
264	1	B	10	N	2500	0	1	274	76	12	8	12	0	0	0	0	0	0	0	0	0	0	0	0	7973580	
265	1	B	10	N	2500	0	40	251	145	29	24	31	0	0	0	0	0	0	0	0	0	0	0	0	7973673	
266	1	B	10	N	2500	0	40	313	165	30	22	30	0	0	0	0	0	0	0	0	0	0	0	0	7974110	
267	1	B	10	N	2500	0	40	337	146	26	18	22	0	0	0	0	0	0	0	0	0	0	0	0	7974110	
268	1	B	10	N	2500	0	40	336	101	14	8	9	0	0	0	0	0	0	0	0	0	0	0	0	7974126	
269	1	B	10	N	2500	0	1	67	24	4	5	7	0	0	0	0	0	0	0	0	0	0	0	0	7975498	
270	1	B	10	N	2500	0	40	367	137	24	19	24	0	0	0	0	0	0	0	0	0	0	0	0	7975623	
271	1	B	11	N	2500	6	40	319	121	22	15	21	0	0	0	0	0	0	0	0	0	0	0	0	7984905	
272	1	B	11	N	2500	2	1	50	12	1	1	3	0	0	0	0	0	0	0	0	0	0	0	0	7986247	
273	1	B	11	N	2500	2	1	65	52	11	12	24	0	0	0	0	0	0	0	0	0	0	0	0	7988774	
274	1	B	12	N	2500	6	40	273	118	26	17	24	0	0	0	0	0	0	0	0	0	0	0	0	7998228	
275	1	B	12	N	2500	6	40	358	127	22	16	22	0	0	0	0	0	0	0	0	0	0	0	0	7998649	
276	1	B	12	N	2500	6	40	191	130	26	16	20	0	0	0	0	0	0	0	0	0	0	0	0	7998836	
277	1	B	12	N	2500	0	40	245	135	25	20	22	0	0	0	0	0	0	0	0	0	0	0	0	7999086	
278	1	B	12	N	2500	0	1	216	75	14	10	15	0	0	0	0	0	0	0	0	0	0	0	0	7999226	
279	1	B	12	N	2500	0	40	305	139	25	19	22	0	0	0	0	0	0	0	0	0	0	0	0	7999226	
280	1	B	12	N	2500	0	40	375	145	28	18	24	0	0	0	0	0	0	0	0	0	0	0	0	7999413	
281	1	B	12	N	2500	0	40	340	133	25	19	22	0	0	0	0	0	0	0	0	0	0	0	0	7999756	
282	1	B	12	N	2500	0	40	220	114	26	15	21	0	0	0	0	0	0	0	0	0	0	0	0	7999788	
283	1	B	12	N	2500	0	40	322	100	16	10	14	0	0	0	0	0	0	0	0	0	0	0	0	7999944	
284	1	B	12	N	2500	0	40	376	139	27	16	23	0	0	0	0	0	0	0	0	0	0	0	0	8000084	
285	1	B	12	N	2500	0	40	276	94	15	10	14	0	0	0	0	0	0	0	0	0	0	0	0	8000146	
286	1	B	12	N	2500	0	40	342	137	25	17	26	0	0	0	0	0	0	0	0	0	0	0	0	8000942	
287	1	B	12	N	2500	0	40	351	136	26	20	27	0	0	0	0	0	0	0	0	0	0	0	0	8001020	
288	1	B	12	N	2500	0	1	176	100	21	15	18	0	0	0	0	0	0	0	0	0	0	0	0	8001410	
289	1	B	12	N	2500	0	40	301	94	16	10	15	0	0	0	0	0	0	0	0	0	0	0	0	8001644	
290	1	B	12	N	2500	0	40	331	124	21	13	19	0	0	0	0	0	0	0	0	0	0	0	0	8001784	
291	1	B	12	N	2500	0	40	325	160	32	27	28	0	0	0	0	0	0	0	0	0	0	0	0	8001800	
292	1	B	12	N	2500	0	40	510	178	33	20	30	0	0	0	0	0	0	0	0	0	0	0	0	8002658	
293	1	B	12	N	2500	0	40	306	102	18	12	18	0	0	0	0	0	0	0	0	0	0	0	0	8002876	
294	1	B	12	N	2500	0	1	150	92	17	10	12	0	0	0	0	0	0	0	0	0	0	0	0	8003220	
295	1	B	12	N	2500	0	40	189	119	27	14	19	0	0	0	0	0	0	0	0	0	0	0	0	8003266	
296	1	B	12	N	2500	0	40	373	149	28	19	25	0	0	0	0	0	0	0	0	0	0	0	0	8003438	
297	1	B	12	N	2500	0	40	415	178	37	28	40	0	0	0	0	0	0	0	0	0	0	0	0	8003625	
298	1	B	12	N	2500	0	1	210	93	19	11	15	0	0	0	0	0	0	0	0	0	0	0	0	8003688	
299	1	B	12	N	2500	0	40	276	121	28	20	24	0	0	0	0	0	0	0	0	0	0	0	0	8004483	
300	1	C	2	N	2500	2	1	138	55	90	93	100	0	0	0	0	0	0	0	0	0	0	0	0	8030988	
301	1	C	2	N	2500	2	1	131	38	5	7	14	0	0	0	0	0	0	0	0	0	0	0	0	8031721	
302	1	C	4	N	2500	6	40	310	103	20	11	12	0	0	0	0	0	0	0	0	0	0	0	0	8057024	
303	1	C	4	N	2500	6	40	218	129	27	16	22	0	0	0	0	0	0	0	0	0	0	0	0	8057071	
304	1	C	4	N	2500	6	40	258	137	28	18	23	0	0	0	0	0	0	0	0	0	0	0	0	8057944	
305	1	C	4	N	2500	0	40	278	156	26	19	24	0	0	0	0	0	0	0	0	0	0	0	0	8058412	
306	1	C	4	N	2500	0	1	53	9	1	0	2	0	0	0	0	0	0	0	0	0	0	0	0	8058974	
307	1	C	4	N	2500	0	40	313	115	23	13	18	0	0	0	0	0	0	0	0	0	0	0	0	8059177	
308	1	C	4	N	2500	0	40	310	116	21	13	21	0	0	0	0	0	0	0	0	0	0	0	0	8059785	
309	1	C	4	N	2500	0	40	312	102	20	12	18	0	0	0	0	0	0	0	0	0	0	0	0	8060128	
310	1	C	4	N	2500	0	40	374	156	30	16	16	0	0	0	0	0	0	0	0	0	0	0	0	8060534	
311	1	C	4	N	2500	0	40	309	112	17	12	19	0	0	0	0	0	0	0	0	0	0	0	0	8060643	
312	1	C	4	N	2500	0	40	244	120	23	15	21	0	0	0	0	0	0	0	0	0	0	0	0	8060674	
313	1	C	4	N	2500	0	40	397	194	39	21	28	0	0	0	0	0	0	0	0	0	0	0	0	8061345	
314	1	C	4	N	2500	0	40	266	92	21	12	16	0	0	0	0	0	0	0	0	0	0	0	0	8061345	
315	1	C	4	N	2500	0	40	362	134	24	15	15	0	0	0	0	0	0	0	0	0	0	0	0	8061361	
316	1	C	4	N	2500	0	40	232	113	19	12	19	0	0	0	0	0	0	0	0	0	0	0	0	8061907	
317	1	C	4	N	2500	0	1	250	84	12	8	12	0	0	0	0	0	0	0	0	0	0	0	0	8062016	
318	1	C	4	N	2500	0	40	299	130	22	14	18	0	0	0	0	0	0	0	0	0	0	0	0	8062219	
319	1	C	4	N	2500	0	1	131	74	17	9	12	0	0	0	0	0	0	0	0	0	0	0	0	8062344	
320	1	C	4	N	2500	0	40	298	105	17	10	13	0	0	0	0	0	0	0	0	0	0	0	0	8062437	
321	1	C	4	N	2500	0	40	343	116	21	13	17	0	0	0	0	0	0	0	0	0	0	0	0	8062437	
322	1	C	4	N	2500	0	1	67	13	1	1	2	0	0	0	0	0	0	0	0	0	0	0	0	8062453	
323	1	C	4	N	2500	0	40	317	106	19	11	14	0	0	0	0	0	0	0	0	0	0	0	0	8062531	
324	1	C	4	N	2500	0	40	222	112	19	12	16	0	0	0	0	0	0	0	0	0	0	0	0	8062546	
325	1	C	4	N	2500	0	40	367	149	32	16	22	0	0	0	0	0	0	0	0	0	0	0	0	8062562	
326	1	C	4	N	2500	0	40	335	125	23	13	18	0	0	0	0	0	0	0	0	0	0	0	0	8062858	
327	1	C	4	N	2500	0	1	196	101	15	10	16	0	0	0	0	0	0	0	0	0	0	0	0	8063030	
328	1	C	4	N	2500	0	40	316	127	23	13	16	0	0	0	0	0	0	0	0	0	0	0	0	8063389	
329	1	C	4	N	2500	0	40	320	117	18	12	21	0	0	0	0	0	0	0	0	0	0	0	0	8064106	
330	1	C	6	N	2500	2	1	91	33	30	41	63	0	0	0	0	0	0	0	0	0	0	0	0	8085837	
331	1	C	6	N	2500	6	40	335	130	24	17	23	0	0	0	0	0	0	0	0	0	0	0	0	8086337	
332	1	C	6	N	2500	6	40	318	137	28	19	27	0	0	0	0	0	0	0	0	0	0	0	0	8087179	
333	1	C	6	N	2500	6	40	290	135	31	19	26	0	0	0	0	0	0	0	0	0	0	0	0	8087772	
334	1	C	6	N	2500	0	40	256	133	27	19	25	0	0	0	0	0	0	0	0	0	0	0	0	8087990	
335	1	C	6	N	2500	0	40	338	126	23	15	15	0	0	0	0	0	0	0	0	0	0	0	0	8088193	
336	1	C	6	N	2500	0	40	354	138	24	17	27	0	0	0	0	0	0	0	0	0	0	0	0	8088318	
337	1	C	6	N	2500	0	40	342	133	23	16	20	0	0	0	0	0	0	0	0	0	0	0	0	8088770	
338	1	C	6	N	2500	0	1	262	77	12	10	11	0	0	0	0	0	0	0	0	0	0	0	0	8088833	
339	1	C	6	N	2500	0	1	59	49	12	8	9	0	0	0	0	0	0	0	0	0	0	0	0	8088833	
340	1	C	6	N	2500	0	1	276	77	11	9	15	0	0	0	0	0	0	0	0	0	0	0	0	8088911	
341	1	C	6	N	2500	0	40	306	151	31	22	29	0	0	0	0	0	0	0	0	0	0	0	0	8089035	
342	1	C	6	N	2500	0	40	268	137	28	19	26	0	0	0	0	0	0	0	0	0	0	0	0	8089363	
343	1	C	6	N	2500	0	2	166	129	28	18	24	0	0	0	0	0	0	0	0	0	0	0	0	8089737	
344	1	C	6	N	2500	0	40	232	141	27	18	20	0	0	0	0	0	0	0	0	0	0	0	0	8089800	
345	1	C	6	N	2500	0	40	346	118	25	15	22	0	0	0	0	0	0	0	0	0	0	0	0	8090034	
346	1	C	6	N	2500	0	40	356	145	29	17	22	0	0	0	0	0	0	0	0	0	0	0	0	8090221	
347	1	C	6	N	2500	0	40	325	115	23	12	16	0	0	0	0	0	0	0	0	0	0	0	0	8091017	
348	1	C	6	N	2500	0	40	355	118	21	15	22	0	0	0	0	0	0	0	0	0	0	0	0	8091719	
349	1	C	6	N	2500	0	40	263	129	24	15	20	0	0	0	0	0	0	0	0	0	0	0	0	8091968	
350	1	C	7	N	2500	6	40	347	132	25	16	20	0	0	0	0	0	0	0	0	0	0	0	0	8102732	
351	1	C	8	N	2500	2	1	80	16	3	3	5	0	0	0	0	0	0	0	0	0	0	0	0	8114557	
352	1	C	8	N	2500	2	1	151	92	15	10	13	0	0	0	0	0	0	0	0	0	0	0	0	8114588	
353	1	C	8	N	2500	6	40	385	143	30	16	19	0	0	0	0	0	0	0	0	0	0	0	0	8114635	
354	1	C	8	N	2500	6	40	332	128	27	15	21	0	0	0	0	0	0	0	0	0	0	0	0	8115150	
355	1	C	8	N	2500	6	40	226	129	30	17	20	0	0	0	0	0	0	0	0	0	0	0	0	8115743	
356	1	C	8	N	2500	0	40	314	139	29	16	19	0	0	0	0	0	0	0	0	0	0	0	0	8116039	
357	1	C	8	N	2500	0	40	345	128	25	16	24	0	0	0	0	0	0	0	0	0	0	0	0	8116101	
358	1	C	8	N	2500	0	40	322	131	25	15	17	0	0	0	0	0	0	0	0	0	0	0	0	8116179	
359	1	C	8	N	2500	0	40	419	161	31	22	28	0	0	0	0	0	0	0	0	0	0	0	0	8116289	
360	1	C	8	N	2500	0	1	166	64	12	7	9	0	0	0	0	0	0	0	0	0	0	0	0	8116289	
361	1	C	8	N	2500	0	40	361	134	29	15	17	0	0	0	0	0	0	0	0	0	0	0	0	8116367	
362	1	C	8	N	2500	0	40	365	130	27	15	17	0	0	0	0	0	0	0	0	0	0	0	0	8116445	
363	1	C	8	N	2500	0	1	212	84	19	13	14	0	0	0	0	0	0	0	0	0	0	0	0	8116803	
364	1	C	8	N	2500	0	40	349	143	25	17	23	0	0	0	0	0	0	0	0	0	0	0	0	8116881	
365	1	C	8	N	2500	0	40	380	136	29	14	21	0	0	0	0	0	0	0	0	0	0	0	0	8116944	
366	1	C	8	N	2500	0	40	384	133	25	15	19	0	0	0	0	0	0	0	0	0	0	0	0	8116975	
367	1	C	8	N	2500	0	1	237	84	14	9	12	0	0	0	0	0	0	0	0	0	0	0	0	8117006	
368	1	C	8	N	2500	0	1	75	15	3	3	6	0	0	0	0	0	0	0	0	0	0	0	0	8117006	
369	1	C	8	N	2500	0	40	295	130	26	13	18	0	0	0	0	0	0	0	0	0	0	0	0	8117053	
370	1	C	8	N	2500	0	40	305	120	20	13	16	0	0	0	0	0	0	0	0	0	0	0	0	8117100	
371	1	C	8	N	2500	0	40	207	109	20	14	17	0	0	0	0	0	0	0	0	0	0	0	0	8117115	
372	1	C	8	N	2500	0	1	60	17	3	2	5	0	0	0	0	0	0	0	0	0	0	0	0	8117178	
373	1	C	8	N	2500	0	1	101	18	3	4	8	0	0	0	0	0	0	0	0	0	0	0	0	8117193	
374	1	C	8	N	2500	0	40	340	113	22	11	18	0	0	0	0	0	0	0	0	0	0	0	0	8117240	
375	1	C	8	N	2500	0	40	361	137	31	15	21	0	0	0	0	0	0	0	0	0	0	0	0	8117240	
376	1	C	8	N	2500	0	1	122	51	6	4	7	0	0	0	0	0	0	0	0	0	0	0	0	8117287	
377	1	C	8	N	2500	0	40	248	127	23	12	13	0	0	0	0	0	0	0	0	0	0	0	0	8117396	
378	1	C	8	N	2500	0	1	88	18	2	3	5	0	0	0	0	0	0	0	0	0	0	0	0	8117490	
379	1	C	8	N	2500	0	40	355	143	26	17	22	0	0	0	0	0	0	0	0	0	0	0	0	8117552	
380	1	C	8	N	2500	0	40	293	150	35	24	34	0	0	0	0	0	0	0	0	0	0	0	0	8117880	
381	1	C	8	N	2500	0	40	414	166	34	20	28	0	0	0	0	0	0	0	0	0	0	0	0	8117958	
382	1	C	8	N	2500	0	1	172	93	18	10	13	0	0	0	0	0	0	0	0	0	0	0	0	8117973	
383	1	C	8	N	2500	0	40	363	123	25	13	24	0	0	0	0	0	0	0	0	0	0	0	0	8118067	
384	1	C	8	N	2500	0	40	244	130	31	17	21	0	0	0	0	0	0	0	0	0	0	0	0	8118083	
385	1	C	8	N	2500	0	40	435	141	29	15	22	0	0	0	0	0	0	0	0	0	0	0	0	8118083	
386	1	C	8	N	2500	0	40	256	118	21	14	16	0	0	0	0	0	0	0	0	0	0	0	0	8118098	
387	1	C	8	N	2500	0	40	391	120	19	12	17	0	0	0	0	0	0	0	0	0	0	0	0	8118270	
388	1	C	8	N	2500	0	1	58	17	3	3	6	0	0	0	0	0	0	0	0	0	0	0	0	8118348	
389	1	C	8	N	2500	0	40	376	142	28	16	19	0	0	0	0	0	0	0	0	0	0	0	0	8118426	
390	1	C	8	N	2500	0	40	455	155	35	19	25	0	0	0	0	0	0	0	0	0	0	0	0	8118691	
391	1	C	8	N	2500	0	1	163	43	6	3	6	0	0	0	0	0	0	0	0	0	0	0	0	8118738	
392	1	C	8	N	2500	0	40	270	132	25	15	18	0	0	0	0	0	0	0	0	0	0	0	0	8118769	
393	1	C	8	N	2500	0	40	311	137	25	15	19	0	0	0	0	0	0	0	0	0	0	0	0	8119019	
394	1	C	8	N	2500	0	40	241	120	26	15	20	0	0	0	0	0	0	0	0	0	0	0	0	8119065	
395	1	C	8	N	2500	0	40	405	117	23	12	13	0	0	0	0	0	0	0	0	0	0	0	0	8119097	
396	1	C	8	N	2500	0	1	93	17	2	0	1	0	0	0	0	0	0	0	0	0	0	0	0	8119268	
397	1	C	8	N	2500	0	40	275	117	27	16	23	0	0	0	0	0	0	0	0	0	0	0	0	8119487	
398	1	C	8	N	2500	0	40	269	152	28	16	21	0	0	0	0	0	0	0	0	0	0	0	0	8119502	
399	1	C	8	N	2500	0	40	354	136	26	15	24	0	0	0	0	0	0	0	0	0	0	0	0	8119580	
400	1	C	8	N	2500	0	40	341	138	27	17	23	0	0	0	0	0	0	0	0	0	0	0	0	8119736	
401	1	C	8	N	2500	0	1	52	9	2	2	4	0	0	0	0	0	0	0	0	0	0	0	0	8119986	
402	1	C	8	N	2500	0	1	176	92	18	11	12	0	0	0	0	0	0	0	0	0	0	0	0	8120173	
403	1	C	8	N	2500	0	40	318	114	16	12	20	0	0	0	0	0	0	0	0	0	0	0	0	8120329	
404	1	C	8	N	2500	0	1	54	16	3	3	5	0	0	0	0	0	0	0	0	0	0	0	0	8120391	
405	1	C	8	N	2500	0	40	310	97	17	10	13	0	0	0	0	0	0	0	0	0	0	0	0	8120501	
406	1	C	8	N	2500	0	40	344	107	19	11	14	0	0	0	0	0	0	0	0	0	0	0	0	8120641	
407	1	C	8	N	2500	0	40	333	113	25	14	16	0	0	0	0	0	0	0	0	0	0	0	0	8120719	
408	1	C	8	N	2500	0	1	67	15	3	3	6	0	0	0	0	0	0	0	0	0	0	0	0	8120813	
409	1	C	9	N	2500	2	1	116	20	2	3	3	0	0	0	0	0	0	0	0	0	0	0	0	8133605	
410	1	C	9	N	2500	2	1	96	20	2	3	4	0	0	0	0	0	0	0	0	0	0	0	0	8133823	
411	1	C	9	N	2500	6	40	411	161	30	16	21	0	0	0	0	0	0	0	0	0	0	0	0	8134743	
412	1	C	10	N	2500	2	1	160	85	14	11	14	0	0	0	0	0	0	0	0	0	0	0	0	8144135	
413	1	C	10	N	2500	2	1	166	70	17	11	18	0	0	0	0	0	0	0	0	0	0	0	0	8145133	
414	1	C	10	N	2500	2	1	179	82	15	10	14	0	0	0	0	0	0	0	0	0	0	0	0	8145305	
415	1	C	10	N	2500	2	1	177	97	18	11	15	0	0	0	0	0	0	0	0	0	0	0	0	8147099	
416	1	C	10	N	2500	6	40	372	145	27	18	25	0	0	0	0	0	0	0	0	0	0	0	0	8149017	
417	1	C	10	N	2500	2	1	150	78	11	7	8	0	0	0	0	0	0	0	0	0	0	0	0	8149158	
418	1	C	11	N	2500	6	40	385	126	22	12	17	0	0	0	0	0	0	0	0	0	0	0	0	8157941	
419	1	C	12	N	2500	6	40	304	142	31	17	21	0	0	0	0	0	0	0	0	0	0	0	0	8172683	
420	1	C	12	N	2500	6	40	283	111	18	13	18	0	0	0	0	0	0	0	0	0	0	0	0	8172698	
421	1	C	12	N	2500	2	1	52	10	1	1	1	0	0	0	0	0	0	0	0	0	0	0	0	8172885	
422	1	C	12	N	2500	6	40	253	143	29	17	20	0	0	0	0	0	0	0	0	0	0	0	0	8174149	
423	1	C	12	N	2500	0	40	198	115	23	17	20	0	0	0	0	0	0	0	0	0	0	0	0	8175381	
424	1	C	12	N	2500	0	40	246	141	25	17	25	0	0	0	0	0	0	0	0	0	0	0	0	8175584	
425	1	C	12	N	2500	0	40	280	118	24	14	20	0	0	0	0	0	0	0	0	0	0	0	0	8175756	
426	1	C	12	N	2500	0	40	349	145	28	17	26	0	0	0	0	0	0	0	0	0	0	0	0	8176177	
427	1	C	12	N	2500	0	40	389	170	32	22	31	0	0	0	0	0	0	0	0	0	0	0	0	8176427	
428	1	C	12	N	2500	0	40	302	99	16	10	13	0	0	0	0	0	0	0	0	0	0	0	0	8176458	
429	1	C	12	N	2500	0	40	406	134	25	15	18	0	0	0	0	0	0	0	0	0	0	0	0	8176567	
430	1	C	12	N	2500	0	40	262	144	27	20	26	0	0	0	0	0	0	0	0	0	0	0	0	8176583	
431	1	C	12	N	2500	0	40	341	113	20	13	18	0	0	0	0	0	0	0	0	0	0	0	0	8176629	
432	1	C	12	N	2500	0	1	173	51	6	3	7	0	0	0	0	0	0	0	0	0	0	0	0	8176707	
433	1	C	12	N	2500	0	1	197	59	7	4	7	0	0	0	0	0	0	0	0	0	0	0	0	8177378	
434	1	C	12	N	2500	0	40	300	142	27	20	27	0	0	0	0	0	0	0	0	0	0	0	0	8177503	
435	1	C	12	N	2500	0	40	303	154	26	19	22	0	0	0	0	0	0	0	0	0	0	0	0	8177534	
436	1	D	1	N	2500	2	1	63	24	7	7	15	0	0	0	0	0	0	0	0	0	0	0	0	8191496	
437	1	D	2	N	2500	2	1	249	93	19	12	19	0	0	0	0	0	0	0	0	0	0	0	0	8204273	
438	1	D	2	N	2500	2	1	55	25	7	2	3	0	0	0	0	0	0	0	0	0	0	0	0	8205490	
439	1	D	2	N	2500	2	1	85	59	11	7	6	0	0	0	0	0	0	0	0	0	0	0	0	8205646	
440	1	D	2	N	2500	2	1	192	61	11	8	12	0	0	0	0	0	0	0	0	0	0	0	0	8205646	
441	1	D	2	N	2500	6	40	363	138	27	16	19	0	0	0	0	0	0	0	0	0	0	0	0	8207564	
442	1	D	2	N	2500	6	40	413	143	22	13	18	0	0	0	0	0	0	0	0	0	0	0	0	8207783	
443	1	D	2	N	2500	2	1	73	16	3	1	2	0	0	0	0	0	0	0	0	0	0	0	0	8208688	
444	1	D	2	N	2500	6	40	317	145	25	17	24	0	0	0	0	0	0	0	0	0	0	0	0	8209093	
445	1	D	2	N	2500	0	40	348	137	25	16	20	0	0	0	0	0	0	0	0	0	0	0	0	8209140	
446	1	D	2	N	2500	0	40	253	137	27	19	26	0	0	0	0	0	0	0	0	0	0	0	0	8209826	
447	1	D	4	N	2500	2	1	56	11	3	1	1	0	0	0	0	0	0	0	0	0	0	0	0	8231604	
448	1	D	4	N	2500	2	1	269	77	9	7	12	0	0	0	0	0	0	0	0	0	0	0	0	8234693	
449	1	D	4	N	2500	6	40	325	138	26	17	18	0	0	0	0	0	0	0	0	0	0	0	0	8234724	
450	1	D	4	N	2500	6	40	343	126	23	15	22	0	0	0	0	0	0	0	0	0	0	0	0	8235473	
451	1	D	4	N	2500	6	40	211	107	21	13	18	0	0	0	0	0	0	0	0	0	0	0	0	8235551	
452	1	D	4	N	2500	0	1	82	25	3	2	5	0	0	0	0	0	0	0	0	0	0	0	0	8236019	
453	1	D	4	N	2500	0	1	215	80	18	10	12	0	0	0	0	0	0	0	0	0	0	0	0	8236518	
454	1	D	4	N	2500	0	1	190	106	24	15	20	0	0	0	0	0	0	0	0	0	0	0	0	8236627	
455	1	D	4	N	2500	0	1	162	114	24	15	20	0	0	0	0	0	0	0	0	0	0	0	0	8236799	
456	1	D	4	N	2500	0	40	339	140	26	17	24	0	0	0	0	0	0	0	0	0	0	0	0	8236970	
457	1	D	4	N	2500	0	40	341	135	21	14	20	0	0	0	0	0	0	0	0	0	0	0	0	8237080	
458	1	D	4	N	2500	0	1	258	81	13	7	15	0	0	0	0	0	0	0	0	0	0	0	0	8238562	
459	1	D	5	N	2500	6	40	199	110	22	16	21	0	0	0	0	0	0	0	0	0	0	0	0	8249934	
460	1	D	6	N	2500	6	40	386	131	22	14	18	0	0	0	0	0	0	0	0	0	0	0	0	8260511	
461	1	D	6	N	2500	2	1	155	101	21	13	15	0	0	0	0	0	0	0	0	0	0	0	0	8260511	
462	1	D	6	N	2500	6	40	271	122	27	16	22	0	0	0	0	0	0	0	0	0	0	0	0	8261899	
463	1	D	6	N	2500	6	40	381	146	28	18	22	0	0	0	0	0	0	0	0	0	0	0	0	8262024	
464	1	D	6	N	2500	0	40	301	108	17	12	15	0	0	0	0	0	0	0	0	0	0	0	0	8262055	
465	1	D	6	N	2500	0	1	225	66	9	6	9	0	0	0	0	0	0	0	0	0	0	0	0	8262554	
466	1	D	6	N	2500	0	40	242	120	24	15	18	0	0	0	0	0	0	0	0	0	0	0	0	8263147	
467	1	D	6	N	2500	0	40	302	156	27	20	28	0	0	0	0	0	0	0	0	0	0	0	0	8263381	
468	1	D	6	N	2500	0	2	150	127	24	17	20	0	0	0	0	0	0	0	0	0	0	0	0	8263568	
469	1	D	6	N	2500	0	40	322	115	18	11	15	0	0	0	0	0	0	0	0	0	0	0	0	8263600	
470	1	D	6	N	2500	0	40	274	116	22	15	22	0	0	0	0	0	0	0	0	0	0	0	0	8263818	
471	1	D	6	N	2500	0	40	361	127	26	14	18	0	0	0	0	0	0	0	0	0	0	0	0	8264177	
472	1	D	6	N	2500	0	1	248	70	10	6	7	0	0	0	0	0	0	0	0	0	0	0	0	8264224	
473	1	D	6	N	2500	0	40	270	112	19	13	17	0	0	0	0	0	0	0	0	0	0	0	0	8264536	
474	1	D	6	N	2500	0	40	295	99	18	10	13	0	0	0	0	0	0	0	0	0	0	0	0	8264567	
475	1	D	6	N	2500	0	1	260	69	8	6	10	0	0	0	0	0	0	0	0	0	0	0	0	8264598	
476	1	D	6	N	2500	0	40	264	134	23	14	18	0	0	0	0	0	0	0	0	0	0	0	0	8264957	
477	1	D	6	N	2500	0	40	356	137	25	16	21	0	0	0	0	0	0	0	0	0	0	0	0	8264972	
478	1	D	6	N	2500	0	40	282	110	22	13	16	0	0	0	0	0	0	0	0	0	0	0	0	8265066	
479	1	D	6	N	2500	0	40	262	129	22	14	17	0	0	0	0	0	0	0	0	0	0	0	0	8265191	
480	1	D	6	N	2500	0	40	243	103	22	15	24	0	0	0	0	0	0	0	0	0	0	0	0	8265456	
481	1	D	6	N	2500	0	40	311	105	19	11	15	0	0	0	0	0	0	0	0	0	0	0	0	8265456	
482	1	D	6	N	2500	0	40	363	148	26	15	20	0	0	0	0	0	0	0	0	0	0	0	0	8266376	
483	1	D	6	N	2500	0	40	355	125	23	15	20	0	0	0	0	0	0	0	0	0	0	0	0	8266907	
484	1	D	6	N	2500	0	40	313	88	17	9	14	0	0	0	0	0	0	0	0	0	0	0	0	8267141	
485	1	D	6	N	2500	0	1	124	57	8	6	7	0	0	0	0	0	0	0	0	0	0	0	0	8267437	
486	1	D	6	N	2500	0	1	80	39	5	5	6	0	0	0	0	0	0	0	0	0	0	0	0	8267437	
487	1	D	7	N	2500	6	40	403	150	23	16	21	0	0	0	0	0	0	0	0	0	0	0	0	8274894	
488	1	D	7	N	2500	6	40	364	141	26	15	21	0	0	0	0	0	0	0	0	0	0	0	0	8276111	
489	1	D	8	N	2500	6	40	326	132	24	15	20	0	0	0	0	0	0	0	0	0	0	0	0	8289464	
490	1	D	8	N	2500	6	40	355	135	26	19	24	0	0	0	0	0	0	0	0	0	0	0	0	8289480	
491	1	D	8	N	2500	6	40	214	135	29	21	25	0	0	0	0	0	0	0	0	0	0	0	0	8291305	
492	1	D	8	N	2500	0	40	269	121	26	18	24	0	0	0	0	0	0	0	0	0	0	0	0	8292413	
493	1	D	8	N	2500	0	1	162	84	15	8	10	0	0	0	0	0	0	0	0	0	0	0	0	8293442	
494	1	D	8	N	2500	0	40	233	124	23	15	22	0	0	0	0	0	0	0	0	0	0	0	0	8293957	
495	1	D	8	N	2500	0	40	168	126	29	16	22	0	0	0	0	0	0	0	0	0	0	0	0	8294550	
496	1	D	8	N	2500	0	40	263	131	28	17	23	0	0	0	0	0	0	0	0	0	0	0	0	8294659	
497	1	D	8	N	2500	0	40	200	121	26	16	18	0	0	0	0	0	0	0	0	0	0	0	0	8296094	
498	1	D	8	N	2500	0	1	118	31	4	3	5	0	0	0	0	0	0	0	0	0	0	0	0	8296484	
499	1	D	9	N	2500	2	1	281	79	13	9	13	0	0	0	0	0	0	0	0	0	0	0	0	8304596	
500	1	D	10	N	2500	6	40	409	131	24	17	23	0	0	0	0	0	0	0	0	0	0	0	0	8320243	
501	1	D	10	N	2500	6	40	285	93	17	11	15	0	0	0	0	0	0	0	0	0	0	0	0	8320821	
502	1	D	10	N	2500	6	40	322	106	24	14	18	0	0	0	0	0	0	0	0	0	0	0	0	8321507	
503	1	D	10	N	2500	0	1	177	91	20	12	16	0	0	0	0	0	0	0	0	0	0	0	0	8321601	
504	1	D	10	N	2500	0	40	446	157	29	16	22	0	0	0	0	0	0	0	0	0	0	0	0	8321679	
505	1	D	10	N	2500	0	40	315	108	20	15	21	0	0	0	0	0	0	0	0	0	0	0	0	8321944	
506	1	D	10	N	2500	0	1	80	31	28	34	51	0	0	0	0	0	0	0	0	0	0	0	0	8322474	
507	1	D	10	N	2500	0	40	216	104	26	17	16	0	0	0	0	0	0	0	0	0	0	0	0	8323317	
508	1	D	10	N	2500	0	40	212	111	23	14	17	0	0	0	0	0	0	0	0	0	0	0	0	8323800	
509	1	D	11	N	2500	2	1	155	41	6	4	5	0	0	0	0	0	0	0	0	0	0	0	0	8334174	
510	1	D	12	N	2500	6	40	304	132	23	15	21	0	0	0	0	0	0	0	0	0	0	0	0	8348760	
511	1	D	12	N	2500	2	1	186	110	23	14	16	0	0	0	0	0	0	0	0	0	0	0	0	8349150	
512	1	D	12	N	2500	6	40	329	122	21	13	17	0	0	0	0	0	0	0	0	0	0	0	0	8349837	
513	1	D	12	N	2500	6	40	219	104	23	14	20	0	0	0	0	0	0	0	0	0	0	0	0	8349993	
514	1	D	12	N	2500	0	40	327	123	28	14	20	0	0	0	0	0	0	0	0	0	0	0	0	8350149	
515	1	D	12	N	2500	0	1	116	26	3	2	3	0	0	0	0	0	0	0	0	0	0	0	0	8350554	
516	1	D	12	N	2500	0	1	66	31	3	3	4	0	0	0	0	0	0	0	0	0	0	0	0	8350554	
517	1	D	12	N	2500	0	40	182	125	28	15	19	0	0	0	0	0	0	0	0	0	0	0	0	8350726	
518	1	D	12	N	2500	0	40	387	166	30	19	24	0	0	0	0	0	0	0	0	0	0	0	0	8351724	
519	1	D	12	N	2500	0	40	355	131	22	14	16	0	0	0	0	0	0	0	0	0	0	0	0	8352255	
520	1	D	12	N	2500	0	1	159	76	9	7	7	0	0	0	0	0	0	0	0	0	0	0	0	8353144	
521	1	E	2	N	2500	6	40	302	94	18	11	16	0	0	0	0	0	0	0	0	0	0	0	0	8378884	
522	1	E	2	N	2500	2	1	67	18	2	2	5	0	0	0	0	0	0	0	0	0	0	0	0	8379679	
523	1	E	2	N	2500	2	1	218	102	22	17	19	0	0	0	0	0	0	0	0	0	0	0	0	8380288	
524	1	E	2	N	2500	6	40	230	118	29	17	23	0	0	0	0	0	0	0	0	0	0	0	0	8380491	
525	1	E	2	N	2500	2	1	92	20	2	2	3	0	0	0	0	0	0	0	0	0	0	0	0	8381052	
526	1	E	2	N	2500	8	40	260	109	22	14	18	0	0	0	0	0	0	0	0	0	0	0	0	8381052	
527	1	E	2	N	2500	6	40	327	113	19	12	16	0	0	0	0	0	0	0	0	0	0	0	0	8381177	
528	1	E	2	N	2500	0	40	235	118	23	16	18	0	0	0	0	0	0	0	0	0	0	0	0	8381863	
529	1	E	2	N	2500	0	40	249	119	23	14	20	0	0	0	0	0	0	0	0	0	0	0	0	8381863	
530	1	E	2	N	2500	0	40	305	102	19	10	14	0	0	0	0	0	0	0	0	0	0	0	0	8381895	
531	1	E	2	N	2500	0	40	281	118	23	14	17	0	0	0	0	0	0	0	0	0	0	0	0	8381973	
532	1	E	2	N	2500	0	1	146	69	9	7	8	0	0	0	0	0	0	0	0	0	0	0	0	8382113	
533	1	E	2	N	2500	0	40	218	153	34	29	38	0	0	0	0	0	0	0	0	0	0	0	0	8382175	
534	1	E	2	N	2500	0	40	226	108	21	14	20	0	0	0	0	0	0	0	0	0	0	0	0	8382363	
535	1	E	2	N	2500	0	40	400	152	30	18	27	0	0	0	0	0	0	0	0	0	0	0	0	8382472	
536	1	E	3	N	2500	2	1	80	19	2	2	3	0	0	0	0	0	0	0	0	0	0	0	0	8391582	
537	1	E	4	N	2500	6	40	270	123	23	15	20	0	0	0	0	0	0	0	0	0	0	0	0	8406153	
538	1	E	4	N	2500	6	40	300	114	23	14	21	0	0	0	0	0	0	0	0	0	0	0	0	8406277	
539	1	E	4	N	2500	2	1	67	45	25	30	58	0	0	0	0	0	0	0	0	0	0	0	0	8407151	
540	1	E	4	N	2500	2	1	179	104	16	12	15	0	0	0	0	0	0	0	0	0	0	0	0	8407713	
541	1	E	4	N	2500	6	40	253	113	20	15	21	0	0	0	0	0	0	0	0	0	0	0	0	8408820	
542	1	E	4	N	2500	0	1	148	66	11	9	11	0	0	0	0	0	0	0	0	0	0	0	0	8409023	
543	1	E	4	N	2500	0	40	333	123	26	16	24	0	0	0	0	0	0	0	0	0	0	0	0	8409460	
544	1	E	4	N	2500	0	40	326	115	21	14	21	0	0	0	0	0	0	0	0	0	0	0	0	8409741	
545	1	E	4	N	2500	0	1	57	10	1	1	3	0	0	0	0	0	0	0	0	0	0	0	0	8410224	
546	1	E	4	N	2500	0	40	193	117	28	15	20	0	0	0	0	0	0	0	0	0	0	0	0	8410443	
547	1	E	4	N	2500	0	40	358	155	30	19	26	0	0	0	0	0	0	0	0	0	0	0	0	8411051	
548	1	E	4	N	2500	0	40	218	136	27	17	20	0	0	0	0	0	0	0	0	0	0	0	0	8411051	
549	1	E	4	N	2500	0	1	52	14	2	2	5	0	0	0	0	0	0	0	0	0	0	0	0	8412736	
550	1	E	6	N	2500	6	40	372	137	25	17	21	0	0	0	0	0	0	0	0	0	0	0	0	8436354	
551	1	E	6	N	2500	6	40	208	128	27	15	22	0	0	0	0	0	0	0	0	0	0	0	0	8438632	
552	1	E	6	N	2500	6	40	346	148	24	19	23	0	0	0	0	0	0	0	0	0	0	0	0	8439833	
553	1	E	6	N	2500	0	40	233	154	29	23	31	0	0	0	0	0	0	0	0	0	0	0	0	8441019	
554	1	E	6	N	2500	0	1	196	101	15	11	13	0	0	0	0	0	0	0	0	0	0	0	0	8441471	
555	1	E	8	N	2500	6	40	351	143	25	16	22	0	0	0	0	0	0	0	0	0	0	0	0	8466338	
556	1	E	8	N	2500	6	40	335	120	21	13	16	0	0	0	0	0	0	0	0	0	0	0	0	8466572	
557	1	E	8	N	2500	2	1	52	12	2	2	5	0	0	0	0	0	0	0	0	0	0	0	0	8467430	
558	1	E	8	N	2500	2	1	235	95	20	12	19	0	0	0	0	0	0	0	0	0	0	0	0	8469941	
559	1	E	10	N	2500	6	40	357	140	22	16	23	0	0	0	0	0	0	0	0	0	0	0	0	8494293	
560	1	E	10	N	2500	6	40	333	117	20	13	18	0	0	0	0	0	0	0	0	0	0	0	0	8495260	
561	1	E	10	N	2500	2	1	65	25	32	42	61	0	0	0	0	0	0	0	0	0	0	0	0	8495525	
562	1	E	10	N	2500	2	1	74	16	14	18	27	0	0	0	0	0	0	0	0	0	0	0	0	8495634	
563	1	E	10	N	2500	6	40	251	105	17	14	20	0	0	0	0	0	0	0	0	0	0	0	0	8496180	
564	1	E	10	N	2500	0	40	271	123	20	15	19	0	0	0	0	0	0	0	0	0	0	0	0	8496336	
565	1	E	10	N	2500	0	1	281	83	15	9	14	0	0	0	0	0	0	0	0	0	0	0	0	8496992	
566	1	E	10	N	2500	0	40	360	136	24	16	20	0	0	0	0	0	0	0	0	0	0	0	0	8497865	
567	1	E	10	N	2500	0	1	57	11	2	3	6	0	0	0	0	0	0	0	0	0	0	0	0	8499425	
568	1	E	12	N	2500	2	1	167	90	14	10	12	0	0	0	0	0	0	0	0	0	0	0	0	8521920	
569	1	E	12	N	2500	6	40	303	119	18	12	16	0	0	0	0	0	0	0	0	0	0	0	0	8522248	
570	1	E	12	N	2500	6	40	376	160	28	17	19	0	0	0	0	0	0	0	0	0	0	0	0	8523590	
571	1	E	12	N	2500	6	40	315	122	23	14	19	0	0	0	0	0	0	0	0	0	0	0	0	8524635	
572	1	E	12	N	2500	0	40	229	131	27	15	19	0	0	0	0	0	0	0	0	0	0	0	0	8525040	
573	1	E	12	N	2500	0	1	279	80	12	8	10	0	0	0	0	0	0	0	0	0	0	0	0	8525056	
574	1	E	12	N	2500	0	40	235	119	26	15	21	0	0	0	0	0	0	0	0	0	0	0	0	8525243	
575	1	E	12	N	2500	0	40	233	126	26	17	22	0	0	0	0	0	0	0	0	0	0	0	0	8525274	
576	1	E	12	N	2500	0	40	333	130	25	19	25	0	0	0	0	0	0	0	0	0	0	0	0	8525867	
577	1	E	12	N	2500	0	40	240	151	29	18	24	0	0	0	0	0	0	0	0	0	0	0	0	8526834	
578	1	E	12	N	2500	0	40	238	150	30	20	24	0	0	0	0	0	0	0	0	0	0	0	0	8527443	
579	1	F	1	N	2500	6	40	306	134	28	16	17	0	0	0	0	0	0	0	0	0	0	0	0	8541046	
580	1	F	2	N	2500	2	1	132	85	18	12	17	0	0	0	0	0	0	0	0	0	0	0	0	8552263	
581	1	F	2	N	2500	2	1	212	53	9	6	10	0	0	0	0	0	0	0	0	0	0	0	0	8552465	
582	1	F	2	N	2500	2	1	182	92	11	8	7	0	0	0	0	0	0	0	0	0	0	0	0	8552575	
583	1	F	2	N	2500	2	1	149	59	9	8	14	0	0	0	0	0	0	0	0	0	0	0	0	8552902	
584	1	F	2	N	2500	2	1	249	50	8	5	12	0	0	0	0	0	0	0	0	0	0	0	0	8553323	
585	1	F	2	N	2500	2	1	140	70	12	10	16	0	0	0	0	0	0	0	0	0	0	0	0	8553667	
586	1	F	2	N	2500	6	40	340	136	25	15	20	0	0	0	0	0	0	0	0	0	0	0	0	8554228	
587	1	F	2	N	2500	6	40	327	108	22	13	18	0	0	0	0	0	0	0	0	0	0	0	0	8554306	
588	1	F	2	N	2500	2	1	93	36	5	5	8	0	0	0	0	0	0	0	0	0	0	0	0	8554337	
589	1	F	2	N	2500	6	40	266	142	26	18	25	0	0	0	0	0	0	0	0	0	0	0	0	8554400	
590	1	F	2	N	2500	0	40	347	133	21	13	16	0	0	0	0	0	0	0	0	0	0	0	0	8554618	
591	1	F	2	N	2500	0	1	273	83	12	10	11	0	0	0	0	0	0	0	0	0	0	0	0	8554821	
592	1	F	2	N	2500	0	1	446	118	22	13	22	0	0	0	0	0	0	0	0	0	0	0	0	8554883	
593	1	F	2	N	2500	0	40	390	143	23	15	24	0	0	0	0	0	0	0	0	0	0	0	0	8554915	
594	1	F	2	N	2500	0	40	449	154	28	19	28	0	0	0	0	0	0	0	0	0	0	0	0	8554930	
595	1	F	2	N	2500	0	40	242	129	27	16	22	0	0	0	0	0	0	0	0	0	0	0	0	8554993	
596	1	F	2	N	2500	0	40	365	137	25	16	22	0	0	0	0	0	0	0	0	0	0	0	0	8554993	
597	1	F	2	N	2500	0	40	338	111	18	12	16	0	0	0	0	0	0	0	0	0	0	0	0	8555102	
598	1	F	2	N	2500	0	1	167	45	9	7	10	0	0	0	0	0	0	0	0	0	0	0	0	8555117	
599	1	F	2	N	2500	0	1	220	96	17	11	13	0	0	0	0	0	0	0	0	0	0	0	0	8555289	
600	1	F	2	N	2500	0	1	97	40	7	3	5	0	0	0	0	0	0	0	0	0	0	0	0	8555320	
601	1	F	2	N	2500	0	40	298	157	29	19	26	0	0	0	0	0	0	0	0	0	0	0	0	8555336	
602	1	F	2	N	2500	0	40	332	122	24	15	20	0	0	0	0	0	0	0	0	0	0	0	0	8555445	
603	1	F	2	N	2500	0	40	328	105	16	10	17	0	0	0	0	0	0	0	0	0	0	0	0	8555461	
604	1	F	2	N	2500	0	1	122	63	12	7	10	0	0	0	0	0	0	0	0	0	0	0	0	8555601	
605	1	F	2	N	2500	0	40	245	125	30	20	25	0	0	0	0	0	0	0	0	0	0	0	0	8555679	
606	1	F	2	N	2500	0	1	207	42	7	5	8	0	0	0	0	0	0	0	0	0	0	0	0	8555741	
607	1	F	2	N	2500	0	1	101	53	9	7	11	0	0	0	0	0	0	0	0	0	0	0	0	8556131	
608	1	F	2	N	2500	0	1	180	46	8	6	9	0	0	0	0	0	0	0	0	0	0	0	0	8556163	
609	1	F	2	N	2500	0	1	96	39	6	5	8	0	0	0	0	0	0	0	0	0	0	0	0	8556553	
610	1	F	2	N	2500	0	1	225	52	8	6	10	0	0	0	0	0	0	0	0	0	0	0	0	8556865	
611	1	F	2	N	2500	0	40	396	146	25	17	24	0	0	0	0	0	0	0	0	0	0	0	0	8556911	
612	1	F	2	N	2500	0	2	285	92	12	10	17	0	0	0	0	0	0	0	0	0	0	0	0	8556958	
613	1	F	2	N	2500	0	40	345	133	23	16	21	0	0	0	0	0	0	0	0	0	0	0	0	8556974	
614	1	F	2	N	2500	0	40	318	107	21	13	19	0	0	0	0	0	0	0	0	0	0	0	0	8556989	
615	1	F	2	N	2500	0	1	295	73	10	7	11	0	0	0	0	0	0	0	0	0	0	0	0	8557223	
616	1	F	2	N	2500	0	40	419	134	21	11	16	0	0	0	0	0	0	0	0	0	0	0	0	8557239	
617	1	F	2	N	2500	0	1	264	55	10	6	14	0	0	0	0	0	0	0	0	0	0	0	0	8557364	
618	1	F	2	N	2500	0	40	370	133	26	16	22	0	0	0	0	0	0	0	0	0	0	0	0	8557520	
619	1	F	2	N	2500	0	1	232	97	18	11	14	0	0	0	0	0	0	0	0	0	0	0	0	8557832	
620	1	F	2	N	2500	0	1	203	49	8	6	12	0	0	0	0	0	0	0	0	0	0	0	0	8558549	
621	1	F	2	N	2500	0	40	377	145	33	16	22	0	0	0	0	0	0	0	0	0	0	0	0	8558565	
622	1	F	4	N	2500	4	40	308	155	31	18	21	0	0	0	0	0	0	0	0	0	0	0	0	8580811	
623	1	F	4	N	2500	2	1	76	29	3	2	3	0	0	0	0	0	0	0	0	0	0	0	0	8580811	
624	1	F	4	N	2500	6	40	340	125	22	15	19	0	0	0	0	0	0	0	0	0	0	0	0	8581091	
625	1	F	4	N	2500	6	40	332	152	27	22	29	0	0	0	0	0	0	0	0	0	0	0	0	8581419	
626	1	F	4	N	2500	8	40	244	119	20	15	20	0	0	0	0	0	0	0	0	0	0	0	0	8581481	
627	1	F	4	N	2500	8	40	411	158	28	21	30	0	0	0	0	0	0	0	0	0	0	0	0	8581481	
628	1	F	4	N	2500	6	40	237	143	25	19	23	0	0	0	0	0	0	0	0	0	0	0	0	8581559	
629	1	F	4	N	2500	0	40	363	124	23	17	23	0	0	0	0	0	0	0	0	0	0	0	0	8581684	
630	1	F	4	N	2500	0	40	305	111	24	15	17	0	0	0	0	0	0	0	0	0	0	0	0	8582168	
631	1	F	4	N	2500	0	40	212	124	21	15	20	0	0	0	0	0	0	0	0	0	0	0	0	8582417	
632	1	F	4	N	2500	0	40	360	133	21	15	24	0	0	0	0	0	0	0	0	0	0	0	0	8583182	
633	1	F	4	N	2500	0	1	210	89	22	13	18	0	0	0	0	0	0	0	0	0	0	0	0	8583213	
634	1	F	4	N	2500	0	40	399	154	25	21	30	0	0	0	0	0	0	0	0	0	0	0	0	8583369	
635	1	F	4	N	2500	0	1	490	152	28	19	29	0	0	0	0	0	0	0	0	0	0	0	0	8583369	
636	1	F	4	N	2500	0	40	307	158	29	18	19	0	0	0	0	0	0	0	0	0	0	0	0	8583369	
637	1	F	4	N	2500	0	1	223	64	9	6	10	0	0	0	0	0	0	0	0	0	0	0	0	8583946	
638	1	F	4	N	2500	0	40	364	127	25	15	28	0	0	0	0	0	0	0	0	0	0	0	0	8583993	
639	1	F	4	N	2500	0	40	186	126	21	15	18	0	0	0	0	0	0	0	0	0	0	0	0	8584055	
640	1	F	4	N	2500	0	40	341	142	26	17	21	0	0	0	0	0	0	0	0	0	0	0	0	8584258	
641	1	F	4	N	2500	0	40	378	141	22	16	21	0	0	0	0	0	0	0	0	0	0	0	0	8584367	
642	1	F	4	N	2500	0	40	354	140	25	17	22	0	0	0	0	0	0	0	0	0	0	0	0	8584414	
643	1	F	4	N	2500	0	1	179	108	19	13	15	0	0	0	0	0	0	0	0	0	0	0	0	8584555	
644	1	F	4	N	2500	0	40	300	155	29	18	25	0	0	0	0	0	0	0	0	0	0	0	0	8584601	
645	1	F	4	N	2500	0	40	306	105	21	11	13	0	0	0	0	0	0	0	0	0	0	0	0	8584820	
646	1	F	4	N	2500	0	1	151	96	23	16	19	0	0	0	0	0	0	0	0	0	0	0	0	8584835	
647	1	F	4	N	2500	0	40	180	119	19	13	18	0	0	0	0	0	0	0	0	0	0	0	0	8584991	
648	1	F	4	N	2500	0	1	560	281	54	39	48	0	0	0	0	0	0	0	0	0	0	0	0	8585023	
649	1	F	4	N	2500	0	40	377	134	23	16	20	0	0	0	0	0	0	0	0	0	0	0	0	8585069	
650	1	F	4	N	2500	0	40	400	141	29	20	27	0	0	0	0	0	0	0	0	0	0	0	0	8585085	
651	1	F	4	N	2500	0	40	389	165	34	23	29	0	0	0	0	0	0	0	0	0	0	0	0	8585225	
652	1	F	4	N	2500	0	40	338	134	25	14	21	0	0	0	0	0	0	0	0	0	0	0	0	8585241	
653	1	F	4	N	2500	0	40	291	119	20	14	19	0	0	0	0	0	0	0	0	0	0	0	0	8585413	
654	1	F	4	N	2500	0	40	211	133	25	19	24	0	0	0	0	0	0	0	0	0	0	0	0	8585475	
655	1	F	4	N	2500	0	40	289	132	25	21	29	0	0	0	0	0	0	0	0	0	0	0	0	8585553	
656	1	F	4	N	2500	0	40	412	163	27	17	21	0	0	0	0	0	0	0	0	0	0	0	0	8585600	
657	1	F	4	N	2500	0	40	377	144	24	15	19	0	0	0	0	0	0	0	0	0	0	0	0	8585756	
658	1	F	4	N	2500	0	40	370	132	23	15	19	0	0	0	0	0	0	0	0	0	0	0	0	8585912	
659	1	F	4	N	2500	0	40	311	140	25	19	25	0	0	0	0	0	0	0	0	0	0	0	0	8585943	
660	1	F	4	N	2500	0	40	232	135	24	19	23	0	0	0	0	0	0	0	0	0	0	0	0	8585974	
661	1	F	4	N	2500	0	40	321	131	26	15	21	0	0	0	0	0	0	0	0	0	0	0	0	8585990	
662	1	F	4	N	2500	0	40	348	126	20	15	22	0	0	0	0	0	0	0	0	0	0	0	0	8586661	
663	1	F	5	N	2500	2	1	139	34	5	1	4	0	0	0	0	0	0	0	0	0	0	0	0	8595958	
664	1	F	5	N	2500	6	40	332	140	23	18	23	0	0	0	0	0	0	0	0	0	0	0	0	8596270	
665	1	F	6	N	2500	6	40	263	113	21	16	22	0	0	0	0	0	0	0	0	0	0	0	0	8609078	
666	1	F	6	N	2500	6	40	279	119	24	15	18	0	0	0	0	0	0	0	0	0	0	0	0	8610513	
667	1	F	6	N	2500	2	1	182	108	16	11	17	0	0	0	0	0	0	0	0	0	0	0	0	8612338	
668	1	F	6	N	2500	6	40	387	146	23	18	27	0	0	0	0	0	0	0	0	0	0	0	0	8612525	
669	1	F	6	N	2500	0	40	353	130	23	16	23	0	0	0	0	0	0	0	0	0	0	0	0	8613352	
670	1	F	6	N	2500	0	40	199	118	21	15	21	0	0	0	0	0	0	0	0	0	0	0	0	8613461	
671	1	F	6	N	2500	0	40	345	128	24	16	21	0	0	0	0	0	0	0	0	0	0	0	0	8613789	
672	1	F	6	N	2500	0	40	228	116	19	14	21	0	0	0	0	0	0	0	0	0	0	0	0	8613976	
673	1	F	6	N	2500	0	40	379	146	25	16	22	0	0	0	0	0	0	0	0	0	0	0	0	8614694	
674	1	F	6	N	2500	0	40	239	123	18	15	18	0	0	0	0	0	0	0	0	0	0	0	0	8614725	
675	1	F	6	N	2500	0	40	329	118	18	13	21	0	0	0	0	0	0	0	0	0	0	0	0	8614772	
676	1	F	6	N	2500	0	1	216	90	15	11	15	0	0	0	0	0	0	0	0	0	0	0	0	8614975	
677	1	F	6	N	2500	0	40	307	109	19	14	23	0	0	0	0	0	0	0	0	0	0	0	0	8615505	
678	1	F	6	N	2500	0	40	205	119	25	14	19	0	0	0	0	0	0	0	0	0	0	0	0	8615599	
679	1	F	6	N	2500	0	40	212	109	19	15	20	0	0	0	0	0	0	0	0	0	0	0	0	8615926	
680	1	F	8	N	2500	2	1	236	86	18	12	17	0	0	0	0	0	0	0	0	0	0	0	0	8640543	
681	1	F	8	N	2500	6	40	251	115	20	14	18	0	0	0	0	0	0	0	0	0	0	0	0	8640699	
682	1	F	8	N	2500	6	40	278	127	24	17	20	0	0	0	0	0	0	0	0	0	0	0	0	8642821	
683	1	F	8	N	2500	2	1	171	67	7	7	8	0	0	0	0	0	0	0	0	0	0	0	0	8643070	
684	1	F	10	N	2500	2	1	122	101	26	14	16	0	0	0	0	0	0	0	0	0	0	0	0	8667765	
685	1	F	10	N	2500	6	40	343	136	24	16	21	0	0	0	0	0	0	0	0	0	0	0	0	8668701	
686	1	F	10	N	2500	6	40	237	122	27	15	19	0	0	0	0	0	0	0	0	0	0	0	0	8668717	
687	1	F	10	N	2500	2	1	72	12	1	1	2	0	0	0	0	0	0	0	0	0	0	0	0	8668888	
688	1	F	10	N	2500	6	40	290	139	30	20	26	0	0	0	0	0	0	0	0	0	0	0	0	8670339	
689	1	F	10	N	2500	0	40	307	123	24	16	21	0	0	0	0	0	0	0	0	0	0	0	0	8671166	
690	1	F	10	N	2500	0	1	164	96	16	11	13	0	0	0	0	0	0	0	0	0	0	0	0	8671182	
691	1	F	10	N	2500	0	40	391	112	20	12	18	0	0	0	0	0	0	0	0	0	0	0	0	8671540	
692	1	F	10	N	2500	0	40	224	143	28	17	18	0	0	0	0	0	0	0	0	0	0	0	0	8671837	
693	1	F	10	N	2500	0	40	338	119	19	13	15	0	0	0	0	0	0	0	0	0	0	0	0	8671946	
694	1	F	10	N	2500	0	40	253	114	18	14	18	0	0	0	0	0	0	0	0	0	0	0	0	8672788	
695	1	F	11	N	2500	2	1	53	15	2	2	3	0	0	0	0	0	0	0	0	0	0	0	0	8687764	
696	1	F	12	N	2500	6	40	308	111	21	13	18	0	0	0	0	0	0	0	0	0	0	0	0	8697468	
697	1	F	12	N	2500	6	40	217	131	27	16	22	0	0	0	0	0	0	0	0	0	0	0	0	8697655	
698	1	F	12	N	2500	6	40	281	93	17	11	16	0	0	0	0	0	0	0	0	0	0	0	0	8698778	
699	1	F	12	N	2500	0	40	177	122	28	20	26	0	0	0	0	0	0	0	0	0	0	0	0	8699152	
700	1	F	12	N	2500	0	40	324	131	28	16	20	0	0	0	0	0	0	0	0	0	0	0	0	8699886	
701	1	F	12	N	2500	0	40	339	139	27	16	21	0	0	0	0	0	0	0	0	0	0	0	0	8699932	
702	1	F	12	N	2500	0	40	413	138	23	15	25	0	0	0	0	0	0	0	0	0	0	0	0	8700088	
703	1	F	12	N	2500	0	1	186	94	17	11	12	0	0	0	0	0	0	0	0	0	0	0	0	8700400	
704	1	F	12	N	2500	0	40	410	153	27	17	21	0	0	0	0	0	0	0	0	0	0	0	0	8700572	
705	1	F	12	N	2500	0	1	171	92	23	14	18	0	0	0	0	0	0	0	0	0	0	0	0	8700775	
706	1	F	12	N	2500	0	40	340	131	25	16	26	0	0	0	0	0	0	0	0	0	0	0	0	8700993	
707	1	F	12	N	2500	0	40	258	116	20	17	22	0	0	0	0	0	0	0	0	0	0	0	0	8701134	
708	1	G	2	N	2500	6	40	269	100	18	12	18	0	0	0	0	0	0	0	0	0	0	0	0	8729198	
709	1	G	2	N	2500	6	40	319	109	17	11	15	0	0	0	0	0	0	0	0	0	0	0	0	8730103	
710	1	G	2	N	2500	6	40	367	154	27	17	23	0	0	0	0	0	0	0	0	0	0	0	0	8731164	
711	1	G	2	N	2500	0	40	403	141	25	18	27	0	0	0	0	0	0	0	0	0	0	0	0	8731522	
712	1	G	2	N	2500	0	40	210	136	26	18	26	0	0	0	0	0	0	0	0	0	0	0	0	8731647	
713	1	G	3	N	2500	2	1	56	17	2	3	4	0	0	0	0	0	0	0	0	0	0	0	0	8746311	
714	1	G	3	N	2500	2	1	98	35	9	9	18	0	0	0	0	0	0	0	0	0	0	0	0	8747107	
715	1	G	4	N	2500	2	1	65	20	6	0	2	0	0	0	0	0	0	0	0	0	0	0	0	8755266	
716	1	G	4	N	2500	6	40	370	118	20	14	23	0	0	0	0	0	0	0	0	0	0	0	0	8755359	
717	1	G	4	N	2500	6	40	352	135	23	16	19	0	0	0	0	0	0	0	0	0	0	0	0	8757262	
718	1	G	4	N	2500	2	1	264	75	12	8	9	0	0	0	0	0	0	0	0	0	0	0	0	8757496	
719	1	G	4	N	2500	6	40	195	131	23	18	26	0	0	0	0	0	0	0	0	0	0	0	0	8758994	
720	1	G	4	N	2500	0	40	375	136	24	17	25	0	0	0	0	0	0	0	0	0	0	0	0	8759119	
721	1	G	4	N	2500	0	40	318	100	16	10	16	0	0	0	0	0	0	0	0	0	0	0	0	8759587	
722	1	G	4	N	2500	0	40	417	138	25	16	22	0	0	0	0	0	0	0	0	0	0	0	0	8760850	
723	1	G	4	N	2500	0	40	201	133	28	16	20	0	0	0	0	0	0	0	0	0	0	0	0	8760975	
724	1	G	6	N	2500	6	40	310	109	21	12	17	0	0	0	0	0	0	0	0	0	0	0	0	8784063	
725	1	G	6	N	2500	6	40	332	121	18	10	15	0	0	0	0	0	0	0	0	0	0	0	0	8784266	
726	1	G	6	N	2500	6	40	216	122	25	17	19	0	0	0	0	0	0	0	0	0	0	0	0	8784719	
727	1	G	6	N	2500	0	1	73	13	2	3	5	0	0	0	0	0	0	0	0	0	0	0	0	8785062	
728	1	G	6	N	2500	0	1	202	55	8	5	7	0	0	0	0	0	0	0	0	0	0	0	0	8786419	
729	1	G	6	N	2500	0	1	126	54	6	4	6	0	0	0	0	0	0	0	0	0	0	0	0	8787137	
730	1	G	7	N	2500	2	1	133	29	3	2	3	0	0	0	0	0	0	0	0	0	0	0	0	8798244	
731	1	G	7	N	2500	6	40	292	97	16	10	12	0	0	0	0	0	0	0	0	0	0	0	0	8800365	
732	1	G	7	N	2500	2	1	205	75	10	7	8	0	0	0	0	0	0	0	0	0	0	0	0	8801613	
733	1	G	8	N	2500	2	1	204	70	8	6	6	0	0	0	0	0	0	0	0	0	0	0	0	8812549	
734	1	G	8	N	2500	6	40	230	115	27	15	18	0	0	0	0	0	0	0	0	0	0	0	0	8812596	
735	1	G	8	N	2500	6	40	298	116	19	11	18	0	0	0	0	0	0	0	0	0	0	0	0	8813532	
736	1	G	8	N	2500	2	1	52	17	0	0	0	0	0	0	0	0	0	0	0	0	0	0	0	8813859	
737	1	G	8	N	2500	6	40	326	126	23	14	16	0	0	0	0	0	0	0	0	0	0	0	0	8815357	
738	1	G	8	N	2500	0	40	347	130	22	15	20	0	0	0	0	0	0	0	0	0	0	0	0	8816340	
739	1	G	8	N	2500	0	1	201	98	16	11	13	0	0	0	0	0	0	0	0	0	0	0	0	8817385	
740	1	G	8	N	2500	0	1	156	38	4	2	3	0	0	0	0	0	0	0	0	0	0	0	0	8817635	
741	1	G	8	N	2500	0	1	53	10	1	1	2	0	0	0	0	0	0	0	0	0	0	0	0	8817806	
742	1	G	8	N	2500	0	40	266	126	31	16	23	0	0	0	0	0	0	0	0	0	0	0	0	8817822	
743	1	G	8	N	2500	0	1	226	99	14	11	13	0	0	0	0	0	0	0	0	0	0	0	0	8818196	
744	1	G	8	N	2500	0	1	173	95	14	10	11	0	0	0	0	0	0	0	0	0	0	0	0	8818805	
745	1	G	9	N	2500	6	40	335	114	19	11	12	0	0	0	0	0	0	0	0	0	0	0	0	8828835	
746	1	G	9	N	2500	6	40	308	93	14	8	11	0	0	0	0	0	0	0	0	0	0	0	0	8829756	
747	1	G	10	N	2500	6	40	203	127	20	19	23	0	0	0	0	0	0	0	0	0	0	0	0	8841799	
748	1	G	10	N	2500	6	40	209	131	23	17	20	0	0	0	0	0	0	0	0	0	0	0	0	8843733	
749	1	G	10	N	2500	6	40	316	101	22	13	19	0	0	0	0	0	0	0	0	0	0	0	0	8843827	
750	1	G	10	N	2500	0	40	358	139	27	20	24	0	0	0	0	0	0	0	0	0	0	0	0	8844389	
751	1	G	10	N	2500	0	40	234	103	19	14	18	0	0	0	0	0	0	0	0	0	0	0	0	8844513	
752	1	G	10	N	2500	0	1	82	23	4	3	5	0	0	0	0	0	0	0	0	0	0	0	0	8844560	
753	1	G	10	N	2500	0	40	303	104	19	12	18	0	0	0	0	0	0	0	0	0	0	0	0	8844576	
754	1	G	10	N	2500	0	40	173	126	29	17	24	0	0	0	0	0	0	0	0	0	0	0	0	8844716	
755	1	G	10	N	2500	0	40	186	132	23	17	24	0	0	0	0	0	0	0	0	0	0	0	0	8844950	
756	1	G	10	N	2500	0	40	186	133	26	21	24	0	0	0	0	0	0	0	0	0	0	0	0	8845028	
757	1	G	10	N	2500	0	40	376	143	27	20	30	0	0	0	0	0	0	0	0	0	0	0	0	8845465	
758	1	G	10	N	2500	0	40	304	124	24	18	20	0	0	0	0	0	0	0	0	0	0	0	0	8845527	
759	1	G	10	N	2500	0	40	354	164	29	24	31	0	0	0	0	0	0	0	0	0	0	0	0	8845590	
760	1	G	10	N	2500	0	40	319	131	23	16	19	0	0	0	0	0	0	0	0	0	0	0	0	8845793	
761	1	G	10	N	2500	0	40	374	138	26	18	26	0	0	0	0	0	0	0	0	0	0	0	0	8845871	
762	1	G	10	N	2500	0	40	322	108	19	12	16	0	0	0	0	0	0	0	0	0	0	0	0	8845995	
763	1	G	10	N	2500	0	40	331	138	24	18	24	0	0	0	0	0	0	0	0	0	0	0	0	8846183	
764	1	G	10	N	2500	0	40	393	129	25	17	23	0	0	0	0	0	0	0	0	0	0	0	0	8846229	
765	1	G	10	N	2500	0	40	420	173	33	25	35	0	0	0	0	0	0	0	0	0	0	0	0	8846339	
766	1	G	10	N	2500	0	40	214	136	29	21	24	0	0	0	0	0	0	0	0	0	0	0	0	8846463	
767	1	G	10	N	2500	0	40	376	125	24	14	21	0	0	0	0	0	0	0	0	0	0	0	0	8846510	
768	1	G	10	N	2500	0	40	377	157	29	24	28	0	0	0	0	0	0	0	0	0	0	0	0	8846729	
769	1	G	10	N	2500	0	40	337	138	27	17	21	0	0	0	0	0	0	0	0	0	0	0	0	8846900	
770	1	G	10	N	2500	0	40	425	172	33	25	30	0	0	0	0	0	0	0	0	0	0	0	0	8847290	
771	1	G	10	N	2500	0	40	307	115	19	17	22	0	0	0	0	0	0	0	0	0	0	0	0	8847665	
772	1	G	11	N	2500	2	1	130	59	9	8	13	0	0	0	0	0	0	0	0	0	0	0	0	8855730	
773	1	G	11	N	2500	6	40	295	97	17	10	16	0	0	0	0	0	0	0	0	0	0	0	0	8857664	
774	1	G	11	N	2500	6	40	412	136	23	17	20	0	0	0	0	0	0	0	0	0	0	0	0	8860145	
775	1	G	12	N	2500	6	40	524	203	39	31	42	0	0	0	0	0	0	0	0	0	0	0	0	8872703	
776	1	G	12	N	2500	2	1	145	75	12	9	13	0	0	0	0	0	0	0	0	0	0	0	0	8873592	
777	1	G	12	N	2500	6	40	210	118	29	17	25	0	0	0	0	0	0	0	0	0	0	0	0	8874684	
778	1	G	12	N	2500	2	1	52	19	5	6	10	0	0	0	0	0	0	0	0	0	0	0	0	8875011	
779	1	G	12	N	2500	6	40	253	136	27	21	25	0	0	0	0	0	0	0	0	0	0	0	0	8875261	
780	1	G	12	N	2500	0	40	326	139	25	19	25	0	0	0	0	0	0	0	0	0	0	0	0	8875464	
781	1	G	12	N	2500	0	1	216	90	15	11	15	0	0	0	0	0	0	0	0	0	0	0	0	8875901	
782	1	G	12	N	2500	0	40	203	122	25	15	20	0	0	0	0	0	0	0	0	0	0	0	0	8875979	
783	1	H	2	N	2500	6	40	321	115	19	14	17	0	0	0	0	0	0	0	0	0	0	0	0	8902530	
784	1	H	2	N	2500	6	40	319	115	19	12	18	0	0	0	0	0	0	0	0	0	0	0	0	8902967	
785	1	H	2	N	2500	2	1	178	87	15	12	14	0	0	0	0	0	0	0	0	0	0	0	0	8903684	
786	1	H	2	N	2500	6	40	345	127	25	14	19	0	0	0	0	0	0	0	0	0	0	0	0	8904589	
787	1	H	2	N	2500	0	1	186	111	18	12	16	0	0	0	0	0	0	0	0	0	0	0	0	8904839	
788	1	H	2	N	2500	0	40	326	123	19	13	16	0	0	0	0	0	0	0	0	0	0	0	0	8905088	
789	1	H	2	N	2500	0	40	327	107	20	13	17	0	0	0	0	0	0	0	0	0	0	0	0	8905276	
790	1	H	2	N	2500	0	40	231	138	26	16	22	0	0	0	0	0	0	0	0	0	0	0	0	8905291	
791	1	H	2	N	2500	0	40	247	118	23	15	18	0	0	0	0	0	0	0	0	0	0	0	0	8905307	
792	1	H	2	N	2500	0	40	297	108	15	11	20	0	0	0	0	0	0	0	0	0	0	0	0	8905338	
793	1	H	4	N	2500	2	1	237	75	14	8	10	0	0	0	0	0	0	0	0	0	0	0	0	8930735	
794	1	H	4	N	2500	6	40	282	135	23	15	23	0	0	0	0	0	0	0	0	0	0	0	0	8931515	
795	1	H	4	N	2500	6	40	298	101	17	12	19	0	0	0	0	0	0	0	0	0	0	0	0	8931998	
796	1	H	4	N	2500	6	40	247	148	26	15	20	0	0	0	0	0	0	0	0	0	0	0	0	8932108	
797	1	H	4	N	2500	0	1	222	97	19	11	14	0	0	0	0	0	0	0	0	0	0	0	0	8932404	
798	1	H	4	N	2500	0	40	359	108	18	11	16	0	0	0	0	0	0	0	0	0	0	0	0	8933371	
799	1	H	4	N	2500	0	40	330	115	19	12	19	0	0	0	0	0	0	0	0	0	0	0	0	8933777	
800	1	H	4	N	2500	0	1	166	69	9	6	7	0	0	0	0	0	0	0	0	0	0	0	0	8933792	
801	1	H	4	N	2500	0	40	313	102	15	10	15	0	0	0	0	0	0	0	0	0	0	0	0	8934416	
802	1	H	4	N	2500	0	1	117	31	3	3	6	0	0	0	0	0	0	0	0	0	0	0	0	8935352	
803	1	H	6	N	2500	6	40	269	128	26	15	24	0	0	0	0	0	0	0	0	0	0	0	0	8959220	
804	1	H	6	N	2500	6	40	313	130	28	16	21	0	0	0	0	0	0	0	0	0	0	0	0	8959532	
805	1	H	6	N	2500	6	40	284	144	23	16	22	0	0	0	0	0	0	0	0	0	0	0	0	8960328	
806	1	H	6	N	2500	0	40	362	119	22	13	20	0	0	0	0	0	0	0	0	0	0	0	0	8960531	
807	1	H	6	N	2500	0	40	348	129	24	15	22	0	0	0	0	0	0	0	0	0	0	0	0	8960609	
808	1	H	6	N	2500	0	1	173	100	19	13	14	0	0	0	0	0	0	0	0	0	0	0	0	8961373	
809	1	H	6	N	2500	0	1	156	34	3	2	3	0	0	0	0	0	0	0	0	0	0	0	0	8962200	
810	1	H	6	N	2500	0	40	283	92	15	9	10	0	0	0	0	0	0	0	0	0	0	0	0	8963136	
811	1	H	6	N	2500	0	40	298	123	23	16	23	0	0	0	0	0	0	0	0	0	0	0	0	8963822	
812	1	H	6	N	2500	0	1	116	46	13	18	47	0	0	0	0	0	0	0	0	0	0	0	0	8965102	
813	1	H	6	N	2500	0	40	345	123	21	15	22	0	0	0	0	0	0	0	0	0	0	0	0	8965242	
814	1	H	7	N	2500	2	1	67	54	7	0	1	0	0	0	0	0	0	0	0	0	0	0	0	8972402	
815	1	H	7	N	2500	2	1	177	101	20	10	13	0	0	0	0	0	0	0	0	0	0	0	0	8972527	
816	1	H	7	N	2500	2	1	61	29	2	0	1	0	0	0	0	0	0	0	0	0	0	0	0	8974508	
817	1	H	8	N	2500	2	1	172	72	11	8	11	0	0	0	0	0	0	0	0	0	0	0	0	8988548	
818	1	H	8	N	2500	6	40	232	136	29	18	22	0	0	0	0	0	0	0	0	0	0	0	0	8988736	
819	1	H	8	N	2500	2	1	232	95	19	13	19	0	0	0	0	0	0	0	0	0	0	0	0	8989188	
820	1	H	8	N	2500	6	40	307	117	21	14	21	0	0	0	0	0	0	0	0	0	0	0	0	8989828	
821	1	H	8	N	2500	6	40	216	108	20	12	15	0	0	0	0	0	0	0	0	0	0	0	0	8990405	
822	1	H	8	N	2500	0	1	160	79	13	10	12	0	0	0	0	0	0	0	0	0	0	0	0	8990701	
823	1	H	8	N	2500	0	40	195	125	23	15	18	0	0	0	0	0	0	0	0	0	0	0	0	8991216	
824	1	H	8	N	2500	0	40	314	108	22	13	21	0	0	0	0	0	0	0	0	0	0	0	0	8991559	
825	1	H	8	N	2500	0	40	303	111	27	14	19	0	0	0	0	0	0	0	0	0	0	0	0	8993759	
826	1	H	10	N	2500	6	40	243	126	22	14	17	0	0	0	0	0	0	0	0	0	0	0	0	9015755	
827	1	H	10	N	2500	6	40	328	111	18	11	14	0	0	0	0	0	0	0	0	0	0	0	0	9016863	
828	1	H	10	N	2500	6	40	258	119	24	15	24	0	0	0	0	0	0	0	0	0	0	0	0	9017299	
829	1	H	10	N	2500	0	40	219	112	21	14	15	0	0	0	0	0	0	0	0	0	0	0	0	9018157	
830	1	H	10	N	2500	0	40	385	160	27	19	26	0	0	0	0	0	0	0	0	0	0	0	0	9018844	
831	1	H	10	N	2500	0	40	189	130	29	16	22	0	0	0	0	0	0	0	0	0	0	0	0	9018859	
832	1	H	10	N	2500	0	40	233	116	25	17	25	0	0	0	0	0	0	0	0	0	0	0	0	9019281	
833	1	H	10	N	2500	0	1	275	83	11	9	9	0	0	0	0	0	0	0	0	0	0	0	0	9019795	
834	1	H	10	N	2500	0	40	403	126	22	13	20	0	0	0	0	0	0	0	0	0	0	0	0	9019889	
835	1	H	10	N	2500	0	40	400	128	20	12	18	0	0	0	0	0	0	0	0	0	0	0	0	9020029	
836	1	H	10	N	2500	0	40	324	133	22	17	21	0	0	0	0	0	0	0	0	0	0	0	0	9020045	
837	1	H	10	N	2500	0	40	255	141	29	18	23	0	0	0	0	0	0	0	0	0	0	0	0	9020045	
838	1	H	10	N	2500	0	40	353	155	29	19	29	0	0	0	0	0	0	0	0	0	0	0	0	9020170	
839	1	H	10	N	2500	0	1	284	81	12	7	12	0	0	0	0	0	0	0	0	0	0	0	0	9020232	
840	1	H	10	N	2500	0	1	162	114	20	15	17	0	0	0	0	0	0	0	0	0	0	0	0	9020341	
841	1	H	10	N	2500	0	40	375	142	27	17	24	0	0	0	0	0	0	0	0	0	0	0	0	9020388	
842	1	H	10	N	2500	0	40	359	117	21	16	22	0	0	0	0	0	0	0	0	0	0	0	0	9020794	
843	1	H	10	N	2500	0	40	306	111	20	12	21	0	0	0	0	0	0	0	0	0	0	0	0	9021043	
844	1	H	10	N	2500	0	40	370	147	27	17	20	0	0	0	0	0	0	0	0	0	0	0	0	9021137	
845	1	H	10	N	2500	0	40	333	139	26	18	24	0	0	0	0	0	0	0	0	0	0	0	0	9021168	
846	1	H	10	N	2500	0	40	229	122	27	16	20	0	0	0	0	0	0	0	0	0	0	0	0	9021262	
847	1	H	11	N	2500	2	1	86	20	2	2	3	0	0	0	0	0	0	0	0	0	0	0	0	9031339	
848	1	H	11	N	2500	2	1	60	43	9	1	3	0	0	0	0	0	0	0	0	0	0	0	0	9031761	
849	1	H	12	N	2500	2	1	51	47	0	0	0	0	0	0	0	0	0	0	0	0	0	0	0	9044272	
850	1	H	12	N	2500	6	40	333	126	22	14	21	0	0	0	0	0	0	0	0	0	0	0	0	9044709	
851	1	H	12	N	2500	6	40	335	117	24	14	22	0	0	0	0	0	0	0	0	0	0	0	0	9045629	
852	1	H	12	N	2500	2	1	161	97	21	11	14	0	0	0	0	0	0	0	0	0	0	0	0	9045941	
853	1	H	12	N	2500	6	40	297	100	15	11	13	0	0	0	0	0	0	0	0	0	0	0	0	9045988	
854	1	H	12	N	2500	0	40	339	127	22	14	17	0	0	0	0	0	0	0	0	0	0	0	0	9046019	
855	1	H	12	N	2500	0	40	353	147	27	15	18	0	0	0	0	0	0	0	0	0	0	0	0	9046752	
856	1	H	12	N	2500	0	1	50	16	0	0	0	0	0	0	0	0	0	0	0	0	0	0	0	9047049	
857	1	H	12	N	2500	0	40	336	124	21	13	19	0	0	0	0	0	0	0	0	0	0	0	0	9047610	
858	1	H	12	N	2500	0	40	342	128	24	17	22	0	0	0	0	0	0	0	0	0	0	0	0	9048265	
859	1	H	12	N	2500	0	40	355	140	23	17	20	0	0	0	0	0	0	0	0	0	0	0	0	9049077	
860	1	H	12	N	2500	0	40	338	117	24	14	18	0	0	0	0	0	0	0	0	0	0	0	0	9049248	
861	1	H	12	N	2500	0	40	278	127	24	15	21	0	0	0	0	0	0	0	0	0	0	0	0	9049373	
862	1	H	12	N	2500	0	1	141	28	6	2	5	0	0	0	0	0	0	0	0	0	0	0	0	9050215	


Threshold source: EXT,  value 50
Min TOF = 50
EXT signal gain 1.6
Green signal gain 3.0
Yellow signal gain 3.0
Red signal gain 3.0
Green PMT voltage 700
Yellow PMT voltage 700
Red PMT voltage 900
Signal multipliers: 1.0,1.0,1.0,1.0
C:\Users\unionbio\Desktop\COPAS Templates\USE for L4 dispense4.csv