Id	Plate	Row	Column	Clog	Scan rate	Status sort	Status sel	TOF	EXT	Green	Yellow	Red	PH Ext	PW Ext	PC Ext	PH Green	PW Green	PCGreen	PH Yellow	PW Yellow	PCYellow	PH Red	PW Red	PCRed	Time Stamp	
0	1	A	1	N	2500	6	40	333	104	26	20	27	0	0	0	0	0	0	0	0	0	0	0	0	5475844	
1	1	A	1	N	2500	2	2	163	122	38	27	34	0	0	0	0	0	0	0	0	0	0	0	0	5477216	
2	1	A	1	N	2500	6	40	248	151	41	31	45	0	0	0	0	0	0	0	0	0	0	0	0	5477809	
3	1	A	1	N	2500	2	1	223	90	26	17	22	0	0	0	0	0	0	0	0	0	0	0	0	5477903	
4	1	A	1	N	2500	6	40	342	133	34	25	35	0	0	0	0	0	0	0	0	0	0	0	0	5478324	
5	1	A	1	N	2500	0	40	245	114	26	21	31	0	0	0	0	0	0	0	0	0	0	0	0	5478574	
6	1	A	1	N	2500	0	40	229	114	29	21	29	0	0	0	0	0	0	0	0	0	0	0	0	5479088	
7	1	A	1	N	2500	0	40	315	100	21	16	25	0	0	0	0	0	0	0	0	0	0	0	0	5479182	
8	1	A	1	N	2500	0	40	327	107	26	19	28	0	0	0	0	0	0	0	0	0	0	0	0	5479978	
9	1	A	1	N	2500	0	1	175	39	8	6	10	0	0	0	0	0	0	0	0	0	0	0	0	5480009	
10	1	A	1	N	2500	0	1	143	39	8	8	12	0	0	0	0	0	0	0	0	0	0	0	0	5480009	
11	1	A	1	N	2500	0	1	215	84	21	14	20	0	0	0	0	0	0	0	0	0	0	0	0	5480212	
12	1	A	1	N	2500	0	1	188	34	8	7	12	0	0	0	0	0	0	0	0	0	0	0	0	5480898	
13	1	A	1	N	2500	0	1	177	70	13	11	14	0	0	0	0	0	0	0	0	0	0	0	0	5480898	
14	1	A	1	N	2500	0	40	231	103	37	26	40	0	0	0	0	0	0	0	0	0	0	0	0	5480898	
15	1	A	1	N	2500	0	1	241	83	29	22	30	0	0	0	0	0	0	0	0	0	0	0	0	5481194	
16	1	A	2	N	2500	6	40	309	154	38	30	41	0	0	0	0	0	0	0	0	0	0	0	0	5489603	
17	1	A	2	N	2500	2	1	198	93	26	17	26	0	0	0	0	0	0	0	0	0	0	0	0	5490040	
18	1	A	2	N	2500	6	40	325	92	24	16	25	0	0	0	0	0	0	0	0	0	0	0	0	5490102	
19	1	A	2	N	2500	6	40	374	137	35	25	40	0	0	0	0	0	0	0	0	0	0	0	0	5490164	
20	1	A	2	N	2500	0	1	182	91	28	19	25	0	0	0	0	0	0	0	0	0	0	0	0	5490383	
21	1	A	2	N	2500	0	40	357	101	23	17	29	0	0	0	0	0	0	0	0	0	0	0	0	5491022	
22	1	A	2	N	2500	0	40	213	110	28	23	31	0	0	0	0	0	0	0	0	0	0	0	0	5491834	
23	1	A	2	N	2500	0	1	121	86	24	17	22	0	0	0	0	0	0	0	0	0	0	0	0	5492536	
24	1	A	2	N	2500	0	40	390	135	33	25	37	0	0	0	0	0	0	0	0	0	0	0	0	5492801	
25	1	A	2	N	2500	0	1	257	70	13	10	19	0	0	0	0	0	0	0	0	0	0	0	0	5493316	
26	1	A	2	N	2500	0	40	271	142	33	28	42	0	0	0	0	0	0	0	0	0	0	0	0	5493487	
27	1	A	2	N	2500	0	40	357	147	38	31	43	0	0	0	0	0	0	0	0	0	0	0	0	5493612	
28	1	A	2	N	2500	0	40	346	103	26	22	33	0	0	0	0	0	0	0	0	0	0	0	0	5494064	
29	1	A	2	N	2500	0	1	52	11	1	2	2	0	0	0	0	0	0	0	0	0	0	0	0	5494064	
30	1	A	2	N	2500	0	40	380	111	27	21	35	0	0	0	0	0	0	0	0	0	0	0	0	5494111	
31	1	A	2	N	2500	0	40	275	133	30	25	29	0	0	0	0	0	0	0	0	0	0	0	0	5494439	
32	1	A	2	N	2500	0	40	299	97	21	17	26	0	0	0	0	0	0	0	0	0	0	0	0	5494470	
33	1	A	2	N	2500	0	40	309	109	30	22	28	0	0	0	0	0	0	0	0	0	0	0	0	5494969	
34	1	A	2	N	2500	0	1	273	79	18	14	22	0	0	0	0	0	0	0	0	0	0	0	0	5495406	
35	1	A	3	N	2500	6	40	264	131	36	26	34	0	0	0	0	0	0	0	0	0	0	0	0	5503612	
36	1	A	3	N	2500	6	40	320	119	30	22	34	0	0	0	0	0	0	0	0	0	0	0	0	5503768	
37	1	A	3	N	2500	6	40	383	129	31	27	40	0	0	0	0	0	0	0	0	0	0	0	0	5504033	
38	1	A	3	N	2500	0	40	387	165	50	44	52	0	0	0	0	0	0	0	0	0	0	0	0	5504111	
39	1	A	3	N	2500	0	1	288	69	15	11	18	0	0	0	0	0	0	0	0	0	0	0	0	5504922	
40	1	A	3	N	2500	0	40	351	106	25	20	30	0	0	0	0	0	0	0	0	0	0	0	0	5505078	
41	1	A	3	N	2500	0	40	315	83	21	15	25	0	0	0	0	0	0	0	0	0	0	0	0	5505546	
42	1	A	3	N	2500	0	1	68	33	7	5	6	0	0	0	0	0	0	0	0	0	0	0	0	5505546	
43	1	A	3	N	2500	0	1	50	19	4	4	6	0	0	0	0	0	0	0	0	0	0	0	0	5505546	
44	1	A	3	N	2500	0	1	62	18	13	12	10	0	0	0	0	0	0	0	0	0	0	0	0	5506404	
45	1	A	3	N	2500	0	40	378	130	35	26	41	0	0	0	0	0	0	0	0	0	0	0	0	5506747	
46	1	A	3	N	2500	0	40	334	139	35	31	43	0	0	0	0	0	0	0	0	0	0	0	0	5506966	
47	1	A	3	N	2500	0	40	365	188	54	40	51	0	0	0	0	0	0	0	0	0	0	0	0	5506981	
48	1	A	3	N	2500	0	40	307	86	21	16	21	0	0	0	0	0	0	0	0	0	0	0	0	5507012	
49	1	A	3	N	2500	0	1	257	64	17	13	18	0	0	0	0	0	0	0	0	0	0	0	0	5507059	
50	1	A	3	N	2500	0	40	318	103	28	21	34	0	0	0	0	0	0	0	0	0	0	0	0	5507184	
51	1	A	3	N	2500	0	40	365	128	33	23	31	0	0	0	0	0	0	0	0	0	0	0	0	5507262	
52	1	A	3	N	2500	0	40	347	133	30	25	31	0	0	0	0	0	0	0	0	0	0	0	0	5507262	
53	1	A	3	N	2500	0	40	313	114	27	22	40	0	0	0	0	0	0	0	0	0	0	0	0	5507434	
54	1	A	3	N	2500	0	40	284	109	27	21	29	0	0	0	0	0	0	0	0	0	0	0	0	5507449	
55	1	A	3	N	2500	0	40	215	114	35	31	41	0	0	0	0	0	0	0	0	0	0	0	0	5507480	
56	1	A	3	N	2500	0	1	177	89	28	21	30	0	0	0	0	0	0	0	0	0	0	0	0	5507730	
57	1	A	3	N	2500	0	1	51	17	14	11	11	0	0	0	0	0	0	0	0	0	0	0	0	5507948	
58	1	A	3	N	2500	0	40	368	119	33	21	37	0	0	0	0	0	0	0	0	0	0	0	0	5507948	
59	1	A	3	N	2500	0	1	229	45	10	7	14	0	0	0	0	0	0	0	0	0	0	0	0	5508292	
60	1	A	3	N	2500	0	1	191	100	27	20	28	0	0	0	0	0	0	0	0	0	0	0	0	5509415	
61	1	A	3	N	2500	0	40	325	124	29	22	30	0	0	0	0	0	0	0	0	0	0	0	0	5509836	
62	1	A	4	N	2500	6	40	370	121	29	23	34	0	0	0	0	0	0	0	0	0	0	0	0	5517605	
63	1	A	4	N	2500	6	40	310	112	28	20	27	0	0	0	0	0	0	0	0	0	0	0	0	5518775	
64	1	A	4	N	2500	2	1	118	53	11	9	13	0	0	0	0	0	0	0	0	0	0	0	0	5519196	
65	1	A	4	N	2500	2	1	283	82	22	15	27	0	0	0	0	0	0	0	0	0	0	0	0	5519243	
66	1	A	4	N	2500	6	40	385	149	45	34	49	0	0	0	0	0	0	0	0	0	0	0	0	5519820	
67	1	A	4	N	2500	0	40	257	111	30	22	29	0	0	0	0	0	0	0	0	0	0	0	0	5519882	
68	1	A	4	N	2500	0	40	273	91	22	17	27	0	0	0	0	0	0	0	0	0	0	0	0	5519976	
69	1	A	4	N	2500	0	1	76	23	5	4	7	0	0	0	0	0	0	0	0	0	0	0	0	5520382	
70	1	A	4	N	2500	0	1	122	35	6	5	8	0	0	0	0	0	0	0	0	0	0	0	0	5520382	
71	1	A	4	N	2500	0	1	186	56	11	9	13	0	0	0	0	0	0	0	0	0	0	0	0	5520413	
72	1	A	4	N	2500	0	1	186	91	22	16	24	0	0	0	0	0	0	0	0	0	0	0	0	5520725	
73	1	A	4	N	2500	0	1	179	85	17	14	20	0	0	0	0	0	0	0	0	0	0	0	0	5520881	
74	1	A	4	N	2500	0	40	325	89	20	15	22	0	0	0	0	0	0	0	0	0	0	0	0	5521162	
75	1	A	4	N	2500	0	1	156	79	24	18	23	0	0	0	0	0	0	0	0	0	0	0	0	5521489	
76	1	A	4	N	2500	0	40	309	104	30	23	31	0	0	0	0	0	0	0	0	0	0	0	0	5521723	
77	1	A	4	N	2500	0	40	281	119	32	23	32	0	0	0	0	0	0	0	0	0	0	0	0	5521801	
78	1	A	4	N	2500	0	1	162	77	20	15	19	0	0	0	0	0	0	0	0	0	0	0	0	5521942	
79	1	A	4	N	2500	0	1	131	40	9	7	12	0	0	0	0	0	0	0	0	0	0	0	0	5521942	
80	1	A	4	N	2500	0	40	343	108	24	18	26	0	0	0	0	0	0	0	0	0	0	0	0	5521973	
81	1	A	4	N	2500	0	40	246	146	42	29	42	0	0	0	0	0	0	0	0	0	0	0	0	5521988	
82	1	A	4	N	2500	0	1	145	27	6	3	6	0	0	0	0	0	0	0	0	0	0	0	0	5522191	
83	1	A	4	N	2500	0	1	238	85	18	14	22	0	0	0	0	0	0	0	0	0	0	0	0	5522191	
84	1	A	4	N	2500	0	40	217	111	30	22	29	0	0	0	0	0	0	0	0	0	0	0	0	5522191	
85	1	A	4	N	2500	0	1	210	42	10	9	15	0	0	0	0	0	0	0	0	0	0	0	0	5522207	
86	1	A	4	N	2500	0	40	373	120	28	22	31	0	0	0	0	0	0	0	0	0	0	0	0	5522269	
87	1	A	4	N	2500	0	1	195	85	20	16	25	0	0	0	0	0	0	0	0	0	0	0	0	5522410	
88	1	A	4	N	2500	0	40	346	105	27	20	27	0	0	0	0	0	0	0	0	0	0	0	0	5522441	
89	1	A	4	N	2500	0	40	277	128	30	24	34	0	0	0	0	0	0	0	0	0	0	0	0	5522488	
90	1	A	4	N	2500	0	1	220	95	25	21	32	0	0	0	0	0	0	0	0	0	0	0	0	5522503	
91	1	A	4	N	2500	0	40	351	122	35	21	32	0	0	0	0	0	0	0	0	0	0	0	0	5522659	
92	1	A	4	N	2500	0	40	346	114	29	21	32	0	0	0	0	0	0	0	0	0	0	0	0	5522690	
93	1	A	4	N	2500	0	40	261	113	27	20	27	0	0	0	0	0	0	0	0	0	0	0	0	5522753	
94	1	A	4	N	2500	0	40	303	104	26	18	26	0	0	0	0	0	0	0	0	0	0	0	0	5522800	
95	1	A	4	N	2500	0	1	146	68	17	12	14	0	0	0	0	0	0	0	0	0	0	0	0	5522878	
96	1	A	4	N	2500	0	1	113	55	13	10	11	0	0	0	0	0	0	0	0	0	0	0	0	5522893	
97	1	A	4	N	2500	0	40	294	125	30	23	37	0	0	0	0	0	0	0	0	0	0	0	0	5522909	
98	1	A	4	N	2500	0	40	270	140	36	26	38	0	0	0	0	0	0	0	0	0	0	0	0	5522940	
99	1	A	4	N	2500	0	40	310	122	34	24	34	0	0	0	0	0	0	0	0	0	0	0	0	5522971	
100	1	A	4	N	2500	0	40	357	98	26	18	27	0	0	0	0	0	0	0	0	0	0	0	0	5523236	
101	1	A	4	N	2500	0	40	302	95	23	18	28	0	0	0	0	0	0	0	0	0	0	0	0	5523283	
102	1	A	4	N	2500	0	40	358	111	29	20	30	0	0	0	0	0	0	0	0	0	0	0	0	5523346	
103	1	A	4	N	2500	0	1	229	93	25	17	27	0	0	0	0	0	0	0	0	0	0	0	0	5525030	
104	1	A	5	N	2500	6	40	325	94	23	17	22	0	0	0	0	0	0	0	0	0	0	0	0	5533236	
105	1	A	5	N	2500	2	1	286	79	15	13	19	0	0	0	0	0	0	0	0	0	0	0	0	5533330	
106	1	A	5	N	2500	6	40	241	104	28	20	26	0	0	0	0	0	0	0	0	0	0	0	0	5533891	
107	1	A	5	N	2500	6	40	259	112	28	23	30	0	0	0	0	0	0	0	0	0	0	0	0	5534484	
108	1	A	5	N	2500	0	40	226	115	29	20	27	0	0	0	0	0	0	0	0	0	0	0	0	5534578	
109	1	A	5	N	2500	0	40	365	105	23	18	26	0	0	0	0	0	0	0	0	0	0	0	0	5534983	
110	1	A	5	N	2500	0	40	327	117	28	21	34	0	0	0	0	0	0	0	0	0	0	0	0	5535607	
111	1	A	5	N	2500	0	1	216	85	19	14	22	0	0	0	0	0	0	0	0	0	0	0	0	5537510	
112	1	A	5	N	2500	0	40	338	96	23	17	23	0	0	0	0	0	0	0	0	0	0	0	0	5537713	
113	1	A	5	N	2500	0	40	255	134	33	25	34	0	0	0	0	0	0	0	0	0	0	0	0	5538322	
114	1	A	5	N	2500	0	1	218	83	19	17	23	0	0	0	0	0	0	0	0	0	0	0	0	5538322	
115	1	A	7	N	2500	2	1	146	75	18	16	22	0	0	0	0	0	0	0	0	0	0	0	0	5561098	
116	1	A	7	N	2500	6	40	347	100	24	19	31	0	0	0	0	0	0	0	0	0	0	0	0	5562392	
117	1	A	7	N	2500	2	1	190	46	8	6	11	0	0	0	0	0	0	0	0	0	0	0	0	5562595	
118	1	A	7	N	2500	2	1	181	93	22	18	30	0	0	0	0	0	0	0	0	0	0	0	0	5563235	
119	1	A	7	N	2500	8	40	266	110	25	21	31	0	0	0	0	0	0	0	0	0	0	0	0	5563250	
120	1	A	7	N	2500	2	1	207	93	22	17	22	0	0	0	0	0	0	0	0	0	0	0	0	5564514	
121	1	A	7	N	2500	2	1	268	72	16	11	19	0	0	0	0	0	0	0	0	0	0	0	0	5564764	
122	1	A	7	N	2500	6	40	301	85	19	16	28	0	0	0	0	0	0	0	0	0	0	0	0	5564998	
123	1	A	7	N	2500	6	40	298	97	25	19	25	0	0	0	0	0	0	0	0	0	0	0	0	5565091	
124	1	A	7	N	2500	0	1	224	53	10	7	13	0	0	0	0	0	0	0	0	0	0	0	0	5565122	
125	1	A	7	N	2500	0	40	312	104	21	18	26	0	0	0	0	0	0	0	0	0	0	0	0	5565403	
126	1	A	7	N	2500	0	1	175	56	13	10	15	0	0	0	0	0	0	0	0	0	0	0	0	5566121	
127	1	A	7	N	2500	0	40	325	107	27	20	37	0	0	0	0	0	0	0	0	0	0	0	0	5566246	
128	1	A	7	N	2500	0	1	301	76	21	16	26	0	0	0	0	0	0	0	0	0	0	0	0	5566589	
129	1	A	7	N	2500	0	1	130	26	48	81	182	0	0	0	0	0	0	0	0	0	0	0	0	5567462	
130	1	A	8	N	2500	6	40	362	167	36	34	48	0	0	0	0	0	0	0	0	0	0	0	0	5575481	
131	1	A	8	N	2500	2	1	182	77	20	17	23	0	0	0	0	0	0	0	0	0	0	0	0	5576011	
132	1	A	8	N	2500	2	1	58	22	5	4	7	0	0	0	0	0	0	0	0	0	0	0	0	5576074	
133	1	A	8	N	2500	33	1	129	35	7	7	11	0	0	0	0	0	0	0	0	0	0	0	0	5576074	
134	1	A	8	N	2500	2	1	186	76	26	22	33	0	0	0	0	0	0	0	0	0	0	0	0	5576869	
135	1	A	8	N	2500	6	40	343	92	24	20	27	0	0	0	0	0	0	0	0	0	0	0	0	5577509	
136	1	A	8	N	2500	2	1	266	71	14	12	18	0	0	0	0	0	0	0	0	0	0	0	0	5578304	
137	1	A	8	N	2500	6	40	300	101	26	19	29	0	0	0	0	0	0	0	0	0	0	0	0	5578554	
138	1	A	8	N	2500	0	1	288	55	14	11	19	0	0	0	0	0	0	0	0	0	0	0	0	5579490	
139	1	A	8	N	2500	0	1	249	74	16	13	20	0	0	0	0	0	0	0	0	0	0	0	0	5579568	
140	1	A	8	N	2500	0	40	284	91	23	17	24	0	0	0	0	0	0	0	0	0	0	0	0	5579584	
141	1	A	8	N	2500	0	1	140	47	13	10	16	0	0	0	0	0	0	0	0	0	0	0	0	5579677	
142	1	A	8	N	2500	0	1	144	59	16	14	26	0	0	0	0	0	0	0	0	0	0	0	0	5579677	
143	1	A	8	N	2500	0	1	241	92	20	18	24	0	0	0	0	0	0	0	0	0	0	0	0	5579724	
144	1	A	8	N	2500	0	1	216	58	15	12	17	0	0	0	0	0	0	0	0	0	0	0	0	5579771	
145	1	A	8	N	2500	0	40	327	117	24	23	33	0	0	0	0	0	0	0	0	0	0	0	0	5580020	
146	1	A	8	N	2500	0	1	182	62	16	13	18	0	0	0	0	0	0	0	0	0	0	0	0	5580176	
147	1	A	8	N	2500	0	1	167	76	18	14	22	0	0	0	0	0	0	0	0	0	0	0	0	5580535	
148	1	A	8	N	2500	0	1	253	88	20	18	28	0	0	0	0	0	0	0	0	0	0	0	0	5581237	
149	1	A	8	N	2500	0	1	277	69	11	10	20	0	0	0	0	0	0	0	0	0	0	0	0	5581253	
150	1	A	9	N	2500	2	1	166	87	22	16	22	0	0	0	0	0	0	0	0	0	0	0	0	5589209	
151	1	A	9	N	2500	2	1	193	62	154	234	290	0	0	0	0	0	0	0	0	0	0	0	0	5590285	
152	1	A	9	N	2500	2	1	186	96	244	275	287	0	0	0	0	0	0	0	0	0	0	0	0	5591580	
153	1	A	9	N	2500	2	1	135	41	11	10	14	0	0	0	0	0	0	0	0	0	0	0	0	5592329	
154	1	A	9	N	2500	6	40	288	90	22	16	26	0	0	0	0	0	0	0	0	0	0	0	0	5592688	
155	1	A	9	N	2500	6	40	316	84	22	16	25	0	0	0	0	0	0	0	0	0	0	0	0	5593468	
156	1	A	9	N	2500	2	1	137	104	32	27	38	0	0	0	0	0	0	0	0	0	0	0	0	5593483	
157	1	A	9	N	2500	6	40	397	119	29	25	36	0	0	0	0	0	0	0	0	0	0	0	0	5593624	
158	1	A	9	N	2500	0	1	194	67	155	240	303	0	0	0	0	0	0	0	0	0	0	0	0	5593749	
159	1	A	9	N	2500	0	40	379	117	30	25	44	0	0	0	0	0	0	0	0	0	0	0	0	5593951	
160	1	A	9	N	2500	0	1	276	74	17	15	24	0	0	0	0	0	0	0	0	0	0	0	0	5593951	
161	1	A	9	N	2500	0	1	159	61	13	12	16	0	0	0	0	0	0	0	0	0	0	0	0	5593983	
162	1	A	9	N	2500	0	1	158	92	25	21	35	0	0	0	0	0	0	0	0	0	0	0	0	5594061	
163	1	A	9	N	2500	0	40	334	94	20	17	29	0	0	0	0	0	0	0	0	0	0	0	0	5594154	
164	1	A	9	N	2500	0	1	80	27	54	84	117	0	0	0	0	0	0	0	0	0	0	0	0	5594185	
165	1	A	9	N	2500	0	1	372	84	22	19	31	0	0	0	0	0	0	0	0	0	0	0	0	5594622	
166	1	A	9	N	2500	0	40	262	101	27	22	36	0	0	0	0	0	0	0	0	0	0	0	0	5594700	
167	1	A	10	N	2500	6	40	325	97	25	21	35	0	0	0	0	0	0	0	0	0	0	0	0	5604123	
168	1	A	10	N	2500	2	1	187	101	26	21	33	0	0	0	0	0	0	0	0	0	0	0	0	5604466	
169	1	A	10	N	2500	6	40	339	102	24	20	31	0	0	0	0	0	0	0	0	0	0	0	0	5604653	
170	1	A	10	N	2500	2	1	179	52	11	9	16	0	0	0	0	0	0	0	0	0	0	0	0	5605745	
171	1	A	10	N	2500	2	1	270	67	15	12	19	0	0	0	0	0	0	0	0	0	0	0	0	5607258	
172	1	A	10	N	2500	2	2	225	122	275	337	355	0	0	0	0	0	0	0	0	0	0	0	0	5607289	
173	1	A	10	N	2500	2	1	269	77	19	14	20	0	0	0	0	0	0	0	0	0	0	0	0	5607445	
174	1	A	10	N	2500	2	1	143	61	21	17	25	0	0	0	0	0	0	0	0	0	0	0	0	5607477	
175	1	A	10	N	2500	6	40	243	99	24	21	31	0	0	0	0	0	0	0	0	0	0	0	0	5607617	
176	1	A	10	N	2500	0	1	308	70	16	13	22	0	0	0	0	0	0	0	0	0	0	0	0	5607976	
177	1	A	10	N	2500	0	1	221	103	22	17	25	0	0	0	0	0	0	0	0	0	0	0	0	5607991	
178	1	A	10	N	2500	0	40	348	90	22	18	31	0	0	0	0	0	0	0	0	0	0	0	0	5609442	
179	1	A	10	N	2500	0	1	99	42	8	7	12	0	0	0	0	0	0	0	0	0	0	0	0	5609645	
180	1	A	10	N	2500	0	1	102	22	3	3	5	0	0	0	0	0	0	0	0	0	0	0	0	5609645	
181	1	A	10	N	2500	0	1	144	44	8	8	14	0	0	0	0	0	0	0	0	0	0	0	0	5610113	
182	1	A	10	N	2500	0	1	171	74	15	12	20	0	0	0	0	0	0	0	0	0	0	0	0	5610160	
183	1	A	11	N	2500	6	40	330	92	25	17	26	0	0	0	0	0	0	0	0	0	0	0	0	5618131	
184	1	A	11	N	2500	2	1	281	68	17	12	20	0	0	0	0	0	0	0	0	0	0	0	0	5618334	
185	1	A	11	N	2500	2	1	100	35	109	141	157	0	0	0	0	0	0	0	0	0	0	0	0	5618943	
186	1	A	11	N	2500	2	1	149	50	8	7	11	0	0	0	0	0	0	0	0	0	0	0	0	5619567	
187	1	A	11	N	2500	6	40	289	96	27	19	25	0	0	0	0	0	0	0	0	0	0	0	0	5620081	
188	1	A	11	N	2500	2	1	290	79	19	15	24	0	0	0	0	0	0	0	0	0	0	0	0	5620284	
189	1	A	11	N	2500	2	1	275	73	17	13	22	0	0	0	0	0	0	0	0	0	0	0	0	5620815	
190	1	A	11	N	2500	2	1	195	36	7	6	13	0	0	0	0	0	0	0	0	0	0	0	0	5622000	
191	1	A	11	N	2500	6	40	346	115	28	22	36	0	0	0	0	0	0	0	0	0	0	0	0	5622078	
192	1	A	11	N	2500	0	1	262	59	12	11	16	0	0	0	0	0	0	0	0	0	0	0	0	5622765	
193	1	A	11	N	2500	0	40	313	106	24	18	26	0	0	0	0	0	0	0	0	0	0	0	0	5622765	
194	1	A	11	N	2500	0	40	313	86	19	15	18	0	0	0	0	0	0	0	0	0	0	0	0	5623623	
195	1	A	11	N	2500	0	1	174	101	27	22	31	0	0	0	0	0	0	0	0	0	0	0	0	5623701	
196	1	A	11	N	2500	0	1	208	98	23	19	29	0	0	0	0	0	0	0	0	0	0	0	0	5623857	
197	1	A	11	N	2500	0	1	167	102	21	18	29	0	0	0	0	0	0	0	0	0	0	0	0	5624075	
198	1	A	11	N	2500	0	1	235	61	10	10	18	0	0	0	0	0	0	0	0	0	0	0	0	5624153	
199	1	B	1	N	2500	2	1	216	74	23	15	29	0	0	0	0	0	0	0	0	0	0	0	0	5647943	
200	1	B	1	N	2500	6	40	297	94	27	22	32	0	0	0	0	0	0	0	0	0	0	0	0	5647959	
201	1	B	1	N	2500	2	1	168	81	27	23	32	0	0	0	0	0	0	0	0	0	0	0	0	5648302	
202	1	B	1	N	2500	2	1	159	102	34	29	38	0	0	0	0	0	0	0	0	0	0	0	0	5648458	
203	1	B	1	N	2500	2	1	283	72	15	14	20	0	0	0	0	0	0	0	0	0	0	0	0	5649628	
204	1	B	1	N	2500	2	1	208	98	28	23	31	0	0	0	0	0	0	0	0	0	0	0	0	5649987	
205	1	B	1	N	2500	2	1	163	106	33	26	39	0	0	0	0	0	0	0	0	0	0	0	0	5650143	
206	1	B	1	N	2500	2	1	264	85	17	16	23	0	0	0	0	0	0	0	0	0	0	0	0	5650470	
207	1	B	1	N	2500	6	40	297	88	25	18	28	0	0	0	0	0	0	0	0	0	0	0	0	5650829	
208	1	B	1	N	2500	2	1	177	86	22	21	30	0	0	0	0	0	0	0	0	0	0	0	0	5651063	
209	1	B	1	N	2500	2	1	204	77	16	14	20	0	0	0	0	0	0	0	0	0	0	0	0	5651375	
210	1	B	1	N	2500	8	40	266	142	46	35	54	0	0	0	0	0	0	0	0	0	0	0	0	5651593	
211	1	B	1	N	2500	2	1	260	61	15	11	18	0	0	0	0	0	0	0	0	0	0	0	0	5651703	
212	1	B	1	N	2500	8	40	314	114	27	24	35	0	0	0	0	0	0	0	0	0	0	0	0	5651718	
213	1	B	1	N	2500	2	1	167	77	21	16	25	0	0	0	0	0	0	0	0	0	0	0	0	5651781	
214	1	B	1	N	2500	6	40	279	95	23	20	32	0	0	0	0	0	0	0	0	0	0	0	0	5652592	
215	1	B	1	N	2500	0	1	198	85	22	16	28	0	0	0	0	0	0	0	0	0	0	0	0	5652748	
216	1	B	1	N	2500	0	40	326	95	24	18	31	0	0	0	0	0	0	0	0	0	0	0	0	5652810	
217	1	B	1	N	2500	0	1	220	57	12	9	14	0	0	0	0	0	0	0	0	0	0	0	0	5652826	
218	1	B	1	N	2500	0	40	360	149	45	37	48	0	0	0	0	0	0	0	0	0	0	0	0	5652951	
219	1	B	1	N	2500	0	40	287	87	25	19	33	0	0	0	0	0	0	0	0	0	0	0	0	5653372	
220	1	B	1	N	2500	0	40	281	94	20	17	27	0	0	0	0	0	0	0	0	0	0	0	0	5653590	
221	1	B	2	N	2500	6	40	317	102	25	22	34	0	0	0	0	0	0	0	0	0	0	0	0	5664479	
222	1	B	2	N	2500	2	1	307	77	22	17	26	0	0	0	0	0	0	0	0	0	0	0	0	5664526	
223	1	B	2	N	2500	6	40	194	117	33	32	55	0	0	0	0	0	0	0	0	0	0	0	0	5664916	
224	1	B	2	N	2500	6	40	314	113	26	23	34	0	0	0	0	0	0	0	0	0	0	0	0	5666757	
225	1	B	2	N	2500	0	1	56	10	2	2	3	0	0	0	0	0	0	0	0	0	0	0	0	5666819	
226	1	B	2	N	2500	0	1	125	81	26	22	33	0	0	0	0	0	0	0	0	0	0	0	0	5666819	
227	1	B	2	N	2500	0	1	525	395	119	102	175	0	0	0	0	0	0	0	0	0	0	0	0	5667162	
228	1	B	2	N	2500	0	40	314	110	31	25	35	0	0	0	0	0	0	0	0	0	0	0	0	5667271	
229	1	B	2	N	2500	0	1	180	46	12	10	12	0	0	0	0	0	0	0	0	0	0	0	0	5668005	
230	1	B	2	N	2500	0	1	173	89	22	20	28	0	0	0	0	0	0	0	0	0	0	0	0	5668535	
231	1	B	2	N	2500	0	1	125	34	6	6	8	0	0	0	0	0	0	0	0	0	0	0	0	5668816	
232	1	B	2	N	2500	0	1	224	76	24	19	30	0	0	0	0	0	0	0	0	0	0	0	0	5668925	
233	1	B	2	N	2500	0	40	342	128	34	27	38	0	0	0	0	0	0	0	0	0	0	0	0	5669112	
234	1	B	3	N	2500	2	1	207	75	18	18	26	0	0	0	0	0	0	0	0	0	0	0	0	5677068	
235	1	B	3	N	2500	2	1	191	84	31	25	37	0	0	0	0	0	0	0	0	0	0	0	0	5677099	
236	1	B	3	N	2500	6	40	322	126	33	28	37	0	0	0	0	0	0	0	0	0	0	0	0	5677318	
237	1	B	3	N	2500	6	40	323	127	34	27	41	0	0	0	0	0	0	0	0	0	0	0	0	5677349	
238	1	B	3	N	2500	6	40	305	99	24	20	32	0	0	0	0	0	0	0	0	0	0	0	0	5677396	
239	1	B	3	N	2500	0	40	316	115	32	24	35	0	0	0	0	0	0	0	0	0	0	0	0	5677396	
240	1	B	3	N	2500	0	1	222	94	21	20	27	0	0	0	0	0	0	0	0	0	0	0	0	5677599	
241	1	B	3	N	2500	0	40	278	138	39	34	48	0	0	0	0	0	0	0	0	0	0	0	0	5677926	
242	1	B	3	N	2500	0	40	361	146	39	32	52	0	0	0	0	0	0	0	0	0	0	0	0	5678893	
243	1	B	3	N	2500	0	40	383	136	35	29	45	0	0	0	0	0	0	0	0	0	0	0	0	5678940	
244	1	B	3	N	2500	0	40	365	105	29	23	39	0	0	0	0	0	0	0	0	0	0	0	0	5679439	
245	1	B	3	N	2500	0	1	70	22	3	0	3	0	0	0	0	0	0	0	0	0	0	0	0	5679486	
246	1	B	3	N	2500	0	40	372	140	38	38	58	0	0	0	0	0	0	0	0	0	0	0	0	5679486	
247	1	B	3	N	2500	0	1	173	66	15	14	22	0	0	0	0	0	0	0	0	0	0	0	0	5680329	
248	1	B	3	N	2500	0	1	257	80	20	16	25	0	0	0	0	0	0	0	0	0	0	0	0	5680594	
249	1	B	3	N	2500	0	40	205	119	27	25	35	0	0	0	0	0	0	0	0	0	0	0	0	5680781	
250	1	B	3	N	2500	0	1	176	93	26	22	29	0	0	0	0	0	0	0	0	0	0	0	0	5680906	
251	1	B	3	N	2500	0	40	322	116	30	24	40	0	0	0	0	0	0	0	0	0	0	0	0	5681062	
252	1	B	3	N	2500	0	40	301	84	24	18	29	0	0	0	0	0	0	0	0	0	0	0	0	5681655	
253	1	B	3	N	2500	0	40	320	114	29	25	38	0	0	0	0	0	0	0	0	0	0	0	0	5681904	
254	1	B	3	N	2500	0	1	78	15	2	2	4	0	0	0	0	0	0	0	0	0	0	0	0	5682310	
255	1	B	3	N	2500	0	40	302	103	32	24	37	0	0	0	0	0	0	0	0	0	0	0	0	5683090	
256	1	B	3	N	2500	0	1	208	90	28	22	33	0	0	0	0	0	0	0	0	0	0	0	0	5683121	
257	1	B	4	N	2500	6	40	290	84	26	21	32	0	0	0	0	0	0	0	0	0	0	0	0	5690859	
258	1	B	4	N	2500	2	1	206	72	17	16	27	0	0	0	0	0	0	0	0	0	0	0	0	5691514	
259	1	B	4	N	2500	2	1	185	85	24	19	25	0	0	0	0	0	0	0	0	0	0	0	0	5691529	
260	1	B	4	N	2500	2	1	69	12	2	3	4	0	0	0	0	0	0	0	0	0	0	0	0	5691545	
261	1	B	4	N	2500	2	1	211	94	33	25	36	0	0	0	0	0	0	0	0	0	0	0	0	5691779	
262	1	B	4	N	2500	2	1	302	79	23	18	26	0	0	0	0	0	0	0	0	0	0	0	0	5691904	
263	1	B	4	N	2500	2	1	233	62	15	12	18	0	0	0	0	0	0	0	0	0	0	0	0	5692372	
264	1	B	4	N	2500	2	1	77	22	4	4	5	0	0	0	0	0	0	0	0	0	0	0	0	5692372	
265	1	B	4	N	2500	2	1	248	84	17	15	25	0	0	0	0	0	0	0	0	0	0	0	0	5692497	
266	1	B	4	N	2500	2	1	233	75	23	19	27	0	0	0	0	0	0	0	0	0	0	0	0	5692777	
267	1	B	4	N	2500	2	1	135	31	5	5	7	0	0	0	0	0	0	0	0	0	0	0	0	5692777	
268	1	B	4	N	2500	6	40	248	133	34	27	40	0	0	0	0	0	0	0	0	0	0	0	0	5692887	
269	1	B	4	N	2500	6	40	292	108	27	24	34	0	0	0	0	0	0	0	0	0	0	0	0	5692933	
270	1	B	4	N	2500	0	1	285	76	19	16	27	0	0	0	0	0	0	0	0	0	0	0	0	5693074	
271	1	B	4	N	2500	0	1	257	57	14	12	21	0	0	0	0	0	0	0	0	0	0	0	0	5693152	
272	1	B	4	N	2500	0	40	292	84	20	16	26	0	0	0	0	0	0	0	0	0	0	0	0	5694884	
273	1	B	4	N	2500	0	40	277	115	29	24	35	0	0	0	0	0	0	0	0	0	0	0	0	5694930	
274	1	B	4	N	2500	0	40	292	88	24	21	30	0	0	0	0	0	0	0	0	0	0	0	0	5695055	
275	1	B	4	N	2500	0	40	320	96	24	21	36	0	0	0	0	0	0	0	0	0	0	0	0	5695071	
276	1	B	4	N	2500	0	40	276	91	29	20	29	0	0	0	0	0	0	0	0	0	0	0	0	5695086	
277	1	B	4	N	2500	0	40	241	111	36	28	39	0	0	0	0	0	0	0	0	0	0	0	0	5695164	
278	1	B	4	N	2500	0	1	266	72	21	15	25	0	0	0	0	0	0	0	0	0	0	0	0	5695258	
279	1	B	4	N	2500	0	40	369	135	36	27	39	0	0	0	0	0	0	0	0	0	0	0	0	5695336	
280	1	B	4	N	2500	0	1	186	108	26	20	31	0	0	0	0	0	0	0	0	0	0	0	0	5695398	
281	1	B	4	N	2500	0	1	130	96	25	21	31	0	0	0	0	0	0	0	0	0	0	0	0	5695648	
282	1	B	4	N	2500	0	1	143	53	9	9	16	0	0	0	0	0	0	0	0	0	0	0	0	5695866	
283	1	B	4	N	2500	0	40	328	102	29	23	33	0	0	0	0	0	0	0	0	0	0	0	0	5696459	
284	1	B	4	N	2500	0	1	287	79	18	16	25	0	0	0	0	0	0	0	0	0	0	0	0	5697021	
285	1	B	5	N	2500	2	1	277	60	17	13	20	0	0	0	0	0	0	0	0	0	0	0	0	5704899	
286	1	B	5	N	2500	2	1	232	95	24	22	35	0	0	0	0	0	0	0	0	0	0	0	0	5705554	
287	1	B	5	N	2500	2	1	176	81	23	20	30	0	0	0	0	0	0	0	0	0	0	0	0	5706708	
288	1	B	5	N	2500	6	40	304	104	32	24	34	0	0	0	0	0	0	0	0	0	0	0	0	5707566	
289	1	B	5	N	2500	2	1	183	69	14	11	20	0	0	0	0	0	0	0	0	0	0	0	0	5707956	
290	1	B	5	N	2500	2	1	268	73	15	12	20	0	0	0	0	0	0	0	0	0	0	0	0	5708846	
291	1	B	5	N	2500	2	1	297	81	20	17	27	0	0	0	0	0	0	0	0	0	0	0	0	5709126	
292	1	B	5	N	2500	6	40	282	91	21	18	28	0	0	0	0	0	0	0	0	0	0	0	0	5709392	
293	1	B	5	N	2500	2	1	136	48	11	8	13	0	0	0	0	0	0	0	0	0	0	0	0	5709454	
294	1	B	5	N	2500	6	40	203	120	28	25	36	0	0	0	0	0	0	0	0	0	0	0	0	5709750	
295	1	B	5	N	2500	0	40	251	129	35	29	41	0	0	0	0	0	0	0	0	0	0	0	0	5711154	
296	1	B	5	N	2500	0	1	185	86	26	24	34	0	0	0	0	0	0	0	0	0	0	0	0	5711997	
297	1	B	7	N	2500	2	1	168	90	25	18	27	0	0	0	0	0	0	0	0	0	0	0	0	5736270	
298	1	B	7	N	2500	2	1	181	89	24	19	23	0	0	0	0	0	0	0	0	0	0	0	0	5736364	
299	1	B	7	N	2500	2	1	247	72	21	13	19	0	0	0	0	0	0	0	0	0	0	0	0	5736442	
300	1	B	7	N	2500	6	40	250	96	28	23	33	0	0	0	0	0	0	0	0	0	0	0	0	5736614	
301	1	B	7	N	2500	6	40	275	125	42	28	33	0	0	0	0	0	0	0	0	0	0	0	0	5736707	
302	1	B	7	N	2500	2	1	268	69	16	13	16	0	0	0	0	0	0	0	0	0	0	0	0	5737409	
303	1	B	7	N	2500	2	1	194	64	17	12	16	0	0	0	0	0	0	0	0	0	0	0	0	5738174	
304	1	B	7	N	2500	2	1	225	82	18	16	21	0	0	0	0	0	0	0	0	0	0	0	0	5738579	
305	1	B	8	N	2500	2	1	89	40	29	38	79	0	0	0	0	0	0	0	0	0	0	0	0	5748345	
306	1	B	8	N	2500	2	1	166	34	7	5	9	0	0	0	0	0	0	0	0	0	0	0	0	5748782	
307	1	B	8	N	2500	2	1	168	92	21	17	23	0	0	0	0	0	0	0	0	0	0	0	0	5749031	
308	1	B	8	N	2500	2	1	218	54	12	8	14	0	0	0	0	0	0	0	0	0	0	0	0	5752650	
309	1	B	8	N	2500	2	1	176	58	21	15	22	0	0	0	0	0	0	0	0	0	0	0	0	5752900	
310	1	B	8	N	2500	2	1	176	78	23	15	22	0	0	0	0	0	0	0	0	0	0	0	0	5753040	
311	1	B	8	N	2500	2	1	264	80	17	14	21	0	0	0	0	0	0	0	0	0	0	0	0	5753274	
312	1	B	8	N	2500	2	1	246	47	14	8	16	0	0	0	0	0	0	0	0	0	0	0	0	5753337	
313	1	B	8	N	2500	2	1	261	65	17	11	18	0	0	0	0	0	0	0	0	0	0	0	0	5753711	
314	1	B	8	N	2500	2	1	159	58	13	11	14	0	0	0	0	0	0	0	0	0	0	0	0	5754054	
315	1	B	9	N	2500	2	1	130	26	6	5	8	0	0	0	0	0	0	0	0	0	0	0	0	5763414	
316	1	B	9	N	2500	6	40	200	124	30	22	34	0	0	0	0	0	0	0	0	0	0	0	0	5765708	
317	1	B	9	N	2500	2	1	256	68	17	13	19	0	0	0	0	0	0	0	0	0	0	0	0	5765988	
318	1	B	9	N	2500	2	1	258	91	20	16	21	0	0	0	0	0	0	0	0	0	0	0	0	5766082	
319	1	B	9	N	2500	2	1	118	37	8	8	13	0	0	0	0	0	0	0	0	0	0	0	0	5766846	
320	1	B	9	N	2500	2	1	147	59	11	10	15	0	0	0	0	0	0	0	0	0	0	0	0	5767517	
321	1	B	9	N	2500	8	40	298	105	30	21	32	0	0	0	0	0	0	0	0	0	0	0	0	5767517	
322	1	B	9	N	2500	2	1	287	82	17	15	20	0	0	0	0	0	0	0	0	0	0	0	0	5767673	
323	1	B	9	N	2500	6	40	293	91	24	17	24	0	0	0	0	0	0	0	0	0	0	0	0	5768360	
324	1	B	10	N	2500	2	1	222	61	13	12	18	0	0	0	0	0	0	0	0	0	0	0	0	5778359	
325	1	B	10	N	2500	6	40	341	157	36	28	44	0	0	0	0	0	0	0	0	0	0	0	0	5778702	
326	1	B	10	N	2500	2	1	231	60	13	10	14	0	0	0	0	0	0	0	0	0	0	0	0	5779046	
327	1	B	10	N	2500	2	1	142	78	17	15	24	0	0	0	0	0	0	0	0	0	0	0	0	5780730	
328	1	B	10	N	2500	6	40	366	141	35	29	40	0	0	0	0	0	0	0	0	0	0	0	0	5781464	
329	1	B	10	N	2500	6	40	291	100	24	19	30	0	0	0	0	0	0	0	0	0	0	0	0	5781495	
330	1	B	10	N	2500	0	1	203	44	9	6	11	0	0	0	0	0	0	0	0	0	0	0	0	5781635	
331	1	B	10	N	2500	0	40	307	101	25	18	24	0	0	0	0	0	0	0	0	0	0	0	0	5782275	
332	1	B	10	N	2500	0	40	310	97	24	19	30	0	0	0	0	0	0	0	0	0	0	0	0	5782431	
333	1	B	10	N	2500	0	1	154	61	15	12	18	0	0	0	0	0	0	0	0	0	0	0	0	5782509	
334	1	B	10	N	2500	0	1	273	86	26	18	24	0	0	0	0	0	0	0	0	0	0	0	0	5782618	
335	1	B	10	N	2500	0	40	273	104	30	23	33	0	0	0	0	0	0	0	0	0	0	0	0	5782914	
336	1	B	11	N	2500	6	40	350	125	33	25	35	0	0	0	0	0	0	0	0	0	0	0	0	5793678	
337	1	B	11	N	2500	6	40	331	107	29	20	26	0	0	0	0	0	0	0	0	0	0	0	0	5794256	
338	1	B	11	N	2500	6	40	299	84	17	14	24	0	0	0	0	0	0	0	0	0	0	0	0	5794380	
339	1	B	11	N	2500	0	1	274	72	17	14	21	0	0	0	0	0	0	0	0	0	0	0	0	5794864	
340	1	B	11	N	2500	0	1	254	87	23	17	22	0	0	0	0	0	0	0	0	0	0	0	0	5794895	
341	1	B	11	N	2500	0	1	262	66	17	12	15	0	0	0	0	0	0	0	0	0	0	0	0	5795067	
342	1	B	11	N	2500	0	1	187	84	19	15	17	0	0	0	0	0	0	0	0	0	0	0	0	5796689	
343	1	B	11	N	2500	0	1	72	19	6	9	30	0	0	0	0	0	0	0	0	0	0	0	0	5797750	
344	1	B	11	N	2500	0	1	228	56	14	10	14	0	0	0	0	0	0	0	0	0	0	0	0	5798592	
345	1	C	1	N	2500	6	40	226	119	34	32	48	0	0	0	0	0	0	0	0	0	0	0	0	5822632	
346	1	C	1	N	2500	6	40	327	84	21	21	34	0	0	0	0	0	0	0	0	0	0	0	0	5823163	
347	1	C	1	N	2500	2	1	154	40	10	11	17	0	0	0	0	0	0	0	0	0	0	0	0	5824442	
348	1	C	1	N	2500	2	1	195	83	21	19	29	0	0	0	0	0	0	0	0	0	0	0	0	5824847	
349	1	C	1	N	2500	6	40	264	94	25	20	31	0	0	0	0	0	0	0	0	0	0	0	0	5825799	
350	1	C	1	N	2500	0	1	286	83	22	16	29	0	0	0	0	0	0	0	0	0	0	0	0	5826033	
351	1	C	1	N	2500	0	40	301	113	27	22	35	0	0	0	0	0	0	0	0	0	0	0	0	5826766	
352	1	C	1	N	2500	0	40	293	87	24	18	31	0	0	0	0	0	0	0	0	0	0	0	0	5826875	
353	1	C	1	N	2500	0	1	298	76	19	16	25	0	0	0	0	0	0	0	0	0	0	0	0	5827141	
354	1	C	1	N	2500	0	40	311	95	23	18	32	0	0	0	0	0	0	0	0	0	0	0	0	5827187	
355	1	C	2	N	2500	6	40	311	126	32	30	43	0	0	0	0	0	0	0	0	0	0	0	0	5837140	
356	1	C	2	N	2500	2	1	111	68	13	13	23	0	0	0	0	0	0	0	0	0	0	0	0	5839153	
357	1	C	2	N	2500	2	1	276	72	16	14	23	0	0	0	0	0	0	0	0	0	0	0	0	5839387	
358	1	C	2	N	2500	2	1	276	79	18	15	25	0	0	0	0	0	0	0	0	0	0	0	0	5839433	
359	1	C	2	N	2500	2	1	224	93	24	22	32	0	0	0	0	0	0	0	0	0	0	0	0	5839589	
360	1	C	2	N	2500	2	1	254	87	21	17	29	0	0	0	0	0	0	0	0	0	0	0	0	5839652	
361	1	C	2	N	2500	6	40	325	112	26	23	36	0	0	0	0	0	0	0	0	0	0	0	0	5839714	
362	1	C	2	N	2500	6	40	312	87	21	18	27	0	0	0	0	0	0	0	0	0	0	0	0	5839901	
363	1	C	2	N	2500	0	1	162	61	17	15	23	0	0	0	0	0	0	0	0	0	0	0	0	5840229	
364	1	C	2	N	2500	0	40	212	109	24	22	31	0	0	0	0	0	0	0	0	0	0	0	0	5840416	
365	1	C	2	N	2500	0	1	51	8	1	1	4	0	0	0	0	0	0	0	0	0	0	0	0	5840603	
366	1	C	2	N	2500	0	40	342	118	28	23	29	0	0	0	0	0	0	0	0	0	0	0	0	5840650	
367	1	C	2	N	2500	0	1	226	59	12	11	20	0	0	0	0	0	0	0	0	0	0	0	0	5840853	
368	1	C	2	N	2500	0	1	228	55	9	9	17	0	0	0	0	0	0	0	0	0	0	0	0	5840853	
369	1	C	2	N	2500	0	40	321	104	29	23	37	0	0	0	0	0	0	0	0	0	0	0	0	5840931	
370	1	C	2	N	2500	0	40	315	108	31	23	34	0	0	0	0	0	0	0	0	0	0	0	0	5841680	
371	1	C	2	N	2500	0	1	249	60	14	13	19	0	0	0	0	0	0	0	0	0	0	0	0	5842163	
372	1	C	2	N	2500	0	40	349	145	36	30	41	0	0	0	0	0	0	0	0	0	0	0	0	5842304	
373	1	C	2	N	2500	0	40	284	119	31	25	36	0	0	0	0	0	0	0	0	0	0	0	0	5842741	
374	1	C	2	N	2500	0	40	282	97	24	20	34	0	0	0	0	0	0	0	0	0	0	0	0	5843053	
375	1	C	2	N	2500	0	40	329	91	22	20	27	0	0	0	0	0	0	0	0	0	0	0	0	5843770	
376	1	C	3	N	2500	2	1	292	83	18	16	26	0	0	0	0	0	0	0	0	0	0	0	0	5851258	
377	1	C	3	N	2500	2	1	231	74	17	15	23	0	0	0	0	0	0	0	0	0	0	0	0	5851789	
378	1	C	3	N	2500	6	40	323	99	26	21	35	0	0	0	0	0	0	0	0	0	0	0	0	5852459	
379	1	C	3	N	2500	6	40	238	106	28	26	35	0	0	0	0	0	0	0	0	0	0	0	0	5852506	
380	1	C	3	N	2500	2	1	255	69	15	14	21	0	0	0	0	0	0	0	0	0	0	0	0	5852662	
381	1	C	3	N	2500	2	1	131	72	18	16	24	0	0	0	0	0	0	0	0	0	0	0	0	5852803	
382	1	C	3	N	2500	2	1	147	40	9	8	13	0	0	0	0	0	0	0	0	0	0	0	0	5853208	
383	1	C	3	N	2500	6	40	191	123	34	29	39	0	0	0	0	0	0	0	0	0	0	0	0	5853239	
384	1	C	3	N	2500	0	40	282	102	31	22	37	0	0	0	0	0	0	0	0	0	0	0	0	5853411	
385	1	C	3	N	2500	0	40	289	86	20	19	26	0	0	0	0	0	0	0	0	0	0	0	0	5853629	
386	1	C	3	N	2500	0	1	258	75	20	15	22	0	0	0	0	0	0	0	0	0	0	0	0	5853645	
387	1	C	3	N	2500	0	1	205	69	22	19	28	0	0	0	0	0	0	0	0	0	0	0	0	5853801	
388	1	C	3	N	2500	0	40	313	100	26	20	30	0	0	0	0	0	0	0	0	0	0	0	0	5854082	
389	1	C	3	N	2500	0	1	236	82	20	16	24	0	0	0	0	0	0	0	0	0	0	0	0	5854487	
390	1	C	3	N	2500	0	1	214	45	9	8	15	0	0	0	0	0	0	0	0	0	0	0	0	5854753	
391	1	C	3	N	2500	0	40	358	166	46	36	53	0	0	0	0	0	0	0	0	0	0	0	0	5854877	
392	1	C	3	N	2500	0	40	308	108	29	25	32	0	0	0	0	0	0	0	0	0	0	0	0	5854940	
393	1	C	3	N	2500	0	40	295	93	28	23	33	0	0	0	0	0	0	0	0	0	0	0	0	5855299	
394	1	C	3	N	2500	0	40	261	97	24	22	32	0	0	0	0	0	0	0	0	0	0	0	0	5855938	
395	1	C	3	N	2500	0	40	411	204	59	45	60	0	0	0	0	0	0	0	0	0	0	0	0	5855938	
396	1	C	3	N	2500	0	40	227	110	29	26	37	0	0	0	0	0	0	0	0	0	0	0	0	5856063	
397	1	C	3	N	2500	0	40	477	198	50	41	60	0	0	0	0	0	0	0	0	0	0	0	0	5856063	
398	1	C	3	N	2500	0	40	293	94	24	20	31	0	0	0	0	0	0	0	0	0	0	0	0	5856110	
399	1	C	3	N	2500	0	40	322	91	25	20	35	0	0	0	0	0	0	0	0	0	0	0	0	5856687	
400	1	C	3	N	2500	0	40	322	122	33	25	38	0	0	0	0	0	0	0	0	0	0	0	0	5857124	
401	1	C	3	N	2500	0	40	251	113	33	26	30	0	0	0	0	0	0	0	0	0	0	0	0	5857826	
402	1	C	4	N	2500	2	1	117	31	5	6	10	0	0	0	0	0	0	0	0	0	0	0	0	5865563	
403	1	C	4	N	2500	6	40	289	140	47	36	48	0	0	0	0	0	0	0	0	0	0	0	0	5865969	
404	1	C	4	N	2500	6	40	294	103	25	21	32	0	0	0	0	0	0	0	0	0	0	0	0	5867295	
405	1	C	4	N	2500	6	40	315	97	28	20	33	0	0	0	0	0	0	0	0	0	0	0	0	5867794	
406	1	C	4	N	2500	0	40	297	97	27	23	35	0	0	0	0	0	0	0	0	0	0	0	0	5867950	
407	1	C	4	N	2500	0	40	295	86	24	18	25	0	0	0	0	0	0	0	0	0	0	0	0	5868730	
408	1	C	4	N	2500	0	1	150	76	19	15	23	0	0	0	0	0	0	0	0	0	0	0	0	5868824	
409	1	C	4	N	2500	0	40	300	95	23	20	29	0	0	0	0	0	0	0	0	0	0	0	0	5868949	
410	1	C	4	N	2500	0	1	441	128	30	25	38	0	0	0	0	0	0	0	0	0	0	0	0	5868964	
411	1	C	4	N	2500	0	1	196	104	32	25	36	0	0	0	0	0	0	0	0	0	0	0	0	5869261	
412	1	C	4	N	2500	0	1	180	43	9	7	10	0	0	0	0	0	0	0	0	0	0	0	0	5869463	
413	1	C	4	N	2500	0	1	165	103	27	26	38	0	0	0	0	0	0	0	0	0	0	0	0	5869604	
414	1	C	4	N	2500	0	1	172	88	25	20	28	0	0	0	0	0	0	0	0	0	0	0	0	5871133	
415	1	C	5	N	2500	6	40	210	129	39	30	43	0	0	0	0	0	0	0	0	0	0	0	0	5878979	
416	1	C	5	N	2500	2	1	220	101	26	22	34	0	0	0	0	0	0	0	0	0	0	0	0	5881054	
417	1	C	5	N	2500	6	40	281	100	22	18	30	0	0	0	0	0	0	0	0	0	0	0	0	5882583	
418	1	C	5	N	2500	2	1	155	68	18	14	20	0	0	0	0	0	0	0	0	0	0	0	0	5882833	
419	1	C	5	N	2500	2	1	161	89	25	20	29	0	0	0	0	0	0	0	0	0	0	0	0	5883316	
420	1	C	5	N	2500	2	1	184	79	16	15	23	0	0	0	0	0	0	0	0	0	0	0	0	5883535	
421	1	C	5	N	2500	6	40	331	101	24	23	32	0	0	0	0	0	0	0	0	0	0	0	0	5883644	
422	1	C	5	N	2500	0	1	118	75	18	15	25	0	0	0	0	0	0	0	0	0	0	0	0	5883737	
423	1	C	5	N	2500	0	40	295	107	21	20	35	0	0	0	0	0	0	0	0	0	0	0	0	5884689	
424	1	C	6	N	2500	6	40	317	105	25	23	33	0	0	0	0	0	0	0	0	0	0	0	0	5893316	
425	1	C	6	N	2500	2	1	250	82	18	14	25	0	0	0	0	0	0	0	0	0	0	0	0	5896077	
426	1	C	7	N	2500	6	40	374	128	35	26	36	0	0	0	0	0	0	0	0	0	0	0	0	5907917	
427	1	C	7	N	2500	2	1	197	54	11	10	14	0	0	0	0	0	0	0	0	0	0	0	0	5908729	
428	1	C	7	N	2500	2	1	144	66	14	12	14	0	0	0	0	0	0	0	0	0	0	0	0	5909867	
429	1	C	7	N	2500	6	40	364	134	37	28	38	0	0	0	0	0	0	0	0	0	0	0	0	5910289	
430	1	C	7	N	2500	6	40	370	129	33	25	34	0	0	0	0	0	0	0	0	0	0	0	0	5910538	
431	1	C	7	N	2500	0	40	345	139	35	26	39	0	0	0	0	0	0	0	0	0	0	0	0	5910741	
432	1	C	7	N	2500	0	1	94	32	5	4	7	0	0	0	0	0	0	0	0	0	0	0	0	5912223	
433	1	C	7	N	2500	0	40	401	143	36	27	36	0	0	0	0	0	0	0	0	0	0	0	0	5912582	
434	1	C	7	N	2500	0	40	316	106	24	19	30	0	0	0	0	0	0	0	0	0	0	0	0	5912738	
435	1	C	8	N	2500	2	1	179	96	22	16	21	0	0	0	0	0	0	0	0	0	0	0	0	5922223	
436	1	C	8	N	2500	6	40	214	114	24	20	28	0	0	0	0	0	0	0	0	0	0	0	0	5924376	
437	1	C	8	N	2500	6	40	298	98	27	18	27	0	0	0	0	0	0	0	0	0	0	0	0	5924485	
438	1	C	8	N	2500	6	40	359	150	38	26	35	0	0	0	0	0	0	0	0	0	0	0	0	5924750	
439	1	C	8	N	2500	0	40	413	141	34	27	42	0	0	0	0	0	0	0	0	0	0	0	0	5924906	
440	1	C	8	N	2500	0	40	314	87	24	16	25	0	0	0	0	0	0	0	0	0	0	0	0	5925608	
441	1	C	8	N	2500	0	1	197	91	27	18	27	0	0	0	0	0	0	0	0	0	0	0	0	5925655	
442	1	C	8	N	2500	0	40	355	120	31	21	30	0	0	0	0	0	0	0	0	0	0	0	0	5925889	
443	1	C	8	N	2500	0	1	274	67	18	14	19	0	0	0	0	0	0	0	0	0	0	0	0	5926029	
444	1	C	8	N	2500	0	40	346	91	22	17	24	0	0	0	0	0	0	0	0	0	0	0	0	5926560	
445	1	C	8	N	2500	0	40	290	87	25	16	21	0	0	0	0	0	0	0	0	0	0	0	0	5926638	
446	1	C	8	N	2500	0	40	314	106	23	18	28	0	0	0	0	0	0	0	0	0	0	0	0	5927620	
447	1	C	8	N	2500	0	1	125	48	9	8	12	0	0	0	0	0	0	0	0	0	0	0	0	5928166	
448	1	C	9	N	2500	2	1	294	79	20	14	23	0	0	0	0	0	0	0	0	0	0	0	0	5937495	
449	1	C	9	N	2500	6	40	268	134	42	31	47	0	0	0	0	0	0	0	0	0	0	0	0	5937714	
450	1	C	9	N	2500	2	1	388	84	21	15	21	0	0	0	0	0	0	0	0	0	0	0	0	5938587	
451	1	C	9	N	2500	6	40	475	157	42	29	43	0	0	0	0	0	0	0	0	0	0	0	0	5939008	
452	1	C	9	N	2500	6	40	314	91	22	16	28	0	0	0	0	0	0	0	0	0	0	0	0	5940787	
453	1	C	9	N	2500	0	40	335	99	21	16	21	0	0	0	0	0	0	0	0	0	0	0	0	5941395	
454	1	C	9	N	2500	0	40	244	111	24	21	27	0	0	0	0	0	0	0	0	0	0	0	0	5941520	
455	1	C	9	N	2500	0	40	237	104	25	18	26	0	0	0	0	0	0	0	0	0	0	0	0	5941598	
456	1	C	9	N	2500	0	40	326	125	30	24	35	0	0	0	0	0	0	0	0	0	0	0	0	5941645	
457	1	C	9	N	2500	0	40	282	124	34	25	31	0	0	0	0	0	0	0	0	0	0	0	0	5942347	
458	1	C	9	N	2500	0	40	298	113	25	17	31	0	0	0	0	0	0	0	0	0	0	0	0	5942830	
459	1	C	9	N	2500	0	40	335	124	29	20	28	0	0	0	0	0	0	0	0	0	0	0	0	5943267	
460	1	C	10	N	2500	6	40	255	102	25	19	30	0	0	0	0	0	0	0	0	0	0	0	0	5952814	
461	1	C	10	N	2500	6	40	301	94	21	17	25	0	0	0	0	0	0	0	0	0	0	0	0	5952846	
462	1	C	10	N	2500	6	40	286	145	48	31	42	0	0	0	0	0	0	0	0	0	0	0	0	5953095	
463	1	C	10	N	2500	0	40	358	208	61	50	65	0	0	0	0	0	0	0	0	0	0	0	0	5953953	
464	1	C	10	N	2500	0	1	82	47	13	11	15	0	0	0	0	0	0	0	0	0	0	0	0	5954343	
465	1	C	10	N	2500	0	1	211	76	16	13	18	0	0	0	0	0	0	0	0	0	0	0	0	5954343	
466	1	C	10	N	2500	0	1	298	69	18	13	16	0	0	0	0	0	0	0	0	0	0	0	0	5954796	
467	1	C	10	N	2500	0	1	265	72	15	11	13	0	0	0	0	0	0	0	0	0	0	0	0	5954889	
468	1	C	10	N	2500	0	40	274	120	27	21	29	0	0	0	0	0	0	0	0	0	0	0	0	5955154	
469	1	C	10	N	2500	0	40	335	104	26	20	26	0	0	0	0	0	0	0	0	0	0	0	0	5955482	
470	1	C	10	N	2500	0	1	303	78	21	14	20	0	0	0	0	0	0	0	0	0	0	0	0	5955669	
471	1	C	10	N	2500	0	40	367	119	30	20	30	0	0	0	0	0	0	0	0	0	0	0	0	5955841	
472	1	C	10	N	2500	0	40	214	128	31	25	36	0	0	0	0	0	0	0	0	0	0	0	0	5956418	
473	1	C	10	N	2500	0	1	420	81	22	16	25	0	0	0	0	0	0	0	0	0	0	0	0	5957541	
474	1	C	11	N	2500	6	40	327	113	34	24	37	0	0	0	0	0	0	0	0	0	0	0	0	5965232	
475	1	C	11	N	2500	6	40	305	95	27	20	29	0	0	0	0	0	0	0	0	0	0	0	0	5965482	
476	1	C	11	N	2500	6	40	341	95	25	17	23	0	0	0	0	0	0	0	0	0	0	0	0	5965981	
477	1	C	11	N	2500	0	40	246	128	37	27	36	0	0	0	0	0	0	0	0	0	0	0	0	5966714	
478	1	C	11	N	2500	0	1	166	105	26	21	34	0	0	0	0	0	0	0	0	0	0	0	0	5966901	
479	1	C	11	N	2500	0	1	287	77	17	14	21	0	0	0	0	0	0	0	0	0	0	0	0	5967166	
480	1	C	11	N	2500	0	40	247	109	31	22	28	0	0	0	0	0	0	0	0	0	0	0	0	5967182	
481	1	C	11	N	2500	0	1	261	66	15	11	15	0	0	0	0	0	0	0	0	0	0	0	0	5967993	
482	1	C	11	N	2500	0	40	320	111	28	19	29	0	0	0	0	0	0	0	0	0	0	0	0	5968539	
483	1	C	11	N	2500	0	1	299	70	16	12	21	0	0	0	0	0	0	0	0	0	0	0	0	5968867	
484	1	C	11	N	2500	0	40	234	145	36	31	43	0	0	0	0	0	0	0	0	0	0	0	0	5969304	
485	1	C	11	N	2500	0	1	183	73	12	10	14	0	0	0	0	0	0	0	0	0	0	0	0	5969382	
486	1	C	11	N	2500	0	40	462	183	50	35	53	0	0	0	0	0	0	0	0	0	0	0	0	5970318	
487	1	C	11	N	2500	0	40	332	90	20	15	25	0	0	0	0	0	0	0	0	0	0	0	0	5970614	
488	1	D	1	N	2500	2	1	160	70	19	12	19	0	0	0	0	0	0	0	0	0	0	0	0	5996260	
489	1	D	1	N	2500	2	1	235	80	18	13	21	0	0	0	0	0	0	0	0	0	0	0	0	5996619	
490	1	D	1	N	2500	2	1	127	43	12	10	17	0	0	0	0	0	0	0	0	0	0	0	0	5997290	
491	1	D	1	N	2500	6	40	255	111	27	20	28	0	0	0	0	0	0	0	0	0	0	0	0	5998195	
492	1	D	1	N	2500	2	1	166	39	7	5	10	0	0	0	0	0	0	0	0	0	0	0	0	5999536	
493	1	D	1	N	2500	2	1	101	31	7	6	13	0	0	0	0	0	0	0	0	0	0	0	0	6000394	
494	1	D	2	N	2500	6	40	294	112	29	23	30	0	0	0	0	0	0	0	0	0	0	0	0	6010004	
495	1	D	2	N	2500	2	1	180	81	24	19	24	0	0	0	0	0	0	0	0	0	0	0	0	6011642	
496	1	D	2	N	2500	2	1	219	83	19	14	22	0	0	0	0	0	0	0	0	0	0	0	0	6012297	
497	1	D	2	N	2500	2	1	154	64	16	13	17	0	0	0	0	0	0	0	0	0	0	0	0	6013046	
498	1	D	2	N	2500	2	1	224	43	10	9	15	0	0	0	0	0	0	0	0	0	0	0	0	6013608	
499	1	D	2	N	2500	2	1	252	55	11	8	14	0	0	0	0	0	0	0	0	0	0	0	0	6013998	
500	1	D	2	N	2500	2	1	186	78	19	14	21	0	0	0	0	0	0	0	0	0	0	0	0	6014185	
501	1	D	2	N	2500	2	1	170	63	14	11	18	0	0	0	0	0	0	0	0	0	0	0	0	6014325	
502	1	D	2	N	2500	2	1	147	86	19	16	19	0	0	0	0	0	0	0	0	0	0	0	0	6014965	
503	1	D	2	N	2500	2	1	85	36	7	4	8	0	0	0	0	0	0	0	0	0	0	0	0	6015246	
504	1	D	2	N	2500	2	1	197	95	29	19	27	0	0	0	0	0	0	0	0	0	0	0	0	6015261	
505	1	D	3	N	2500	2	1	280	68	15	13	21	0	0	0	0	0	0	0	0	0	0	0	0	6024715	
506	1	D	3	N	2500	6	40	316	102	29	20	27	0	0	0	0	0	0	0	0	0	0	0	0	6025994	
507	1	D	3	N	2500	2	1	170	88	25	19	26	0	0	0	0	0	0	0	0	0	0	0	0	6027304	
508	1	D	3	N	2500	2	1	213	81	21	16	23	0	0	0	0	0	0	0	0	0	0	0	0	6027507	
509	1	D	3	N	2500	2	1	89	18	4	4	7	0	0	0	0	0	0	0	0	0	0	0	0	6027710	
510	1	D	3	N	2500	2	1	221	87	21	18	23	0	0	0	0	0	0	0	0	0	0	0	0	6029676	
511	1	D	3	N	2500	2	1	172	92	25	16	23	0	0	0	0	0	0	0	0	0	0	0	0	6029754	
512	1	D	4	N	2500	2	1	270	75	20	14	20	0	0	0	0	0	0	0	0	0	0	0	0	6039660	
513	1	D	4	N	2500	2	1	203	47	20	24	200	0	0	0	0	0	0	0	0	0	0	0	0	6040814	
514	1	D	4	N	2500	2	1	81	23	11	11	24	0	0	0	0	0	0	0	0	0	0	0	0	6041516	
515	1	D	4	N	2500	2	1	111	33	8	8	11	0	0	0	0	0	0	0	0	0	0	0	0	6043107	
516	1	D	4	N	2500	2	1	51	16	3	4	7	0	0	0	0	0	0	0	0	0	0	0	0	6043825	
517	1	D	4	N	2500	6	40	282	97	25	19	29	0	0	0	0	0	0	0	0	0	0	0	0	6044168	
518	1	D	5	N	2500	2	1	132	40	8	7	10	0	0	0	0	0	0	0	0	0	0	0	0	6055119	
519	1	D	5	N	2500	2	1	143	68	18	13	19	0	0	0	0	0	0	0	0	0	0	0	0	6055853	
520	1	D	5	N	2500	6	40	295	92	26	18	25	0	0	0	0	0	0	0	0	0	0	0	0	6057444	
521	1	D	5	N	2500	6	40	258	116	29	23	31	0	0	0	0	0	0	0	0	0	0	0	0	6058645	
522	1	D	5	N	2500	2	1	183	97	28	18	25	0	0	0	0	0	0	0	0	0	0	0	0	6059597	
523	1	D	7	N	2500	6	40	331	95	22	17	27	0	0	0	0	0	0	0	0	0	0	0	0	6085134	
524	1	D	7	N	2500	2	1	64	15	6	5	9	0	0	0	0	0	0	0	0	0	0	0	0	6085524	
525	1	D	7	N	2500	2	1	183	63	14	10	17	0	0	0	0	0	0	0	0	0	0	0	0	6085883	
526	1	D	7	N	2500	6	40	299	83	17	13	21	0	0	0	0	0	0	0	0	0	0	0	0	6086148	
527	1	D	7	N	2500	6	40	280	86	18	14	24	0	0	0	0	0	0	0	0	0	0	0	0	6086195	
528	1	D	7	N	2500	0	1	131	64	15	12	19	0	0	0	0	0	0	0	0	0	0	0	0	6087692	
529	1	D	7	N	2500	0	1	115	83	27	19	24	0	0	0	0	0	0	0	0	0	0	0	0	6088082	
530	1	D	7	N	2500	0	1	51	15	4	5	14	0	0	0	0	0	0	0	0	0	0	0	0	6088425	
531	1	D	7	N	2500	0	40	318	96	21	18	28	0	0	0	0	0	0	0	0	0	0	0	0	6088784	
532	1	D	7	N	2500	0	1	142	43	9	7	11	0	0	0	0	0	0	0	0	0	0	0	0	6090500	
533	1	D	8	N	2500	2	1	261	66	13	11	15	0	0	0	0	0	0	0	0	0	0	0	0	6099174	
534	1	D	8	N	2500	6	40	312	116	27	24	35	0	0	0	0	0	0	0	0	0	0	0	0	6100079	
535	1	D	8	N	2500	2	1	262	78	21	15	24	0	0	0	0	0	0	0	0	0	0	0	0	6100219	
536	1	D	8	N	2500	2	1	138	65	18	14	18	0	0	0	0	0	0	0	0	0	0	0	0	6100562	
537	1	D	8	N	2500	6	40	243	98	23	21	33	0	0	0	0	0	0	0	0	0	0	0	0	6102091	
538	1	D	8	N	2500	2	1	208	88	20	17	24	0	0	0	0	0	0	0	0	0	0	0	0	6102122	
539	1	D	8	N	2500	2	1	258	75	18	16	25	0	0	0	0	0	0	0	0	0	0	0	0	6104384	
540	1	D	8	N	2500	2	1	237	63	11	9	18	0	0	0	0	0	0	0	0	0	0	0	0	6104509	
541	1	D	9	N	2500	2	1	213	75	19	17	28	0	0	0	0	0	0	0	0	0	0	0	0	6112481	
542	1	D	9	N	2500	2	1	90	35	12	13	31	0	0	0	0	0	0	0	0	0	0	0	0	6114337	
543	1	D	9	N	2500	6	40	283	99	27	18	29	0	0	0	0	0	0	0	0	0	0	0	0	6114758	
544	1	D	9	N	2500	2	1	190	68	14	11	18	0	0	0	0	0	0	0	0	0	0	0	0	6115429	
545	1	D	9	N	2500	2	1	266	82	18	14	20	0	0	0	0	0	0	0	0	0	0	0	0	6115632	
546	1	D	9	N	2500	6	40	340	129	34	24	36	0	0	0	0	0	0	0	0	0	0	0	0	6115928	
547	1	D	9	N	2500	2	1	138	69	15	12	20	0	0	0	0	0	0	0	0	0	0	0	0	6116256	
548	1	D	9	N	2500	6	40	420	137	26	20	31	0	0	0	0	0	0	0	0	0	0	0	0	6117176	
549	1	D	9	N	2500	0	1	163	73	16	13	17	0	0	0	0	0	0	0	0	0	0	0	0	6117878	
550	1	D	10	N	2500	6	40	325	90	24	17	27	0	0	0	0	0	0	0	0	0	0	0	0	6126911	
551	1	D	10	N	2500	2	1	181	88	20	18	28	0	0	0	0	0	0	0	0	0	0	0	0	6127815	
552	1	D	10	N	2500	2	1	210	63	16	14	21	0	0	0	0	0	0	0	0	0	0	0	0	6127940	
553	1	D	10	N	2500	6	40	403	144	40	30	41	0	0	0	0	0	0	0	0	0	0	0	0	6129032	
554	1	D	10	N	2500	6	40	336	87	21	15	28	0	0	0	0	0	0	0	0	0	0	0	0	6129828	
555	1	D	10	N	2500	0	1	56	20	26	42	66	0	0	0	0	0	0	0	0	0	0	0	0	6130155	
556	1	D	10	N	2500	0	1	205	62	15	13	20	0	0	0	0	0	0	0	0	0	0	0	0	6130249	
557	1	D	10	N	2500	0	40	313	94	20	17	28	0	0	0	0	0	0	0	0	0	0	0	0	6130951	
558	1	D	10	N	2500	0	1	139	74	15	14	21	0	0	0	0	0	0	0	0	0	0	0	0	6131216	
559	1	D	10	N	2500	0	40	327	114	23	21	31	0	0	0	0	0	0	0	0	0	0	0	0	6132293	
560	1	D	10	N	2500	0	1	60	28	7	5	9	0	0	0	0	0	0	0	0	0	0	0	0	6133088	
561	1	D	10	N	2500	0	1	65	36	10	8	11	0	0	0	0	0	0	0	0	0	0	0	0	6133088	
562	1	D	11	N	2500	6	40	317	112	24	20	29	0	0	0	0	0	0	0	0	0	0	0	0	6141621	
563	1	D	11	N	2500	6	40	305	103	23	19	28	0	0	0	0	0	0	0	0	0	0	0	0	6141965	
564	1	D	11	N	2500	2	1	245	89	21	18	29	0	0	0	0	0	0	0	0	0	0	0	0	6142355	
565	1	D	11	N	2500	2	1	199	47	8	8	12	0	0	0	0	0	0	0	0	0	0	0	0	6143057	
566	1	D	11	N	2500	2	1	194	79	19	15	24	0	0	0	0	0	0	0	0	0	0	0	0	6143166	
567	1	D	11	N	2500	2	1	183	73	17	15	22	0	0	0	0	0	0	0	0	0	0	0	0	6143306	
568	1	D	11	N	2500	2	1	143	61	13	12	12	0	0	0	0	0	0	0	0	0	0	0	0	6143337	
569	1	D	11	N	2500	2	1	233	62	14	10	20	0	0	0	0	0	0	0	0	0	0	0	0	6143384	
570	1	D	11	N	2500	2	1	101	21	34	53	122	0	0	0	0	0	0	0	0	0	0	0	0	6143743	
571	1	D	11	N	2500	2	1	213	77	16	14	24	0	0	0	0	0	0	0	0	0	0	0	0	6144273	
572	1	D	11	N	2500	2	1	238	68	15	13	20	0	0	0	0	0	0	0	0	0	0	0	0	6145038	
573	1	D	11	N	2500	2	1	164	65	13	12	16	0	0	0	0	0	0	0	0	0	0	0	0	6146099	
574	1	D	11	N	2500	2	1	207	63	15	11	19	0	0	0	0	0	0	0	0	0	0	0	0	6146223	
575	1	D	11	N	2500	2	1	260	53	13	9	16	0	0	0	0	0	0	0	0	0	0	0	0	6147175	
576	1	D	12	N	2500	2	1	154	34	7	6	8	0	0	0	0	0	0	0	0	0	0	0	0	6158126	
577	1	D	12	N	2500	6	40	285	90	23	16	29	0	0	0	0	0	0	0	0	0	0	0	0	6161792	
578	1	E	1	N	2500	6	40	296	94	25	19	28	0	0	0	0	0	0	0	0	0	0	0	0	6173071	
579	1	E	1	N	2500	2	1	170	78	21	15	20	0	0	0	0	0	0	0	0	0	0	0	0	6173258	
580	1	E	1	N	2500	2	1	271	76	22	16	22	0	0	0	0	0	0	0	0	0	0	0	0	6173430	
581	1	E	1	N	2500	6	40	282	110	33	24	37	0	0	0	0	0	0	0	0	0	0	0	0	6173586	
582	1	E	1	N	2500	2	1	230	41	10	11	20	0	0	0	0	0	0	0	0	0	0	0	0	6175489	
583	1	E	1	N	2500	2	1	147	77	16	12	18	0	0	0	0	0	0	0	0	0	0	0	0	6175988	
584	1	E	1	N	2500	6	40	331	105	27	21	26	0	0	0	0	0	0	0	0	0	0	0	0	6177361	
585	1	E	1	N	2500	0	1	169	44	10	7	13	0	0	0	0	0	0	0	0	0	0	0	0	6178016	
586	1	E	2	N	2500	2	1	141	35	16	27	92	0	0	0	0	0	0	0	0	0	0	0	0	6185629	
587	1	E	2	N	2500	2	1	254	62	11	10	18	0	0	0	0	0	0	0	0	0	0	0	0	6185926	
588	1	E	2	N	2500	2	1	275	72	20	12	22	0	0	0	0	0	0	0	0	0	0	0	0	6186269	
589	1	E	2	N	2500	2	1	267	61	13	10	18	0	0	0	0	0	0	0	0	0	0	0	0	6188827	
590	1	E	2	N	2500	2	1	166	89	26	19	28	0	0	0	0	0	0	0	0	0	0	0	0	6188983	
591	1	E	2	N	2500	6	40	218	126	36	25	34	0	0	0	0	0	0	0	0	0	0	0	0	6189077	
592	1	E	2	N	2500	2	1	74	13	2	1	2	0	0	0	0	0	0	0	0	0	0	0	0	6189342	
593	1	E	2	N	2500	2	1	222	52	11	8	12	0	0	0	0	0	0	0	0	0	0	0	0	6190481	
594	1	E	3	N	2500	2	1	277	77	15	13	19	0	0	0	0	0	0	0	0	0	0	0	0	6201026	
595	1	E	3	N	2500	2	1	173	52	10	9	9	0	0	0	0	0	0	0	0	0	0	0	0	6203164	
596	1	E	3	N	2500	6	40	312	104	27	18	31	0	0	0	0	0	0	0	0	0	0	0	0	6203273	
597	1	E	3	N	2500	6	40	356	161	47	34	41	0	0	0	0	0	0	0	0	0	0	0	0	6203912	
598	1	E	3	N	2500	2	1	205	43	9	7	9	0	0	0	0	0	0	0	0	0	0	0	0	6203990	
599	1	E	3	N	2500	2	1	188	93	25	18	23	0	0	0	0	0	0	0	0	0	0	0	0	6204037	
600	1	E	3	N	2500	6	40	334	115	29	21	27	0	0	0	0	0	0	0	0	0	0	0	0	6204443	
601	1	E	3	N	2500	0	1	274	76	23	14	21	0	0	0	0	0	0	0	0	0	0	0	0	6205004	
602	1	E	3	N	2500	0	40	369	132	35	25	36	0	0	0	0	0	0	0	0	0	0	0	0	6205176	
603	1	E	3	N	2500	0	1	121	48	10	10	16	0	0	0	0	0	0	0	0	0	0	0	0	6206330	
604	1	E	3	N	2500	0	40	308	94	24	18	25	0	0	0	0	0	0	0	0	0	0	0	0	6206393	
605	1	E	4	N	2500	2	1	73	13	3	2	3	0	0	0	0	0	0	0	0	0	0	0	0	6217391	
606	1	E	4	N	2500	2	1	217	57	14	11	20	0	0	0	0	0	0	0	0	0	0	0	0	6217391	
607	1	E	4	N	2500	2	1	164	69	15	13	22	0	0	0	0	0	0	0	0	0	0	0	0	6218654	
608	1	E	4	N	2500	2	1	266	90	20	16	21	0	0	0	0	0	0	0	0	0	0	0	0	6220620	
609	1	E	4	N	2500	2	1	255	56	12	10	13	0	0	0	0	0	0	0	0	0	0	0	0	6221150	
610	1	E	5	N	2500	2	1	170	52	10	8	10	0	0	0	0	0	0	0	0	0	0	0	0	6229247	
611	1	E	5	N	2500	6	40	267	97	21	18	27	0	0	0	0	0	0	0	0	0	0	0	0	6229559	
612	1	E	7	N	2500	2	1	155	96	27	28	43	0	0	0	0	0	0	0	0	0	0	0	0	6260556	
613	1	E	7	N	2500	2	1	240	84	22	20	26	0	0	0	0	0	0	0	0	0	0	0	0	6260852	
614	1	E	7	N	2500	2	1	167	85	23	20	32	0	0	0	0	0	0	0	0	0	0	0	0	6261788	
615	1	E	7	N	2500	2	1	289	82	22	16	28	0	0	0	0	0	0	0	0	0	0	0	0	6263270	
616	1	E	7	N	2500	2	1	163	52	12	16	34	0	0	0	0	0	0	0	0	0	0	0	0	6263645	
617	1	E	7	N	2500	8	40	376	134	33	28	37	0	0	0	0	0	0	0	0	0	0	0	0	6263848	
618	1	E	7	N	2500	2	1	443	116	31	26	36	0	0	0	0	0	0	0	0	0	0	0	0	6263926	
619	1	E	8	N	2500	6	40	320	100	28	22	30	0	0	0	0	0	0	0	0	0	0	0	0	6275095	
620	1	E	8	N	2500	6	40	308	85	23	18	28	0	0	0	0	0	0	0	0	0	0	0	0	6275610	
621	1	E	8	N	2500	2	1	431	123	33	29	45	0	0	0	0	0	0	0	0	0	0	0	0	6275688	
622	1	E	8	N	2500	2	1	162	97	25	22	35	0	0	0	0	0	0	0	0	0	0	0	0	6276390	
623	1	E	8	N	2500	2	1	264	76	20	15	24	0	0	0	0	0	0	0	0	0	0	0	0	6276655	
624	1	E	8	N	2500	2	1	230	93	26	22	33	0	0	0	0	0	0	0	0	0	0	0	0	6276687	
625	1	E	8	N	2500	2	1	123	75	22	18	27	0	0	0	0	0	0	0	0	0	0	0	0	6277279	
626	1	E	8	N	2500	2	1	279	69	18	13	23	0	0	0	0	0	0	0	0	0	0	0	0	6277935	
627	1	E	8	N	2500	2	1	207	81	22	18	24	0	0	0	0	0	0	0	0	0	0	0	0	6278871	
628	1	E	9	N	2500	2	1	271	78	22	19	28	0	0	0	0	0	0	0	0	0	0	0	0	6288870	
629	1	E	9	N	2500	6	40	338	139	42	30	45	0	0	0	0	0	0	0	0	0	0	0	0	6289229	
630	1	E	9	N	2500	6	40	327	94	21	19	35	0	0	0	0	0	0	0	0	0	0	0	0	6289775	
631	1	E	9	N	2500	2	1	255	77	19	17	28	0	0	0	0	0	0	0	0	0	0	0	0	6290087	
632	1	E	9	N	2500	2	1	185	37	7	8	11	0	0	0	0	0	0	0	0	0	0	0	0	6290181	
633	1	E	9	N	2500	6	40	312	174	55	41	60	0	0	0	0	0	0	0	0	0	0	0	0	6290961	
634	1	E	9	N	2500	0	1	212	56	10	10	14	0	0	0	0	0	0	0	0	0	0	0	0	6291039	
635	1	E	9	N	2500	0	40	378	123	30	24	41	0	0	0	0	0	0	0	0	0	0	0	0	6291039	
636	1	E	9	N	2500	0	1	70	22	4	3	6	0	0	0	0	0	0	0	0	0	0	0	0	6291538	
637	1	E	9	N	2500	0	1	271	88	20	15	24	0	0	0	0	0	0	0	0	0	0	0	0	6291553	
638	1	E	9	N	2500	0	40	316	80	19	17	28	0	0	0	0	0	0	0	0	0	0	0	0	6291631	
639	1	E	9	N	2500	0	1	268	70	15	12	24	0	0	0	0	0	0	0	0	0	0	0	0	6292021	
640	1	E	9	N	2500	0	40	308	96	26	21	34	0	0	0	0	0	0	0	0	0	0	0	0	6293176	
641	1	E	9	N	2500	0	1	230	77	16	16	22	0	0	0	0	0	0	0	0	0	0	0	0	6293488	
642	1	E	9	N	2500	0	1	182	85	26	20	31	0	0	0	0	0	0	0	0	0	0	0	0	6294034	
643	1	E	9	N	2500	0	40	317	117	29	23	35	0	0	0	0	0	0	0	0	0	0	0	0	6294393	
644	1	E	9	N	2500	0	1	209	72	18	15	24	0	0	0	0	0	0	0	0	0	0	0	0	6294658	
645	1	E	9	N	2500	0	1	51	25	5	6	9	0	0	0	0	0	0	0	0	0	0	0	0	6294658	
646	1	E	9	N	2500	0	1	135	57	13	14	20	0	0	0	0	0	0	0	0	0	0	0	0	6294767	
647	1	E	9	N	2500	0	40	316	105	26	21	33	0	0	0	0	0	0	0	0	0	0	0	0	6294798	
648	1	E	9	N	2500	0	40	319	79	21	17	29	0	0	0	0	0	0	0	0	0	0	0	0	6294861	
649	1	E	10	N	2500	6	40	314	98	23	20	28	0	0	0	0	0	0	0	0	0	0	0	0	6302317	
650	1	E	10	N	2500	6	40	304	96	27	19	30	0	0	0	0	0	0	0	0	0	0	0	0	6302333	
651	1	E	10	N	2500	2	1	184	91	24	22	37	0	0	0	0	0	0	0	0	0	0	0	0	6302723	
652	1	E	10	N	2500	6	40	283	122	31	27	35	0	0	0	0	0	0	0	0	0	0	0	0	6304174	
653	1	E	10	N	2500	0	40	204	113	27	22	39	0	0	0	0	0	0	0	0	0	0	0	0	6305079	
654	1	E	10	N	2500	0	40	237	111	28	23	31	0	0	0	0	0	0	0	0	0	0	0	0	6305484	
655	1	E	10	N	2500	0	1	285	84	20	17	26	0	0	0	0	0	0	0	0	0	0	0	0	6305781	
656	1	E	10	N	2500	0	40	243	113	25	22	32	0	0	0	0	0	0	0	0	0	0	0	0	6306327	
657	1	E	10	N	2500	0	1	175	74	16	16	23	0	0	0	0	0	0	0	0	0	0	0	0	6306810	
658	1	E	10	N	2500	0	40	282	86	22	17	30	0	0	0	0	0	0	0	0	0	0	0	0	6306919	
659	1	E	10	N	2500	0	2	158	129	46	33	44	0	0	0	0	0	0	0	0	0	0	0	0	6306935	
660	1	E	10	N	2500	0	40	319	133	33	25	35	0	0	0	0	0	0	0	0	0	0	0	0	6307528	
661	1	E	11	N	2500	2	1	136	59	18	16	24	0	0	0	0	0	0	0	0	0	0	0	0	6316545	
662	1	E	11	N	2500	2	1	235	59	14	12	19	0	0	0	0	0	0	0	0	0	0	0	0	6317917	
663	1	E	11	N	2500	6	40	313	120	34	24	37	0	0	0	0	0	0	0	0	0	0	0	0	6318417	
664	1	E	11	N	2500	6	40	173	118	30	28	42	0	0	0	0	0	0	0	0	0	0	0	0	6318510	
665	1	E	11	N	2500	2	1	223	93	23	21	28	0	0	0	0	0	0	0	0	0	0	0	0	6318900	
666	1	E	11	N	2500	2	1	187	86	22	17	26	0	0	0	0	0	0	0	0	0	0	0	0	6320289	
667	1	E	11	N	2500	6	40	316	93	25	19	28	0	0	0	0	0	0	0	0	0	0	0	0	6320413	
668	1	E	11	N	2500	0	40	317	112	25	22	33	0	0	0	0	0	0	0	0	0	0	0	0	6320523	
669	1	E	11	N	2500	0	1	257	90	21	19	29	0	0	0	0	0	0	0	0	0	0	0	0	6320897	
670	1	E	11	N	2500	0	1	223	93	26	21	36	0	0	0	0	0	0	0	0	0	0	0	0	6320928	
671	1	E	11	N	2500	0	1	99	66	27	23	29	0	0	0	0	0	0	0	0	0	0	0	0	6321225	
672	1	E	12	N	2500	2	1	236	94	19	18	25	0	0	0	0	0	0	0	0	0	0	0	0	6333065	
673	1	E	12	N	2500	6	40	302	80	22	18	26	0	0	0	0	0	0	0	0	0	0	0	0	6334953	
674	1	F	1	N	2500	2	1	207	104	25	20	27	0	0	0	0	0	0	0	0	0	0	0	0	6348057	
675	1	F	1	N	2500	2	1	159	105	37	26	38	0	0	0	0	0	0	0	0	0	0	0	0	6350163	
676	1	F	1	N	2500	6	40	341	96	18	14	23	0	0	0	0	0	0	0	0	0	0	0	0	6350365	
677	1	F	1	N	2500	2	1	185	77	15	14	19	0	0	0	0	0	0	0	0	0	0	0	0	6351301	
678	1	F	1	N	2500	2	1	183	32	7	6	10	0	0	0	0	0	0	0	0	0	0	0	0	6351504	
679	1	F	1	N	2500	6	40	281	93	21	16	26	0	0	0	0	0	0	0	0	0	0	0	0	6351551	
680	1	F	1	N	2500	2	1	120	32	53	86	172	0	0	0	0	0	0	0	0	0	0	0	0	6352144	
681	1	F	1	N	2500	6	40	301	102	22	17	27	0	0	0	0	0	0	0	0	0	0	0	0	6353361	
682	1	F	2	N	2500	2	1	214	44	8	8	12	0	0	0	0	0	0	0	0	0	0	0	0	6360927	
683	1	F	2	N	2500	6	40	328	120	28	23	37	0	0	0	0	0	0	0	0	0	0	0	0	6360942	
684	1	F	2	N	2500	6	40	292	103	24	20	34	0	0	0	0	0	0	0	0	0	0	0	0	6361909	
685	1	F	2	N	2500	6	40	296	90	21	17	30	0	0	0	0	0	0	0	0	0	0	0	0	6362502	
686	1	F	2	N	2500	0	1	205	72	21	17	23	0	0	0	0	0	0	0	0	0	0	0	0	6362830	
687	1	F	2	N	2500	0	1	88	24	4	3	5	0	0	0	0	0	0	0	0	0	0	0	0	6363095	
688	1	F	2	N	2500	0	40	346	95	22	19	29	0	0	0	0	0	0	0	0	0	0	0	0	6363235	
689	1	F	2	N	2500	0	1	189	76	23	21	30	0	0	0	0	0	0	0	0	0	0	0	0	6363672	
690	1	F	2	N	2500	0	1	359	89	22	19	33	0	0	0	0	0	0	0	0	0	0	0	0	6363750	
691	1	F	2	N	2500	0	1	168	105	28	25	36	0	0	0	0	0	0	0	0	0	0	0	0	6364468	
692	1	F	2	N	2500	0	1	192	56	13	11	17	0	0	0	0	0	0	0	0	0	0	0	0	6364499	
693	1	F	2	N	2500	0	1	249	74	21	17	27	0	0	0	0	0	0	0	0	0	0	0	0	6365092	
694	1	F	2	N	2500	0	1	193	73	14	14	21	0	0	0	0	0	0	0	0	0	0	0	0	6366433	
695	1	F	2	N	2500	0	1	183	48	14	10	17	0	0	0	0	0	0	0	0	0	0	0	0	6367291	
696	1	F	2	N	2500	0	1	72	21	5	4	8	0	0	0	0	0	0	0	0	0	0	0	0	6367291	
697	1	F	3	N	2500	6	40	226	110	25	19	31	0	0	0	0	0	0	0	0	0	0	0	0	6374592	
698	1	F	3	N	2500	6	40	297	99	24	17	25	0	0	0	0	0	0	0	0	0	0	0	0	6375216	
699	1	F	3	N	2500	2	1	253	58	11	9	15	0	0	0	0	0	0	0	0	0	0	0	0	6375856	
700	1	F	3	N	2500	6	40	359	114	29	21	31	0	0	0	0	0	0	0	0	0	0	0	0	6376433	
701	1	F	3	N	2500	0	1	295	82	19	15	27	0	0	0	0	0	0	0	0	0	0	0	0	6376542	
702	1	F	3	N	2500	0	1	145	87	24	18	27	0	0	0	0	0	0	0	0	0	0	0	0	6377166	
703	1	F	3	N	2500	0	1	173	71	16	12	16	0	0	0	0	0	0	0	0	0	0	0	0	6377556	
704	1	F	3	N	2500	0	1	198	75	15	13	21	0	0	0	0	0	0	0	0	0	0	0	0	6377603	
705	1	F	3	N	2500	0	40	365	111	21	17	30	0	0	0	0	0	0	0	0	0	0	0	0	6378024	
706	1	F	3	N	2500	0	1	159	69	13	12	19	0	0	0	0	0	0	0	0	0	0	0	0	6378102	
707	1	F	3	N	2500	0	40	429	151	35	29	39	0	0	0	0	0	0	0	0	0	0	0	0	6378742	
708	1	F	3	N	2500	0	40	294	88	21	17	23	0	0	0	0	0	0	0	0	0	0	0	0	6379226	
709	1	F	3	N	2500	0	40	189	119	27	24	33	0	0	0	0	0	0	0	0	0	0	0	0	6379319	
710	1	F	3	N	2500	0	1	234	93	19	16	30	0	0	0	0	0	0	0	0	0	0	0	0	6379444	
711	1	F	3	N	2500	0	40	334	88	20	16	31	0	0	0	0	0	0	0	0	0	0	0	0	6379475	
712	1	F	3	N	2500	0	1	223	82	17	16	21	0	0	0	0	0	0	0	0	0	0	0	0	6381628	
713	1	F	4	N	2500	2	1	80	31	5	6	10	0	0	0	0	0	0	0	0	0	0	0	0	6388882	
714	1	F	4	N	2500	6	40	321	93	20	17	27	0	0	0	0	0	0	0	0	0	0	0	0	6389615	
715	1	F	4	N	2500	2	1	74	16	2	2	3	0	0	0	0	0	0	0	0	0	0	0	0	6390348	
716	1	F	4	N	2500	33	1	110	80	22	21	30	0	0	0	0	0	0	0	0	0	0	0	0	6390348	
717	1	F	4	N	2500	2	1	173	88	18	17	27	0	0	0	0	0	0	0	0	0	0	0	0	6391066	
718	1	F	4	N	2500	2	1	197	55	10	10	15	0	0	0	0	0	0	0	0	0	0	0	0	6391269	
719	1	F	4	N	2500	6	40	219	128	38	28	44	0	0	0	0	0	0	0	0	0	0	0	0	6391565	
720	1	F	4	N	2500	6	40	337	80	21	17	27	0	0	0	0	0	0	0	0	0	0	0	0	6391690	
721	1	F	4	N	2500	0	40	298	97	23	17	25	0	0	0	0	0	0	0	0	0	0	0	0	6392252	
722	1	F	4	N	2500	0	1	130	43	8	8	14	0	0	0	0	0	0	0	0	0	0	0	0	6392657	
723	1	F	4	N	2500	0	40	325	99	25	22	34	0	0	0	0	0	0	0	0	0	0	0	0	6392782	
724	1	F	4	N	2500	0	40	346	117	25	20	37	0	0	0	0	0	0	0	0	0	0	0	0	6392829	
725	1	F	4	N	2500	0	1	198	68	17	12	20	0	0	0	0	0	0	0	0	0	0	0	0	6393390	
726	1	F	4	N	2500	0	40	345	127	32	24	34	0	0	0	0	0	0	0	0	0	0	0	0	6393453	
727	1	F	4	N	2500	0	1	276	75	16	12	23	0	0	0	0	0	0	0	0	0	0	0	0	6393952	
728	1	F	5	N	2500	6	40	310	91	21	17	27	0	0	0	0	0	0	0	0	0	0	0	0	6404544	
729	1	F	5	N	2500	2	1	284	80	18	14	22	0	0	0	0	0	0	0	0	0	0	0	0	6405917	
730	1	F	5	N	2500	2	1	223	75	17	15	22	0	0	0	0	0	0	0	0	0	0	0	0	6406229	
731	1	F	5	N	2500	6	40	362	119	27	25	36	0	0	0	0	0	0	0	0	0	0	0	0	6406479	
732	1	F	5	N	2500	6	40	333	95	22	18	28	0	0	0	0	0	0	0	0	0	0	0	0	6406853	
733	1	F	5	N	2500	0	1	252	53	12	9	15	0	0	0	0	0	0	0	0	0	0	0	0	6407009	
734	1	F	5	N	2500	0	1	129	24	3	2	5	0	0	0	0	0	0	0	0	0	0	0	0	6407540	
735	1	F	5	N	2500	0	1	226	72	15	12	21	0	0	0	0	0	0	0	0	0	0	0	0	6408803	
736	1	F	7	N	2500	6	40	336	91	20	16	24	0	0	0	0	0	0	0	0	0	0	0	0	6433654	
737	1	F	7	N	2500	6	40	351	107	23	19	23	0	0	0	0	0	0	0	0	0	0	0	0	6434777	
738	1	F	8	N	2500	2	1	223	75	21	15	23	0	0	0	0	0	0	0	0	0	0	0	0	6446758	
739	1	F	8	N	2500	6	40	288	96	21	17	22	0	0	0	0	0	0	0	0	0	0	0	0	6450268	
740	1	F	8	N	2500	6	40	429	142	29	21	29	0	0	0	0	0	0	0	0	0	0	0	0	6452343	
741	1	F	9	N	2500	2	1	173	80	15	14	21	0	0	0	0	0	0	0	0	0	0	0	0	6465104	
742	1	F	9	N	2500	6	40	332	107	27	19	31	0	0	0	0	0	0	0	0	0	0	0	0	6465119	
743	1	F	10	N	2500	6	40	268	108	25	20	31	0	0	0	0	0	0	0	0	0	0	0	0	6475992	
744	1	F	10	N	2500	6	40	326	108	24	17	29	0	0	0	0	0	0	0	0	0	0	0	0	6476476	
745	1	F	10	N	2500	6	40	426	152	34	27	39	0	0	0	0	0	0	0	0	0	0	0	0	6479346	
746	1	F	10	N	2500	0	40	335	103	25	19	28	0	0	0	0	0	0	0	0	0	0	0	0	6479612	
747	1	F	10	N	2500	0	40	397	147	42	32	46	0	0	0	0	0	0	0	0	0	0	0	0	6482170	
748	1	F	11	N	2500	6	40	234	114	31	26	36	0	0	0	0	0	0	0	0	0	0	0	0	6490656	
749	1	F	11	N	2500	6	40	353	119	36	25	39	0	0	0	0	0	0	0	0	0	0	0	0	6492825	
750	1	F	11	N	2500	6	40	268	107	26	21	32	0	0	0	0	0	0	0	0	0	0	0	0	6493714	
751	1	F	11	N	2500	0	1	85	15	24	38	81	0	0	0	0	0	0	0	0	0	0	0	0	6493870	
752	1	F	11	N	2500	0	1	267	77	18	13	17	0	0	0	0	0	0	0	0	0	0	0	0	6493886	
753	1	F	11	N	2500	0	40	283	93	22	16	28	0	0	0	0	0	0	0	0	0	0	0	0	6494416	
754	1	F	11	N	2500	0	40	321	113	32	22	31	0	0	0	0	0	0	0	0	0	0	0	0	6495009	
755	1	G	1	N	2500	2	1	165	74	17	13	22	0	0	0	0	0	0	0	0	0	0	0	0	6521201	
756	1	G	1	N	2500	2	1	164	66	13	12	16	0	0	0	0	0	0	0	0	0	0	0	0	6522793	
757	1	G	1	N	2500	2	1	214	94	26	21	28	0	0	0	0	0	0	0	0	0	0	0	0	6523432	
758	1	G	1	N	2500	6	40	280	89	24	17	25	0	0	0	0	0	0	0	0	0	0	0	0	6523931	
759	1	G	1	N	2500	2	1	256	59	11	11	15	0	0	0	0	0	0	0	0	0	0	0	0	6523963	
760	1	G	1	N	2500	2	1	346	82	17	15	22	0	0	0	0	0	0	0	0	0	0	0	0	6524462	
761	1	G	1	N	2500	2	1	216	52	11	8	12	0	0	0	0	0	0	0	0	0	0	0	0	6524665	
762	1	G	1	N	2500	2	1	206	65	16	15	22	0	0	0	0	0	0	0	0	0	0	0	0	6524836	
763	1	G	1	N	2500	2	1	260	73	13	11	19	0	0	0	0	0	0	0	0	0	0	0	0	6524852	
764	1	G	1	N	2500	6	40	364	117	25	21	30	0	0	0	0	0	0	0	0	0	0	0	0	6524883	
765	1	G	1	N	2500	6	40	253	116	30	23	36	0	0	0	0	0	0	0	0	0	0	0	0	6524930	
766	1	G	1	N	2500	0	1	267	84	20	15	23	0	0	0	0	0	0	0	0	0	0	0	0	6525538	
767	1	G	1	N	2500	0	1	255	72	17	13	19	0	0	0	0	0	0	0	0	0	0	0	0	6525694	
768	1	G	1	N	2500	0	1	256	77	19	13	23	0	0	0	0	0	0	0	0	0	0	0	0	6526115	
769	1	G	1	N	2500	0	1	121	46	9	8	11	0	0	0	0	0	0	0	0	0	0	0	0	6526349	
770	1	G	1	N	2500	0	1	157	47	9	8	13	0	0	0	0	0	0	0	0	0	0	0	0	6527239	
771	1	G	2	N	2500	6	40	321	99	27	19	30	0	0	0	0	0	0	0	0	0	0	0	0	6534602	
772	1	G	2	N	2500	6	40	343	89	21	17	27	0	0	0	0	0	0	0	0	0	0	0	0	6534758	
773	1	G	2	N	2500	6	40	354	161	44	33	45	0	0	0	0	0	0	0	0	0	0	0	0	6534836	
774	1	G	2	N	2500	0	40	256	118	29	22	33	0	0	0	0	0	0	0	0	0	0	0	0	6534929	
775	1	G	2	N	2500	0	1	170	74	17	14	24	0	0	0	0	0	0	0	0	0	0	0	0	6535054	
776	1	G	2	N	2500	0	40	319	88	18	14	22	0	0	0	0	0	0	0	0	0	0	0	0	6535569	
777	1	G	2	N	2500	0	40	269	109	27	19	29	0	0	0	0	0	0	0	0	0	0	0	0	6536255	
778	1	G	2	N	2500	0	1	164	58	12	10	13	0	0	0	0	0	0	0	0	0	0	0	0	6536614	
779	1	G	2	N	2500	0	40	308	87	20	15	23	0	0	0	0	0	0	0	0	0	0	0	0	6537628	
780	1	G	2	N	2500	0	1	259	80	19	16	24	0	0	0	0	0	0	0	0	0	0	0	0	6537706	
781	1	G	2	N	2500	0	40	298	86	20	15	27	0	0	0	0	0	0	0	0	0	0	0	0	6539204	
782	1	G	2	N	2500	0	40	311	113	24	19	28	0	0	0	0	0	0	0	0	0	0	0	0	6539563	
783	1	G	2	N	2500	0	1	219	96	24	18	27	0	0	0	0	0	0	0	0	0	0	0	0	6540031	
784	1	G	3	N	2500	2	1	237	94	24	19	22	0	0	0	0	0	0	0	0	0	0	0	0	6551949	
785	1	G	3	N	2500	2	1	121	76	19	17	24	0	0	0	0	0	0	0	0	0	0	0	0	6552027	
786	1	G	3	N	2500	2	1	176	94	22	19	27	0	0	0	0	0	0	0	0	0	0	0	0	6552401	
787	1	G	3	N	2500	2	1	220	70	22	16	23	0	0	0	0	0	0	0	0	0	0	0	0	6554227	
788	1	G	4	N	2500	2	1	138	59	17	13	17	0	0	0	0	0	0	0	0	0	0	0	0	6564507	
789	1	G	4	N	2500	6	40	289	157	42	33	47	0	0	0	0	0	0	0	0	0	0	0	0	6566722	
790	1	G	4	N	2500	6	40	301	86	21	17	25	0	0	0	0	0	0	0	0	0	0	0	0	6568797	
791	1	G	4	N	2500	2	1	238	92	23	17	27	0	0	0	0	0	0	0	0	0	0	0	0	6570217	
792	1	G	4	N	2500	6	40	302	81	21	15	24	0	0	0	0	0	0	0	0	0	0	0	0	6570373	
793	1	G	5	N	2500	6	40	345	113	24	20	31	0	0	0	0	0	0	0	0	0	0	0	0	6577767	
794	1	G	5	N	2500	2	1	118	29	36	59	139	0	0	0	0	0	0	0	0	0	0	0	0	6579093	
795	1	G	5	N	2500	6	40	338	89	20	16	22	0	0	0	0	0	0	0	0	0	0	0	0	6579779	
796	1	G	5	N	2500	6	40	270	92	21	17	24	0	0	0	0	0	0	0	0	0	0	0	0	6580622	
797	1	G	5	N	2500	0	1	62	11	2	2	4	0	0	0	0	0	0	0	0	0	0	0	0	6581620	
798	1	G	5	N	2500	0	1	68	14	2	2	4	0	0	0	0	0	0	0	0	0	0	0	0	6581620	
799	1	G	5	N	2500	0	40	272	123	29	24	34	0	0	0	0	0	0	0	0	0	0	0	0	6582182	
800	1	G	5	N	2500	0	1	165	97	25	19	25	0	0	0	0	0	0	0	0	0	0	0	0	6583133	
801	1	G	5	N	2500	0	1	284	81	15	13	19	0	0	0	0	0	0	0	0	0	0	0	0	6584272	
802	1	G	7	N	2500	2	1	126	77	17	14	21	0	0	0	0	0	0	0	0	0	0	0	0	6608265	
803	1	G	7	N	2500	8	40	248	109	31	26	35	0	0	0	0	0	0	0	0	0	0	0	0	6608281	
804	1	G	7	N	2500	2	1	250	80	21	15	24	0	0	0	0	0	0	0	0	0	0	0	0	6608515	
805	1	G	7	N	2500	2	1	132	41	9	9	14	0	0	0	0	0	0	0	0	0	0	0	0	6609638	
806	1	G	7	N	2500	2	1	135	25	5	4	8	0	0	0	0	0	0	0	0	0	0	0	0	6610278	
807	1	G	7	N	2500	2	1	184	86	24	18	22	0	0	0	0	0	0	0	0	0	0	0	0	6610496	
808	1	G	8	N	2500	2	1	167	85	25	17	24	0	0	0	0	0	0	0	0	0	0	0	0	6623366	
809	1	G	8	N	2500	2	1	158	37	9	6	9	0	0	0	0	0	0	0	0	0	0	0	0	6625035	
810	1	G	8	N	2500	2	1	81	20	3	3	7	0	0	0	0	0	0	0	0	0	0	0	0	6625035	
811	1	G	8	N	2500	2	1	151	76	19	14	16	0	0	0	0	0	0	0	0	0	0	0	0	6625410	
812	1	G	9	N	2500	6	40	326	103	27	19	28	0	0	0	0	0	0	0	0	0	0	0	0	6638467	
813	1	G	9	N	2500	2	1	237	73	15	12	19	0	0	0	0	0	0	0	0	0	0	0	0	6638732	
814	1	G	9	N	2500	2	1	177	88	24	18	26	0	0	0	0	0	0	0	0	0	0	0	0	6639169	
815	1	G	9	N	2500	2	1	199	82	21	15	22	0	0	0	0	0	0	0	0	0	0	0	0	6639325	
816	1	G	9	N	2500	6	40	304	92	20	16	20	0	0	0	0	0	0	0	0	0	0	0	0	6641400	
817	1	G	9	N	2500	6	40	324	106	27	20	30	0	0	0	0	0	0	0	0	0	0	0	0	6641431	
818	1	G	10	N	2500	6	40	313	110	25	20	29	0	0	0	0	0	0	0	0	0	0	0	0	6650292	
819	1	G	10	N	2500	2	1	245	68	15	12	19	0	0	0	0	0	0	0	0	0	0	0	0	6650838	
820	1	G	10	N	2500	2	1	116	43	11	10	17	0	0	0	0	0	0	0	0	0	0	0	0	6650994	
821	1	G	10	N	2500	2	1	243	79	16	13	18	0	0	0	0	0	0	0	0	0	0	0	0	6651493	
822	1	G	10	N	2500	2	1	206	70	13	11	17	0	0	0	0	0	0	0	0	0	0	0	0	6653318	
823	1	G	10	N	2500	2	1	218	87	19	15	22	0	0	0	0	0	0	0	0	0	0	0	0	6654051	
824	1	G	11	N	2500	6	40	315	109	26	20	26	0	0	0	0	0	0	0	0	0	0	0	0	6664581	
825	1	G	11	N	2500	6	40	359	138	32	24	36	0	0	0	0	0	0	0	0	0	0	0	0	6665970	
826	1	G	11	N	2500	2	1	196	77	19	13	16	0	0	0	0	0	0	0	0	0	0	0	0	6667904	
827	1	H	1	N	2500	2	1	279	72	13	10	17	0	0	0	0	0	0	0	0	0	0	0	0	6695656	
828	1	H	1	N	2500	6	40	360	118	31	24	40	0	0	0	0	0	0	0	0	0	0	0	0	6697560	
829	1	H	1	N	2500	6	40	288	116	34	21	31	0	0	0	0	0	0	0	0	0	0	0	0	6699681	
830	1	H	3	N	2500	2	1	568	201	59	38	83	0	0	0	0	0	0	0	0	0	0	0	0	6724782	
831	1	H	3	N	2500	2	1	211	55	25	9	20	0	0	0	0	0	0	0	0	0	0	0	0	6725967	
832	1	H	3	N	2500	2	1	50	17	11	5	11	0	0	0	0	0	0	0	0	0	0	0	0	6726685	
833	1	H	3	N	2500	6	40	462	160	36	25	37	0	0	0	0	0	0	0	0	0	0	0	0	6727761	
834	1	H	4	N	2500	6	40	349	117	29	22	34	0	0	0	0	0	0	0	0	0	0	0	0	6742659	
835	1	H	4	N	2500	2	1	208	79	20	15	21	0	0	0	0	0	0	0	0	0	0	0	0	6745499	
836	1	H	5	N	2500	2	1	435	129	36	26	33	0	0	0	0	0	0	0	0	0	0	0	0	6754141	
837	1	H	5	N	2500	6	40	293	98	22	17	27	0	0	0	0	0	0	0	0	0	0	0	0	6754578	
838	1	H	5	N	2500	2	1	168	57	15	13	17	0	0	0	0	0	0	0	0	0	0	0	0	6755982	
839	1	H	5	N	2500	6	40	320	81	17	14	22	0	0	0	0	0	0	0	0	0	0	0	0	6756185	
840	1	H	5	N	2500	6	40	266	134	31	25	35	0	0	0	0	0	0	0	0	0	0	0	0	6756855	
841	1	H	5	N	2500	0	1	246	81	18	13	22	0	0	0	0	0	0	0	0	0	0	0	0	6758150	
842	1	H	7	N	2500	2	1	135	96	30	26	38	0	0	0	0	0	0	0	0	0	0	0	0	6783032	
843	1	H	7	N	2500	6	40	326	100	24	19	28	0	0	0	0	0	0	0	0	0	0	0	0	6783329	
844	1	H	7	N	2500	2	1	133	97	30	25	34	0	0	0	0	0	0	0	0	0	0	0	0	6783750	
845	1	H	7	N	2500	2	1	170	108	29	23	32	0	0	0	0	0	0	0	0	0	0	0	0	6783781	
846	1	H	7	N	2500	2	1	146	38	8	8	12	0	0	0	0	0	0	0	0	0	0	0	0	6783937	
847	1	H	7	N	2500	6	40	317	110	22	20	32	0	0	0	0	0	0	0	0	0	0	0	0	6784764	
848	1	H	7	N	2500	6	40	189	115	30	24	34	0	0	0	0	0	0	0	0	0	0	0	0	6784967	
849	1	H	7	N	2500	0	1	270	83	17	17	26	0	0	0	0	0	0	0	0	0	0	0	0	6784982	
850	1	H	7	N	2500	0	1	195	90	24	20	29	0	0	0	0	0	0	0	0	0	0	0	0	6785123	
851	1	H	7	N	2500	0	1	202	84	24	18	27	0	0	0	0	0	0	0	0	0	0	0	0	6785606	
852	1	H	7	N	2500	0	40	306	132	31	27	41	0	0	0	0	0	0	0	0	0	0	0	0	6785793	
853	1	H	7	N	2500	0	40	282	97	22	19	35	0	0	0	0	0	0	0	0	0	0	0	0	6787525	
854	1	H	7	N	2500	0	1	247	53	11	10	15	0	0	0	0	0	0	0	0	0	0	0	0	6787619	
855	1	H	7	N	2500	0	40	242	107	33	28	42	0	0	0	0	0	0	0	0	0	0	0	0	6787728	
856	1	H	7	N	2500	0	1	200	97	23	19	25	0	0	0	0	0	0	0	0	0	0	0	0	6788133	
857	1	H	7	N	2500	0	1	294	79	17	16	25	0	0	0	0	0	0	0	0	0	0	0	0	6788243	
858	1	H	8	N	2500	6	40	292	88	18	17	30	0	0	0	0	0	0	0	0	0	0	0	0	6799412	
859	1	H	8	N	2500	6	40	295	94	21	16	24	0	0	0	0	0	0	0	0	0	0	0	0	6799459	
860	1	H	8	N	2500	6	40	345	120	30	24	34	0	0	0	0	0	0	0	0	0	0	0	0	6799475	
861	1	H	8	N	2500	0	40	277	92	21	18	31	0	0	0	0	0	0	0	0	0	0	0	0	6800192	
862	1	H	8	N	2500	0	40	331	105	29	21	37	0	0	0	0	0	0	0	0	0	0	0	0	6800660	
863	1	H	8	N	2500	0	1	247	78	21	16	25	0	0	0	0	0	0	0	0	0	0	0	0	6800707	
864	1	H	8	N	2500	0	1	239	62	15	12	15	0	0	0	0	0	0	0	0	0	0	0	0	6801019	
865	1	H	8	N	2500	0	1	196	76	20	19	31	0	0	0	0	0	0	0	0	0	0	0	0	6801019	
866	1	H	8	N	2500	0	1	249	50	10	9	18	0	0	0	0	0	0	0	0	0	0	0	0	6802158	
867	1	H	8	N	2500	0	1	173	91	21	18	23	0	0	0	0	0	0	0	0	0	0	0	0	6803343	
868	1	H	9	N	2500	6	40	194	119	33	25	36	0	0	0	0	0	0	0	0	0	0	0	0	6811643	
869	1	H	9	N	2500	2	1	202	82	24	21	33	0	0	0	0	0	0	0	0	0	0	0	0	6811955	
870	1	H	9	N	2500	2	1	190	78	17	15	22	0	0	0	0	0	0	0	0	0	0	0	0	6812469	
871	1	H	9	N	2500	6	40	329	121	29	26	41	0	0	0	0	0	0	0	0	0	0	0	0	6812937	
872	1	H	9	N	2500	6	40	306	98	23	19	34	0	0	0	0	0	0	0	0	0	0	0	0	6813390	
873	1	H	9	N	2500	0	40	350	107	26	24	34	0	0	0	0	0	0	0	0	0	0	0	0	6814123	
874	1	H	9	N	2500	0	1	152	81	21	21	29	0	0	0	0	0	0	0	0	0	0	0	0	6814607	
875	1	H	9	N	2500	0	1	189	98	25	23	36	0	0	0	0	0	0	0	0	0	0	0	0	6814747	
876	1	H	9	N	2500	0	1	248	90	22	18	25	0	0	0	0	0	0	0	0	0	0	0	0	6814809	
877	1	H	9	N	2500	0	1	184	47	10	7	14	0	0	0	0	0	0	0	0	0	0	0	0	6815324	
878	1	H	9	N	2500	0	1	163	76	16	15	23	0	0	0	0	0	0	0	0	0	0	0	0	6815465	
879	1	H	9	N	2500	0	40	348	103	25	20	31	0	0	0	0	0	0	0	0	0	0	0	0	6815823	
880	1	H	9	N	2500	0	40	329	115	26	22	30	0	0	0	0	0	0	0	0	0	0	0	0	6815886	
881	1	H	9	N	2500	0	1	271	78	16	14	24	0	0	0	0	0	0	0	0	0	0	0	0	6815948	
882	1	H	9	N	2500	0	40	278	130	32	29	41	0	0	0	0	0	0	0	0	0	0	0	0	6815979	
883	1	H	9	N	2500	0	40	386	134	32	24	33	0	0	0	0	0	0	0	0	0	0	0	0	6816026	
884	1	H	9	N	2500	0	40	310	111	27	22	31	0	0	0	0	0	0	0	0	0	0	0	0	6816042	
885	1	H	9	N	2500	0	40	308	108	32	23	36	0	0	0	0	0	0	0	0	0	0	0	0	6816151	
886	1	H	9	N	2500	0	1	355	82	18	15	25	0	0	0	0	0	0	0	0	0	0	0	0	6816276	
887	1	H	9	N	2500	0	1	157	73	17	16	21	0	0	0	0	0	0	0	0	0	0	0	0	6816291	
888	1	H	9	N	2500	0	40	320	93	26	22	30	0	0	0	0	0	0	0	0	0	0	0	0	6816666	
889	1	H	9	N	2500	0	40	317	111	32	23	32	0	0	0	0	0	0	0	0	0	0	0	0	6817259	
890	1	H	9	N	2500	0	1	166	55	11	11	18	0	0	0	0	0	0	0	0	0	0	0	0	6817399	
891	1	H	9	N	2500	0	40	313	99	22	18	24	0	0	0	0	0	0	0	0	0	0	0	0	6817430	
892	1	H	10	N	2500	6	40	298	111	31	25	32	0	0	0	0	0	0	0	0	0	0	0	0	6826478	
893	1	H	10	N	2500	6	40	290	86	20	18	26	0	0	0	0	0	0	0	0	0	0	0	0	6827149	
894	1	H	10	N	2500	2	1	95	17	3	3	4	0	0	0	0	0	0	0	0	0	0	0	0	6827523	
895	1	H	10	N	2500	33	1	107	19	3	3	4	0	0	0	0	0	0	0	0	0	0	0	0	6827523	
896	1	H	10	N	2500	6	40	321	113	34	25	36	0	0	0	0	0	0	0	0	0	0	0	0	6827586	
897	1	H	10	N	2500	0	1	271	81	21	18	31	0	0	0	0	0	0	0	0	0	0	0	0	6828381	
898	1	H	10	N	2500	0	40	198	112	35	27	39	0	0	0	0	0	0	0	0	0	0	0	0	6828584	
899	1	H	10	N	2500	0	40	367	126	31	25	36	0	0	0	0	0	0	0	0	0	0	0	0	6828896	
900	1	H	10	N	2500	0	40	318	113	27	22	30	0	0	0	0	0	0	0	0	0	0	0	0	6829068	
901	1	H	10	N	2500	0	1	179	69	153	234	267	0	0	0	0	0	0	0	0	0	0	0	0	6829161	
902	1	H	10	N	2500	0	1	289	82	24	17	30	0	0	0	0	0	0	0	0	0	0	0	0	6829239	
903	1	H	10	N	2500	0	1	195	75	19	16	22	0	0	0	0	0	0	0	0	0	0	0	0	6829442	
904	1	H	10	N	2500	0	1	224	87	21	17	27	0	0	0	0	0	0	0	0	0	0	0	0	6829895	
905	1	H	10	N	2500	0	40	345	124	29	23	32	0	0	0	0	0	0	0	0	0	0	0	0	6829957	
906	1	H	10	N	2500	0	1	286	76	18	14	24	0	0	0	0	0	0	0	0	0	0	0	0	6830051	
907	1	H	10	N	2500	0	40	323	139	42	30	43	0	0	0	0	0	0	0	0	0	0	0	0	6830082	
908	1	H	10	N	2500	0	1	184	87	22	20	29	0	0	0	0	0	0	0	0	0	0	0	0	6830097	
909	1	H	10	N	2500	0	1	265	86	22	16	29	0	0	0	0	0	0	0	0	0	0	0	0	6830175	
910	1	H	10	N	2500	0	40	326	127	32	27	42	0	0	0	0	0	0	0	0	0	0	0	0	6830207	
911	1	H	10	N	2500	0	40	235	101	30	24	35	0	0	0	0	0	0	0	0	0	0	0	0	6830253	
912	1	H	10	N	2500	0	1	144	45	8	9	18	0	0	0	0	0	0	0	0	0	0	0	0	6830285	
913	1	H	10	N	2500	0	40	334	100	27	20	30	0	0	0	0	0	0	0	0	0	0	0	0	6830924	
914	1	H	10	N	2500	0	40	492	215	63	46	65	0	0	0	0	0	0	0	0	0	0	0	0	6831314	
915	1	H	11	N	2500	2	1	177	89	25	22	31	0	0	0	0	0	0	0	0	0	0	0	0	6840128	
916	1	H	11	N	2500	6	40	290	108	31	22	33	0	0	0	0	0	0	0	0	0	0	0	0	6840175	
917	1	H	11	N	2500	6	40	323	84	21	18	31	0	0	0	0	0	0	0	0	0	0	0	0	6841517	
918	1	H	11	N	2500	2	1	203	91	24	20	30	0	0	0	0	0	0	0	0	0	0	0	0	6841876	
919	1	H	11	N	2500	6	40	392	153	39	31	45	0	0	0	0	0	0	0	0	0	0	0	0	6842016	
920	1	H	11	N	2500	0	40	315	93	25	19	32	0	0	0	0	0	0	0	0	0	0	0	0	6842344	
921	1	H	11	N	2500	0	40	321	90	23	17	30	0	0	0	0	0	0	0	0	0	0	0	0	6842375	
922	1	H	11	N	2500	0	1	239	90	26	24	34	0	0	0	0	0	0	0	0	0	0	0	0	6842749	
923	1	H	11	N	2500	0	1	277	66	16	13	19	0	0	0	0	0	0	0	0	0	0	0	0	6842796	
924	1	H	11	N	2500	0	1	274	75	18	14	23	0	0	0	0	0	0	0	0	0	0	0	0	6843342	
925	1	H	11	N	2500	0	40	321	83	18	15	26	0	0	0	0	0	0	0	0	0	0	0	0	6843404	
926	1	H	11	N	2500	0	1	263	75	21	16	24	0	0	0	0	0	0	0	0	0	0	0	0	6843638	
927	1	H	11	N	2500	0	1	178	68	24	21	28	0	0	0	0	0	0	0	0	0	0	0	0	6843950	
928	1	H	11	N	2500	0	40	298	85	20	18	24	0	0	0	0	0	0	0	0	0	0	0	0	6844200	
929	1	H	11	N	2500	0	40	297	88	20	16	22	0	0	0	0	0	0	0	0	0	0	0	0	6844387	
930	1	H	11	N	2500	0	1	276	87	25	20	33	0	0	0	0	0	0	0	0	0	0	0	0	6844559	
931	1	H	11	N	2500	0	1	286	81	23	17	25	0	0	0	0	0	0	0	0	0	0	0	0	6844652	
932	1	H	11	N	2500	0	1	169	89	26	19	27	0	0	0	0	0	0	0	0	0	0	0	0	6844871	
933	1	H	11	N	2500	0	40	272	133	33	30	50	0	0	0	0	0	0	0	0	0	0	0	0	6844980	
934	1	H	11	N	2500	0	40	345	120	31	25	38	0	0	0	0	0	0	0	0	0	0	0	0	6844980	
935	1	H	11	N	2500	0	40	314	157	45	32	50	0	0	0	0	0	0	0	0	0	0	0	0	6844996	
936	1	H	11	N	2500	0	40	220	150	46	32	49	0	0	0	0	0	0	0	0	0	0	0	0	6844996	
937	1	H	11	N	2500	0	40	308	94	22	18	27	0	0	0	0	0	0	0	0	0	0	0	0	6845183	
938	1	H	11	N	2500	0	1	162	119	45	31	43	0	0	0	0	0	0	0	0	0	0	0	0	6845542	
939	1	H	11	N	2500	0	1	190	105	27	25	35	0	0	0	0	0	0	0	0	0	0	0	0	6845542	
940	1	H	11	N	2500	0	40	332	104	27	23	31	0	0	0	0	0	0	0	0	0	0	0	0	6845620	
941	1	H	11	N	2500	0	40	329	89	24	18	26	0	0	0	0	0	0	0	0	0	0	0	0	6845900	
942	1	H	11	N	2500	0	40	336	112	28	24	36	0	0	0	0	0	0	0	0	0	0	0	0	6845932	
943	1	H	11	N	2500	0	1	173	91	22	20	31	0	0	0	0	0	0	0	0	0	0	0	0	6846275	
944	1	H	11	N	2500	0	1	51	9	2	2	5	0	0	0	0	0	0	0	0	0	0	0	0	6846556	
945	1	H	11	N	2500	0	40	292	118	26	23	35	0	0	0	0	0	0	0	0	0	0	0	0	6847211	
946	1	H	12	N	2500	6	40	320	119	30	24	36	0	0	0	0	0	0	0	0	0	0	0	0	6861079	


Threshold source: EXT,  value 50
Min TOF = 50
EXT signal gain 1.6
Green signal gain 3.0
Yellow signal gain 3.0
Red signal gain 3.0
Green PMT voltage 700
Yellow PMT voltage 700
Red PMT voltage 900
Signal multipliers: 1.0,1.0,1.0,1.0
C:\Users\unionbio\Desktop\COPAS Templates\USE for L4 dispense4.csv