Id	Plate	Row	Column	Clog	Scan rate	Status sort	Status sel	TOF	EXT	Green	Yellow	Red	PH Ext	PW Ext	PC Ext	PH Green	PW Green	PCGreen	PH Yellow	PW Yellow	PCYellow	PH Red	PW Red	PCRed	Time Stamp	
0	1	A	1	N	2500	2	1	331	505	275	3	10	0	0	0	0	0	0	0	0	0	0	0	0	5503298	
1	1	A	1	N	2500	2	1	149	197	19	2	7	0	0	0	0	0	0	0	0	0	0	0	0	5503330	
2	1	A	1	N	2500	2	1	80	49	5	0	2	0	0	0	0	0	0	0	0	0	0	0	0	5503330	
3	1	A	1	N	2500	2	1	158	222	77	2	5	0	0	0	0	0	0	0	0	0	0	0	0	5503626	
4	1	A	1	N	2500	2	1	163	227	23	2	6	0	0	0	0	0	0	0	0	0	0	0	0	5504375	
5	1	A	1	N	2500	2	1	50	34	9	0	1	0	0	0	0	0	0	0	0	0	0	0	0	5504640	
6	1	A	1	N	2500	2	1	60	39	1	0	0	0	0	0	0	0	0	0	0	0	0	0	0	5506200	
7	1	A	1	N	2500	2	1	100	85	8	1	3	0	0	0	0	0	0	0	0	0	0	0	0	5506684	
8	1	A	2	N	2500	6	40	323	105	23	18	25	0	0	0	0	0	0	0	0	0	0	0	0	5517962	
9	1	A	2	N	2500	2	1	85	60	21	0	2	0	0	0	0	0	0	0	0	0	0	0	0	5517978	
10	1	A	2	N	2500	2	1	95	103	13	0	1	0	0	0	0	0	0	0	0	0	0	0	0	5518212	
11	1	A	2	N	2500	2	1	107	134	38	1	3	0	0	0	0	0	0	0	0	0	0	0	0	5518259	
12	1	A	2	N	2500	2	1	73	43	18	0	2	0	0	0	0	0	0	0	0	0	0	0	0	5518368	
13	1	A	2	N	2500	2	1	138	184	16	1	3	0	0	0	0	0	0	0	0	0	0	0	0	5518555	
14	1	A	2	N	2500	6	40	355	126	29	20	32	0	0	0	0	0	0	0	0	0	0	0	0	5518618	
15	1	A	2	N	2500	2	1	75	77	21	0	2	0	0	0	0	0	0	0	0	0	0	0	0	5519398	
16	1	A	2	N	2500	8	40	355	164	36	31	41	0	0	0	0	0	0	0	0	0	0	0	0	5519444	
17	1	A	2	N	2500	8	40	184	118	31	21	30	0	0	0	0	0	0	0	0	0	0	0	0	5519444	
18	1	A	2	N	2500	6	40	308	160	37	29	38	0	0	0	0	0	0	0	0	0	0	0	0	5519460	
19	1	A	2	N	2500	0	1	85	35	17	0	2	0	0	0	0	0	0	0	0	0	0	0	0	5519741	
20	1	A	2	N	2500	0	1	113	142	11	0	2	0	0	0	0	0	0	0	0	0	0	0	0	5520349	
21	1	A	2	N	2500	0	1	246	93	24	16	22	0	0	0	0	0	0	0	0	0	0	0	0	5520490	
22	1	A	2	N	2500	0	40	335	125	33	22	32	0	0	0	0	0	0	0	0	0	0	0	0	5520536	
23	1	A	2	N	2500	0	40	350	125	33	22	36	0	0	0	0	0	0	0	0	0	0	0	0	5520880	
24	1	A	2	N	2500	0	1	92	74	28	0	1	0	0	0	0	0	0	0	0	0	0	0	0	5520958	
25	1	A	2	N	2500	0	40	182	128	30	26	32	0	0	0	0	0	0	0	0	0	0	0	0	5521036	
26	1	A	2	N	2500	0	40	343	120	33	22	32	0	0	0	0	0	0	0	0	0	0	0	0	5521207	
27	1	A	2	N	2500	0	40	367	136	31	26	38	0	0	0	0	0	0	0	0	0	0	0	0	5521535	
28	1	A	2	N	2500	0	40	348	132	30	23	32	0	0	0	0	0	0	0	0	0	0	0	0	5521940	
29	1	A	2	N	2500	0	40	381	155	32	29	37	0	0	0	0	0	0	0	0	0	0	0	0	5522034	
30	1	A	2	N	2500	0	1	193	102	34	27	38	0	0	0	0	0	0	0	0	0	0	0	0	5522065	
31	1	A	2	N	2500	0	40	393	141	31	23	35	0	0	0	0	0	0	0	0	0	0	0	0	5522424	
32	1	A	2	N	2500	0	40	207	117	29	24	36	0	0	0	0	0	0	0	0	0	0	0	0	5522611	
33	1	A	2	N	2500	0	1	80	65	24	1	1	0	0	0	0	0	0	0	0	0	0	0	0	5522861	
34	1	A	2	N	2500	0	40	349	144	37	24	42	0	0	0	0	0	0	0	0	0	0	0	0	5523017	
35	1	A	2	N	2500	0	40	261	136	29	22	32	0	0	0	0	0	0	0	0	0	0	0	0	5523298	
36	1	A	2	N	2500	0	40	238	132	31	23	33	0	0	0	0	0	0	0	0	0	0	0	0	5523422	
37	1	A	2	N	2500	0	40	343	138	29	23	33	0	0	0	0	0	0	0	0	0	0	0	0	5523703	
38	1	A	2	N	2500	0	40	273	137	43	28	40	0	0	0	0	0	0	0	0	0	0	0	0	5523750	
39	1	A	2	N	2500	0	1	65	26	11	0	1	0	0	0	0	0	0	0	0	0	0	0	0	5523953	
40	1	A	2	N	2500	0	40	366	156	38	28	39	0	0	0	0	0	0	0	0	0	0	0	0	5524202	
41	1	A	2	N	2500	0	40	261	142	34	27	34	0	0	0	0	0	0	0	0	0	0	0	0	5525388	
42	1	A	3	N	2500	2	1	64	41	1	0	1	0	0	0	0	0	0	0	0	0	0	0	0	5533063	
43	1	A	3	N	2500	2	1	60	41	1	0	0	0	0	0	0	0	0	0	0	0	0	0	0	5534514	
44	1	A	3	N	2500	2	1	199	286	21	2	7	0	0	0	0	0	0	0	0	0	0	0	0	5535450	
45	1	A	3	N	2500	2	1	50	20	0	0	0	0	0	0	0	0	0	0	0	0	0	0	0	5539553	
46	1	A	3	N	2500	2	1	99	83	5	0	2	0	0	0	0	0	0	0	0	0	0	0	0	5539553	
47	1	A	4	N	2500	6	40	379	169	38	29	35	0	0	0	0	0	0	0	0	0	0	0	0	5546916	
48	1	A	4	N	2500	6	40	380	164	37	28	35	0	0	0	0	0	0	0	0	0	0	0	0	5547992	
49	1	A	4	N	2500	6	40	319	173	38	33	43	0	0	0	0	0	0	0	0	0	0	0	0	5548414	
50	1	A	4	N	2500	0	40	387	158	35	27	36	0	0	0	0	0	0	0	0	0	0	0	0	5548429	
51	1	A	4	N	2500	0	40	367	146	32	23	37	0	0	0	0	0	0	0	0	0	0	0	0	5548679	
52	1	A	4	N	2500	0	40	235	148	36	23	35	0	0	0	0	0	0	0	0	0	0	0	0	5549256	
53	1	A	4	N	2500	0	40	192	148	31	26	32	0	0	0	0	0	0	0	0	0	0	0	0	5549318	
54	1	A	4	N	2500	0	40	187	140	31	26	34	0	0	0	0	0	0	0	0	0	0	0	0	5549942	
55	1	A	4	N	2500	0	40	369	152	33	26	38	0	0	0	0	0	0	0	0	0	0	0	0	5550800	
56	1	A	4	N	2500	0	40	261	146	35	26	36	0	0	0	0	0	0	0	0	0	0	0	0	5550956	
57	1	A	4	N	2500	0	40	465	199	42	34	49	0	0	0	0	0	0	0	0	0	0	0	0	5551112	
58	1	A	4	N	2500	0	40	361	159	37	28	38	0	0	0	0	0	0	0	0	0	0	0	0	5551565	
59	1	A	4	N	2500	0	40	377	157	33	28	40	0	0	0	0	0	0	0	0	0	0	0	0	5551580	
60	1	A	4	N	2500	0	40	270	143	34	26	34	0	0	0	0	0	0	0	0	0	0	0	0	5551658	
61	1	A	4	N	2500	0	40	246	133	31	26	36	0	0	0	0	0	0	0	0	0	0	0	0	5551783	
62	1	A	4	N	2500	0	40	440	171	34	26	35	0	0	0	0	0	0	0	0	0	0	0	0	5552017	
63	1	A	4	N	2500	0	1	192	65	14	11	17	0	0	0	0	0	0	0	0	0	0	0	0	5552048	
64	1	A	4	N	2500	0	1	131	51	10	9	11	0	0	0	0	0	0	0	0	0	0	0	0	5552048	
65	1	A	4	N	2500	0	40	213	149	39	27	39	0	0	0	0	0	0	0	0	0	0	0	0	5552298	
66	1	A	4	N	2500	0	40	207	144	42	28	40	0	0	0	0	0	0	0	0	0	0	0	0	5552563	
67	1	A	4	N	2500	0	40	345	130	29	21	32	0	0	0	0	0	0	0	0	0	0	0	0	5552797	
68	1	A	4	N	2500	0	40	262	140	36	24	36	0	0	0	0	0	0	0	0	0	0	0	0	5553031	
69	1	A	4	N	2500	0	40	428	168	39	27	42	0	0	0	0	0	0	0	0	0	0	0	0	5553390	
70	1	A	4	N	2500	0	1	74	49	4	0	2	0	0	0	0	0	0	0	0	0	0	0	0	5554170	
71	1	A	6	N	2500	6	40	379	166	34	28	44	0	0	0	0	0	0	0	0	0	0	0	0	5575573	
72	1	A	6	N	2500	2	1	60	14	3	2	6	0	0	0	0	0	0	0	0	0	0	0	0	5575620	
73	1	A	6	N	2500	2	1	60	16	5	2	5	0	0	0	0	0	0	0	0	0	0	0	0	5575963	
74	1	A	6	N	2500	2	1	79	26	8	1	1	0	0	0	0	0	0	0	0	0	0	0	0	5576322	
75	1	A	6	N	2500	6	40	339	178	38	33	45	0	0	0	0	0	0	0	0	0	0	0	0	5576587	
76	1	A	6	N	2500	6	40	343	128	29	22	31	0	0	0	0	0	0	0	0	0	0	0	0	5576603	
77	1	A	6	N	2500	0	40	370	154	34	31	43	0	0	0	0	0	0	0	0	0	0	0	0	5577352	
78	1	A	6	N	2500	0	40	219	132	31	26	36	0	0	0	0	0	0	0	0	0	0	0	0	5577414	
79	1	A	6	N	2500	0	1	71	14	1	0	2	0	0	0	0	0	0	0	0	0	0	0	0	5577679	
80	1	A	6	N	2500	0	40	303	144	33	25	35	0	0	0	0	0	0	0	0	0	0	0	0	5578022	
81	1	A	6	N	2500	0	40	337	132	29	24	38	0	0	0	0	0	0	0	0	0	0	0	0	5578678	
82	1	A	6	N	2500	0	40	265	122	25	23	31	0	0	0	0	0	0	0	0	0	0	0	0	5578756	
83	1	A	6	N	2500	0	40	230	144	39	27	37	0	0	0	0	0	0	0	0	0	0	0	0	5578771	
84	1	A	6	N	2500	0	40	215	136	32	25	30	0	0	0	0	0	0	0	0	0	0	0	0	5578974	
85	1	A	6	N	2500	0	40	238	123	33	25	39	0	0	0	0	0	0	0	0	0	0	0	0	5579099	
86	1	A	6	N	2500	0	40	259	151	40	30	43	0	0	0	0	0	0	0	0	0	0	0	0	5579302	
87	1	A	6	N	2500	0	40	464	191	44	33	47	0	0	0	0	0	0	0	0	0	0	0	0	5579504	
88	1	A	6	N	2500	0	40	329	134	28	23	33	0	0	0	0	0	0	0	0	0	0	0	0	5579754	
89	1	A	6	N	2500	0	40	322	130	33	25	31	0	0	0	0	0	0	0	0	0	0	0	0	5579941	
90	1	A	6	N	2500	0	40	295	138	32	25	38	0	0	0	0	0	0	0	0	0	0	0	0	5580097	
91	1	A	6	N	2500	0	40	206	138	37	27	36	0	0	0	0	0	0	0	0	0	0	0	0	5580113	
92	1	A	6	N	2500	0	40	317	143	30	28	37	0	0	0	0	0	0	0	0	0	0	0	0	5580284	
93	1	A	6	N	2500	0	40	176	132	32	26	36	0	0	0	0	0	0	0	0	0	0	0	0	5580394	
94	1	A	6	N	2500	0	40	251	117	24	20	27	0	0	0	0	0	0	0	0	0	0	0	0	5580441	
95	1	A	6	N	2500	0	40	306	133	35	24	34	0	0	0	0	0	0	0	0	0	0	0	0	5580612	
96	1	A	6	N	2500	0	40	383	156	36	27	39	0	0	0	0	0	0	0	0	0	0	0	0	5580799	
97	1	A	6	N	2500	0	40	370	115	26	21	30	0	0	0	0	0	0	0	0	0	0	0	0	5581049	
98	1	A	6	N	2500	0	40	397	148	30	27	39	0	0	0	0	0	0	0	0	0	0	0	0	5581158	
99	1	A	6	N	2500	0	40	344	144	34	27	35	0	0	0	0	0	0	0	0	0	0	0	0	5581548	
100	1	A	8	N	2500	2	1	168	111	34	25	39	0	0	0	0	0	0	0	0	0	0	0	0	5604683	
101	1	A	8	N	2500	2	1	188	99	27	20	29	0	0	0	0	0	0	0	0	0	0	0	0	5604948	
102	1	A	8	N	2500	6	40	318	121	22	19	27	0	0	0	0	0	0	0	0	0	0	0	0	5606493	
103	1	A	8	N	2500	6	40	332	84	18	12	20	0	0	0	0	0	0	0	0	0	0	0	0	5606789	
104	1	A	8	N	2500	6	40	221	108	23	18	28	0	0	0	0	0	0	0	0	0	0	0	0	5607538	
105	1	A	8	N	2500	0	1	202	88	20	17	24	0	0	0	0	0	0	0	0	0	0	0	0	5607741	
106	1	A	8	N	2500	0	40	307	89	18	14	22	0	0	0	0	0	0	0	0	0	0	0	0	5608084	
107	1	A	8	N	2500	0	40	248	133	33	27	40	0	0	0	0	0	0	0	0	0	0	0	0	5608240	
108	1	A	8	N	2500	0	1	196	103	21	17	22	0	0	0	0	0	0	0	0	0	0	0	0	5608989	
109	1	A	8	N	2500	0	1	162	85	20	16	21	0	0	0	0	0	0	0	0	0	0	0	0	5609113	
110	1	A	8	N	2500	0	40	224	134	36	28	40	0	0	0	0	0	0	0	0	0	0	0	0	5609238	
111	1	A	8	N	2500	0	40	284	125	28	24	32	0	0	0	0	0	0	0	0	0	0	0	0	5609519	
112	1	A	8	N	2500	0	40	313	150	34	27	36	0	0	0	0	0	0	0	0	0	0	0	0	5609831	
113	1	A	8	N	2500	0	40	331	128	32	24	34	0	0	0	0	0	0	0	0	0	0	0	0	5610798	
114	1	A	9	N	2500	2	1	77	64	4	0	1	0	0	0	0	0	0	0	0	0	0	0	0	5621687	
115	1	A	9	N	2500	2	1	53	13	0	0	0	0	0	0	0	0	0	0	0	0	0	0	0	5623809	
116	1	A	10	N	2500	2	1	71	21	4	4	5	0	0	0	0	0	0	0	0	0	0	0	0	5633746	
117	1	A	10	N	2500	8	40	252	107	25	19	28	0	0	0	0	0	0	0	0	0	0	0	0	5633746	
118	1	A	10	N	2500	6	40	368	150	34	29	38	0	0	0	0	0	0	0	0	0	0	0	0	5633839	
119	1	A	10	N	2500	6	40	309	135	37	26	35	0	0	0	0	0	0	0	0	0	0	0	0	5633964	
120	1	A	10	N	2500	6	40	335	116	30	23	31	0	0	0	0	0	0	0	0	0	0	0	0	5633980	
121	1	A	10	N	2500	0	1	223	87	19	13	17	0	0	0	0	0	0	0	0	0	0	0	0	5634136	
122	1	A	10	N	2500	0	1	254	80	14	12	21	0	0	0	0	0	0	0	0	0	0	0	0	5635009	
123	1	A	10	N	2500	0	40	422	165	37	27	46	0	0	0	0	0	0	0	0	0	0	0	0	5635134	
124	1	A	10	N	2500	0	40	199	133	35	26	38	0	0	0	0	0	0	0	0	0	0	0	0	5635821	
125	1	A	10	N	2500	0	40	303	95	20	14	24	0	0	0	0	0	0	0	0	0	0	0	0	5635821	
126	1	A	10	N	2500	0	1	186	107	33	23	33	0	0	0	0	0	0	0	0	0	0	0	0	5635977	
127	1	A	10	N	2500	0	40	328	124	27	23	37	0	0	0	0	0	0	0	0	0	0	0	0	5636117	
128	1	A	10	N	2500	0	40	342	149	39	26	39	0	0	0	0	0	0	0	0	0	0	0	0	5636351	
129	1	A	10	N	2500	0	40	335	124	27	23	31	0	0	0	0	0	0	0	0	0	0	0	0	5636819	
130	1	A	10	N	2500	0	40	258	130	28	23	27	0	0	0	0	0	0	0	0	0	0	0	0	5636850	
131	1	A	10	N	2500	0	40	359	108	23	17	29	0	0	0	0	0	0	0	0	0	0	0	0	5636959	
132	1	A	10	N	2500	0	40	217	141	35	26	33	0	0	0	0	0	0	0	0	0	0	0	0	5637037	
133	1	A	10	N	2500	0	40	306	163	41	33	39	0	0	0	0	0	0	0	0	0	0	0	0	5637193	
134	1	A	10	N	2500	0	40	293	144	31	25	38	0	0	0	0	0	0	0	0	0	0	0	0	5637303	
135	1	A	10	N	2500	0	1	50	11	3	3	7	0	0	0	0	0	0	0	0	0	0	0	0	5637396	
136	1	A	10	N	2500	0	1	209	99	27	21	29	0	0	0	0	0	0	0	0	0	0	0	0	5637396	
137	1	A	10	N	2500	0	1	94	20	3	4	9	0	0	0	0	0	0	0	0	0	0	0	0	5637771	
138	1	A	10	N	2500	0	1	62	12	3	4	7	0	0	0	0	0	0	0	0	0	0	0	0	5637817	
139	1	A	10	N	2500	0	40	264	138	28	25	32	0	0	0	0	0	0	0	0	0	0	0	0	5637895	
140	1	A	10	N	2500	0	40	348	156	39	30	35	0	0	0	0	0	0	0	0	0	0	0	0	5637989	
141	1	A	10	N	2500	0	40	402	138	32	26	37	0	0	0	0	0	0	0	0	0	0	0	0	5638285	
142	1	A	10	N	2500	0	40	489	199	46	35	49	0	0	0	0	0	0	0	0	0	0	0	0	5638363	
143	1	A	10	N	2500	0	40	229	149	42	32	43	0	0	0	0	0	0	0	0	0	0	0	0	5638504	
144	1	A	10	N	2500	0	40	261	167	45	29	40	0	0	0	0	0	0	0	0	0	0	0	0	5638644	
145	1	A	10	N	2500	0	40	279	154	39	27	38	0	0	0	0	0	0	0	0	0	0	0	0	5638738	
146	1	A	10	N	2500	0	40	240	108	30	23	32	0	0	0	0	0	0	0	0	0	0	0	0	5638785	
147	1	A	10	N	2500	0	40	329	147	34	28	37	0	0	0	0	0	0	0	0	0	0	0	0	5639065	
148	1	A	10	N	2500	0	1	65	13	3	5	11	0	0	0	0	0	0	0	0	0	0	0	0	5639143	
149	1	A	10	N	2500	0	1	186	88	28	23	31	0	0	0	0	0	0	0	0	0	0	0	0	5639409	
150	1	A	10	N	2500	0	40	366	161	37	28	39	0	0	0	0	0	0	0	0	0	0	0	0	5639440	
151	1	A	10	N	2500	0	40	262	148	35	29	38	0	0	0	0	0	0	0	0	0	0	0	0	5639502	
152	1	A	10	N	2500	0	40	289	146	37	28	36	0	0	0	0	0	0	0	0	0	0	0	0	5639689	
153	1	A	10	N	2500	0	1	208	63	9	7	11	0	0	0	0	0	0	0	0	0	0	0	0	5639939	
154	1	A	10	N	2500	0	1	179	84	26	19	28	0	0	0	0	0	0	0	0	0	0	0	0	5639970	
155	1	A	10	N	2500	0	40	197	133	34	27	36	0	0	0	0	0	0	0	0	0	0	0	0	5640079	
156	1	A	11	N	2500	6	40	429	172	37	28	42	0	0	0	0	0	0	0	0	0	0	0	0	5648597	
157	1	A	12	N	2500	6	40	237	149	38	30	36	0	0	0	0	0	0	0	0	0	0	0	0	5662450	
158	1	A	12	N	2500	6	40	352	139	32	24	36	0	0	0	0	0	0	0	0	0	0	0	0	5663043	
159	1	A	12	N	2500	2	1	222	101	24	22	34	0	0	0	0	0	0	0	0	0	0	0	0	5663043	
160	1	A	12	N	2500	6	40	371	139	34	26	38	0	0	0	0	0	0	0	0	0	0	0	0	5663495	
161	1	A	12	N	2500	0	40	236	148	38	31	43	0	0	0	0	0	0	0	0	0	0	0	0	5663713	
162	1	A	12	N	2500	0	1	169	83	24	20	26	0	0	0	0	0	0	0	0	0	0	0	0	5663838	
163	1	A	12	N	2500	0	1	197	99	18	19	30	0	0	0	0	0	0	0	0	0	0	0	0	5663979	
164	1	A	12	N	2500	0	1	272	84	15	14	20	0	0	0	0	0	0	0	0	0	0	0	0	5664010	
165	1	A	12	N	2500	0	40	319	139	36	28	41	0	0	0	0	0	0	0	0	0	0	0	0	5664213	
166	1	A	12	N	2500	0	40	271	103	24	18	30	0	0	0	0	0	0	0	0	0	0	0	0	5664712	
167	1	A	12	N	2500	0	40	267	118	33	26	36	0	0	0	0	0	0	0	0	0	0	0	0	5665024	
168	1	A	12	N	2500	0	1	223	98	29	22	33	0	0	0	0	0	0	0	0	0	0	0	0	5665383	
169	1	A	12	N	2500	0	40	222	110	26	20	29	0	0	0	0	0	0	0	0	0	0	0	0	5665554	
170	1	A	12	N	2500	0	40	368	120	26	18	32	0	0	0	0	0	0	0	0	0	0	0	0	5665663	
171	1	A	12	N	2500	0	40	360	143	31	24	33	0	0	0	0	0	0	0	0	0	0	0	0	5665695	
172	1	A	12	N	2500	0	40	326	155	37	31	44	0	0	0	0	0	0	0	0	0	0	0	0	5665710	
173	1	A	12	N	2500	0	40	417	156	38	29	40	0	0	0	0	0	0	0	0	0	0	0	0	5665851	
174	1	A	12	N	2500	0	40	246	119	31	24	34	0	0	0	0	0	0	0	0	0	0	0	0	5665866	
175	1	A	12	N	2500	0	40	362	130	28	23	32	0	0	0	0	0	0	0	0	0	0	0	0	5666209	
176	1	A	12	N	2500	0	1	179	107	24	20	27	0	0	0	0	0	0	0	0	0	0	0	0	5666412	
177	1	A	12	N	2500	0	40	217	134	38	26	39	0	0	0	0	0	0	0	0	0	0	0	0	5666459	
178	1	A	12	N	2500	0	40	340	116	29	21	35	0	0	0	0	0	0	0	0	0	0	0	0	5666521	
179	1	A	12	N	2500	0	40	227	112	25	20	27	0	0	0	0	0	0	0	0	0	0	0	0	5666584	
180	1	A	12	N	2500	0	40	348	133	34	26	30	0	0	0	0	0	0	0	0	0	0	0	0	5666677	
181	1	A	12	N	2500	0	40	304	146	40	29	42	0	0	0	0	0	0	0	0	0	0	0	0	5666693	
182	1	A	12	N	2500	0	40	242	132	32	25	35	0	0	0	0	0	0	0	0	0	0	0	0	5666724	
183	1	A	12	N	2500	0	1	92	26	4	3	7	0	0	0	0	0	0	0	0	0	0	0	0	5666802	
184	1	A	12	N	2500	0	40	349	138	32	25	32	0	0	0	0	0	0	0	0	0	0	0	0	5666865	
185	1	A	12	N	2500	0	40	356	144	38	27	49	0	0	0	0	0	0	0	0	0	0	0	0	5666927	
186	1	A	12	N	2500	0	40	361	148	35	28	34	0	0	0	0	0	0	0	0	0	0	0	0	5666943	
187	1	A	12	N	2500	0	40	269	135	32	26	35	0	0	0	0	0	0	0	0	0	0	0	0	5666974	
188	1	A	12	N	2500	0	40	269	157	39	32	41	0	0	0	0	0	0	0	0	0	0	0	0	5667036	
189	1	A	12	N	2500	0	40	280	106	26	21	32	0	0	0	0	0	0	0	0	0	0	0	0	5667099	
190	1	A	12	N	2500	0	40	222	140	41	31	40	0	0	0	0	0	0	0	0	0	0	0	0	5667223	
191	1	A	12	N	2500	0	40	473	183	42	31	47	0	0	0	0	0	0	0	0	0	0	0	0	5667286	
192	1	A	12	N	2500	0	40	241	117	31	22	29	0	0	0	0	0	0	0	0	0	0	0	0	5667301	
193	1	A	12	N	2500	0	40	278	148	36	28	35	0	0	0	0	0	0	0	0	0	0	0	0	5667301	
194	1	A	12	N	2500	0	40	355	157	41	31	37	0	0	0	0	0	0	0	0	0	0	0	0	5667364	
195	1	A	12	N	2500	0	1	227	92	22	17	21	0	0	0	0	0	0	0	0	0	0	0	0	5667426	
196	1	A	12	N	2500	0	40	393	152	37	28	39	0	0	0	0	0	0	0	0	0	0	0	0	5667598	
197	1	A	12	N	2500	0	40	335	129	36	22	27	0	0	0	0	0	0	0	0	0	0	0	0	5667613	
198	1	A	12	N	2500	0	40	367	130	28	23	35	0	0	0	0	0	0	0	0	0	0	0	0	5667769	
199	1	A	12	N	2500	0	40	301	160	46	34	46	0	0	0	0	0	0	0	0	0	0	0	0	5667785	
200	1	A	12	N	2500	0	40	384	151	36	29	39	0	0	0	0	0	0	0	0	0	0	0	0	5667925	
201	1	A	12	N	2500	0	40	367	138	32	25	37	0	0	0	0	0	0	0	0	0	0	0	0	5667988	
202	1	A	12	N	2500	0	40	241	121	30	24	32	0	0	0	0	0	0	0	0	0	0	0	0	5668035	
203	1	A	12	N	2500	0	1	137	105	34	23	29	0	0	0	0	0	0	0	0	0	0	0	0	5668035	
204	1	A	12	N	2500	0	40	282	96	20	17	24	0	0	0	0	0	0	0	0	0	0	0	0	5668081	
205	1	A	12	N	2500	0	40	389	154	44	28	40	0	0	0	0	0	0	0	0	0	0	0	0	5668253	
206	1	A	12	N	2500	0	40	367	145	36	27	39	0	0	0	0	0	0	0	0	0	0	0	0	5668440	
207	1	A	12	N	2500	0	40	333	145	36	27	38	0	0	0	0	0	0	0	0	0	0	0	0	5668518	
208	1	A	12	N	2500	0	40	284	136	30	26	40	0	0	0	0	0	0	0	0	0	0	0	0	5668534	
209	1	A	12	N	2500	0	1	160	116	27	24	32	0	0	0	0	0	0	0	0	0	0	0	0	5668659	
210	1	A	12	N	2500	0	1	60	11	3	4	10	0	0	0	0	0	0	0	0	0	0	0	0	5668908	
211	1	A	12	N	2500	0	40	338	135	31	26	34	0	0	0	0	0	0	0	0	0	0	0	0	5669111	
212	1	A	12	N	2500	0	40	313	141	33	26	34	0	0	0	0	0	0	0	0	0	0	0	0	5669501	
213	1	B	1	N	2500	2	1	96	89	5	0	1	0	0	0	0	0	0	0	0	0	0	0	0	5679157	
214	1	B	1	N	2500	2	1	75	74	4	0	1	0	0	0	0	0	0	0	0	0	0	0	0	5681357	
215	1	B	2	N	2500	6	40	255	110	25	21	31	0	0	0	0	0	0	0	0	0	0	0	0	5692402	
216	1	B	2	N	2500	6	40	268	104	24	21	28	0	0	0	0	0	0	0	0	0	0	0	0	5692620	
217	1	B	2	N	2500	6	40	217	162	44	35	46	0	0	0	0	0	0	0	0	0	0	0	0	5693587	
218	1	B	2	N	2500	0	40	352	149	37	28	40	0	0	0	0	0	0	0	0	0	0	0	0	5693915	
219	1	B	2	N	2500	0	40	232	107	32	27	38	0	0	0	0	0	0	0	0	0	0	0	0	5694009	
220	1	B	2	N	2500	0	1	50	18	7	1	2	0	0	0	0	0	0	0	0	0	0	0	0	5694133	
221	1	B	2	N	2500	0	40	218	132	32	24	37	0	0	0	0	0	0	0	0	0	0	0	0	5694305	
222	1	B	2	N	2500	0	40	265	146	33	27	36	0	0	0	0	0	0	0	0	0	0	0	0	5694461	
223	1	B	2	N	2500	0	1	51	16	7	0	0	0	0	0	0	0	0	0	0	0	0	0	0	5694648	
224	1	B	2	N	2500	0	1	96	25	4	4	6	0	0	0	0	0	0	0	0	0	0	0	0	5694773	
225	1	B	2	N	2500	0	1	147	100	30	23	33	0	0	0	0	0	0	0	0	0	0	0	0	5694945	
226	1	B	2	N	2500	0	40	388	157	35	29	44	0	0	0	0	0	0	0	0	0	0	0	0	5694960	
227	1	B	2	N	2500	0	40	256	141	33	31	37	0	0	0	0	0	0	0	0	0	0	0	0	5695179	
228	1	B	2	N	2500	0	40	303	124	36	28	37	0	0	0	0	0	0	0	0	0	0	0	0	5695241	
229	1	B	2	N	2500	0	1	207	90	23	20	27	0	0	0	0	0	0	0	0	0	0	0	0	5695272	
230	1	B	2	N	2500	0	40	376	169	41	33	45	0	0	0	0	0	0	0	0	0	0	0	0	5695304	
231	1	B	2	N	2500	0	1	70	15	2	1	4	0	0	0	0	0	0	0	0	0	0	0	0	5695506	
232	1	B	2	N	2500	0	40	271	150	37	33	43	0	0	0	0	0	0	0	0	0	0	0	0	5695506	
233	1	B	2	N	2500	0	40	304	142	34	28	39	0	0	0	0	0	0	0	0	0	0	0	0	5695662	
234	1	B	2	N	2500	0	40	212	138	32	28	36	0	0	0	0	0	0	0	0	0	0	0	0	5696240	
235	1	B	2	N	2500	0	40	221	111	30	25	34	0	0	0	0	0	0	0	0	0	0	0	0	5696364	
236	1	B	2	N	2500	0	40	272	124	28	25	33	0	0	0	0	0	0	0	0	0	0	0	0	5696427	
237	1	B	2	N	2500	0	40	197	145	39	28	38	0	0	0	0	0	0	0	0	0	0	0	0	5696489	
238	1	B	2	N	2500	0	40	187	146	34	30	36	0	0	0	0	0	0	0	0	0	0	0	0	5696739	
239	1	B	2	N	2500	0	40	389	173	41	30	39	0	0	0	0	0	0	0	0	0	0	0	0	5697035	
240	1	B	2	N	2500	0	1	95	72	4	0	2	0	0	0	0	0	0	0	0	0	0	0	0	5697113	
241	1	B	2	N	2500	0	40	309	161	36	30	46	0	0	0	0	0	0	0	0	0	0	0	0	5697254	
242	1	B	2	N	2500	0	40	219	158	41	31	41	0	0	0	0	0	0	0	0	0	0	0	0	5697597	
243	1	B	2	N	2500	0	1	256	85	16	14	21	0	0	0	0	0	0	0	0	0	0	0	0	5697612	
244	1	B	2	N	2500	0	40	269	154	36	31	38	0	0	0	0	0	0	0	0	0	0	0	0	5697659	
245	1	B	2	N	2500	0	40	234	136	37	27	35	0	0	0	0	0	0	0	0	0	0	0	0	5697690	
246	1	B	2	N	2500	0	40	307	158	35	31	41	0	0	0	0	0	0	0	0	0	0	0	0	5697846	
247	1	B	2	N	2500	0	40	245	177	45	33	48	0	0	0	0	0	0	0	0	0	0	0	0	5697893	
248	1	B	2	N	2500	0	40	227	132	31	27	36	0	0	0	0	0	0	0	0	0	0	0	0	5698424	
249	1	B	2	N	2500	0	40	295	114	30	25	34	0	0	0	0	0	0	0	0	0	0	0	0	5699094	
250	1	B	2	N	2500	0	1	151	51	10	9	16	0	0	0	0	0	0	0	0	0	0	0	0	5699484	
251	1	B	2	N	2500	0	40	400	162	36	29	40	0	0	0	0	0	0	0	0	0	0	0	0	5699562	
252	1	B	3	N	2500	2	2	140	149	10	0	1	0	0	0	0	0	0	0	0	0	0	0	0	5706504	
253	1	B	4	N	2500	6	40	210	125	30	24	31	0	0	0	0	0	0	0	0	0	0	0	0	5721902	
254	1	B	4	N	2500	2	1	52	10	2	2	5	0	0	0	0	0	0	0	0	0	0	0	0	5722463	
255	1	B	4	N	2500	2	1	80	51	12	11	14	0	0	0	0	0	0	0	0	0	0	0	0	5722728	
256	1	B	4	N	2500	2	1	185	81	18	15	18	0	0	0	0	0	0	0	0	0	0	0	0	5722728	
257	1	B	4	N	2500	6	40	359	141	31	27	41	0	0	0	0	0	0	0	0	0	0	0	0	5723805	
258	1	B	4	N	2500	2	1	159	42	7	6	10	0	0	0	0	0	0	0	0	0	0	0	0	5723992	
259	1	B	4	N	2500	6	40	268	159	46	30	42	0	0	0	0	0	0	0	0	0	0	0	0	5724164	
260	1	B	4	N	2500	0	40	216	129	30	23	33	0	0	0	0	0	0	0	0	0	0	0	0	5724741	
261	1	B	4	N	2500	0	1	58	12	3	5	10	0	0	0	0	0	0	0	0	0	0	0	0	5725365	
262	1	B	4	N	2500	0	1	213	95	31	26	32	0	0	0	0	0	0	0	0	0	0	0	0	5725427	
263	1	B	4	N	2500	0	1	118	38	8	7	11	0	0	0	0	0	0	0	0	0	0	0	0	5725536	
264	1	B	4	N	2500	0	40	174	118	28	25	31	0	0	0	0	0	0	0	0	0	0	0	0	5725536	
265	1	B	4	N	2500	0	40	321	115	25	18	30	0	0	0	0	0	0	0	0	0	0	0	0	5725599	
266	1	B	4	N	2500	0	40	366	158	35	30	46	0	0	0	0	0	0	0	0	0	0	0	0	5725755	
267	1	B	4	N	2500	0	40	264	158	44	30	40	0	0	0	0	0	0	0	0	0	0	0	0	5725926	
268	1	B	4	N	2500	0	40	182	139	34	24	36	0	0	0	0	0	0	0	0	0	0	0	0	5725958	
269	1	B	4	N	2500	0	1	192	94	25	19	25	0	0	0	0	0	0	0	0	0	0	0	0	5726379	
270	1	B	4	N	2500	0	1	187	67	15	12	18	0	0	0	0	0	0	0	0	0	0	0	0	5726613	
271	1	B	4	N	2500	0	40	405	131	35	24	35	0	0	0	0	0	0	0	0	0	0	0	0	5726738	
272	1	B	4	N	2500	0	1	147	97	21	17	22	0	0	0	0	0	0	0	0	0	0	0	0	5727268	
273	1	B	4	N	2500	0	1	70	14	2	1	2	0	0	0	0	0	0	0	0	0	0	0	0	5727268	
274	1	B	4	N	2500	0	40	330	127	26	22	26	0	0	0	0	0	0	0	0	0	0	0	0	5727455	
275	1	B	4	N	2500	0	40	298	125	33	26	37	0	0	0	0	0	0	0	0	0	0	0	0	5727752	
276	1	B	5	N	2500	2	1	86	40	7	8	16	0	0	0	0	0	0	0	0	0	0	0	0	5738781	
277	1	B	5	N	2500	2	1	63	24	1	0	0	0	0	0	0	0	0	0	0	0	0	0	0	5739358	
278	1	B	5	N	2500	2	2	171	131	5	0	2	0	0	0	0	0	0	0	0	0	0	0	0	5740934	
279	1	B	5	N	2500	2	1	86	70	3	0	1	0	0	0	0	0	0	0	0	0	0	0	0	5742884	
280	1	B	6	N	2500	6	40	333	117	21	18	28	0	0	0	0	0	0	0	0	0	0	0	0	5750699	
281	1	B	6	N	2500	6	40	369	117	25	18	28	0	0	0	0	0	0	0	0	0	0	0	0	5750746	
282	1	B	6	N	2500	6	40	345	99	22	17	23	0	0	0	0	0	0	0	0	0	0	0	0	5750808	
283	1	B	6	N	2500	0	1	159	38	6	5	9	0	0	0	0	0	0	0	0	0	0	0	0	5751386	
284	1	B	6	N	2500	0	40	336	150	35	28	40	0	0	0	0	0	0	0	0	0	0	0	0	5751620	
285	1	B	6	N	2500	0	40	232	120	26	23	32	0	0	0	0	0	0	0	0	0	0	0	0	5751682	
286	1	B	6	N	2500	0	1	199	109	24	18	25	0	0	0	0	0	0	0	0	0	0	0	0	5751994	
287	1	B	6	N	2500	0	40	244	111	31	24	35	0	0	0	0	0	0	0	0	0	0	0	0	5752244	
288	1	B	6	N	2500	0	40	353	133	29	23	35	0	0	0	0	0	0	0	0	0	0	0	0	5752244	
289	1	B	6	N	2500	0	1	198	100	25	21	24	0	0	0	0	0	0	0	0	0	0	0	0	5752415	
290	1	B	6	N	2500	0	40	390	144	29	21	32	0	0	0	0	0	0	0	0	0	0	0	0	5752634	
291	1	B	6	N	2500	0	1	270	79	15	13	21	0	0	0	0	0	0	0	0	0	0	0	0	5752727	
292	1	B	6	N	2500	0	40	365	162	32	25	39	0	0	0	0	0	0	0	0	0	0	0	0	5753008	
293	1	B	6	N	2500	0	40	278	126	25	20	30	0	0	0	0	0	0	0	0	0	0	0	0	5753055	
294	1	B	6	N	2500	0	40	307	151	32	25	34	0	0	0	0	0	0	0	0	0	0	0	0	5753086	
295	1	B	6	N	2500	0	1	264	70	11	9	15	0	0	0	0	0	0	0	0	0	0	0	0	5753133	
296	1	B	6	N	2500	0	40	306	128	29	20	30	0	0	0	0	0	0	0	0	0	0	0	0	5753180	
297	1	B	6	N	2500	0	1	55	11	3	4	9	0	0	0	0	0	0	0	0	0	0	0	0	5753242	
298	1	B	6	N	2500	0	40	370	137	26	20	31	0	0	0	0	0	0	0	0	0	0	0	0	5753320	
299	1	B	6	N	2500	0	40	174	126	24	20	27	0	0	0	0	0	0	0	0	0	0	0	0	5753429	
300	1	B	6	N	2500	0	40	246	121	25	21	30	0	0	0	0	0	0	0	0	0	0	0	0	5753476	
301	1	B	6	N	2500	0	40	215	107	27	19	25	0	0	0	0	0	0	0	0	0	0	0	0	5753523	
302	1	B	6	N	2500	0	40	341	132	28	23	32	0	0	0	0	0	0	0	0	0	0	0	0	5753960	
303	1	B	6	N	2500	0	40	276	153	37	30	39	0	0	0	0	0	0	0	0	0	0	0	0	5753975	
304	1	B	6	N	2500	0	40	336	132	28	19	28	0	0	0	0	0	0	0	0	0	0	0	0	5754116	
305	1	B	6	N	2500	0	40	356	139	36	28	38	0	0	0	0	0	0	0	0	0	0	0	0	5754209	
306	1	B	6	N	2500	0	1	174	79	18	15	20	0	0	0	0	0	0	0	0	0	0	0	0	5754412	
307	1	B	6	N	2500	0	1	256	90	14	13	17	0	0	0	0	0	0	0	0	0	0	0	0	5754490	
308	1	B	6	N	2500	0	1	149	107	24	21	30	0	0	0	0	0	0	0	0	0	0	0	0	5754506	
309	1	B	6	N	2500	0	40	305	100	23	17	25	0	0	0	0	0	0	0	0	0	0	0	0	5754584	
310	1	B	6	N	2500	0	40	325	119	24	19	30	0	0	0	0	0	0	0	0	0	0	0	0	5754599	
311	1	B	6	N	2500	0	40	435	135	16	14	24	0	0	0	0	0	0	0	0	0	0	0	0	5754599	
312	1	B	6	N	2500	0	1	463	141	28	20	35	0	0	0	0	0	0	0	0	0	0	0	0	5754630	
313	1	B	6	N	2500	0	40	188	118	27	20	27	0	0	0	0	0	0	0	0	0	0	0	0	5754708	
314	1	B	6	N	2500	0	40	224	138	34	23	33	0	0	0	0	0	0	0	0	0	0	0	0	5754740	
315	1	B	6	N	2500	0	1	141	74	10	9	13	0	0	0	0	0	0	0	0	0	0	0	0	5754786	
316	1	B	6	N	2500	0	40	219	113	22	17	24	0	0	0	0	0	0	0	0	0	0	0	0	5755005	
317	1	B	6	N	2500	0	40	203	129	31	23	33	0	0	0	0	0	0	0	0	0	0	0	0	5755020	
318	1	B	6	N	2500	0	40	346	115	24	18	27	0	0	0	0	0	0	0	0	0	0	0	0	5755223	
319	1	B	6	N	2500	0	40	331	120	25	20	29	0	0	0	0	0	0	0	0	0	0	0	0	5755239	
320	1	B	6	N	2500	0	40	176	132	33	23	34	0	0	0	0	0	0	0	0	0	0	0	0	5755254	
321	1	B	6	N	2500	0	40	418	138	30	20	28	0	0	0	0	0	0	0	0	0	0	0	0	5755364	
322	1	B	6	N	2500	0	1	177	102	21	17	21	0	0	0	0	0	0	0	0	0	0	0	0	5755598	
323	1	B	6	N	2500	0	40	351	134	29	22	33	0	0	0	0	0	0	0	0	0	0	0	0	5755598	
324	1	B	6	N	2500	0	40	200	144	28	23	31	0	0	0	0	0	0	0	0	0	0	0	0	5755738	
325	1	B	6	N	2500	0	40	413	162	36	26	39	0	0	0	0	0	0	0	0	0	0	0	0	5755738	
326	1	B	6	N	2500	0	1	169	107	32	22	31	0	0	0	0	0	0	0	0	0	0	0	0	5755754	
327	1	B	6	N	2500	0	1	214	102	20	18	28	0	0	0	0	0	0	0	0	0	0	0	0	5755800	
328	1	B	6	N	2500	0	1	248	66	11	9	11	0	0	0	0	0	0	0	0	0	0	0	0	5757360	
329	1	B	7	N	2500	2	1	149	179	14	1	2	0	0	0	0	0	0	0	0	0	0	0	0	5769310	
330	1	B	8	N	2500	6	40	230	140	30	24	33	0	0	0	0	0	0	0	0	0	0	0	0	5779528	
331	1	B	8	N	2500	6	40	244	105	25	17	26	0	0	0	0	0	0	0	0	0	0	0	0	5780074	
332	1	B	8	N	2500	2	1	129	40	5	4	7	0	0	0	0	0	0	0	0	0	0	0	0	5781509	
333	1	B	8	N	2500	6	40	369	161	40	33	43	0	0	0	0	0	0	0	0	0	0	0	0	5781790	
334	1	B	8	N	2500	0	40	338	139	33	25	35	0	0	0	0	0	0	0	0	0	0	0	0	5782398	
335	1	B	8	N	2500	0	40	311	164	40	34	39	0	0	0	0	0	0	0	0	0	0	0	0	5783163	
336	1	B	8	N	2500	0	40	211	137	27	25	32	0	0	0	0	0	0	0	0	0	0	0	0	5783319	
337	1	B	8	N	2500	0	40	394	170	42	35	46	0	0	0	0	0	0	0	0	0	0	0	0	5783319	
338	1	B	8	N	2500	0	40	220	145	33	28	43	0	0	0	0	0	0	0	0	0	0	0	0	5783475	
339	1	B	8	N	2500	0	40	221	135	34	29	31	0	0	0	0	0	0	0	0	0	0	0	0	5783584	
340	1	B	8	N	2500	0	40	325	139	37	30	38	0	0	0	0	0	0	0	0	0	0	0	0	5783787	
341	1	B	8	N	2500	0	40	395	151	37	25	31	0	0	0	0	0	0	0	0	0	0	0	0	5783865	
342	1	B	8	N	2500	0	40	323	140	32	27	34	0	0	0	0	0	0	0	0	0	0	0	0	5784036	
343	1	B	8	N	2500	0	1	152	77	16	17	23	0	0	0	0	0	0	0	0	0	0	0	0	5784208	
344	1	B	8	N	2500	0	1	135	28	7	5	8	0	0	0	0	0	0	0	0	0	0	0	0	5784208	
345	1	B	8	N	2500	0	40	197	113	34	24	36	0	0	0	0	0	0	0	0	0	0	0	0	5784302	
346	1	B	8	N	2500	0	40	417	156	38	30	43	0	0	0	0	0	0	0	0	0	0	0	0	5784473	
347	1	B	8	N	2500	0	1	218	70	12	10	17	0	0	0	0	0	0	0	0	0	0	0	0	5784707	
348	1	B	10	N	2500	2	1	175	101	26	21	29	0	0	0	0	0	0	0	0	0	0	0	0	5810260	
349	1	B	10	N	2500	6	40	276	110	23	19	25	0	0	0	0	0	0	0	0	0	0	0	0	5810541	
350	1	B	10	N	2500	6	40	192	116	32	24	30	0	0	0	0	0	0	0	0	0	0	0	0	5811259	
351	1	B	10	N	2500	2	1	140	29	3	2	6	0	0	0	0	0	0	0	0	0	0	0	0	5811555	
352	1	B	10	N	2500	2	1	222	85	20	16	18	0	0	0	0	0	0	0	0	0	0	0	0	5812319	
353	1	B	10	N	2500	6	40	347	129	32	22	29	0	0	0	0	0	0	0	0	0	0	0	0	5812803	
354	1	B	11	N	2500	6	40	386	166	32	28	41	0	0	0	0	0	0	0	0	0	0	0	0	5823895	
355	1	B	12	N	2500	6	40	321	119	30	24	35	0	0	0	0	0	0	0	0	0	0	0	0	5836640	
356	1	B	12	N	2500	6	40	198	138	30	23	31	0	0	0	0	0	0	0	0	0	0	0	0	5836811	
357	1	B	12	N	2500	2	1	215	100	25	21	26	0	0	0	0	0	0	0	0	0	0	0	0	5837841	
358	1	B	12	N	2500	6	40	363	139	29	26	37	0	0	0	0	0	0	0	0	0	0	0	0	5838231	
359	1	B	12	N	2500	0	40	204	126	26	20	27	0	0	0	0	0	0	0	0	0	0	0	0	5838621	
360	1	B	12	N	2500	0	1	209	69	12	10	19	0	0	0	0	0	0	0	0	0	0	0	0	5838730	
361	1	B	12	N	2500	0	40	283	122	27	21	30	0	0	0	0	0	0	0	0	0	0	0	0	5838793	
362	1	B	12	N	2500	0	40	326	117	23	17	21	0	0	0	0	0	0	0	0	0	0	0	0	5838949	
363	1	B	12	N	2500	0	40	232	111	25	20	24	0	0	0	0	0	0	0	0	0	0	0	0	5839167	
364	1	B	12	N	2500	0	40	379	115	28	18	27	0	0	0	0	0	0	0	0	0	0	0	0	5839261	
365	1	B	12	N	2500	0	40	319	109	22	19	25	0	0	0	0	0	0	0	0	0	0	0	0	5839292	
366	1	B	12	N	2500	0	40	318	101	23	17	22	0	0	0	0	0	0	0	0	0	0	0	0	5839463	
367	1	B	12	N	2500	0	1	182	111	20	17	25	0	0	0	0	0	0	0	0	0	0	0	0	5839760	
368	1	B	12	N	2500	0	40	348	148	31	23	30	0	0	0	0	0	0	0	0	0	0	0	0	5839869	
369	1	B	12	N	2500	0	40	227	108	28	20	29	0	0	0	0	0	0	0	0	0	0	0	0	5839947	
370	1	B	12	N	2500	0	1	73	21	5	3	7	0	0	0	0	0	0	0	0	0	0	0	0	5840025	
371	1	B	12	N	2500	0	40	447	172	43	36	46	0	0	0	0	0	0	0	0	0	0	0	0	5840119	
372	1	B	12	N	2500	0	40	257	139	29	23	33	0	0	0	0	0	0	0	0	0	0	0	0	5840165	
373	1	B	12	N	2500	0	40	333	154	30	27	39	0	0	0	0	0	0	0	0	0	0	0	0	5840462	
374	1	B	12	N	2500	0	40	228	116	24	19	28	0	0	0	0	0	0	0	0	0	0	0	0	5840758	
375	1	B	12	N	2500	0	40	457	161	30	23	36	0	0	0	0	0	0	0	0	0	0	0	0	5841070	
376	1	B	12	N	2500	0	40	326	105	21	16	25	0	0	0	0	0	0	0	0	0	0	0	0	5841211	
377	1	B	12	N	2500	0	40	450	165	41	31	39	0	0	0	0	0	0	0	0	0	0	0	0	5841242	
378	1	B	12	N	2500	0	40	189	133	33	23	31	0	0	0	0	0	0	0	0	0	0	0	0	5841257	
379	1	B	12	N	2500	0	40	355	120	27	18	27	0	0	0	0	0	0	0	0	0	0	0	0	5841273	
380	1	B	12	N	2500	0	40	217	104	24	19	30	0	0	0	0	0	0	0	0	0	0	0	0	5841304	
381	1	B	12	N	2500	0	1	189	69	115	174	250	0	0	0	0	0	0	0	0	0	0	0	0	5841367	
382	1	B	12	N	2500	0	40	395	116	22	15	24	0	0	0	0	0	0	0	0	0	0	0	0	5841429	
383	1	B	12	N	2500	0	40	271	120	28	26	36	0	0	0	0	0	0	0	0	0	0	0	0	5841538	
384	1	B	12	N	2500	0	40	252	156	33	27	36	0	0	0	0	0	0	0	0	0	0	0	0	5841647	
385	1	B	12	N	2500	0	40	355	140	29	23	30	0	0	0	0	0	0	0	0	0	0	0	0	5841803	
386	1	B	12	N	2500	0	1	203	106	21	17	25	0	0	0	0	0	0	0	0	0	0	0	0	5841975	
387	1	B	12	N	2500	0	1	177	88	17	14	23	0	0	0	0	0	0	0	0	0	0	0	0	5842178	
388	1	B	12	N	2500	0	1	108	23	3	2	4	0	0	0	0	0	0	0	0	0	0	0	0	5842178	
389	1	B	12	N	2500	0	40	387	154	29	26	36	0	0	0	0	0	0	0	0	0	0	0	0	5842209	
390	1	B	12	N	2500	0	1	195	81	22	17	22	0	0	0	0	0	0	0	0	0	0	0	0	5842349	
391	1	C	1	N	2500	2	1	116	60	2	0	1	0	0	0	0	0	0	0	0	0	0	0	0	5855999	
392	1	C	1	N	2500	2	1	106	103	4	0	2	0	0	0	0	0	0	0	0	0	0	0	0	5859151	
393	1	C	2	N	2500	2	1	213	80	17	15	22	0	0	0	0	0	0	0	0	0	0	0	0	5867356	
394	1	C	2	N	2500	6	40	321	126	32	27	39	0	0	0	0	0	0	0	0	0	0	0	0	5867965	
395	1	C	2	N	2500	6	40	221	114	31	25	32	0	0	0	0	0	0	0	0	0	0	0	0	5868511	
396	1	C	2	N	2500	6	40	196	115	35	28	37	0	0	0	0	0	0	0	0	0	0	0	0	5869119	
397	1	C	2	N	2500	0	1	213	99	30	24	28	0	0	0	0	0	0	0	0	0	0	0	0	5869774	
398	1	C	2	N	2500	0	1	248	79	18	16	20	0	0	0	0	0	0	0	0	0	0	0	0	5869946	
399	1	C	2	N	2500	0	40	367	148	38	30	40	0	0	0	0	0	0	0	0	0	0	0	0	5870008	
400	1	C	2	N	2500	0	40	230	104	30	23	35	0	0	0	0	0	0	0	0	0	0	0	0	5870476	
401	1	C	2	N	2500	0	40	382	155	35	28	38	0	0	0	0	0	0	0	0	0	0	0	0	5870601	
402	1	C	2	N	2500	0	1	205	102	22	19	26	0	0	0	0	0	0	0	0	0	0	0	0	5870632	
403	1	C	2	N	2500	0	40	292	92	20	16	24	0	0	0	0	0	0	0	0	0	0	0	0	5870663	
404	1	C	2	N	2500	0	40	371	136	32	25	38	0	0	0	0	0	0	0	0	0	0	0	0	5870663	
405	1	C	2	N	2500	0	40	327	125	28	24	32	0	0	0	0	0	0	0	0	0	0	0	0	5870913	
406	1	C	2	N	2500	0	40	346	134	34	27	36	0	0	0	0	0	0	0	0	0	0	0	0	5871209	
407	1	C	2	N	2500	0	40	350	133	29	24	35	0	0	0	0	0	0	0	0	0	0	0	0	5871287	
408	1	C	2	N	2500	0	40	294	101	23	21	29	0	0	0	0	0	0	0	0	0	0	0	0	5871287	
409	1	C	2	N	2500	0	40	430	183	40	34	48	0	0	0	0	0	0	0	0	0	0	0	0	5871459	
410	1	C	2	N	2500	0	1	199	45	12	18	39	0	0	0	0	0	0	0	0	0	0	0	0	5871927	
411	1	C	2	N	2500	0	1	178	106	25	22	28	0	0	0	0	0	0	0	0	0	0	0	0	5872130	
412	1	C	2	N	2500	0	40	398	151	36	28	37	0	0	0	0	0	0	0	0	0	0	0	0	5872145	
413	1	C	2	N	2500	0	40	406	128	25	22	36	0	0	0	0	0	0	0	0	0	0	0	0	5872192	
414	1	C	4	N	2500	2	1	121	27	4	4	8	0	0	0	0	0	0	0	0	0	0	0	0	5895514	
415	1	C	4	N	2500	6	40	313	128	27	24	32	0	0	0	0	0	0	0	0	0	0	0	0	5896013	
416	1	C	4	N	2500	6	40	400	166	39	29	39	0	0	0	0	0	0	0	0	0	0	0	0	5896481	
417	1	C	4	N	2500	6	40	216	130	29	23	28	0	0	0	0	0	0	0	0	0	0	0	0	5896762	
418	1	C	4	N	2500	0	1	221	94	27	20	24	0	0	0	0	0	0	0	0	0	0	0	0	5898166	
419	1	C	4	N	2500	0	40	309	142	36	29	34	0	0	0	0	0	0	0	0	0	0	0	0	5898400	
420	1	C	4	N	2500	0	1	189	103	22	18	22	0	0	0	0	0	0	0	0	0	0	0	0	5898416	
421	1	C	4	N	2500	0	40	348	135	33	25	32	0	0	0	0	0	0	0	0	0	0	0	0	5898931	
422	1	C	4	N	2500	0	40	356	137	36	24	35	0	0	0	0	0	0	0	0	0	0	0	0	5898977	
423	1	C	4	N	2500	0	40	230	134	33	24	32	0	0	0	0	0	0	0	0	0	0	0	0	5899492	
424	1	C	4	N	2500	0	40	222	120	37	23	33	0	0	0	0	0	0	0	0	0	0	0	0	5899570	
425	1	C	4	N	2500	0	40	336	128	27	21	31	0	0	0	0	0	0	0	0	0	0	0	0	5899789	
426	1	C	4	N	2500	0	40	231	113	27	21	31	0	0	0	0	0	0	0	0	0	0	0	0	5899898	
427	1	C	4	N	2500	0	40	397	170	35	27	41	0	0	0	0	0	0	0	0	0	0	0	0	5900225	
428	1	C	4	N	2500	0	1	166	96	29	20	30	0	0	0	0	0	0	0	0	0	0	0	0	5900272	
429	1	C	4	N	2500	0	1	66	21	3	4	9	0	0	0	0	0	0	0	0	0	0	0	0	5900288	
430	1	C	4	N	2500	0	40	341	119	25	20	34	0	0	0	0	0	0	0	0	0	0	0	0	5900319	
431	1	C	4	N	2500	0	1	119	62	15	14	18	0	0	0	0	0	0	0	0	0	0	0	0	5900537	
432	1	C	4	N	2500	0	1	156	60	13	11	15	0	0	0	0	0	0	0	0	0	0	0	0	5900537	
433	1	C	4	N	2500	0	40	352	148	36	29	40	0	0	0	0	0	0	0	0	0	0	0	0	5900678	
434	1	C	4	N	2500	0	40	269	124	28	24	30	0	0	0	0	0	0	0	0	0	0	0	0	5900771	
435	1	C	4	N	2500	0	40	265	126	32	26	34	0	0	0	0	0	0	0	0	0	0	0	0	5900787	
436	1	C	4	N	2500	0	40	209	123	29	22	28	0	0	0	0	0	0	0	0	0	0	0	0	5900849	
437	1	C	4	N	2500	0	1	83	48	4	1	2	0	0	0	0	0	0	0	0	0	0	0	0	5901099	
438	1	C	4	N	2500	0	1	64	39	1	0	1	0	0	0	0	0	0	0	0	0	0	0	0	5901115	
439	1	C	4	N	2500	0	40	355	154	35	27	35	0	0	0	0	0	0	0	0	0	0	0	0	5901224	
440	1	C	4	N	2500	0	1	118	32	5	5	11	0	0	0	0	0	0	0	0	0	0	0	0	5901364	
441	1	C	4	N	2500	0	40	314	121	29	23	32	0	0	0	0	0	0	0	0	0	0	0	0	5901598	
442	1	C	4	N	2500	0	40	276	92	19	14	23	0	0	0	0	0	0	0	0	0	0	0	0	5901879	
443	1	C	5	N	2500	2	1	99	73	3	0	1	0	0	0	0	0	0	0	0	0	0	0	0	5911785	
444	1	C	6	N	2500	6	40	183	120	37	27	34	0	0	0	0	0	0	0	0	0	0	0	0	5925061	
445	1	C	6	N	2500	6	40	284	130	33	25	34	0	0	0	0	0	0	0	0	0	0	0	0	5925295	
446	1	C	6	N	2500	2	1	141	90	23	17	23	0	0	0	0	0	0	0	0	0	0	0	0	5925919	
447	1	C	6	N	2500	6	40	311	111	21	17	25	0	0	0	0	0	0	0	0	0	0	0	0	5925981	
448	1	C	6	N	2500	0	40	353	143	32	24	32	0	0	0	0	0	0	0	0	0	0	0	0	5926371	
449	1	C	6	N	2500	0	40	285	93	16	12	20	0	0	0	0	0	0	0	0	0	0	0	0	5926636	
450	1	C	6	N	2500	0	40	254	152	30	25	35	0	0	0	0	0	0	0	0	0	0	0	0	5926761	
451	1	C	6	N	2500	0	40	261	155	36	27	31	0	0	0	0	0	0	0	0	0	0	0	0	5927058	
452	1	C	6	N	2500	0	1	53	16	2	3	6	0	0	0	0	0	0	0	0	0	0	0	0	5927182	
453	1	C	6	N	2500	0	40	273	127	32	23	33	0	0	0	0	0	0	0	0	0	0	0	0	5927385	
454	1	C	6	N	2500	0	40	330	125	25	19	30	0	0	0	0	0	0	0	0	0	0	0	0	5927448	
455	1	C	6	N	2500	0	1	187	93	18	14	20	0	0	0	0	0	0	0	0	0	0	0	0	5927947	
456	1	C	6	N	2500	0	1	66	14	6	7	10	0	0	0	0	0	0	0	0	0	0	0	0	5928508	
457	1	C	6	N	2500	0	1	97	32	3	2	3	0	0	0	0	0	0	0	0	0	0	0	0	5928633	
458	1	C	6	N	2500	0	40	344	126	28	22	27	0	0	0	0	0	0	0	0	0	0	0	0	5928727	
459	1	C	6	N	2500	0	1	91	24	5	3	3	0	0	0	0	0	0	0	0	0	0	0	0	5928789	
460	1	C	6	N	2500	0	1	127	74	19	16	19	0	0	0	0	0	0	0	0	0	0	0	0	5928789	
461	1	C	6	N	2500	0	1	231	73	13	10	13	0	0	0	0	0	0	0	0	0	0	0	0	5928945	
462	1	C	6	N	2500	0	40	367	139	29	23	32	0	0	0	0	0	0	0	0	0	0	0	0	5928992	
463	1	C	6	N	2500	0	40	360	154	33	29	42	0	0	0	0	0	0	0	0	0	0	0	0	5929335	
464	1	C	6	N	2500	0	1	181	100	18	14	17	0	0	0	0	0	0	0	0	0	0	0	0	5929585	
465	1	C	8	N	2500	2	1	174	55	9	8	13	0	0	0	0	0	0	0	0	0	0	0	0	5953702	
466	1	C	8	N	2500	6	40	190	122	27	23	28	0	0	0	0	0	0	0	0	0	0	0	0	5953749	
467	1	C	8	N	2500	2	1	110	23	3	4	9	0	0	0	0	0	0	0	0	0	0	0	0	5954685	
468	1	C	8	N	2500	2	1	86	16	2	2	4	0	0	0	0	0	0	0	0	0	0	0	0	5955762	
469	1	C	8	N	2500	6	40	217	129	32	24	28	0	0	0	0	0	0	0	0	0	0	0	0	5955840	
470	1	C	8	N	2500	2	1	102	19	4	4	7	0	0	0	0	0	0	0	0	0	0	0	0	5955918	
471	1	C	8	N	2500	2	1	168	97	26	18	23	0	0	0	0	0	0	0	0	0	0	0	0	5955964	
472	1	C	8	N	2500	6	40	351	121	26	22	36	0	0	0	0	0	0	0	0	0	0	0	0	5956183	
473	1	C	8	N	2500	0	40	329	124	29	21	27	0	0	0	0	0	0	0	0	0	0	0	0	5957727	
474	1	C	8	N	2500	0	1	115	44	9	6	10	0	0	0	0	0	0	0	0	0	0	0	0	5957727	
475	1	C	8	N	2500	0	40	327	110	22	17	24	0	0	0	0	0	0	0	0	0	0	0	0	5957992	
476	1	C	8	N	2500	0	1	204	65	11	10	14	0	0	0	0	0	0	0	0	0	0	0	0	5958102	
477	1	C	8	N	2500	0	40	352	108	27	20	31	0	0	0	0	0	0	0	0	0	0	0	0	5958398	
478	1	C	8	N	2500	0	1	228	99	20	17	25	0	0	0	0	0	0	0	0	0	0	0	0	5958445	
479	1	C	8	N	2500	0	40	263	127	30	22	33	0	0	0	0	0	0	0	0	0	0	0	0	5958694	
480	1	C	8	N	2500	0	1	123	28	4	3	5	0	0	0	0	0	0	0	0	0	0	0	0	5958788	
481	1	C	8	N	2500	0	1	69	48	10	8	10	0	0	0	0	0	0	0	0	0	0	0	0	5958788	
482	1	C	8	N	2500	0	40	222	122	25	21	32	0	0	0	0	0	0	0	0	0	0	0	0	5959552	
483	1	C	9	N	2500	2	1	74	79	3	0	1	0	0	0	0	0	0	0	0	0	0	0	0	5970862	
484	1	C	9	N	2500	2	1	53	32	0	0	1	0	0	0	0	0	0	0	0	0	0	0	0	5973655	
485	1	C	10	N	2500	2	1	194	73	10	8	14	0	0	0	0	0	0	0	0	0	0	0	0	5984481	
486	1	C	10	N	2500	2	1	54	18	16	18	28	0	0	0	0	0	0	0	0	0	0	0	0	5988303	
487	1	C	12	N	2500	6	40	357	149	43	29	37	0	0	0	0	0	0	0	0	0	0	0	0	6011703	
488	1	C	12	N	2500	6	40	358	147	33	26	34	0	0	0	0	0	0	0	0	0	0	0	0	6012015	
489	1	C	12	N	2500	6	40	189	130	39	30	37	0	0	0	0	0	0	0	0	0	0	0	0	6012218	
490	1	C	12	N	2500	0	40	372	154	36	28	41	0	0	0	0	0	0	0	0	0	0	0	0	6012608	
491	1	C	12	N	2500	0	40	375	156	40	27	37	0	0	0	0	0	0	0	0	0	0	0	0	6012826	
492	1	C	12	N	2500	0	40	381	159	34	28	42	0	0	0	0	0	0	0	0	0	0	0	0	6012889	
493	1	C	12	N	2500	0	40	331	158	36	29	38	0	0	0	0	0	0	0	0	0	0	0	0	6012998	
494	1	C	12	N	2500	0	40	320	104	19	15	21	0	0	0	0	0	0	0	0	0	0	0	0	6013294	
495	1	C	12	N	2500	0	40	221	139	31	24	30	0	0	0	0	0	0	0	0	0	0	0	0	6013326	
496	1	C	12	N	2500	0	40	204	108	23	18	22	0	0	0	0	0	0	0	0	0	0	0	0	6013388	
497	1	C	12	N	2500	0	40	292	134	32	25	32	0	0	0	0	0	0	0	0	0	0	0	0	6013466	
498	1	C	12	N	2500	0	40	267	127	31	25	33	0	0	0	0	0	0	0	0	0	0	0	0	6013466	
499	1	C	12	N	2500	0	40	377	150	35	25	34	0	0	0	0	0	0	0	0	0	0	0	0	6013606	
500	1	C	12	N	2500	0	40	316	144	36	28	38	0	0	0	0	0	0	0	0	0	0	0	0	6013638	
501	1	C	12	N	2500	0	40	358	168	43	29	40	0	0	0	0	0	0	0	0	0	0	0	0	6013669	
502	1	C	12	N	2500	0	40	397	168	40	31	40	0	0	0	0	0	0	0	0	0	0	0	0	6013716	
503	1	C	12	N	2500	0	40	219	116	36	29	41	0	0	0	0	0	0	0	0	0	0	0	0	6013809	
504	1	C	12	N	2500	0	40	178	139	38	27	36	0	0	0	0	0	0	0	0	0	0	0	0	6013965	
505	1	C	12	N	2500	0	40	218	139	31	24	29	0	0	0	0	0	0	0	0	0	0	0	0	6014090	
506	1	C	12	N	2500	0	40	381	151	36	28	43	0	0	0	0	0	0	0	0	0	0	0	0	6014184	
507	1	C	12	N	2500	0	40	254	128	26	22	29	0	0	0	0	0	0	0	0	0	0	0	0	6014418	
508	1	C	12	N	2500	0	40	349	116	23	19	20	0	0	0	0	0	0	0	0	0	0	0	0	6014480	
509	1	C	12	N	2500	0	40	380	154	36	27	38	0	0	0	0	0	0	0	0	0	0	0	0	6014480	
510	1	C	12	N	2500	0	40	398	139	37	27	37	0	0	0	0	0	0	0	0	0	0	0	0	6014589	
511	1	C	12	N	2500	0	1	183	106	29	21	30	0	0	0	0	0	0	0	0	0	0	0	0	6014667	
512	1	C	12	N	2500	0	40	360	134	31	23	30	0	0	0	0	0	0	0	0	0	0	0	0	6014761	
513	1	C	12	N	2500	0	40	305	152	37	29	37	0	0	0	0	0	0	0	0	0	0	0	0	6014792	
514	1	C	12	N	2500	0	40	237	99	19	15	19	0	0	0	0	0	0	0	0	0	0	0	0	6014808	
515	1	C	12	N	2500	0	40	267	101	17	15	19	0	0	0	0	0	0	0	0	0	0	0	0	6014854	
516	1	C	12	N	2500	0	40	246	154	36	28	36	0	0	0	0	0	0	0	0	0	0	0	0	6015010	
517	1	C	12	N	2500	0	40	314	137	30	24	38	0	0	0	0	0	0	0	0	0	0	0	0	6015026	
518	1	C	12	N	2500	0	40	208	126	29	21	26	0	0	0	0	0	0	0	0	0	0	0	0	6015042	
519	1	C	12	N	2500	0	40	398	146	36	25	42	0	0	0	0	0	0	0	0	0	0	0	0	6015151	
520	1	C	12	N	2500	0	40	206	146	37	26	39	0	0	0	0	0	0	0	0	0	0	0	0	6015634	
521	1	C	12	N	2500	0	40	357	132	31	25	38	0	0	0	0	0	0	0	0	0	0	0	0	6015962	
522	1	C	12	N	2500	0	40	406	151	35	27	37	0	0	0	0	0	0	0	0	0	0	0	0	6016056	
523	1	C	12	N	2500	0	40	211	122	34	26	35	0	0	0	0	0	0	0	0	0	0	0	0	6016274	
524	1	C	12	N	2500	0	40	248	164	44	31	41	0	0	0	0	0	0	0	0	0	0	0	0	6016290	
525	1	C	12	N	2500	0	40	339	133	31	23	34	0	0	0	0	0	0	0	0	0	0	0	0	6016290	
526	1	C	12	N	2500	0	40	403	157	39	28	42	0	0	0	0	0	0	0	0	0	0	0	0	6016539	
527	1	C	12	N	2500	0	40	187	119	30	24	31	0	0	0	0	0	0	0	0	0	0	0	0	6016789	
528	1	C	12	N	2500	0	40	289	137	34	23	28	0	0	0	0	0	0	0	0	0	0	0	0	6016789	
529	1	C	12	N	2500	0	40	358	138	30	23	30	0	0	0	0	0	0	0	0	0	0	0	0	6017132	
530	1	C	12	N	2500	0	40	373	157	38	27	37	0	0	0	0	0	0	0	0	0	0	0	0	6017538	
531	1	C	12	N	2500	0	40	287	143	39	29	35	0	0	0	0	0	0	0	0	0	0	0	0	6017678	
532	1	C	12	N	2500	0	40	220	117	29	26	35	0	0	0	0	0	0	0	0	0	0	0	0	6018396	
533	1	D	2	N	2500	6	40	232	138	36	29	39	0	0	0	0	0	0	0	0	0	0	0	0	6041484	
534	1	D	2	N	2500	6	40	307	113	23	17	24	0	0	0	0	0	0	0	0	0	0	0	0	6041593	
535	1	D	2	N	2500	2	1	82	27	0	0	2	0	0	0	0	0	0	0	0	0	0	0	0	6041687	
536	1	D	2	N	2500	6	40	329	139	35	27	38	0	0	0	0	0	0	0	0	0	0	0	0	6041967	
537	1	D	2	N	2500	0	40	240	112	26	22	32	0	0	0	0	0	0	0	0	0	0	0	0	6042014	
538	1	D	2	N	2500	0	40	336	130	31	22	31	0	0	0	0	0	0	0	0	0	0	0	0	6042233	
539	1	D	2	N	2500	0	40	343	149	36	30	43	0	0	0	0	0	0	0	0	0	0	0	0	6042248	
540	1	D	2	N	2500	0	1	52	17	4	0	1	0	0	0	0	0	0	0	0	0	0	0	0	6042279	
541	1	D	2	N	2500	0	1	226	67	12	7	13	0	0	0	0	0	0	0	0	0	0	0	0	6042389	
542	1	D	2	N	2500	0	1	209	99	25	21	30	0	0	0	0	0	0	0	0	0	0	0	0	6043059	
543	1	D	2	N	2500	0	40	363	144	31	25	39	0	0	0	0	0	0	0	0	0	0	0	0	6043481	
544	1	D	2	N	2500	0	40	311	140	32	26	36	0	0	0	0	0	0	0	0	0	0	0	0	6043605	
545	1	D	2	N	2500	0	40	192	119	26	21	29	0	0	0	0	0	0	0	0	0	0	0	0	6043886	
546	1	D	2	N	2500	0	40	276	140	38	29	40	0	0	0	0	0	0	0	0	0	0	0	0	6044058	
547	1	D	2	N	2500	0	40	312	144	35	24	33	0	0	0	0	0	0	0	0	0	0	0	0	6044151	
548	1	D	2	N	2500	0	40	232	133	38	28	37	0	0	0	0	0	0	0	0	0	0	0	0	6044183	
549	1	D	2	N	2500	0	40	328	123	28	22	35	0	0	0	0	0	0	0	0	0	0	0	0	6044432	
550	1	D	2	N	2500	0	40	313	119	26	22	33	0	0	0	0	0	0	0	0	0	0	0	0	6044682	
551	1	D	2	N	2500	0	40	317	139	32	24	33	0	0	0	0	0	0	0	0	0	0	0	0	6045275	
552	1	D	2	N	2500	0	1	196	108	26	22	28	0	0	0	0	0	0	0	0	0	0	0	0	6045353	
553	1	D	2	N	2500	0	40	363	144	32	25	36	0	0	0	0	0	0	0	0	0	0	0	0	6045384	
554	1	D	2	N	2500	0	40	340	114	29	22	29	0	0	0	0	0	0	0	0	0	0	0	0	6045477	
555	1	D	2	N	2500	0	40	284	108	23	19	25	0	0	0	0	0	0	0	0	0	0	0	0	6045571	
556	1	D	2	N	2500	0	40	337	121	25	20	31	0	0	0	0	0	0	0	0	0	0	0	0	6045680	
557	1	D	2	N	2500	0	40	229	109	27	20	26	0	0	0	0	0	0	0	0	0	0	0	0	6045680	
558	1	D	2	N	2500	0	40	240	116	28	22	30	0	0	0	0	0	0	0	0	0	0	0	0	6045867	
559	1	D	2	N	2500	0	40	294	129	34	27	37	0	0	0	0	0	0	0	0	0	0	0	0	6045883	
560	1	D	2	N	2500	0	40	253	164	42	31	44	0	0	0	0	0	0	0	0	0	0	0	0	6046039	
561	1	D	2	N	2500	0	40	262	126	32	24	30	0	0	0	0	0	0	0	0	0	0	0	0	6046304	
562	1	D	2	N	2500	0	40	270	107	26	22	29	0	0	0	0	0	0	0	0	0	0	0	0	6046304	
563	1	D	2	N	2500	0	1	79	21	3	3	3	0	0	0	0	0	0	0	0	0	0	0	0	6046382	
564	1	D	2	N	2500	0	1	158	86	20	16	23	0	0	0	0	0	0	0	0	0	0	0	0	6046382	
565	1	D	2	N	2500	0	1	180	103	30	22	30	0	0	0	0	0	0	0	0	0	0	0	0	6046398	
566	1	D	2	N	2500	0	40	340	126	26	22	31	0	0	0	0	0	0	0	0	0	0	0	0	6046445	
567	1	D	2	N	2500	0	40	373	145	38	26	35	0	0	0	0	0	0	0	0	0	0	0	0	6046835	
568	1	D	2	N	2500	0	40	315	135	39	28	37	0	0	0	0	0	0	0	0	0	0	0	0	6047053	
569	1	D	2	N	2500	0	1	65	33	1	0	1	0	0	0	0	0	0	0	0	0	0	0	0	6047100	
570	1	D	2	N	2500	0	40	360	139	30	25	37	0	0	0	0	0	0	0	0	0	0	0	0	6047100	
571	1	D	2	N	2500	0	2	161	128	40	28	34	0	0	0	0	0	0	0	0	0	0	0	0	6047131	
572	1	D	2	N	2500	0	40	387	166	42	31	41	0	0	0	0	0	0	0	0	0	0	0	0	6047303	
573	1	D	2	N	2500	0	1	170	111	24	19	25	0	0	0	0	0	0	0	0	0	0	0	0	6047381	
574	1	D	2	N	2500	0	1	188	106	32	24	32	0	0	0	0	0	0	0	0	0	0	0	0	6047599	
575	1	D	2	N	2500	0	40	325	119	33	23	35	0	0	0	0	0	0	0	0	0	0	0	0	6048207	
576	1	D	2	N	2500	0	40	321	121	27	22	27	0	0	0	0	0	0	0	0	0	0	0	0	6048473	
577	1	D	3	N	2500	2	1	179	192	6	0	3	0	0	0	0	0	0	0	0	0	0	0	0	6063090	
578	1	D	4	N	2500	2	1	213	82	22	17	25	0	0	0	0	0	0	0	0	0	0	0	0	6070734	
579	1	D	4	N	2500	6	40	408	162	44	30	43	0	0	0	0	0	0	0	0	0	0	0	0	6071561	
580	1	D	4	N	2500	2	1	160	50	7	7	14	0	0	0	0	0	0	0	0	0	0	0	0	6071857	
581	1	D	4	N	2500	2	1	71	18	4	5	10	0	0	0	0	0	0	0	0	0	0	0	0	6072029	
582	1	D	4	N	2500	6	40	248	97	19	15	24	0	0	0	0	0	0	0	0	0	0	0	0	6072543	
583	1	D	4	N	2500	2	1	53	14	2	3	5	0	0	0	0	0	0	0	0	0	0	0	0	6072637	
584	1	D	4	N	2500	6	40	248	147	39	30	42	0	0	0	0	0	0	0	0	0	0	0	0	6072871	
585	1	D	4	N	2500	0	40	215	116	24	19	24	0	0	0	0	0	0	0	0	0	0	0	0	6074431	
586	1	D	4	N	2500	0	40	327	118	28	20	28	0	0	0	0	0	0	0	0	0	0	0	0	6074665	
587	1	D	4	N	2500	0	1	100	24	5	5	9	0	0	0	0	0	0	0	0	0	0	0	0	6075133	
588	1	D	4	N	2500	0	40	243	109	28	21	27	0	0	0	0	0	0	0	0	0	0	0	0	6075273	
589	1	D	4	N	2500	0	1	83	17	3	2	4	0	0	0	0	0	0	0	0	0	0	0	0	6075944	
590	1	D	4	N	2500	0	1	58	20	4	5	11	0	0	0	0	0	0	0	0	0	0	0	0	6075960	
591	1	D	6	N	2500	2	1	178	74	23	19	27	0	0	0	0	0	0	0	0	0	0	0	0	6099438	
592	1	D	6	N	2500	6	40	254	122	30	22	32	0	0	0	0	0	0	0	0	0	0	0	0	6100452	
593	1	D	6	N	2500	2	1	95	23	5	3	6	0	0	0	0	0	0	0	0	0	0	0	0	6100904	
594	1	D	6	N	2500	33	1	163	94	31	21	32	0	0	0	0	0	0	0	0	0	0	0	0	6100904	
595	1	D	6	N	2500	6	40	316	167	35	28	43	0	0	0	0	0	0	0	0	0	0	0	0	6100967	
596	1	D	6	N	2500	6	40	378	146	34	25	35	0	0	0	0	0	0	0	0	0	0	0	0	6101247	
597	1	D	6	N	2500	0	40	207	130	38	28	40	0	0	0	0	0	0	0	0	0	0	0	0	6101778	
598	1	D	6	N	2500	0	40	340	155	33	29	37	0	0	0	0	0	0	0	0	0	0	0	0	6101793	
599	1	D	6	N	2500	0	40	344	128	30	20	27	0	0	0	0	0	0	0	0	0	0	0	0	6101887	
600	1	D	6	N	2500	0	40	327	130	28	22	28	0	0	0	0	0	0	0	0	0	0	0	0	6102199	
601	1	D	6	N	2500	0	40	219	122	27	22	24	0	0	0	0	0	0	0	0	0	0	0	0	6102308	
602	1	D	6	N	2500	0	40	189	136	32	25	31	0	0	0	0	0	0	0	0	0	0	0	0	6102417	
603	1	D	6	N	2500	0	40	189	130	29	23	35	0	0	0	0	0	0	0	0	0	0	0	0	6102542	
604	1	D	6	N	2500	0	40	306	120	25	19	28	0	0	0	0	0	0	0	0	0	0	0	0	6102667	
605	1	D	6	N	2500	0	40	398	159	40	28	35	0	0	0	0	0	0	0	0	0	0	0	0	6102698	
606	1	D	6	N	2500	0	40	370	141	33	25	36	0	0	0	0	0	0	0	0	0	0	0	0	6102745	
607	1	D	6	N	2500	0	40	302	109	21	17	28	0	0	0	0	0	0	0	0	0	0	0	0	6103572	
608	1	D	6	N	2500	0	40	272	120	29	23	32	0	0	0	0	0	0	0	0	0	0	0	0	6103572	
609	1	D	6	N	2500	0	40	203	141	36	26	34	0	0	0	0	0	0	0	0	0	0	0	0	6103650	
610	1	D	6	N	2500	0	40	254	119	32	27	36	0	0	0	0	0	0	0	0	0	0	0	0	6103899	
611	1	D	6	N	2500	0	40	306	153	39	26	39	0	0	0	0	0	0	0	0	0	0	0	0	6104118	
612	1	D	6	N	2500	0	1	128	35	6	6	10	0	0	0	0	0	0	0	0	0	0	0	0	6104149	
613	1	D	6	N	2500	0	40	439	148	31	21	40	0	0	0	0	0	0	0	0	0	0	0	0	6104227	
614	1	D	6	N	2500	0	40	307	131	35	25	30	0	0	0	0	0	0	0	0	0	0	0	0	6104243	
615	1	D	6	N	2500	0	40	230	109	37	26	34	0	0	0	0	0	0	0	0	0	0	0	0	6104305	
616	1	D	6	N	2500	0	40	186	120	25	20	30	0	0	0	0	0	0	0	0	0	0	0	0	6104321	
617	1	D	6	N	2500	0	40	331	158	40	25	34	0	0	0	0	0	0	0	0	0	0	0	0	6104461	
618	1	D	6	N	2500	0	40	196	126	30	24	32	0	0	0	0	0	0	0	0	0	0	0	0	6104539	
619	1	D	6	N	2500	0	40	365	138	28	23	33	0	0	0	0	0	0	0	0	0	0	0	0	6105319	
620	1	D	7	N	2500	6	40	308	105	23	17	23	0	0	0	0	0	0	0	0	0	0	0	0	6116005	
621	1	D	7	N	2500	6	40	274	157	41	33	40	0	0	0	0	0	0	0	0	0	0	0	0	6116426	
622	1	D	7	N	2500	6	40	213	123	31	26	37	0	0	0	0	0	0	0	0	0	0	0	0	6117643	
623	1	D	7	N	2500	0	1	87	36	5	5	7	0	0	0	0	0	0	0	0	0	0	0	0	6119577	
624	1	D	8	N	2500	6	40	361	113	22	17	23	0	0	0	0	0	0	0	0	0	0	0	0	6127409	
625	1	D	8	N	2500	2	1	169	43	7	6	10	0	0	0	0	0	0	0	0	0	0	0	0	6128079	
626	1	D	8	N	2500	33	1	147	57	12	9	11	0	0	0	0	0	0	0	0	0	0	0	0	6128079	
627	1	D	8	N	2500	6	40	271	93	18	14	18	0	0	0	0	0	0	0	0	0	0	0	0	6128407	
628	1	D	8	N	2500	6	40	218	111	25	18	25	0	0	0	0	0	0	0	0	0	0	0	0	6128735	
629	1	D	8	N	2500	0	40	184	127	34	25	36	0	0	0	0	0	0	0	0	0	0	0	0	6129171	
630	1	D	8	N	2500	0	40	427	164	31	24	36	0	0	0	0	0	0	0	0	0	0	0	0	6129187	
631	1	D	8	N	2500	0	1	84	16	4	5	10	0	0	0	0	0	0	0	0	0	0	0	0	6129468	
632	1	D	8	N	2500	0	1	194	94	21	14	23	0	0	0	0	0	0	0	0	0	0	0	0	6129608	
633	1	D	8	N	2500	0	40	353	117	25	19	29	0	0	0	0	0	0	0	0	0	0	0	0	6129624	
634	1	D	8	N	2500	0	40	229	142	33	27	36	0	0	0	0	0	0	0	0	0	0	0	0	6129671	
635	1	D	8	N	2500	0	40	386	142	31	24	32	0	0	0	0	0	0	0	0	0	0	0	0	6129842	
636	1	D	8	N	2500	0	40	310	134	30	24	35	0	0	0	0	0	0	0	0	0	0	0	0	6129936	
637	1	D	8	N	2500	0	1	203	97	18	15	20	0	0	0	0	0	0	0	0	0	0	0	0	6129951	
638	1	D	8	N	2500	0	40	306	90	15	12	21	0	0	0	0	0	0	0	0	0	0	0	0	6129967	
639	1	D	8	N	2500	0	40	378	146	30	24	30	0	0	0	0	0	0	0	0	0	0	0	0	6130107	
640	1	D	8	N	2500	0	40	206	111	21	17	20	0	0	0	0	0	0	0	0	0	0	0	0	6130232	
641	1	D	8	N	2500	0	1	219	83	16	12	17	0	0	0	0	0	0	0	0	0	0	0	0	6130341	
642	1	D	8	N	2500	0	1	157	96	25	17	24	0	0	0	0	0	0	0	0	0	0	0	0	6130451	
643	1	D	8	N	2500	0	40	204	130	34	25	36	0	0	0	0	0	0	0	0	0	0	0	0	6130575	
644	1	D	8	N	2500	0	40	323	112	25	18	24	0	0	0	0	0	0	0	0	0	0	0	0	6131059	
645	1	D	8	N	2500	0	40	333	90	16	13	20	0	0	0	0	0	0	0	0	0	0	0	0	6131168	
646	1	D	8	N	2500	0	1	219	53	10	6	10	0	0	0	0	0	0	0	0	0	0	0	0	6131168	
647	1	D	8	N	2500	0	40	333	107	19	15	20	0	0	0	0	0	0	0	0	0	0	0	0	6131246	
648	1	D	8	N	2500	0	1	212	104	19	17	22	0	0	0	0	0	0	0	0	0	0	0	0	6131309	
649	1	D	8	N	2500	0	40	220	108	25	18	26	0	0	0	0	0	0	0	0	0	0	0	0	6131355	
650	1	D	8	N	2500	0	40	257	119	24	20	29	0	0	0	0	0	0	0	0	0	0	0	0	6131433	
651	1	D	8	N	2500	0	40	300	96	19	15	19	0	0	0	0	0	0	0	0	0	0	0	0	6131683	
652	1	D	8	N	2500	0	40	302	133	28	22	32	0	0	0	0	0	0	0	0	0	0	0	0	6131808	
653	1	D	8	N	2500	0	40	327	113	22	16	27	0	0	0	0	0	0	0	0	0	0	0	0	6131979	
654	1	D	8	N	2500	0	40	247	117	31	21	31	0	0	0	0	0	0	0	0	0	0	0	0	6132198	
655	1	D	8	N	2500	0	40	458	183	36	28	38	0	0	0	0	0	0	0	0	0	0	0	0	6132291	
656	1	D	8	N	2500	0	40	216	144	34	24	36	0	0	0	0	0	0	0	0	0	0	0	0	6132338	
657	1	D	8	N	2500	0	40	340	113	24	17	24	0	0	0	0	0	0	0	0	0	0	0	0	6132401	
658	1	D	8	N	2500	0	1	402	109	22	17	24	0	0	0	0	0	0	0	0	0	0	0	0	6132713	
659	1	D	8	N	2500	0	40	361	111	23	17	22	0	0	0	0	0	0	0	0	0	0	0	0	6132853	
660	1	D	8	N	2500	0	1	189	86	13	11	11	0	0	0	0	0	0	0	0	0	0	0	0	6132993	
661	1	D	8	N	2500	0	40	263	93	24	18	23	0	0	0	0	0	0	0	0	0	0	0	0	6133103	
662	1	D	8	N	2500	0	1	153	32	4	4	4	0	0	0	0	0	0	0	0	0	0	0	0	6133196	
663	1	D	8	N	2500	0	40	264	133	24	20	29	0	0	0	0	0	0	0	0	0	0	0	0	6133227	
664	1	D	8	N	2500	0	1	450	138	24	20	32	0	0	0	0	0	0	0	0	0	0	0	0	6133259	
665	1	D	8	N	2500	0	1	52	17	3	4	6	0	0	0	0	0	0	0	0	0	0	0	0	6133477	
666	1	D	8	N	2500	0	1	59	15	2	2	2	0	0	0	0	0	0	0	0	0	0	0	0	6133914	
667	1	D	8	N	2500	0	40	223	122	33	22	28	0	0	0	0	0	0	0	0	0	0	0	0	6134070	
668	1	D	8	N	2500	0	40	248	107	27	21	29	0	0	0	0	0	0	0	0	0	0	0	0	6134756	
669	1	D	9	N	2500	6	40	280	108	19	16	21	0	0	0	0	0	0	0	0	0	0	0	0	6141932	
670	1	D	9	N	2500	2	1	139	161	12	1	5	0	0	0	0	0	0	0	0	0	0	0	0	6142244	
671	1	D	10	N	2500	6	40	234	121	29	22	27	0	0	0	0	0	0	0	0	0	0	0	0	6156503	
672	1	D	10	N	2500	2	1	81	21	5	7	15	0	0	0	0	0	0	0	0	0	0	0	0	6156565	
673	1	D	10	N	2500	6	40	286	147	40	31	36	0	0	0	0	0	0	0	0	0	0	0	0	6156612	
674	1	D	10	N	2500	6	40	274	123	28	23	33	0	0	0	0	0	0	0	0	0	0	0	0	6157314	
675	1	D	10	N	2500	0	1	62	12	3	4	10	0	0	0	0	0	0	0	0	0	0	0	0	6157595	
676	1	D	10	N	2500	0	1	184	90	17	14	18	0	0	0	0	0	0	0	0	0	0	0	0	6157720	
677	1	D	10	N	2500	0	40	330	134	29	24	32	0	0	0	0	0	0	0	0	0	0	0	0	6157844	
678	1	D	10	N	2500	0	1	52	9	2	3	9	0	0	0	0	0	0	0	0	0	0	0	0	6157844	
679	1	D	10	N	2500	0	40	348	135	30	24	37	0	0	0	0	0	0	0	0	0	0	0	0	6158188	
680	1	D	10	N	2500	0	40	359	156	38	27	45	0	0	0	0	0	0	0	0	0	0	0	0	6158219	
681	1	D	10	N	2500	0	1	140	80	19	19	20	0	0	0	0	0	0	0	0	0	0	0	0	6158281	
682	1	D	10	N	2500	0	1	171	59	14	12	16	0	0	0	0	0	0	0	0	0	0	0	0	6158281	
683	1	D	10	N	2500	0	40	215	131	30	25	37	0	0	0	0	0	0	0	0	0	0	0	0	6158375	
684	1	D	10	N	2500	0	40	347	145	33	29	37	0	0	0	0	0	0	0	0	0	0	0	0	6158702	
685	1	D	10	N	2500	0	1	81	14	5	6	11	0	0	0	0	0	0	0	0	0	0	0	0	6158765	
686	1	D	10	N	2500	0	40	262	138	36	29	41	0	0	0	0	0	0	0	0	0	0	0	0	6158765	
687	1	D	10	N	2500	0	40	340	84	15	11	21	0	0	0	0	0	0	0	0	0	0	0	0	6158765	
688	1	D	10	N	2500	0	1	69	14	3	5	12	0	0	0	0	0	0	0	0	0	0	0	0	6158858	
689	1	D	10	N	2500	0	40	200	119	34	21	31	0	0	0	0	0	0	0	0	0	0	0	0	6159014	
690	1	D	10	N	2500	0	40	280	148	39	30	40	0	0	0	0	0	0	0	0	0	0	0	0	6159030	
691	1	D	10	N	2500	0	1	192	108	34	27	35	0	0	0	0	0	0	0	0	0	0	0	0	6159202	
692	1	D	10	N	2500	0	40	362	134	35	24	37	0	0	0	0	0	0	0	0	0	0	0	0	6159763	
693	1	D	10	N	2500	0	40	390	168	39	31	43	0	0	0	0	0	0	0	0	0	0	0	0	6159872	
694	1	D	10	N	2500	0	40	238	147	36	27	36	0	0	0	0	0	0	0	0	0	0	0	0	6159966	
695	1	D	10	N	2500	0	1	207	101	22	19	27	0	0	0	0	0	0	0	0	0	0	0	0	6159982	
696	1	D	10	N	2500	0	40	232	139	34	27	32	0	0	0	0	0	0	0	0	0	0	0	0	6159982	
697	1	D	10	N	2500	0	40	368	155	35	27	36	0	0	0	0	0	0	0	0	0	0	0	0	6160060	
698	1	D	10	N	2500	0	40	218	134	43	30	38	0	0	0	0	0	0	0	0	0	0	0	0	6160262	
699	1	D	10	N	2500	0	1	60	11	3	4	9	0	0	0	0	0	0	0	0	0	0	0	0	6160340	
700	1	D	10	N	2500	0	40	321	130	30	25	33	0	0	0	0	0	0	0	0	0	0	0	0	6160450	
701	1	D	10	N	2500	0	40	305	107	24	21	29	0	0	0	0	0	0	0	0	0	0	0	0	6160512	
702	1	D	10	N	2500	0	40	321	123	32	28	41	0	0	0	0	0	0	0	0	0	0	0	0	6160637	
703	1	D	10	N	2500	0	40	340	150	35	27	39	0	0	0	0	0	0	0	0	0	0	0	0	6160668	
704	1	D	10	N	2500	0	40	361	140	33	29	38	0	0	0	0	0	0	0	0	0	0	0	0	6160730	
705	1	D	10	N	2500	0	40	190	121	27	22	28	0	0	0	0	0	0	0	0	0	0	0	0	6160824	
706	1	D	10	N	2500	0	40	356	126	27	23	34	0	0	0	0	0	0	0	0	0	0	0	0	6160855	
707	1	D	10	N	2500	0	40	221	115	29	23	31	0	0	0	0	0	0	0	0	0	0	0	0	6160871	
708	1	D	10	N	2500	0	1	188	54	8	8	11	0	0	0	0	0	0	0	0	0	0	0	0	6160918	
709	1	D	10	N	2500	0	40	301	127	32	26	36	0	0	0	0	0	0	0	0	0	0	0	0	6160933	
710	1	D	10	N	2500	0	40	294	146	33	25	37	0	0	0	0	0	0	0	0	0	0	0	0	6161011	
711	1	D	10	N	2500	0	40	182	118	28	24	31	0	0	0	0	0	0	0	0	0	0	0	0	6161308	
712	1	D	10	N	2500	0	40	307	133	35	27	38	0	0	0	0	0	0	0	0	0	0	0	0	6161323	
713	1	D	10	N	2500	0	1	118	58	122	151	170	0	0	0	0	0	0	0	0	0	0	0	0	6161354	
714	1	D	10	N	2500	0	40	361	143	35	28	38	0	0	0	0	0	0	0	0	0	0	0	0	6161432	
715	1	D	10	N	2500	0	1	52	12	3	4	10	0	0	0	0	0	0	0	0	0	0	0	0	6161479	
716	1	D	10	N	2500	0	1	124	44	5	4	8	0	0	0	0	0	0	0	0	0	0	0	0	6161542	
717	1	D	10	N	2500	0	40	373	146	33	25	32	0	0	0	0	0	0	0	0	0	0	0	0	6161635	
718	1	D	10	N	2500	0	1	253	82	16	13	19	0	0	0	0	0	0	0	0	0	0	0	0	6161729	
719	1	D	10	N	2500	0	40	200	113	25	20	29	0	0	0	0	0	0	0	0	0	0	0	0	6161916	
720	1	D	10	N	2500	0	40	230	126	26	20	30	0	0	0	0	0	0	0	0	0	0	0	0	6162010	
721	1	D	10	N	2500	0	40	221	157	47	30	42	0	0	0	0	0	0	0	0	0	0	0	0	6162696	
722	1	D	10	N	2500	0	40	206	149	43	30	38	0	0	0	0	0	0	0	0	0	0	0	0	6162868	
723	1	D	10	N	2500	0	1	52	23	1	0	1	0	0	0	0	0	0	0	0	0	0	0	0	6163336	
724	1	D	10	N	2500	0	40	385	118	27	19	32	0	0	0	0	0	0	0	0	0	0	0	0	6163336	
725	1	D	10	N	2500	0	40	239	125	32	28	41	0	0	0	0	0	0	0	0	0	0	0	0	6163382	
726	1	D	10	N	2500	0	1	74	21	3	2	4	0	0	0	0	0	0	0	0	0	0	0	0	6163570	
727	1	D	11	N	2500	6	40	318	137	32	27	40	0	0	0	0	0	0	0	0	0	0	0	0	6173054	
728	1	D	12	N	2500	6	40	198	118	25	21	26	0	0	0	0	0	0	0	0	0	0	0	0	6184988	
729	1	D	12	N	2500	2	1	213	96	22	16	20	0	0	0	0	0	0	0	0	0	0	0	0	6185020	
730	1	D	12	N	2500	6	40	194	133	32	24	29	0	0	0	0	0	0	0	0	0	0	0	0	6185628	
731	1	D	12	N	2500	6	40	364	164	39	28	40	0	0	0	0	0	0	0	0	0	0	0	0	6185753	
732	1	D	12	N	2500	0	40	200	122	26	19	24	0	0	0	0	0	0	0	0	0	0	0	0	6185846	
733	1	D	12	N	2500	0	40	238	127	25	20	29	0	0	0	0	0	0	0	0	0	0	0	0	6185987	
734	1	D	12	N	2500	0	40	219	124	25	22	33	0	0	0	0	0	0	0	0	0	0	0	0	6186564	
735	1	D	12	N	2500	0	40	341	133	29	25	38	0	0	0	0	0	0	0	0	0	0	0	0	6186673	
736	1	D	12	N	2500	0	1	124	65	10	9	13	0	0	0	0	0	0	0	0	0	0	0	0	6186860	
737	1	D	12	N	2500	0	1	118	50	9	8	12	0	0	0	0	0	0	0	0	0	0	0	0	6187157	
738	1	D	12	N	2500	0	1	159	45	8	6	9	0	0	0	0	0	0	0	0	0	0	0	0	6187157	
739	1	D	12	N	2500	0	40	254	131	32	23	31	0	0	0	0	0	0	0	0	0	0	0	0	6187219	
740	1	D	12	N	2500	0	40	262	115	27	22	33	0	0	0	0	0	0	0	0	0	0	0	0	6187360	
741	1	D	12	N	2500	0	40	209	143	31	28	35	0	0	0	0	0	0	0	0	0	0	0	0	6187453	
742	1	D	12	N	2500	0	40	227	135	26	21	26	0	0	0	0	0	0	0	0	0	0	0	0	6187562	
743	1	D	12	N	2500	0	40	354	122	24	20	27	0	0	0	0	0	0	0	0	0	0	0	0	6187640	
744	1	D	12	N	2500	0	1	166	105	31	26	34	0	0	0	0	0	0	0	0	0	0	0	0	6187718	
745	1	D	12	N	2500	0	40	286	153	40	30	41	0	0	0	0	0	0	0	0	0	0	0	0	6187937	
746	1	D	12	N	2500	0	40	242	127	27	22	30	0	0	0	0	0	0	0	0	0	0	0	0	6188062	
747	1	D	12	N	2500	0	40	352	121	23	18	29	0	0	0	0	0	0	0	0	0	0	0	0	6188218	
748	1	D	12	N	2500	0	40	313	160	34	27	36	0	0	0	0	0	0	0	0	0	0	0	0	6188249	
749	1	D	12	N	2500	0	40	303	98	14	12	18	0	0	0	0	0	0	0	0	0	0	0	0	6188296	
750	1	D	12	N	2500	0	40	204	112	19	14	21	0	0	0	0	0	0	0	0	0	0	0	0	6188327	
751	1	D	12	N	2500	0	1	52	11	1	1	1	0	0	0	0	0	0	0	0	0	0	0	0	6188670	
752	1	D	12	N	2500	0	1	202	98	25	20	30	0	0	0	0	0	0	0	0	0	0	0	0	6188686	
753	1	D	12	N	2500	0	40	273	166	42	27	39	0	0	0	0	0	0	0	0	0	0	0	0	6188701	
754	1	D	12	N	2500	0	40	285	134	28	21	25	0	0	0	0	0	0	0	0	0	0	0	0	6188701	
755	1	D	12	N	2500	0	40	286	130	28	22	33	0	0	0	0	0	0	0	0	0	0	0	0	6188764	
756	1	D	12	N	2500	0	40	247	134	34	25	36	0	0	0	0	0	0	0	0	0	0	0	0	6188826	
757	1	D	12	N	2500	0	40	247	109	18	14	23	0	0	0	0	0	0	0	0	0	0	0	0	6188873	
758	1	D	12	N	2500	0	1	73	12	2	2	5	0	0	0	0	0	0	0	0	0	0	0	0	6188998	
759	1	D	12	N	2500	0	40	253	102	27	19	26	0	0	0	0	0	0	0	0	0	0	0	0	6189013	
760	1	D	12	N	2500	0	1	137	92	17	14	20	0	0	0	0	0	0	0	0	0	0	0	0	6189044	
761	1	D	12	N	2500	0	40	380	146	39	30	39	0	0	0	0	0	0	0	0	0	0	0	0	6189122	
762	1	D	12	N	2500	0	40	188	122	27	22	30	0	0	0	0	0	0	0	0	0	0	0	0	6189263	
763	1	D	12	N	2500	0	1	243	72	12	10	17	0	0	0	0	0	0	0	0	0	0	0	0	6189325	
764	1	D	12	N	2500	0	40	416	162	36	27	44	0	0	0	0	0	0	0	0	0	0	0	0	6189372	
765	1	D	12	N	2500	0	40	406	170	35	26	37	0	0	0	0	0	0	0	0	0	0	0	0	6189481	
766	1	D	12	N	2500	0	40	361	145	29	22	32	0	0	0	0	0	0	0	0	0	0	0	0	6189575	
767	1	D	12	N	2500	0	40	341	143	26	25	39	0	0	0	0	0	0	0	0	0	0	0	0	6189684	
768	1	D	12	N	2500	0	40	361	139	29	21	32	0	0	0	0	0	0	0	0	0	0	0	0	6189684	
769	1	D	12	N	2500	0	40	344	133	35	24	31	0	0	0	0	0	0	0	0	0	0	0	0	6189902	
770	1	D	12	N	2500	0	40	305	156	33	24	35	0	0	0	0	0	0	0	0	0	0	0	0	6189965	
771	1	D	12	N	2500	0	40	213	145	31	23	34	0	0	0	0	0	0	0	0	0	0	0	0	6189980	
772	1	D	12	N	2500	0	40	355	137	32	22	30	0	0	0	0	0	0	0	0	0	0	0	0	6190027	
773	1	D	12	N	2500	0	1	170	69	11	8	10	0	0	0	0	0	0	0	0	0	0	0	0	6190152	
774	1	D	12	N	2500	0	40	269	141	41	28	35	0	0	0	0	0	0	0	0	0	0	0	0	6190261	
775	1	D	12	N	2500	0	40	390	139	27	21	29	0	0	0	0	0	0	0	0	0	0	0	0	6190277	
776	1	D	12	N	2500	0	1	197	97	23	16	22	0	0	0	0	0	0	0	0	0	0	0	0	6190480	
777	1	D	12	N	2500	0	40	345	118	24	18	25	0	0	0	0	0	0	0	0	0	0	0	0	6190604	
778	1	D	12	N	2500	0	40	377	137	28	21	32	0	0	0	0	0	0	0	0	0	0	0	0	6190760	
779	1	D	12	N	2500	0	1	191	81	19	15	24	0	0	0	0	0	0	0	0	0	0	0	0	6190885	
780	1	D	12	N	2500	0	40	320	132	36	25	33	0	0	0	0	0	0	0	0	0	0	0	0	6191010	
781	1	D	12	N	2500	0	40	378	156	33	23	40	0	0	0	0	0	0	0	0	0	0	0	0	6191026	
782	1	D	12	N	2500	0	40	240	139	33	26	34	0	0	0	0	0	0	0	0	0	0	0	0	6191540	
783	1	D	12	N	2500	0	1	149	108	21	17	25	0	0	0	0	0	0	0	0	0	0	0	0	6191712	
784	1	D	12	N	2500	0	40	391	162	36	27	36	0	0	0	0	0	0	0	0	0	0	0	0	6192055	
785	1	D	12	N	2500	0	1	107	27	5	6	10	0	0	0	0	0	0	0	0	0	0	0	0	6192164	
786	1	E	1	N	2500	6	40	386	131	25	19	29	0	0	0	0	0	0	0	0	0	0	0	0	6200666	
787	1	E	2	N	2500	2	1	82	28	6	7	12	0	0	0	0	0	0	0	0	0	0	0	0	6217436	
788	1	E	2	N	2500	6	40	264	112	26	22	31	0	0	0	0	0	0	0	0	0	0	0	0	6217624	
789	1	E	2	N	2500	2	1	145	74	12	11	16	0	0	0	0	0	0	0	0	0	0	0	0	6217717	
790	1	E	2	N	2500	2	1	134	41	8	6	10	0	0	0	0	0	0	0	0	0	0	0	0	6217889	
791	1	E	2	N	2500	2	1	136	61	10	8	14	0	0	0	0	0	0	0	0	0	0	0	0	6218014	
792	1	E	2	N	2500	2	1	172	68	11	8	14	0	0	0	0	0	0	0	0	0	0	0	0	6218060	
793	1	E	2	N	2500	2	1	237	72	11	10	15	0	0	0	0	0	0	0	0	0	0	0	0	6218092	
794	1	E	2	N	2500	6	40	289	107	29	20	27	0	0	0	0	0	0	0	0	0	0	0	0	6218294	
795	1	E	2	N	2500	2	1	64	57	15	0	1	0	0	0	0	0	0	0	0	0	0	0	0	6218575	
796	1	E	2	N	2500	2	1	278	71	13	10	15	0	0	0	0	0	0	0	0	0	0	0	0	6218638	
797	1	E	2	N	2500	2	1	229	69	12	10	16	0	0	0	0	0	0	0	0	0	0	0	0	6218778	
798	1	E	2	N	2500	2	1	69	13	2	1	3	0	0	0	0	0	0	0	0	0	0	0	0	6218950	
799	1	E	2	N	2500	2	1	257	68	11	8	13	0	0	0	0	0	0	0	0	0	0	0	0	6219948	
800	1	E	2	N	2500	2	1	71	20	4	6	14	0	0	0	0	0	0	0	0	0	0	0	0	6220385	
801	1	E	2	N	2500	2	1	201	87	16	12	17	0	0	0	0	0	0	0	0	0	0	0	0	6220525	
802	1	E	2	N	2500	6	40	298	123	23	21	35	0	0	0	0	0	0	0	0	0	0	0	0	6220572	
803	1	E	2	N	2500	0	1	192	55	10	8	10	0	0	0	0	0	0	0	0	0	0	0	0	6220712	
804	1	E	2	N	2500	0	40	222	124	24	20	27	0	0	0	0	0	0	0	0	0	0	0	0	6220775	
805	1	E	2	N	2500	0	40	221	117	24	20	26	0	0	0	0	0	0	0	0	0	0	0	0	6220931	
806	1	E	2	N	2500	0	1	92	22	4	5	7	0	0	0	0	0	0	0	0	0	0	0	0	6221102	
807	1	E	2	N	2500	0	40	342	114	25	17	24	0	0	0	0	0	0	0	0	0	0	0	0	6221274	
808	1	E	2	N	2500	0	1	218	75	11	10	15	0	0	0	0	0	0	0	0	0	0	0	0	6221368	
809	1	E	3	N	2500	2	1	64	23	0	0	0	0	0	0	0	0	0	0	0	0	0	0	0	6233083	
810	1	E	3	N	2500	2	1	64	19	0	0	0	0	0	0	0	0	0	0	0	0	0	0	0	6236936	
811	1	E	4	N	2500	6	40	220	129	26	21	29	0	0	0	0	0	0	0	0	0	0	0	0	6244237	
812	1	E	4	N	2500	2	1	51	18	8	1	2	0	0	0	0	0	0	0	0	0	0	0	0	6244924	
813	1	E	4	N	2500	2	1	55	16	4	1	1	0	0	0	0	0	0	0	0	0	0	0	0	6245002	
814	1	E	4	N	2500	6	40	387	159	36	31	46	0	0	0	0	0	0	0	0	0	0	0	0	6245984	
815	1	E	4	N	2500	2	1	130	75	19	17	26	0	0	0	0	0	0	0	0	0	0	0	0	6246577	
816	1	E	4	N	2500	2	1	59	21	12	1	2	0	0	0	0	0	0	0	0	0	0	0	0	6246624	
817	1	E	4	N	2500	6	40	255	140	27	22	27	0	0	0	0	0	0	0	0	0	0	0	0	6246749	
818	1	E	4	N	2500	0	40	226	139	32	27	39	0	0	0	0	0	0	0	0	0	0	0	0	6246920	
819	1	E	4	N	2500	0	40	405	150	31	26	36	0	0	0	0	0	0	0	0	0	0	0	0	6247154	
820	1	E	4	N	2500	0	40	200	118	27	21	30	0	0	0	0	0	0	0	0	0	0	0	0	6247700	
821	1	E	4	N	2500	0	40	374	148	36	25	33	0	0	0	0	0	0	0	0	0	0	0	0	6247716	
822	1	E	4	N	2500	0	1	63	22	11	2	3	0	0	0	0	0	0	0	0	0	0	0	0	6247763	
823	1	E	4	N	2500	0	40	252	164	36	31	41	0	0	0	0	0	0	0	0	0	0	0	0	6248153	
824	1	E	4	N	2500	0	40	344	135	31	26	37	0	0	0	0	0	0	0	0	0	0	0	0	6248356	
825	1	E	4	N	2500	0	40	220	125	25	21	28	0	0	0	0	0	0	0	0	0	0	0	0	6248574	
826	1	E	4	N	2500	0	40	286	123	36	28	37	0	0	0	0	0	0	0	0	0	0	0	0	6248590	
827	1	E	4	N	2500	0	40	232	142	41	31	41	0	0	0	0	0	0	0	0	0	0	0	0	6248761	
828	1	E	4	N	2500	0	40	358	140	30	27	36	0	0	0	0	0	0	0	0	0	0	0	0	6249370	
829	1	E	4	N	2500	0	1	142	66	114	160	202	0	0	0	0	0	0	0	0	0	0	0	0	6249526	
830	1	E	4	N	2500	0	40	233	145	36	25	37	0	0	0	0	0	0	0	0	0	0	0	0	6250134	
831	1	E	4	N	2500	0	1	64	30	44	63	80	0	0	0	0	0	0	0	0	0	0	0	0	6250415	
832	1	E	4	N	2500	0	40	262	124	24	21	27	0	0	0	0	0	0	0	0	0	0	0	0	6250493	
833	1	E	5	N	2500	6	40	340	148	32	25	34	0	0	0	0	0	0	0	0	0	0	0	0	6258776	
834	1	E	5	N	2500	2	1	100	109	8	1	5	0	0	0	0	0	0	0	0	0	0	0	0	6260695	
835	1	E	6	N	2500	2	1	68	15	4	0	0	0	0	0	0	0	0	0	0	0	0	0	0	6273253	
836	1	E	6	N	2500	2	1	65	38	14	4	5	0	0	0	0	0	0	0	0	0	0	0	0	6273753	
837	1	E	6	N	2500	2	1	92	34	11	3	3	0	0	0	0	0	0	0	0	0	0	0	0	6273831	
838	1	E	6	N	2500	2	1	83	25	6	2	5	0	0	0	0	0	0	0	0	0	0	0	0	6274314	
839	1	E	6	N	2500	2	1	61	15	7	3	5	0	0	0	0	0	0	0	0	0	0	0	0	6274392	
840	1	E	6	N	2500	2	1	52	14	3	1	2	0	0	0	0	0	0	0	0	0	0	0	0	6274470	
841	1	E	6	N	2500	6	40	253	116	30	24	31	0	0	0	0	0	0	0	0	0	0	0	0	6274486	
842	1	E	6	N	2500	6	40	218	127	31	25	34	0	0	0	0	0	0	0	0	0	0	0	0	6274782	
843	1	E	6	N	2500	2	1	184	103	23	21	26	0	0	0	0	0	0	0	0	0	0	0	0	6274969	
844	1	E	6	N	2500	6	40	259	105	25	21	32	0	0	0	0	0	0	0	0	0	0	0	0	6275079	
845	1	E	6	N	2500	0	1	154	113	34	24	31	0	0	0	0	0	0	0	0	0	0	0	0	6275578	
846	1	E	6	N	2500	0	40	238	131	33	24	31	0	0	0	0	0	0	0	0	0	0	0	0	6275703	
847	1	E	6	N	2500	0	40	348	122	27	24	30	0	0	0	0	0	0	0	0	0	0	0	0	6275827	
848	1	E	6	N	2500	0	1	166	114	28	25	34	0	0	0	0	0	0	0	0	0	0	0	0	6275827	
849	1	E	6	N	2500	0	40	342	129	29	24	33	0	0	0	0	0	0	0	0	0	0	0	0	6275890	
850	1	E	6	N	2500	0	40	302	103	22	19	27	0	0	0	0	0	0	0	0	0	0	0	0	6276108	
851	1	E	6	N	2500	0	40	230	123	32	23	29	0	0	0	0	0	0	0	0	0	0	0	0	6276763	
852	1	E	6	N	2500	0	40	187	117	27	22	31	0	0	0	0	0	0	0	0	0	0	0	0	6276795	
853	1	E	6	N	2500	0	40	266	117	26	24	24	0	0	0	0	0	0	0	0	0	0	0	0	6276919	
854	1	E	6	N	2500	0	40	234	114	29	22	29	0	0	0	0	0	0	0	0	0	0	0	0	6277403	
855	1	E	6	N	2500	0	1	145	74	12	9	14	0	0	0	0	0	0	0	0	0	0	0	0	6277653	
856	1	E	6	N	2500	0	40	244	114	28	24	37	0	0	0	0	0	0	0	0	0	0	0	0	6277887	
857	1	E	6	N	2500	0	40	206	110	27	22	27	0	0	0	0	0	0	0	0	0	0	0	0	6278323	
858	1	E	6	N	2500	0	40	212	112	26	19	30	0	0	0	0	0	0	0	0	0	0	0	0	6278729	
859	1	E	7	N	2500	6	40	259	126	31	23	33	0	0	0	0	0	0	0	0	0	0	0	0	6288947	
860	1	E	8	N	2500	2	1	137	92	19	18	22	0	0	0	0	0	0	0	0	0	0	0	0	6301661	
861	1	E	8	N	2500	6	40	376	138	33	26	34	0	0	0	0	0	0	0	0	0	0	0	0	6301692	
862	1	E	8	N	2500	6	40	235	115	33	26	36	0	0	0	0	0	0	0	0	0	0	0	0	6301739	
863	1	E	8	N	2500	2	1	60	36	1	0	1	0	0	0	0	0	0	0	0	0	0	0	0	6302441	
864	1	E	8	N	2500	2	1	67	48	1	0	1	0	0	0	0	0	0	0	0	0	0	0	0	6302659	
865	1	E	8	N	2500	6	40	248	119	24	18	25	0	0	0	0	0	0	0	0	0	0	0	0	6303861	
866	1	E	8	N	2500	0	40	209	119	24	19	25	0	0	0	0	0	0	0	0	0	0	0	0	6304204	
867	1	E	8	N	2500	0	40	201	154	37	31	36	0	0	0	0	0	0	0	0	0	0	0	0	6304297	
868	1	E	8	N	2500	0	40	369	118	24	17	25	0	0	0	0	0	0	0	0	0	0	0	0	6304329	
869	1	E	8	N	2500	0	1	69	14	4	4	6	0	0	0	0	0	0	0	0	0	0	0	0	6304843	
870	1	E	8	N	2500	0	40	302	141	39	27	40	0	0	0	0	0	0	0	0	0	0	0	0	6304890	
871	1	E	8	N	2500	0	1	56	10	2	3	8	0	0	0	0	0	0	0	0	0	0	0	0	6304937	
872	1	E	8	N	2500	0	40	226	108	26	22	30	0	0	0	0	0	0	0	0	0	0	0	0	6305046	
873	1	E	8	N	2500	0	1	150	97	24	18	22	0	0	0	0	0	0	0	0	0	0	0	0	6305155	
874	1	E	8	N	2500	0	40	357	142	32	26	39	0	0	0	0	0	0	0	0	0	0	0	0	6305327	
875	1	E	8	N	2500	0	40	395	147	35	27	38	0	0	0	0	0	0	0	0	0	0	0	0	6305389	
876	1	E	8	N	2500	0	1	180	107	22	17	22	0	0	0	0	0	0	0	0	0	0	0	0	6305733	
877	1	E	8	N	2500	0	40	271	105	28	21	29	0	0	0	0	0	0	0	0	0	0	0	0	6305811	
878	1	E	8	N	2500	0	40	238	116	30	25	35	0	0	0	0	0	0	0	0	0	0	0	0	6306247	
879	1	E	8	N	2500	0	40	273	121	26	23	34	0	0	0	0	0	0	0	0	0	0	0	0	6306263	
880	1	E	8	N	2500	0	40	238	131	31	28	37	0	0	0	0	0	0	0	0	0	0	0	0	6306279	
881	1	E	8	N	2500	0	40	407	164	41	30	39	0	0	0	0	0	0	0	0	0	0	0	0	6306435	
882	1	E	8	N	2500	0	1	180	106	24	20	24	0	0	0	0	0	0	0	0	0	0	0	0	6306497	
883	1	E	8	N	2500	0	1	223	96	28	24	36	0	0	0	0	0	0	0	0	0	0	0	0	6306559	
884	1	E	8	N	2500	0	40	276	144	34	28	36	0	0	0	0	0	0	0	0	0	0	0	0	6306778	
885	1	E	8	N	2500	0	40	281	136	32	29	36	0	0	0	0	0	0	0	0	0	0	0	0	6306825	
886	1	E	8	N	2500	0	40	303	93	16	13	19	0	0	0	0	0	0	0	0	0	0	0	0	6307854	
887	1	E	8	N	2500	0	40	358	113	21	16	22	0	0	0	0	0	0	0	0	0	0	0	0	6308353	
888	1	E	8	N	2500	1	40	223	106	22	18	22	0	0	0	0	0	0	0	0	0	0	0	0	6309165	
889	1	E	9	N	2500	1	1	123	29	5	6	0	0	0	0	0	0	0	0	0	0	0	0	0	6315795	
890	1	E	10	N	2500	2	1	157	82	14	11	15	0	0	0	0	0	0	0	0	0	0	0	0	6330817	
891	1	E	10	N	2500	6	40	225	105	24	17	23	0	0	0	0	0	0	0	0	0	0	0	0	6330942	
892	1	E	10	N	2500	6	40	303	111	26	20	30	0	0	0	0	0	0	0	0	0	0	0	0	6331254	
893	1	E	10	N	2500	6	40	308	100	22	17	23	0	0	0	0	0	0	0	0	0	0	0	0	6331332	
894	1	E	10	N	2500	0	1	94	40	9	8	11	0	0	0	0	0	0	0	0	0	0	0	0	6331863	
895	1	E	10	N	2500	0	40	301	120	24	20	26	0	0	0	0	0	0	0	0	0	0	0	0	6332377	
896	1	E	10	N	2500	0	40	237	118	33	24	30	0	0	0	0	0	0	0	0	0	0	0	0	6332565	
897	1	E	10	N	2500	0	40	263	104	29	20	30	0	0	0	0	0	0	0	0	0	0	0	0	6332799	
898	1	E	10	N	2500	0	40	267	102	22	18	26	0	0	0	0	0	0	0	0	0	0	0	0	6333095	
899	1	E	10	N	2500	0	40	372	140	33	25	32	0	0	0	0	0	0	0	0	0	0	0	0	6333220	
900	1	E	10	N	2500	0	40	240	100	22	19	24	0	0	0	0	0	0	0	0	0	0	0	0	6333267	
901	1	E	10	N	2500	0	1	164	55	12	11	16	0	0	0	0	0	0	0	0	0	0	0	0	6333610	
902	1	E	10	N	2500	0	1	128	48	9	8	10	0	0	0	0	0	0	0	0	0	0	0	0	6333610	
903	1	E	10	N	2500	0	40	274	99	20	16	25	0	0	0	0	0	0	0	0	0	0	0	0	6333797	
904	1	E	10	N	2500	0	40	314	120	28	22	30	0	0	0	0	0	0	0	0	0	0	0	0	6333969	
905	1	E	10	N	2500	0	40	235	115	31	23	28	0	0	0	0	0	0	0	0	0	0	0	0	6334390	
906	1	E	10	N	2500	0	1	215	105	24	18	24	0	0	0	0	0	0	0	0	0	0	0	0	6334624	
907	1	E	10	N	2500	0	1	169	105	25	20	23	0	0	0	0	0	0	0	0	0	0	0	0	6334686	
908	1	E	10	N	2500	0	1	202	102	23	18	26	0	0	0	0	0	0	0	0	0	0	0	0	6334842	
909	1	E	10	N	2500	0	1	195	108	23	20	27	0	0	0	0	0	0	0	0	0	0	0	0	6334842	
910	1	E	10	N	2500	0	40	225	122	33	22	27	0	0	0	0	0	0	0	0	0	0	0	0	6334967	
911	1	E	10	N	2500	0	40	298	101	24	19	23	0	0	0	0	0	0	0	0	0	0	0	0	6334983	
912	1	E	10	N	2500	0	40	290	120	29	21	27	0	0	0	0	0	0	0	0	0	0	0	0	6335185	
913	1	E	10	N	2500	0	1	225	66	10	9	15	0	0	0	0	0	0	0	0	0	0	0	0	6335232	
914	1	E	10	N	2500	0	40	280	132	29	25	36	0	0	0	0	0	0	0	0	0	0	0	0	6335263	
915	1	E	10	N	2500	0	40	340	105	23	17	27	0	0	0	0	0	0	0	0	0	0	0	0	6335295	
916	1	E	10	N	2500	0	40	303	106	20	16	21	0	0	0	0	0	0	0	0	0	0	0	0	6335388	
917	1	E	10	N	2500	0	40	265	96	22	17	23	0	0	0	0	0	0	0	0	0	0	0	0	6335435	
918	1	E	10	N	2500	0	40	246	106	28	21	31	0	0	0	0	0	0	0	0	0	0	0	0	6335482	
919	1	E	10	N	2500	0	40	288	125	27	22	31	0	0	0	0	0	0	0	0	0	0	0	0	6335700	
920	1	E	10	N	2500	0	40	278	120	25	20	25	0	0	0	0	0	0	0	0	0	0	0	0	6336371	
921	1	E	10	N	2500	0	40	194	123	28	24	32	0	0	0	0	0	0	0	0	0	0	0	0	6336449	
922	1	E	10	N	2500	0	1	145	97	29	22	31	0	0	0	0	0	0	0	0	0	0	0	0	6336543	
923	1	E	10	N	2500	0	40	284	118	25	20	22	0	0	0	0	0	0	0	0	0	0	0	0	6336652	
924	1	E	10	N	2500	0	1	187	99	22	20	25	0	0	0	0	0	0	0	0	0	0	0	0	6336730	
925	1	E	11	N	2500	2	1	50	9	0	1	1	0	0	0	0	0	0	0	0	0	0	0	0	6347338	
926	1	E	12	N	2500	6	40	239	135	34	25	38	0	0	0	0	0	0	0	0	0	0	0	0	6359319	
927	1	E	12	N	2500	6	40	177	145	33	24	27	0	0	0	0	0	0	0	0	0	0	0	0	6359771	
928	1	E	12	N	2500	6	40	294	144	32	25	34	0	0	0	0	0	0	0	0	0	0	0	0	6359771	
929	1	E	12	N	2500	0	40	345	162	36	29	40	0	0	0	0	0	0	0	0	0	0	0	0	6359958	
930	1	E	12	N	2500	0	1	83	36	16	3	4	0	0	0	0	0	0	0	0	0	0	0	0	6360099	
931	1	E	12	N	2500	0	40	189	116	29	25	33	0	0	0	0	0	0	0	0	0	0	0	0	6360442	
932	1	E	12	N	2500	0	1	72	20	7	4	4	0	0	0	0	0	0	0	0	0	0	0	0	6360504	
933	1	E	12	N	2500	0	40	412	142	28	22	32	0	0	0	0	0	0	0	0	0	0	0	0	6360598	
934	1	E	12	N	2500	0	1	97	69	15	14	16	0	0	0	0	0	0	0	0	0	0	0	0	6360941	
935	1	E	12	N	2500	0	40	228	129	30	22	30	0	0	0	0	0	0	0	0	0	0	0	0	6361003	
936	1	E	12	N	2500	0	40	362	130	27	21	32	0	0	0	0	0	0	0	0	0	0	0	0	6362454	
937	1	E	12	N	2500	0	40	188	118	27	21	26	0	0	0	0	0	0	0	0	0	0	0	0	6362595	
938	1	E	12	N	2500	0	40	204	126	30	21	31	0	0	0	0	0	0	0	0	0	0	0	0	6362719	
939	1	E	12	N	2500	0	40	229	141	33	25	32	0	0	0	0	0	0	0	0	0	0	0	0	6362719	
940	1	E	12	N	2500	0	40	200	135	26	21	28	0	0	0	0	0	0	0	0	0	0	0	0	6363016	
941	1	E	12	N	2500	0	40	294	122	24	19	27	0	0	0	0	0	0	0	0	0	0	0	0	6363016	
942	1	E	12	N	2500	0	40	239	98	17	15	19	0	0	0	0	0	0	0	0	0	0	0	0	6363031	
943	1	E	12	N	2500	0	40	380	159	35	24	33	0	0	0	0	0	0	0	0	0	0	0	0	6363063	
944	1	E	12	N	2500	0	40	424	153	34	27	35	0	0	0	0	0	0	0	0	0	0	0	0	6363265	
945	1	E	12	N	2500	0	40	260	130	30	26	31	0	0	0	0	0	0	0	0	0	0	0	0	6363655	
946	1	E	12	N	2500	0	40	340	151	36	32	40	0	0	0	0	0	0	0	0	0	0	0	0	6363733	
947	1	E	12	N	2500	0	40	352	126	27	20	31	0	0	0	0	0	0	0	0	0	0	0	0	6363827	
948	1	E	12	N	2500	0	40	256	150	32	24	34	0	0	0	0	0	0	0	0	0	0	0	0	6363874	
949	1	E	12	N	2500	0	40	285	150	35	23	30	0	0	0	0	0	0	0	0	0	0	0	0	6364186	
950	1	E	12	N	2500	0	40	302	159	38	27	37	0	0	0	0	0	0	0	0	0	0	0	0	6364217	
951	1	E	12	N	2500	0	40	358	124	28	21	30	0	0	0	0	0	0	0	0	0	0	0	0	6364233	
952	1	E	12	N	2500	0	1	107	30	5	4	5	0	0	0	0	0	0	0	0	0	0	0	0	6364389	
953	1	E	12	N	2500	0	1	229	89	17	15	23	0	0	0	0	0	0	0	0	0	0	0	0	6364389	
954	1	E	12	N	2500	0	40	382	145	34	24	31	0	0	0	0	0	0	0	0	0	0	0	0	6364420	
955	1	E	12	N	2500	0	40	383	155	38	28	37	0	0	0	0	0	0	0	0	0	0	0	0	6364607	
956	1	E	12	N	2500	0	1	214	92	29	21	27	0	0	0	0	0	0	0	0	0	0	0	0	6364607	
957	1	E	12	N	2500	0	40	254	162	41	28	35	0	0	0	0	0	0	0	0	0	0	0	0	6364654	
958	1	E	12	N	2500	0	40	473	187	40	29	41	0	0	0	0	0	0	0	0	0	0	0	0	6364732	
959	1	E	12	N	2500	0	40	281	158	31	24	30	0	0	0	0	0	0	0	0	0	0	0	0	6364732	
960	1	E	12	N	2500	0	1	305	74	15	11	17	0	0	0	0	0	0	0	0	0	0	0	0	6364966	
961	1	E	12	N	2500	0	40	231	150	31	24	30	0	0	0	0	0	0	0	0	0	0	0	0	6364981	
962	1	E	12	N	2500	0	40	220	132	29	24	33	0	0	0	0	0	0	0	0	0	0	0	0	6365013	
963	1	E	12	N	2500	0	40	212	118	29	23	31	0	0	0	0	0	0	0	0	0	0	0	0	6365122	
964	1	E	12	N	2500	0	40	447	190	44	36	47	0	0	0	0	0	0	0	0	0	0	0	0	6365465	
965	1	E	12	N	2500	0	40	252	120	28	20	27	0	0	0	0	0	0	0	0	0	0	0	0	6365839	
966	1	E	12	N	2500	0	40	281	112	29	23	34	0	0	0	0	0	0	0	0	0	0	0	0	6366229	
967	1	F	1	N	2500	6	40	400	146	31	22	33	0	0	0	0	0	0	0	0	0	0	0	0	6379022	
968	1	F	2	N	2500	6	40	417	166	35	25	40	0	0	0	0	0	0	0	0	0	0	0	0	6390488	
969	1	F	2	N	2500	6	40	299	137	26	18	27	0	0	0	0	0	0	0	0	0	0	0	0	6390924	
970	1	F	2	N	2500	6	40	432	157	37	28	43	0	0	0	0	0	0	0	0	0	0	0	0	6391392	
971	1	F	2	N	2500	0	1	116	21	4	6	15	0	0	0	0	0	0	0	0	0	0	0	0	6391595	
972	1	F	2	N	2500	0	40	472	188	43	32	46	0	0	0	0	0	0	0	0	0	0	0	0	6392188	
973	1	F	2	N	2500	0	40	377	137	32	25	39	0	0	0	0	0	0	0	0	0	0	0	0	6392235	
974	1	F	2	N	2500	0	40	372	141	30	24	31	0	0	0	0	0	0	0	0	0	0	0	0	6392235	
975	1	F	2	N	2500	0	40	467	189	41	30	43	0	0	0	0	0	0	0	0	0	0	0	0	6392406	
976	1	F	2	N	2500	0	40	442	178	42	29	38	0	0	0	0	0	0	0	0	0	0	0	0	6392422	
977	1	F	2	N	2500	0	40	482	177	38	29	40	0	0	0	0	0	0	0	0	0	0	0	0	6392453	
978	1	F	2	N	2500	0	1	164	94	26	18	27	0	0	0	0	0	0	0	0	0	0	0	0	6392906	
979	1	F	2	N	2500	0	1	89	17	3	2	5	0	0	0	0	0	0	0	0	0	0	0	0	6392906	
980	1	F	2	N	2500	0	40	329	153	38	30	42	0	0	0	0	0	0	0	0	0	0	0	0	6393108	
981	1	F	2	N	2500	0	40	271	129	32	24	35	0	0	0	0	0	0	0	0	0	0	0	0	6393311	
982	1	F	2	N	2500	0	40	249	154	33	27	36	0	0	0	0	0	0	0	0	0	0	0	0	6393483	
983	1	F	2	N	2500	0	1	56	11	1	1	2	0	0	0	0	0	0	0	0	0	0	0	0	6393779	
984	1	F	2	N	2500	0	40	490	186	41	30	42	0	0	0	0	0	0	0	0	0	0	0	0	6394076	
985	1	F	2	N	2500	0	40	287	159	43	31	37	0	0	0	0	0	0	0	0	0	0	0	0	6394372	
986	1	F	2	N	2500	0	40	470	189	49	35	44	0	0	0	0	0	0	0	0	0	0	0	0	6394684	
987	1	F	2	N	2500	0	40	427	190	46	38	55	0	0	0	0	0	0	0	0	0	0	0	0	6394934	
988	1	F	2	N	2500	0	40	343	172	38	29	41	0	0	0	0	0	0	0	0	0	0	0	0	6395074	
989	1	F	2	N	2500	0	40	228	174	39	34	43	0	0	0	0	0	0	0	0	0	0	0	0	6395464	
990	1	F	2	N	2500	0	40	360	149	36	28	40	0	0	0	0	0	0	0	0	0	0	0	0	6395604	
991	1	F	2	N	2500	0	40	218	115	27	20	33	0	0	0	0	0	0	0	0	0	0	0	0	6396088	
992	1	F	2	N	2500	0	40	244	135	34	23	34	0	0	0	0	0	0	0	0	0	0	0	0	6396322	
993	1	F	2	N	2500	0	40	240	148	32	25	36	0	0	0	0	0	0	0	0	0	0	0	0	6396618	
994	1	F	3	N	2500	2	1	52	19	0	0	0	0	0	0	0	0	0	0	0	0	0	0	0	6403685	
995	1	F	3	N	2500	2	1	51	21	1	0	1	0	0	0	0	0	0	0	0	0	0	0	0	6403732	
996	1	F	3	N	2500	6	40	398	159	32	25	32	0	0	0	0	0	0	0	0	0	0	0	0	6407601	
997	1	F	3	N	2500	6	40	302	167	40	28	36	0	0	0	0	0	0	0	0	0	0	0	0	6410471	
998	1	F	4	N	2500	2	1	79	33	8	0	2	0	0	0	0	0	0	0	0	0	0	0	0	6418427	
999	1	F	4	N	2500	6	40	214	115	28	24	33	0	0	0	0	0	0	0	0	0	0	0	0	6418614	
1000	1	F	4	N	2500	6	40	369	163	38	26	35	0	0	0	0	0	0	0	0	0	0	0	0	6418958	
1001	1	F	4	N	2500	6	40	255	140	28	23	35	0	0	0	0	0	0	0	0	0	0	0	0	6419223	
1002	1	F	4	N	2500	0	40	389	145	32	25	38	0	0	0	0	0	0	0	0	0	0	0	0	6419613	
1003	1	F	4	N	2500	0	40	404	150	34	27	39	0	0	0	0	0	0	0	0	0	0	0	0	6419784	
1004	1	F	4	N	2500	0	40	368	132	32	25	39	0	0	0	0	0	0	0	0	0	0	0	0	6419956	
1005	1	F	4	N	2500	0	40	269	160	35	28	33	0	0	0	0	0	0	0	0	0	0	0	0	6419956	
1006	1	F	4	N	2500	0	40	269	134	27	23	31	0	0	0	0	0	0	0	0	0	0	0	0	6420206	
1007	1	F	4	N	2500	0	40	245	153	34	27	39	0	0	0	0	0	0	0	0	0	0	0	0	6420533	
1008	1	F	4	N	2500	0	1	193	76	12	12	15	0	0	0	0	0	0	0	0	0	0	0	0	6420533	
1009	1	F	4	N	2500	0	40	324	102	20	18	24	0	0	0	0	0	0	0	0	0	0	0	0	6420720	
1010	1	F	4	N	2500	0	40	251	162	42	30	42	0	0	0	0	0	0	0	0	0	0	0	0	6420736	
1011	1	F	4	N	2500	0	1	203	91	18	16	22	0	0	0	0	0	0	0	0	0	0	0	0	6421017	
1012	1	F	4	N	2500	0	1	134	29	5	4	7	0	0	0	0	0	0	0	0	0	0	0	0	6421017	
1013	1	F	4	N	2500	0	40	357	116	27	22	24	0	0	0	0	0	0	0	0	0	0	0	0	6421422	
1014	1	F	4	N	2500	0	40	273	92	21	14	16	0	0	0	0	0	0	0	0	0	0	0	0	6421672	
1015	1	F	4	N	2500	0	1	61	50	11	11	14	0	0	0	0	0	0	0	0	0	0	0	0	6421672	
1016	1	F	4	N	2500	0	1	65	11	4	4	9	0	0	0	0	0	0	0	0	0	0	0	0	6421703	
1017	1	F	4	N	2500	0	40	418	158	35	25	36	0	0	0	0	0	0	0	0	0	0	0	0	6421781	
1018	1	F	4	N	2500	0	40	218	118	30	20	30	0	0	0	0	0	0	0	0	0	0	0	0	6421797	
1019	1	F	4	N	2500	0	40	366	143	31	24	34	0	0	0	0	0	0	0	0	0	0	0	0	6422062	
1020	1	F	4	N	2500	0	40	276	128	35	26	41	0	0	0	0	0	0	0	0	0	0	0	0	6422421	
1021	1	F	4	N	2500	0	40	195	134	29	25	33	0	0	0	0	0	0	0	0	0	0	0	0	6422530	
1022	1	F	4	N	2500	0	1	435	118	24	18	29	0	0	0	0	0	0	0	0	0	0	0	0	6422577	
1023	1	F	4	N	2500	0	40	261	127	25	22	32	0	0	0	0	0	0	0	0	0	0	0	0	6422655	
1024	1	F	4	N	2500	0	40	218	127	36	27	36	0	0	0	0	0	0	0	0	0	0	0	0	6422670	
1025	1	F	4	N	2500	0	40	229	144	32	26	32	0	0	0	0	0	0	0	0	0	0	0	0	6422686	
1026	1	F	4	N	2500	0	1	219	89	23	18	25	0	0	0	0	0	0	0	0	0	0	0	0	6422686	
1027	1	F	4	N	2500	0	40	218	132	25	22	32	0	0	0	0	0	0	0	0	0	0	0	0	6422764	
1028	1	F	4	N	2500	0	40	273	132	29	23	33	0	0	0	0	0	0	0	0	0	0	0	0	6422795	
1029	1	F	4	N	2500	0	1	82	51	10	9	11	0	0	0	0	0	0	0	0	0	0	0	0	6422951	
1030	1	F	4	N	2500	0	1	119	60	14	14	16	0	0	0	0	0	0	0	0	0	0	0	0	6422951	
1031	1	F	4	N	2500	0	40	436	150	34	28	37	0	0	0	0	0	0	0	0	0	0	0	0	6422982	
1032	1	F	4	N	2500	0	1	225	78	24	19	25	0	0	0	0	0	0	0	0	0	0	0	0	6423076	
1033	1	F	4	N	2500	0	40	310	145	36	29	38	0	0	0	0	0	0	0	0	0	0	0	0	6423092	
1034	1	F	4	N	2500	0	40	284	156	37	30	42	0	0	0	0	0	0	0	0	0	0	0	0	6423170	
1035	1	F	4	N	2500	0	1	61	18	3	2	4	0	0	0	0	0	0	0	0	0	0	0	0	6423170	
1036	1	F	4	N	2500	0	40	469	152	34	25	38	0	0	0	0	0	0	0	0	0	0	0	0	6423248	
1037	1	F	4	N	2500	0	1	157	60	11	11	16	0	0	0	0	0	0	0	0	0	0	0	0	6423575	
1038	1	F	4	N	2500	0	1	161	39	7	5	6	0	0	0	0	0	0	0	0	0	0	0	0	6423575	
1039	1	F	4	N	2500	0	40	238	116	22	20	29	0	0	0	0	0	0	0	0	0	0	0	0	6423887	
1040	1	F	4	N	2500	0	1	204	95	17	18	27	0	0	0	0	0	0	0	0	0	0	0	0	6423981	
1041	1	F	4	N	2500	0	40	256	139	31	26	33	0	0	0	0	0	0	0	0	0	0	0	0	6424137	
1042	1	F	4	N	2500	0	40	387	180	36	27	41	0	0	0	0	0	0	0	0	0	0	0	0	6424402	
1043	1	F	4	N	2500	0	40	351	147	31	26	39	0	0	0	0	0	0	0	0	0	0	0	0	6424418	
1044	1	F	4	N	2500	0	1	221	85	24	16	26	0	0	0	0	0	0	0	0	0	0	0	0	6424652	
1045	1	F	4	N	2500	0	1	68	36	7	7	9	0	0	0	0	0	0	0	0	0	0	0	0	6425120	
1046	1	F	4	N	2500	0	1	224	90	20	17	21	0	0	0	0	0	0	0	0	0	0	0	0	6425120	
1047	1	F	4	N	2500	0	40	247	107	17	14	17	0	0	0	0	0	0	0	0	0	0	0	0	6425135	
1048	1	F	4	N	2500	0	40	256	98	19	14	22	0	0	0	0	0	0	0	0	0	0	0	0	6425213	
1049	1	F	6	N	2500	6	40	244	122	27	20	26	0	0	0	0	0	0	0	0	0	0	0	0	6447318	
1050	1	F	6	N	2500	6	40	283	164	46	28	37	0	0	0	0	0	0	0	0	0	0	0	0	6447786	
1051	1	F	6	N	2500	6	40	311	146	40	26	35	0	0	0	0	0	0	0	0	0	0	0	0	6450376	
1052	1	F	6	N	2500	0	40	220	130	31	25	32	0	0	0	0	0	0	0	0	0	0	0	0	6450579	
1053	1	F	6	N	2500	0	1	154	75	13	11	17	0	0	0	0	0	0	0	0	0	0	0	0	6450719	
1054	1	F	6	N	2500	0	1	89	36	6	5	8	0	0	0	0	0	0	0	0	0	0	0	0	6450844	
1055	1	F	6	N	2500	0	40	391	161	41	25	36	0	0	0	0	0	0	0	0	0	0	0	0	6451702	
1056	1	F	6	N	2500	0	40	451	199	48	35	45	0	0	0	0	0	0	0	0	0	0	0	0	6452373	
1057	1	F	6	N	2500	0	40	372	155	32	26	39	0	0	0	0	0	0	0	0	0	0	0	0	6453886	
1058	1	F	8	N	2500	6	40	308	124	29	21	29	0	0	0	0	0	0	0	0	0	0	0	0	6476178	
1059	1	F	8	N	2500	6	40	318	120	26	21	28	0	0	0	0	0	0	0	0	0	0	0	0	6476428	
1060	1	F	8	N	2500	6	40	316	142	36	29	38	0	0	0	0	0	0	0	0	0	0	0	0	6476428	
1061	1	F	8	N	2500	0	40	209	137	34	29	39	0	0	0	0	0	0	0	0	0	0	0	0	6477208	
1062	1	F	8	N	2500	0	40	332	140	34	26	34	0	0	0	0	0	0	0	0	0	0	0	0	6478050	
1063	1	F	8	N	2500	0	40	276	147	36	28	43	0	0	0	0	0	0	0	0	0	0	0	0	6478596	
1064	1	F	8	N	2500	0	40	363	153	37	28	36	0	0	0	0	0	0	0	0	0	0	0	0	6478596	
1065	1	F	8	N	2500	0	40	296	163	35	30	42	0	0	0	0	0	0	0	0	0	0	0	0	6479314	
1066	1	F	8	N	2500	0	40	375	148	30	27	39	0	0	0	0	0	0	0	0	0	0	0	0	6479501	
1067	1	F	8	N	2500	0	1	196	109	23	20	26	0	0	0	0	0	0	0	0	0	0	0	0	6479829	
1068	1	F	8	N	2500	0	40	207	140	33	27	36	0	0	0	0	0	0	0	0	0	0	0	0	6480281	
1069	1	F	8	N	2500	0	1	75	16	2	2	3	0	0	0	0	0	0	0	0	0	0	0	0	6480827	
1070	1	F	8	N	2500	0	40	256	137	32	27	35	0	0	0	0	0	0	0	0	0	0	0	0	6480890	
1071	1	F	8	N	2500	0	1	219	64	10	9	15	0	0	0	0	0	0	0	0	0	0	0	0	6481061	
1072	1	F	8	N	2500	0	40	220	133	31	27	32	0	0	0	0	0	0	0	0	0	0	0	0	6481092	
1073	1	F	8	N	2500	0	40	263	133	31	24	29	0	0	0	0	0	0	0	0	0	0	0	0	6481389	
1074	1	F	8	N	2500	0	1	78	15	3	4	6	0	0	0	0	0	0	0	0	0	0	0	0	6481389	
1075	1	F	8	N	2500	0	40	321	124	28	21	25	0	0	0	0	0	0	0	0	0	0	0	0	6483136	
1076	1	F	10	N	2500	6	40	243	137	32	25	35	0	0	0	0	0	0	0	0	0	0	0	0	6505928	
1077	1	F	10	N	2500	6	40	310	110	20	15	21	0	0	0	0	0	0	0	0	0	0	0	0	6506224	
1078	1	F	10	N	2500	2	1	54	14	8	0	1	0	0	0	0	0	0	0	0	0	0	0	0	6506567	
1079	1	F	10	N	2500	6	40	263	94	19	15	21	0	0	0	0	0	0	0	0	0	0	0	0	6506942	
1080	1	F	10	N	2500	0	1	177	105	29	21	24	0	0	0	0	0	0	0	0	0	0	0	0	6507940	
1081	1	F	10	N	2500	0	40	290	95	16	12	16	0	0	0	0	0	0	0	0	0	0	0	0	6508065	
1082	1	F	10	N	2500	0	1	187	103	21	16	21	0	0	0	0	0	0	0	0	0	0	0	0	6508112	
1083	1	F	10	N	2500	0	40	198	130	34	23	29	0	0	0	0	0	0	0	0	0	0	0	0	6508190	
1084	1	F	10	N	2500	0	40	172	124	25	20	25	0	0	0	0	0	0	0	0	0	0	0	0	6509017	
1085	1	F	10	N	2500	0	40	437	138	36	22	31	0	0	0	0	0	0	0	0	0	0	0	0	6509063	
1086	1	F	10	N	2500	0	40	228	149	37	26	32	0	0	0	0	0	0	0	0	0	0	0	0	6509734	
1087	1	F	10	N	2500	0	40	384	112	23	19	26	0	0	0	0	0	0	0	0	0	0	0	0	6511029	
1088	1	F	10	N	2500	0	40	215	127	26	20	23	0	0	0	0	0	0	0	0	0	0	0	0	6511435	
1089	1	F	10	N	2500	0	1	272	78	15	11	21	0	0	0	0	0	0	0	0	0	0	0	0	6511996	
1090	1	F	10	N	2500	0	1	51	13	4	5	12	0	0	0	0	0	0	0	0	0	0	0	0	6512215	
1091	1	F	10	N	2500	0	40	332	126	31	20	30	0	0	0	0	0	0	0	0	0	0	0	0	6512215	
1092	1	F	11	N	2500	2	1	75	53	2	0	2	0	0	0	0	0	0	0	0	0	0	0	0	6518938	
1093	1	F	11	N	2500	2	1	80	69	2	0	1	0	0	0	0	0	0	0	0	0	0	0	0	6521060	
1094	1	F	12	N	2500	6	40	493	206	57	49	71	0	0	0	0	0	0	0	0	0	0	0	0	6533680	
1095	1	F	12	N	2500	6	40	439	253	65	54	67	0	0	0	0	0	0	0	0	0	0	0	0	6533680	
1096	1	F	12	N	2500	2	1	649	244	57	43	54	0	0	0	0	0	0	0	0	0	0	0	0	6533899	
1097	1	F	12	N	2500	2	1	104	20	2	3	4	0	0	0	0	0	0	0	0	0	0	0	0	6533945	
1098	1	F	12	N	2500	8	40	285	212	57	54	73	0	0	0	0	0	0	0	0	0	0	0	0	6533945	
1099	1	F	12	N	2500	2	1	679	266	56	47	65	0	0	0	0	0	0	0	0	0	0	0	0	6534133	
1100	1	F	12	N	2500	6	40	446	239	57	47	59	0	0	0	0	0	0	0	0	0	0	0	0	6534195	
1101	1	F	12	N	2500	0	1	674	264	60	50	74	0	0	0	0	0	0	0	0	0	0	0	0	6534647	
1102	1	F	12	N	2500	0	40	394	256	59	54	70	0	0	0	0	0	0	0	0	0	0	0	0	6534694	
1103	1	F	12	N	2500	0	1	54	16	6	1	2	0	0	0	0	0	0	0	0	0	0	0	0	6534694	
1104	1	F	12	N	2500	0	1	502	248	63	56	75	0	0	0	0	0	0	0	0	0	0	0	0	6534757	
1105	1	F	12	N	2500	0	40	319	252	64	54	70	0	0	0	0	0	0	0	0	0	0	0	0	6534897	
1106	1	F	12	N	2500	0	1	52	13	4	1	2	0	0	0	0	0	0	0	0	0	0	0	0	6534913	
1107	1	F	12	N	2500	0	40	467	223	60	53	70	0	0	0	0	0	0	0	0	0	0	0	0	6535287	
1108	1	F	12	N	2500	0	1	52	17	5	2	4	0	0	0	0	0	0	0	0	0	0	0	0	6535474	
1109	1	F	12	N	2500	0	40	519	197	46	38	48	0	0	0	0	0	0	0	0	0	0	0	0	6535849	
1110	1	F	12	N	2500	0	1	655	310	72	62	98	0	0	0	0	0	0	0	0	0	0	0	0	6535895	
1111	1	F	12	N	2500	0	1	87	15	2	1	3	0	0	0	0	0	0	0	0	0	0	0	0	6536036	
1112	1	F	12	N	2500	0	1	61	19	1	1	2	0	0	0	0	0	0	0	0	0	0	0	0	6536285	
1113	1	F	12	N	2500	0	1	583	286	68	55	63	0	0	0	0	0	0	0	0	0	0	0	0	6536831	
1114	1	F	12	N	2500	0	1	174	48	10	8	10	0	0	0	0	0	0	0	0	0	0	0	0	6536909	
1115	1	F	12	N	2500	0	40	283	144	32	29	40	0	0	0	0	0	0	0	0	0	0	0	0	6536909	
1116	1	F	12	N	2500	0	1	687	277	63	48	70	0	0	0	0	0	0	0	0	0	0	0	0	6537128	
1117	1	F	12	N	2500	0	1	476	285	80	53	74	0	0	0	0	0	0	0	0	0	0	0	0	6537362	
1118	1	F	12	N	2500	0	40	354	205	54	44	63	0	0	0	0	0	0	0	0	0	0	0	0	6537643	
1119	1	F	12	N	2500	0	1	506	274	62	47	60	0	0	0	0	0	0	0	0	0	0	0	0	6537970	
1120	1	F	12	N	2500	0	1	669	249	59	47	62	0	0	0	0	0	0	0	0	0	0	0	0	6538001	
1121	1	F	12	N	2500	0	1	100	24	6	9	21	0	0	0	0	0	0	0	0	0	0	0	0	6538204	
1122	1	F	12	N	2500	0	1	631	259	62	51	69	0	0	0	0	0	0	0	0	0	0	0	0	6538251	
1123	1	F	12	N	2500	0	2	377	260	81	61	80	0	0	0	0	0	0	0	0	0	0	0	0	6538282	
1124	1	F	12	N	2500	0	1	607	240	61	57	81	0	0	0	0	0	0	0	0	0	0	0	0	6538407	
1125	1	F	12	N	2500	0	1	689	282	61	58	82	0	0	0	0	0	0	0	0	0	0	0	0	6538423	
1126	1	F	12	N	2500	0	1	532	244	56	46	56	0	0	0	0	0	0	0	0	0	0	0	0	6538516	
1127	1	F	12	N	2500	0	1	177	47	9	9	14	0	0	0	0	0	0	0	0	0	0	0	0	6538579	
1128	1	F	12	N	2500	0	40	283	170	44	38	54	0	0	0	0	0	0	0	0	0	0	0	0	6538579	
1129	1	F	12	N	2500	0	1	768	314	68	64	94	0	0	0	0	0	0	0	0	0	0	0	0	6538688	
1130	1	F	12	N	2500	0	1	698	276	69	52	72	0	0	0	0	0	0	0	0	0	0	0	0	6538750	
1131	1	F	12	N	2500	0	1	84	14	4	5	14	0	0	0	0	0	0	0	0	0	0	0	0	6539281	
1132	1	F	12	N	2500	0	1	532	254	65	42	62	0	0	0	0	0	0	0	0	0	0	0	0	6539312	
1133	1	F	12	N	2500	0	1	663	282	65	57	74	0	0	0	0	0	0	0	0	0	0	0	0	6539327	
1134	1	F	12	N	2500	0	1	632	214	47	36	55	0	0	0	0	0	0	0	0	0	0	0	0	6539546	
1135	1	F	12	N	2500	0	1	467	296	72	54	75	0	0	0	0	0	0	0	0	0	0	0	0	6539593	
1136	1	F	12	N	2500	0	1	680	281	66	49	68	0	0	0	0	0	0	0	0	0	0	0	0	6539733	
1137	1	F	12	N	2500	0	40	391	240	55	48	65	0	0	0	0	0	0	0	0	0	0	0	0	6539936	
1138	1	F	12	N	2500	0	40	522	226	52	45	63	0	0	0	0	0	0	0	0	0	0	0	0	6539983	
1139	1	F	12	N	2500	0	1	451	270	67	59	74	0	0	0	0	0	0	0	0	0	0	0	0	6540373	
1140	1	F	12	N	2500	0	40	385	231	52	45	60	0	0	0	0	0	0	0	0	0	0	0	0	6540419	
1141	1	G	2	N	2500	6	40	321	217	51	43	61	0	0	0	0	0	0	0	0	0	0	0	0	6563960	
1142	1	G	2	N	2500	2	1	50	12	0	0	2	0	0	0	0	0	0	0	0	0	0	0	0	6564662	
1143	1	G	2	N	2500	2	1	461	267	59	48	66	0	0	0	0	0	0	0	0	0	0	0	0	6565005	
1144	1	G	2	N	2500	2	1	731	255	46	39	60	0	0	0	0	0	0	0	0	0	0	0	0	6565801	
1145	1	G	2	N	2500	2	1	468	141	30	21	31	0	0	0	0	0	0	0	0	0	0	0	0	6565879	
1146	1	G	2	N	2500	2	1	104	53	9	9	13	0	0	0	0	0	0	0	0	0	0	0	0	6565879	
1147	1	G	2	N	2500	2	1	565	256	60	51	74	0	0	0	0	0	0	0	0	0	0	0	0	6566565	
1148	1	G	2	N	2500	2	1	625	245	54	44	64	0	0	0	0	0	0	0	0	0	0	0	0	6566596	
1149	1	G	2	N	2500	2	1	106	24	5	8	19	0	0	0	0	0	0	0	0	0	0	0	0	6566627	
1150	1	G	2	N	2500	2	1	678	254	63	42	60	0	0	0	0	0	0	0	0	0	0	0	0	6566659	
1151	1	G	2	N	2500	2	1	671	274	64	49	74	0	0	0	0	0	0	0	0	0	0	0	0	6567002	
1152	1	G	2	N	2500	2	1	53	11	1	1	2	0	0	0	0	0	0	0	0	0	0	0	0	6567111	
1153	1	G	2	N	2500	2	1	633	239	48	41	58	0	0	0	0	0	0	0	0	0	0	0	0	6567314	
1154	1	G	2	N	2500	2	1	614	249	59	45	64	0	0	0	0	0	0	0	0	0	0	0	0	6567485	
1155	1	G	2	N	2500	6	40	343	237	50	44	56	0	0	0	0	0	0	0	0	0	0	0	0	6567782	
1156	1	G	2	N	2500	6	40	371	217	51	46	66	0	0	0	0	0	0	0	0	0	0	0	0	6567829	
1157	1	G	2	N	2500	0	1	100	25	7	8	17	0	0	0	0	0	0	0	0	0	0	0	0	6568250	
1158	1	G	2	N	2500	0	1	595	271	57	55	73	0	0	0	0	0	0	0	0	0	0	0	0	6568406	
1159	1	G	2	N	2500	0	1	691	297	76	50	66	0	0	0	0	0	0	0	0	0	0	0	0	6568453	
1160	1	G	2	N	2500	0	1	686	324	78	54	78	0	0	0	0	0	0	0	0	0	0	0	0	6568546	
1161	1	G	2	N	2500	0	40	383	251	59	44	57	0	0	0	0	0	0	0	0	0	0	0	0	6568702	
1162	1	G	2	N	2500	0	40	380	236	50	44	59	0	0	0	0	0	0	0	0	0	0	0	0	6568999	
1163	1	G	2	N	2500	0	1	742	262	58	43	65	0	0	0	0	0	0	0	0	0	0	0	0	6569108	
1164	1	G	2	N	2500	0	1	111	21	3	3	5	0	0	0	0	0	0	0	0	0	0	0	0	6569139	
1165	1	G	2	N	2500	0	40	427	188	38	30	39	0	0	0	0	0	0	0	0	0	0	0	0	6569139	
1166	1	G	2	N	2500	0	1	92	18	5	8	17	0	0	0	0	0	0	0	0	0	0	0	0	6569170	
1167	1	G	2	N	2500	0	1	618	233	57	43	67	0	0	0	0	0	0	0	0	0	0	0	0	6569170	
1168	1	G	2	N	2500	0	40	347	214	52	44	60	0	0	0	0	0	0	0	0	0	0	0	0	6569732	
1169	1	G	2	N	2500	0	1	643	197	41	33	48	0	0	0	0	0	0	0	0	0	0	0	0	6570075	
1170	1	G	2	N	2500	0	1	123	28	7	10	23	0	0	0	0	0	0	0	0	0	0	0	0	6571354	
1171	1	G	3	N	2500	2	1	180	224	19	2	6	0	0	0	0	0	0	0	0	0	0	0	0	6578421	
1172	1	G	3	N	2500	2	2	148	146	42	1	3	0	0	0	0	0	0	0	0	0	0	0	0	6578483	
1173	1	G	3	N	2500	2	1	178	93	39	0	2	0	0	0	0	0	0	0	0	0	0	0	0	6578483	
1174	1	G	3	N	2500	2	1	126	58	29	0	2	0	0	0	0	0	0	0	0	0	0	0	0	6578499	
1175	1	G	3	N	2500	8	40	171	151	55	1	4	0	0	0	0	0	0	0	0	0	0	0	0	6578499	
1176	1	G	3	N	2500	2	1	72	45	11	0	3	0	0	0	0	0	0	0	0	0	0	0	0	6578546	
1177	1	G	3	N	2500	2	1	60	24	9	0	1	0	0	0	0	0	0	0	0	0	0	0	0	6578593	
1178	1	G	3	N	2500	2	1	51	21	0	0	1	0	0	0	0	0	0	0	0	0	0	0	0	6578889	
1179	1	G	3	N	2500	2	1	66	22	6	0	0	0	0	0	0	0	0	0	0	0	0	0	0	6579170	
1180	1	G	3	N	2500	2	1	79	33	0	0	0	0	0	0	0	0	0	0	0	0	0	0	0	6579185	
1181	1	G	3	N	2500	2	1	67	39	9	0	1	0	0	0	0	0	0	0	0	0	0	0	0	6579669	
1182	1	G	3	N	2500	2	1	628	231	56	42	59	0	0	0	0	0	0	0	0	0	0	0	0	6579716	
1183	1	G	3	N	2500	4	40	505	184	40	33	48	0	0	0	0	0	0	0	0	0	0	0	0	6580402	
1184	1	G	3	N	2500	2	1	55	9	0	1	1	0	0	0	0	0	0	0	0	0	0	0	0	6580402	
1185	1	G	3	N	2500	2	1	61	28	6	0	0	0	0	0	0	0	0	0	0	0	0	0	0	6581026	
1186	1	G	3	N	2500	2	1	590	258	52	47	59	0	0	0	0	0	0	0	0	0	0	0	0	6581042	
1187	1	G	3	N	2500	2	1	67	25	1	0	1	0	0	0	0	0	0	0	0	0	0	0	0	6582071	
1188	1	G	3	N	2500	4	40	194	126	27	23	28	0	0	0	0	0	0	0	0	0	0	0	0	6582415	
1189	1	G	3	N	2500	2	1	84	84	20	19	25	0	0	0	0	0	0	0	0	0	0	0	0	6582415	
1190	1	G	4	N	2500	2	1	679	331	89	60	80	0	0	0	0	0	0	0	0	0	0	0	0	6592664	
1191	1	G	4	N	2500	6	40	448	201	43	35	50	0	0	0	0	0	0	0	0	0	0	0	0	6593101	
1192	1	G	4	N	2500	2	1	699	273	54	42	60	0	0	0	0	0	0	0	0	0	0	0	0	6593147	
1193	1	G	4	N	2500	6	40	485	220	55	41	56	0	0	0	0	0	0	0	0	0	0	0	0	6593584	
1194	1	G	4	N	2500	6	40	322	255	65	53	71	0	0	0	0	0	0	0	0	0	0	0	0	6593615	
1195	1	G	4	N	2500	0	40	317	203	47	35	50	0	0	0	0	0	0	0	0	0	0	0	0	6593787	
1196	1	G	4	N	2500	0	1	52	23	5	0	0	0	0	0	0	0	0	0	0	0	0	0	0	6593990	
1197	1	G	4	N	2500	0	1	548	236	56	45	68	0	0	0	0	0	0	0	0	0	0	0	0	6594255	
1198	1	G	4	N	2500	0	1	56	15	2	2	5	0	0	0	0	0	0	0	0	0	0	0	0	6594411	
1199	1	G	4	N	2500	0	1	567	227	53	40	51	0	0	0	0	0	0	0	0	0	0	0	0	6594473	
1200	1	G	4	N	2500	0	1	92	28	9	11	30	0	0	0	0	0	0	0	0	0	0	0	0	6595253	
1201	1	G	4	N	2500	0	1	555	184	37	29	39	0	0	0	0	0	0	0	0	0	0	0	0	6595846	
1202	1	G	4	N	2500	0	40	372	207	49	40	53	0	0	0	0	0	0	0	0	0	0	0	0	6596018	
1203	1	G	4	N	2500	0	1	95	25	7	1	2	0	0	0	0	0	0	0	0	0	0	0	0	6596033	
1204	1	G	4	N	2500	0	1	501	237	55	46	60	0	0	0	0	0	0	0	0	0	0	0	0	6596049	
1205	1	G	4	N	2500	0	1	278	87	17	12	19	0	0	0	0	0	0	0	0	0	0	0	0	6596579	
1206	1	G	4	N	2500	0	40	358	228	63	40	54	0	0	0	0	0	0	0	0	0	0	0	0	6596626	
1207	1	G	4	N	2500	0	40	446	221	58	39	54	0	0	0	0	0	0	0	0	0	0	0	0	6596985	
1208	1	G	4	N	2500	0	1	274	64	15	11	18	0	0	0	0	0	0	0	0	0	0	0	0	6597079	
1209	1	G	4	N	2500	0	40	444	199	55	36	47	0	0	0	0	0	0	0	0	0	0	0	0	6597079	
1210	1	G	4	N	2500	0	40	351	212	54	43	57	0	0	0	0	0	0	0	0	0	0	0	0	6597110	
1211	1	G	4	N	2500	0	1	470	138	29	27	40	0	0	0	0	0	0	0	0	0	0	0	0	6597391	
1212	1	G	4	N	2500	0	40	309	199	48	42	51	0	0	0	0	0	0	0	0	0	0	0	0	6598139	
1213	1	G	4	N	2500	0	1	591	298	69	50	79	0	0	0	0	0	0	0	0	0	0	0	0	6600027	


Threshold source: EXT,  value 50
Min TOF = 50
EXT signal gain 1.6
Green signal gain 3.0
Yellow signal gain 3.0
Red signal gain 3.0
Green PMT voltage 700
Yellow PMT voltage 700
Red PMT voltage 900
Signal multipliers: 1.0,1.0,1.0,1.0
C:\Users\unionbio\Desktop\COPAS Templates\USE for L4 dispense4.csv