Id	Plate	Row	Column	Clog	Scan rate	Status sort	Status sel	TOF	EXT	Green	Yellow	Red	PH Ext	PW Ext	PC Ext	PH Green	PW Green	PCGreen	PH Yellow	PW Yellow	PCYellow	PH Red	PW Red	PCRed	Time Stamp	
0	1	A	2	N	2500	2	1	130	79	18	14	19	0	0	0	0	0	0	0	0	0	0	0	0	20520871	
1	1	A	2	N	2500	6	40	478	177	35	26	41	0	0	0	0	0	0	0	0	0	0	0	0	20521120	
2	1	A	2	N	2500	2	1	171	37	3	3	7	0	0	0	0	0	0	0	0	0	0	0	0	20521573	
3	1	A	2	N	2500	6	40	274	132	27	21	28	0	0	0	0	0	0	0	0	0	0	0	0	20521604	
4	1	A	2	N	2500	2	1	515	239	50	39	60	0	0	0	0	0	0	0	0	0	0	0	0	20522056	
5	1	A	2	N	2500	6	40	339	133	26	21	26	0	0	0	0	0	0	0	0	0	0	0	0	20522181	
6	1	A	2	N	2500	0	1	95	27	4	4	6	0	0	0	0	0	0	0	0	0	0	0	0	20523024	
7	1	A	2	N	2500	0	1	224	101	24	16	24	0	0	0	0	0	0	0	0	0	0	0	0	20523024	
8	1	A	2	N	2500	0	40	251	167	39	26	38	0	0	0	0	0	0	0	0	0	0	0	0	20523258	
9	1	A	2	N	2500	0	40	332	172	40	26	39	0	0	0	0	0	0	0	0	0	0	0	0	20523414	
10	1	A	2	N	2500	0	40	301	130	31	20	28	0	0	0	0	0	0	0	0	0	0	0	0	20523429	
11	1	A	2	N	2500	0	40	421	168	40	27	39	0	0	0	0	0	0	0	0	0	0	0	0	20523507	
12	1	A	2	N	2500	0	1	175	77	13	8	13	0	0	0	0	0	0	0	0	0	0	0	0	20523538	
13	1	A	2	N	2500	0	40	250	176	40	29	35	0	0	0	0	0	0	0	0	0	0	0	0	20523632	
14	1	A	2	N	2500	0	40	484	176	40	25	38	0	0	0	0	0	0	0	0	0	0	0	0	20525176	
15	1	A	2	N	2500	0	40	406	174	35	27	36	0	0	0	0	0	0	0	0	0	0	0	0	20525223	
16	1	A	2	N	2500	0	40	402	173	36	23	34	0	0	0	0	0	0	0	0	0	0	0	0	20525239	
17	1	A	2	N	2500	0	1	548	177	37	24	40	0	0	0	0	0	0	0	0	0	0	0	0	20525348	
18	1	A	2	N	2500	0	40	410	151	31	21	29	0	0	0	0	0	0	0	0	0	0	0	0	20525364	
19	1	A	2	N	2500	0	1	546	249	53	41	58	0	0	0	0	0	0	0	0	0	0	0	0	20525504	
20	1	A	2	N	2500	0	40	344	111	19	15	27	0	0	0	0	0	0	0	0	0	0	0	0	20525769	
21	1	A	2	N	2500	0	40	256	122	25	16	21	0	0	0	0	0	0	0	0	0	0	0	0	20525785	
22	1	A	2	N	2500	0	1	548	189	41	24	35	0	0	0	0	0	0	0	0	0	0	0	0	20526331	
23	1	A	2	N	2500	0	40	284	132	26	20	24	0	0	0	0	0	0	0	0	0	0	0	0	20526534	
24	1	A	2	N	2500	0	40	219	131	28	23	30	0	0	0	0	0	0	0	0	0	0	0	0	20526565	
25	1	A	2	N	2500	0	40	296	128	26	18	28	0	0	0	0	0	0	0	0	0	0	0	0	20526580	
26	1	A	3	N	2500	6	40	410	136	25	15	20	0	0	0	0	0	0	0	0	0	0	0	0	20535160	
27	1	A	4	N	2500	2	1	639	243	49	29	36	0	0	0	0	0	0	0	0	0	0	0	0	20550448	
28	1	A	4	N	2500	2	1	56	11	1	0	1	0	0	0	0	0	0	0	0	0	0	0	0	20551587	
29	1	A	4	N	2500	6	40	262	154	34	24	29	0	0	0	0	0	0	0	0	0	0	0	0	20552476	
30	1	A	4	N	2500	6	40	344	139	33	27	37	0	0	0	0	0	0	0	0	0	0	0	0	20552492	
31	1	A	4	N	2500	6	40	434	171	41	25	38	0	0	0	0	0	0	0	0	0	0	0	0	20552508	
32	1	A	4	N	2500	0	40	224	164	39	28	37	0	0	0	0	0	0	0	0	0	0	0	0	20552788	
33	1	A	4	N	2500	0	40	330	141	29	21	27	0	0	0	0	0	0	0	0	0	0	0	0	20553038	
34	1	A	4	N	2500	0	1	242	97	16	12	17	0	0	0	0	0	0	0	0	0	0	0	0	20553506	
35	1	A	4	N	2500	0	40	282	170	34	27	33	0	0	0	0	0	0	0	0	0	0	0	0	20553678	
36	1	A	4	N	2500	0	40	225	143	34	21	27	0	0	0	0	0	0	0	0	0	0	0	0	20554317	
37	1	A	4	N	2500	0	40	416	164	37	25	33	0	0	0	0	0	0	0	0	0	0	0	0	20554582	
38	1	A	4	N	2500	0	40	276	151	35	27	33	0	0	0	0	0	0	0	0	0	0	0	0	20554754	
39	1	A	4	N	2500	0	40	364	179	43	25	34	0	0	0	0	0	0	0	0	0	0	0	0	20554785	
40	1	A	4	N	2500	0	40	262	150	32	25	30	0	0	0	0	0	0	0	0	0	0	0	0	20555409	
41	1	A	4	N	2500	0	40	447	165	38	24	35	0	0	0	0	0	0	0	0	0	0	0	0	20555643	
42	1	A	4	N	2500	0	40	336	125	24	19	26	0	0	0	0	0	0	0	0	0	0	0	0	20555737	
43	1	A	4	N	2500	0	40	390	173	33	24	30	0	0	0	0	0	0	0	0	0	0	0	0	20555862	
44	1	A	4	N	2500	0	40	290	139	38	27	34	0	0	0	0	0	0	0	0	0	0	0	0	20556158	
45	1	A	4	N	2500	0	40	419	143	34	20	27	0	0	0	0	0	0	0	0	0	0	0	0	20556439	
46	1	A	5	N	2500	2	1	553	178	37	23	32	0	0	0	0	0	0	0	0	0	0	0	0	20564426	
47	1	A	5	N	2500	2	1	56	14	1	1	3	0	0	0	0	0	0	0	0	0	0	0	0	20565721	
48	1	A	6	N	2500	6	40	454	169	38	24	37	0	0	0	0	0	0	0	0	0	0	0	0	20578419	
49	1	A	6	N	2500	2	1	55	13	1	1	3	0	0	0	0	0	0	0	0	0	0	0	0	20578435	
50	1	A	6	N	2500	6	40	434	169	34	29	35	0	0	0	0	0	0	0	0	0	0	0	0	20578575	
51	1	A	6	N	2500	6	40	449	178	37	27	35	0	0	0	0	0	0	0	0	0	0	0	0	20578825	
52	1	A	6	N	2500	0	40	391	141	30	23	27	0	0	0	0	0	0	0	0	0	0	0	0	20578981	
53	1	A	6	N	2500	0	40	456	157	31	22	33	0	0	0	0	0	0	0	0	0	0	0	0	20579028	
54	1	A	6	N	2500	0	40	289	165	35	26	32	0	0	0	0	0	0	0	0	0	0	0	0	20579059	
55	1	A	6	N	2500	0	40	464	170	34	24	38	0	0	0	0	0	0	0	0	0	0	0	0	20579542	
56	1	A	6	N	2500	0	40	321	158	34	24	30	0	0	0	0	0	0	0	0	0	0	0	0	20580213	
57	1	A	6	N	2500	0	40	429	173	38	25	41	0	0	0	0	0	0	0	0	0	0	0	0	20580790	
58	1	A	6	N	2500	0	40	440	174	41	27	37	0	0	0	0	0	0	0	0	0	0	0	0	20580884	
59	1	A	6	N	2500	0	40	303	190	50	34	43	0	0	0	0	0	0	0	0	0	0	0	0	20581165	
60	1	A	6	N	2500	0	40	445	156	32	25	35	0	0	0	0	0	0	0	0	0	0	0	0	20581212	
61	1	A	6	N	2500	0	40	291	109	21	15	21	0	0	0	0	0	0	0	0	0	0	0	0	20581446	
62	1	A	6	N	2500	0	40	446	186	37	29	36	0	0	0	0	0	0	0	0	0	0	0	0	20581461	
63	1	A	6	N	2500	0	40	320	160	33	28	34	0	0	0	0	0	0	0	0	0	0	0	0	20581758	
64	1	A	6	N	2500	0	40	323	141	26	21	27	0	0	0	0	0	0	0	0	0	0	0	0	20581914	
65	1	A	6	N	2500	0	40	326	162	37	25	35	0	0	0	0	0	0	0	0	0	0	0	0	20581929	
66	1	A	6	N	2500	0	40	236	151	35	29	38	0	0	0	0	0	0	0	0	0	0	0	0	20582101	
67	1	A	6	N	2500	0	40	350	127	27	18	26	0	0	0	0	0	0	0	0	0	0	0	0	20582413	
68	1	A	6	N	2500	0	40	321	130	30	19	27	0	0	0	0	0	0	0	0	0	0	0	0	20582428	
69	1	A	6	N	2500	0	40	379	147	38	23	35	0	0	0	0	0	0	0	0	0	0	0	0	20582460	
70	1	A	6	N	2500	0	1	520	166	36	25	35	0	0	0	0	0	0	0	0	0	0	0	0	20582538	
71	1	A	6	N	2500	0	1	621	236	43	27	40	0	0	0	0	0	0	0	0	0	0	0	0	20582600	
72	1	A	6	N	2500	0	40	422	137	27	17	27	0	0	0	0	0	0	0	0	0	0	0	0	20582834	
73	1	A	6	N	2500	0	40	362	154	33	25	36	0	0	0	0	0	0	0	0	0	0	0	0	20583037	
74	1	A	6	N	2500	0	40	429	151	34	20	28	0	0	0	0	0	0	0	0	0	0	0	0	20583052	
75	1	A	6	N	2500	0	40	298	151	33	26	34	0	0	0	0	0	0	0	0	0	0	0	0	20583146	
76	1	A	6	N	2500	0	40	477	166	29	19	24	0	0	0	0	0	0	0	0	0	0	0	0	20583162	
77	1	A	6	N	2500	0	40	274	168	36	34	48	0	0	0	0	0	0	0	0	0	0	0	0	20583318	
78	1	A	6	N	2500	0	40	414	153	31	21	34	0	0	0	0	0	0	0	0	0	0	0	0	20583333	
79	1	A	6	N	2500	0	40	432	156	33	24	29	0	0	0	0	0	0	0	0	0	0	0	0	20583505	
80	1	A	6	N	2500	0	40	437	177	40	28	34	0	0	0	0	0	0	0	0	0	0	0	0	20583879	
81	1	A	6	N	2500	0	1	167	81	14	10	14	0	0	0	0	0	0	0	0	0	0	0	0	20584098	
82	1	A	6	N	2500	0	40	480	196	39	26	34	0	0	0	0	0	0	0	0	0	0	0	0	20584597	
83	1	A	6	N	2500	0	40	479	158	33	22	29	0	0	0	0	0	0	0	0	0	0	0	0	20585096	
84	1	A	6	N	2500	0	1	125	95	14	10	20	0	0	0	0	0	0	0	0	0	0	0	0	20585346	
85	1	A	6	N	2500	0	40	182	143	32	25	30	0	0	0	0	0	0	0	0	0	0	0	0	20585533	
86	1	A	8	N	2500	2	1	168	108	29	19	23	0	0	0	0	0	0	0	0	0	0	0	0	20607794	
87	1	A	8	N	2500	2	1	89	46	8	7	8	0	0	0	0	0	0	0	0	0	0	0	0	20608028	
88	1	A	8	N	2500	2	1	177	50	9	6	8	0	0	0	0	0	0	0	0	0	0	0	0	20608028	
89	1	A	8	N	2500	2	1	500	139	31	19	29	0	0	0	0	0	0	0	0	0	0	0	0	20609120	
90	1	A	8	N	2500	6	40	247	136	31	22	29	0	0	0	0	0	0	0	0	0	0	0	0	20609198	
91	1	A	8	N	2500	6	40	275	108	16	13	23	0	0	0	0	0	0	0	0	0	0	0	0	20609354	
92	1	A	8	N	2500	2	1	544	132	28	20	30	0	0	0	0	0	0	0	0	0	0	0	0	20609635	
93	1	A	8	N	2500	2	1	335	74	18	11	15	0	0	0	0	0	0	0	0	0	0	0	0	20609822	
94	1	A	8	N	2500	2	1	74	13	3	2	1	0	0	0	0	0	0	0	0	0	0	0	0	20609822	
95	1	A	8	N	2500	6	40	408	159	38	24	33	0	0	0	0	0	0	0	0	0	0	0	0	20610930	
96	1	A	8	N	2500	0	40	390	145	30	23	27	0	0	0	0	0	0	0	0	0	0	0	0	20611101	
97	1	A	8	N	2500	0	40	284	128	22	18	24	0	0	0	0	0	0	0	0	0	0	0	0	20611242	
98	1	A	8	N	2500	0	40	242	132	24	17	24	0	0	0	0	0	0	0	0	0	0	0	0	20611881	
99	1	A	8	N	2500	0	40	278	109	21	14	19	0	0	0	0	0	0	0	0	0	0	0	0	20612240	
100	1	A	8	N	2500	0	40	245	104	24	15	22	0	0	0	0	0	0	0	0	0	0	0	0	20612490	
101	1	A	8	N	2500	0	1	200	107	20	14	16	0	0	0	0	0	0	0	0	0	0	0	0	20613005	
102	1	A	8	N	2500	0	40	363	122	21	16	22	0	0	0	0	0	0	0	0	0	0	0	0	20613020	
103	1	A	8	N	2500	0	40	208	142	27	21	28	0	0	0	0	0	0	0	0	0	0	0	0	20613691	
104	1	A	9	N	2500	2	1	85	38	1	1	3	0	0	0	0	0	0	0	0	0	0	0	0	20627513	
105	1	A	9	N	2500	2	1	56	17	0	0	1	0	0	0	0	0	0	0	0	0	0	0	0	20628527	
106	1	A	10	N	2500	6	40	293	104	22	15	20	0	0	0	0	0	0	0	0	0	0	0	0	20636124	
107	1	A	10	N	2500	6	40	464	177	38	29	38	0	0	0	0	0	0	0	0	0	0	0	0	20636405	
108	1	A	10	N	2500	6	40	298	149	34	22	28	0	0	0	0	0	0	0	0	0	0	0	0	20636795	
109	1	A	10	N	2500	0	1	301	76	11	9	16	0	0	0	0	0	0	0	0	0	0	0	0	20636966	
110	1	A	10	N	2500	0	40	387	159	36	26	36	0	0	0	0	0	0	0	0	0	0	0	0	20637060	
111	1	A	10	N	2500	0	40	239	143	37	23	34	0	0	0	0	0	0	0	0	0	0	0	0	20637887	
112	1	A	10	N	2500	0	40	479	189	45	31	45	0	0	0	0	0	0	0	0	0	0	0	0	20637918	
113	1	A	10	N	2500	0	40	217	134	27	21	29	0	0	0	0	0	0	0	0	0	0	0	0	20637980	
114	1	A	10	N	2500	0	40	301	128	31	22	29	0	0	0	0	0	0	0	0	0	0	0	0	20638121	
115	1	A	10	N	2500	0	40	404	140	30	22	28	0	0	0	0	0	0	0	0	0	0	0	0	20638245	
116	1	A	10	N	2500	0	40	413	171	43	28	39	0	0	0	0	0	0	0	0	0	0	0	0	20638464	
117	1	A	10	N	2500	0	40	351	157	38	24	32	0	0	0	0	0	0	0	0	0	0	0	0	20638557	
118	1	A	10	N	2500	0	40	260	135	32	24	32	0	0	0	0	0	0	0	0	0	0	0	0	20638604	
119	1	A	10	N	2500	0	1	124	70	15	11	18	0	0	0	0	0	0	0	0	0	0	0	0	20638713	
120	1	A	10	N	2500	0	1	139	66	15	12	12	0	0	0	0	0	0	0	0	0	0	0	0	20638713	
121	1	A	10	N	2500	0	40	436	159	35	25	30	0	0	0	0	0	0	0	0	0	0	0	0	20638869	
122	1	A	10	N	2500	0	40	275	164	46	30	39	0	0	0	0	0	0	0	0	0	0	0	0	20639119	
123	1	A	10	N	2500	0	40	343	138	32	26	36	0	0	0	0	0	0	0	0	0	0	0	0	20639353	
124	1	A	10	N	2500	0	40	391	143	28	20	31	0	0	0	0	0	0	0	0	0	0	0	0	20639603	
125	1	A	10	N	2500	0	40	328	151	32	23	33	0	0	0	0	0	0	0	0	0	0	0	0	20639665	
126	1	A	10	N	2500	0	1	447	136	24	19	24	0	0	0	0	0	0	0	0	0	0	0	0	20639743	
127	1	A	10	N	2500	0	40	347	119	28	17	21	0	0	0	0	0	0	0	0	0	0	0	0	20639790	
128	1	A	10	N	2500	0	40	340	159	35	25	35	0	0	0	0	0	0	0	0	0	0	0	0	20639868	
129	1	A	10	N	2500	0	40	242	169	40	25	35	0	0	0	0	0	0	0	0	0	0	0	0	20640024	
130	1	A	10	N	2500	0	40	257	129	27	17	23	0	0	0	0	0	0	0	0	0	0	0	0	20640117	
131	1	A	10	N	2500	0	1	52	11	4	5	14	0	0	0	0	0	0	0	0	0	0	0	0	20640180	
132	1	A	10	N	2500	0	40	381	118	18	12	20	0	0	0	0	0	0	0	0	0	0	0	0	20640195	
133	1	A	10	N	2500	0	40	438	176	39	29	39	0	0	0	0	0	0	0	0	0	0	0	0	20640242	
134	1	A	10	N	2500	0	40	476	191	42	30	38	0	0	0	0	0	0	0	0	0	0	0	0	20640617	
135	1	A	10	N	2500	0	40	422	167	35	29	36	0	0	0	0	0	0	0	0	0	0	0	0	20641007	
136	1	A	10	N	2500	0	40	474	195	42	30	41	0	0	0	0	0	0	0	0	0	0	0	0	20641568	
137	1	A	10	N	2500	0	40	361	176	43	29	42	0	0	0	0	0	0	0	0	0	0	0	0	20641584	
138	1	A	10	N	2500	0	40	230	149	33	25	36	0	0	0	0	0	0	0	0	0	0	0	0	20641599	
139	1	A	10	N	2500	0	1	175	43	8	6	9	0	0	0	0	0	0	0	0	0	0	0	0	20642223	
140	1	A	10	N	2500	0	1	235	91	19	16	25	0	0	0	0	0	0	0	0	0	0	0	0	20642223	
141	1	A	10	N	2500	0	40	398	142	33	20	27	0	0	0	0	0	0	0	0	0	0	0	0	20642348	
142	1	A	10	N	2500	0	40	295	120	31	25	33	0	0	0	0	0	0	0	0	0	0	0	0	20642769	
143	1	A	10	N	2500	0	40	278	158	33	25	27	0	0	0	0	0	0	0	0	0	0	0	0	20643081	
144	1	A	11	N	2500	6	40	417	150	29	20	27	0	0	0	0	0	0	0	0	0	0	0	0	20653237	
145	1	A	12	N	2500	6	40	299	145	35	27	34	0	0	0	0	0	0	0	0	0	0	0	0	20665046	
146	1	A	12	N	2500	6	40	263	102	23	16	19	0	0	0	0	0	0	0	0	0	0	0	0	20665140	
147	1	A	12	N	2500	6	40	259	147	44	28	36	0	0	0	0	0	0	0	0	0	0	0	0	20665202	
148	1	A	12	N	2500	0	40	424	166	38	30	38	0	0	0	0	0	0	0	0	0	0	0	0	20665577	
149	1	A	12	N	2500	0	40	382	140	36	25	31	0	0	0	0	0	0	0	0	0	0	0	0	20665857	
150	1	A	12	N	2500	0	40	505	191	38	32	40	0	0	0	0	0	0	0	0	0	0	0	0	20665873	
151	1	A	12	N	2500	0	40	304	172	40	32	43	0	0	0	0	0	0	0	0	0	0	0	0	20665873	
152	1	A	12	N	2500	0	40	458	178	37	27	35	0	0	0	0	0	0	0	0	0	0	0	0	20666310	
153	1	A	12	N	2500	0	40	469	207	51	30	43	0	0	0	0	0	0	0	0	0	0	0	0	20666559	
154	1	A	12	N	2500	0	40	337	121	25	19	21	0	0	0	0	0	0	0	0	0	0	0	0	20666840	
155	1	A	12	N	2500	0	40	415	173	43	29	35	0	0	0	0	0	0	0	0	0	0	0	0	20666871	
156	1	A	12	N	2500	0	1	240	95	16	12	20	0	0	0	0	0	0	0	0	0	0	0	0	20667074	
157	1	A	12	N	2500	0	40	309	146	37	25	37	0	0	0	0	0	0	0	0	0	0	0	0	20667246	
158	1	A	12	N	2500	0	40	220	119	28	20	28	0	0	0	0	0	0	0	0	0	0	0	0	20667495	
159	1	A	12	N	2500	0	40	372	136	25	17	24	0	0	0	0	0	0	0	0	0	0	0	0	20667573	
160	1	A	12	N	2500	0	1	554	219	55	37	52	0	0	0	0	0	0	0	0	0	0	0	0	20667714	
161	1	A	12	N	2500	0	40	467	175	39	28	41	0	0	0	0	0	0	0	0	0	0	0	0	20668010	
162	1	A	12	N	2500	0	1	53	9	2	2	4	0	0	0	0	0	0	0	0	0	0	0	0	20668151	
163	1	A	12	N	2500	0	40	198	128	33	26	30	0	0	0	0	0	0	0	0	0	0	0	0	20668182	
164	1	A	12	N	2500	0	40	388	138	32	23	33	0	0	0	0	0	0	0	0	0	0	0	0	20668197	
165	1	A	12	N	2500	0	1	578	215	47	29	40	0	0	0	0	0	0	0	0	0	0	0	0	20668447	
166	1	A	12	N	2500	0	1	53	10	2	2	6	0	0	0	0	0	0	0	0	0	0	0	0	20668478	
167	1	A	12	N	2500	0	40	439	163	42	26	35	0	0	0	0	0	0	0	0	0	0	0	0	20668650	
168	1	A	12	N	2500	0	40	364	125	25	19	25	0	0	0	0	0	0	0	0	0	0	0	0	20668868	
169	1	A	12	N	2500	0	40	348	147	29	24	34	0	0	0	0	0	0	0	0	0	0	0	0	20668977	
170	1	A	12	N	2500	0	1	420	117	26	16	25	0	0	0	0	0	0	0	0	0	0	0	0	20668993	
171	1	A	12	N	2500	0	40	296	173	44	28	38	0	0	0	0	0	0	0	0	0	0	0	0	20669087	
172	1	A	12	N	2500	0	1	133	47	9	6	7	0	0	0	0	0	0	0	0	0	0	0	0	20669165	
173	1	A	12	N	2500	0	40	285	157	41	27	34	0	0	0	0	0	0	0	0	0	0	0	0	20669211	
174	1	A	12	N	2500	0	1	623	314	79	54	78	0	0	0	0	0	0	0	0	0	0	0	0	20669243	
175	1	A	12	N	2500	0	1	98	54	12	9	13	0	0	0	0	0	0	0	0	0	0	0	0	20669274	
176	1	A	12	N	2500	0	1	177	63	13	9	13	0	0	0	0	0	0	0	0	0	0	0	0	20669274	
177	1	A	12	N	2500	0	40	478	196	49	28	38	0	0	0	0	0	0	0	0	0	0	0	0	20669399	
178	1	A	12	N	2500	0	40	293	123	33	21	26	0	0	0	0	0	0	0	0	0	0	0	0	20669445	
179	1	A	12	N	2500	0	1	80	16	1	1	3	0	0	0	0	0	0	0	0	0	0	0	0	20669445	
180	1	A	12	N	2500	0	40	244	124	35	25	34	0	0	0	0	0	0	0	0	0	0	0	0	20669461	
181	1	A	12	N	2500	0	40	234	166	35	29	42	0	0	0	0	0	0	0	0	0	0	0	0	20669461	
182	1	A	12	N	2500	0	40	266	133	32	22	32	0	0	0	0	0	0	0	0	0	0	0	0	20669586	
183	1	A	12	N	2500	0	40	336	162	40	29	40	0	0	0	0	0	0	0	0	0	0	0	0	20669633	
184	1	A	12	N	2500	0	40	404	155	40	24	35	0	0	0	0	0	0	0	0	0	0	0	0	20669820	
185	1	A	12	N	2500	0	40	434	163	39	24	31	0	0	0	0	0	0	0	0	0	0	0	0	20669867	
186	1	A	12	N	2500	0	40	455	183	45	27	37	0	0	0	0	0	0	0	0	0	0	0	0	20669929	
187	1	A	12	N	2500	0	40	431	160	35	26	38	0	0	0	0	0	0	0	0	0	0	0	0	20669991	
188	1	A	12	N	2500	0	1	555	174	37	27	40	0	0	0	0	0	0	0	0	0	0	0	0	20669991	
189	1	A	12	N	2500	0	40	230	106	22	15	19	0	0	0	0	0	0	0	0	0	0	0	0	20670038	
190	1	A	12	N	2500	0	40	434	154	34	24	33	0	0	0	0	0	0	0	0	0	0	0	0	20670194	
191	1	A	12	N	2500	0	40	283	177	49	31	38	0	0	0	0	0	0	0	0	0	0	0	0	20670288	
192	1	A	12	N	2500	0	40	266	99	26	17	23	0	0	0	0	0	0	0	0	0	0	0	0	20670335	
193	1	A	12	N	2500	0	1	55	34	6	6	7	0	0	0	0	0	0	0	0	0	0	0	0	20670335	
194	1	A	12	N	2500	0	40	348	145	31	23	37	0	0	0	0	0	0	0	0	0	0	0	0	20670381	
195	1	A	12	N	2500	0	1	182	108	32	26	32	0	0	0	0	0	0	0	0	0	0	0	0	20670397	
196	1	A	12	N	2500	0	40	280	132	32	20	27	0	0	0	0	0	0	0	0	0	0	0	0	20670444	
197	1	A	12	N	2500	0	40	401	170	33	26	32	0	0	0	0	0	0	0	0	0	0	0	0	20670475	
198	1	A	12	N	2500	0	40	419	170	38	25	36	0	0	0	0	0	0	0	0	0	0	0	0	20670693	
199	1	A	12	N	2500	0	40	359	122	29	21	29	0	0	0	0	0	0	0	0	0	0	0	0	20670709	
200	1	A	12	N	2500	0	40	302	165	41	29	38	0	0	0	0	0	0	0	0	0	0	0	0	20670881	
201	1	A	12	N	2500	0	40	328	166	36	27	36	0	0	0	0	0	0	0	0	0	0	0	0	20671068	
202	1	A	12	N	2500	0	40	407	162	36	26	37	0	0	0	0	0	0	0	0	0	0	0	0	20671317	
203	1	A	12	N	2500	0	40	330	132	29	21	32	0	0	0	0	0	0	0	0	0	0	0	0	20671895	
204	1	A	12	N	2500	0	40	267	146	37	25	29	0	0	0	0	0	0	0	0	0	0	0	0	20671941	
205	1	A	12	N	2500	0	1	151	63	10	8	12	0	0	0	0	0	0	0	0	0	0	0	0	20672066	
206	1	B	2	N	2500	2	1	68	12	3	4	10	0	0	0	0	0	0	0	0	0	0	0	0	20696387	
207	1	B	2	N	2500	6	40	491	206	44	35	54	0	0	0	0	0	0	0	0	0	0	0	0	20696543	
208	1	B	2	N	2500	6	40	216	153	38	28	38	0	0	0	0	0	0	0	0	0	0	0	0	20696964	
209	1	B	2	N	2500	6	40	377	151	31	26	39	0	0	0	0	0	0	0	0	0	0	0	0	20697666	
210	1	B	2	N	2500	0	40	371	141	29	22	29	0	0	0	0	0	0	0	0	0	0	0	0	20697775	
211	1	B	2	N	2500	0	40	442	179	43	29	37	0	0	0	0	0	0	0	0	0	0	0	0	20697915	
212	1	B	2	N	2500	0	40	378	156	32	24	31	0	0	0	0	0	0	0	0	0	0	0	0	20698009	
213	1	B	2	N	2500	0	2	166	145	37	30	43	0	0	0	0	0	0	0	0	0	0	0	0	20698009	
214	1	B	2	N	2500	0	40	515	207	49	38	53	0	0	0	0	0	0	0	0	0	0	0	0	20698071	
215	1	B	2	N	2500	0	40	398	165	34	25	37	0	0	0	0	0	0	0	0	0	0	0	0	20698352	
216	1	B	2	N	2500	0	40	406	162	34	24	34	0	0	0	0	0	0	0	0	0	0	0	0	20698399	
217	1	B	2	N	2500	0	40	215	125	30	24	33	0	0	0	0	0	0	0	0	0	0	0	0	20698508	
218	1	B	2	N	2500	0	40	241	123	30	24	32	0	0	0	0	0	0	0	0	0	0	0	0	20698883	
219	1	B	2	N	2500	0	40	450	152	30	24	37	0	0	0	0	0	0	0	0	0	0	0	0	20699132	
220	1	B	2	N	2500	0	40	219	118	28	24	31	0	0	0	0	0	0	0	0	0	0	0	0	20699257	
221	1	B	2	N	2500	0	40	228	135	32	26	33	0	0	0	0	0	0	0	0	0	0	0	0	20699273	
222	1	B	2	N	2500	0	40	389	159	33	27	39	0	0	0	0	0	0	0	0	0	0	0	0	20699319	
223	1	B	2	N	2500	0	40	388	140	27	20	26	0	0	0	0	0	0	0	0	0	0	0	0	20699351	
224	1	B	2	N	2500	0	40	297	158	34	26	30	0	0	0	0	0	0	0	0	0	0	0	0	20699351	
225	1	B	2	N	2500	0	40	384	173	40	29	37	0	0	0	0	0	0	0	0	0	0	0	0	20699397	
226	1	B	2	N	2500	0	40	368	154	35	24	32	0	0	0	0	0	0	0	0	0	0	0	0	20699413	
227	1	B	2	N	2500	0	40	423	160	32	24	35	0	0	0	0	0	0	0	0	0	0	0	0	20699522	
228	1	B	2	N	2500	0	40	298	135	29	22	31	0	0	0	0	0	0	0	0	0	0	0	0	20699787	
229	1	B	2	N	2500	0	40	430	157	35	29	41	0	0	0	0	0	0	0	0	0	0	0	0	20699787	
230	1	B	2	N	2500	0	40	344	143	37	25	30	0	0	0	0	0	0	0	0	0	0	0	0	20699897	
231	1	B	2	N	2500	0	40	374	145	32	22	29	0	0	0	0	0	0	0	0	0	0	0	0	20699943	
232	1	B	2	N	2500	0	40	252	144	33	25	31	0	0	0	0	0	0	0	0	0	0	0	0	20700053	
233	1	B	2	N	2500	0	1	207	79	16	12	18	0	0	0	0	0	0	0	0	0	0	0	0	20700084	
234	1	B	2	N	2500	0	40	244	160	36	27	34	0	0	0	0	0	0	0	0	0	0	0	0	20700349	
235	1	B	2	N	2500	0	40	381	152	34	24	33	0	0	0	0	0	0	0	0	0	0	0	0	20700755	
236	1	B	2	N	2500	0	40	383	159	37	28	35	0	0	0	0	0	0	0	0	0	0	0	0	20700895	
237	1	B	2	N	2500	0	40	173	142	35	30	35	0	0	0	0	0	0	0	0	0	0	0	0	20701020	
238	1	B	2	N	2500	0	40	367	179	36	31	36	0	0	0	0	0	0	0	0	0	0	0	0	20701051	
239	1	B	2	N	2500	0	40	245	134	28	22	28	0	0	0	0	0	0	0	0	0	0	0	0	20701550	
240	1	B	2	N	2500	0	1	89	27	5	4	7	0	0	0	0	0	0	0	0	0	0	0	0	20701659	
241	1	B	2	N	2500	0	40	266	162	35	29	43	0	0	0	0	0	0	0	0	0	0	0	0	20702096	
242	1	B	4	N	2500	2	1	268	85	13	10	16	0	0	0	0	0	0	0	0	0	0	0	0	20724248	
243	1	B	4	N	2500	2	1	93	17	3	3	7	0	0	0	0	0	0	0	0	0	0	0	0	20724264	
244	1	B	4	N	2500	6	40	213	134	25	20	28	0	0	0	0	0	0	0	0	0	0	0	0	20725356	
245	1	B	4	N	2500	2	1	77	14	3	3	6	0	0	0	0	0	0	0	0	0	0	0	0	20726276	
246	1	B	4	N	2500	6	40	266	144	33	26	36	0	0	0	0	0	0	0	0	0	0	0	0	20726432	
247	1	B	4	N	2500	6	40	360	139	29	22	30	0	0	0	0	0	0	0	0	0	0	0	0	20726510	
248	1	B	4	N	2500	0	40	336	128	32	22	31	0	0	0	0	0	0	0	0	0	0	0	0	20726963	
249	1	B	4	N	2500	0	1	72	16	4	4	8	0	0	0	0	0	0	0	0	0	0	0	0	20727836	
250	1	B	4	N	2500	0	40	233	140	32	23	30	0	0	0	0	0	0	0	0	0	0	0	0	20727852	
251	1	B	4	N	2500	0	1	82	22	3	4	10	0	0	0	0	0	0	0	0	0	0	0	0	20727930	
252	1	B	4	N	2500	0	1	130	23	4	5	7	0	0	0	0	0	0	0	0	0	0	0	0	20727961	
253	1	B	4	N	2500	0	40	340	155	34	26	37	0	0	0	0	0	0	0	0	0	0	0	0	20728523	
254	1	B	4	N	2500	0	1	205	93	25	20	28	0	0	0	0	0	0	0	0	0	0	0	0	20728741	
255	1	B	4	N	2500	0	40	379	158	38	24	35	0	0	0	0	0	0	0	0	0	0	0	0	20729256	
256	1	B	4	N	2500	0	40	380	164	35	25	37	0	0	0	0	0	0	0	0	0	0	0	0	20729506	
257	1	B	4	N	2500	0	40	302	133	32	24	33	0	0	0	0	0	0	0	0	0	0	0	0	20730910	
258	1	B	5	N	2500	2	1	121	26	5	6	12	0	0	0	0	0	0	0	0	0	0	0	0	20737992	
259	1	B	6	N	2500	6	40	374	116	23	20	31	0	0	0	0	0	0	0	0	0	0	0	0	20752672	
260	1	B	6	N	2500	6	40	303	114	19	16	15	0	0	0	0	0	0	0	0	0	0	0	0	20753639	
261	1	B	6	N	2500	6	40	321	119	25	18	25	0	0	0	0	0	0	0	0	0	0	0	0	20753732	
262	1	B	6	N	2500	0	1	267	74	13	9	13	0	0	0	0	0	0	0	0	0	0	0	0	20754122	
263	1	B	6	N	2500	0	40	293	89	14	11	12	0	0	0	0	0	0	0	0	0	0	0	0	20754138	
264	1	B	6	N	2500	0	40	373	145	32	22	28	0	0	0	0	0	0	0	0	0	0	0	0	20754154	
265	1	B	6	N	2500	0	1	68	29	3	2	5	0	0	0	0	0	0	0	0	0	0	0	0	20754450	
266	1	B	6	N	2500	0	40	310	86	15	11	17	0	0	0	0	0	0	0	0	0	0	0	0	20754575	
267	1	B	6	N	2500	0	40	333	121	25	19	25	0	0	0	0	0	0	0	0	0	0	0	0	20754778	
268	1	B	6	N	2500	0	40	482	198	42	25	37	0	0	0	0	0	0	0	0	0	0	0	0	20755074	
269	1	B	6	N	2500	0	40	254	163	42	26	36	0	0	0	0	0	0	0	0	0	0	0	0	20755230	
270	1	B	6	N	2500	0	40	313	102	19	14	18	0	0	0	0	0	0	0	0	0	0	0	0	20755386	
271	1	B	6	N	2500	0	40	326	91	15	12	20	0	0	0	0	0	0	0	0	0	0	0	0	20755402	
272	1	B	6	N	2500	0	40	327	96	15	12	16	0	0	0	0	0	0	0	0	0	0	0	0	20755511	
273	1	B	6	N	2500	0	1	144	49	7	5	8	0	0	0	0	0	0	0	0	0	0	0	0	20755542	
274	1	B	6	N	2500	0	1	84	55	12	11	17	0	0	0	0	0	0	0	0	0	0	0	0	20755823	
275	1	B	6	N	2500	0	1	66	52	11	9	10	0	0	0	0	0	0	0	0	0	0	0	0	20755823	
276	1	B	6	N	2500	0	1	195	106	18	15	18	0	0	0	0	0	0	0	0	0	0	0	0	20755916	
277	1	B	6	N	2500	0	1	174	75	15	13	18	0	0	0	0	0	0	0	0	0	0	0	0	20755932	
278	1	B	6	N	2500	0	40	272	90	16	11	18	0	0	0	0	0	0	0	0	0	0	0	0	20756010	
279	1	B	6	N	2500	0	40	485	172	32	25	41	0	0	0	0	0	0	0	0	0	0	0	0	20756166	
280	1	B	6	N	2500	0	1	181	108	19	16	21	0	0	0	0	0	0	0	0	0	0	0	0	20756447	
281	1	B	6	N	2500	0	40	306	90	17	11	20	0	0	0	0	0	0	0	0	0	0	0	0	20756462	
282	1	B	6	N	2500	0	40	259	150	31	24	35	0	0	0	0	0	0	0	0	0	0	0	0	20756603	
283	1	B	6	N	2500	0	1	157	74	16	11	15	0	0	0	0	0	0	0	0	0	0	0	0	20756852	
284	1	B	6	N	2500	0	40	371	134	31	21	31	0	0	0	0	0	0	0	0	0	0	0	0	20756868	
285	1	B	6	N	2500	0	40	373	133	25	17	22	0	0	0	0	0	0	0	0	0	0	0	0	20756962	
286	1	B	6	N	2500	0	40	266	114	18	14	19	0	0	0	0	0	0	0	0	0	0	0	0	20757398	
287	1	B	6	N	2500	0	40	346	128	25	19	28	0	0	0	0	0	0	0	0	0	0	0	0	20757445	
288	1	B	6	N	2500	0	40	366	113	23	16	24	0	0	0	0	0	0	0	0	0	0	0	0	20757508	
289	1	B	6	N	2500	0	40	379	136	27	20	33	0	0	0	0	0	0	0	0	0	0	0	0	20757632	
290	1	B	6	N	2500	0	40	381	131	24	20	26	0	0	0	0	0	0	0	0	0	0	0	0	20757710	
291	1	B	6	N	2500	0	40	231	106	24	19	29	0	0	0	0	0	0	0	0	0	0	0	0	20757960	
292	1	B	6	N	2500	0	40	272	119	21	17	25	0	0	0	0	0	0	0	0	0	0	0	0	20758334	
293	1	B	6	N	2500	0	1	206	74	11	7	11	0	0	0	0	0	0	0	0	0	0	0	0	20758428	
294	1	B	6	N	2500	0	40	284	112	22	15	20	0	0	0	0	0	0	0	0	0	0	0	0	20759520	
295	1	B	7	N	2500	2	1	148	27	12	9	23	0	0	0	0	0	0	0	0	0	0	0	0	20767632	
296	1	B	7	N	2500	2	1	345	62	28	20	49	0	0	0	0	0	0	0	0	0	0	0	0	20767632	
297	1	B	7	N	2500	6	40	393	141	31	20	31	0	0	0	0	0	0	0	0	0	0	0	0	20768599	
298	1	B	8	N	2500	6	40	238	152	32	26	34	0	0	0	0	0	0	0	0	0	0	0	0	20781594	
299	1	B	8	N	2500	6	40	259	132	31	25	33	0	0	0	0	0	0	0	0	0	0	0	0	20782374	
300	1	B	8	N	2500	6	40	346	196	50	42	57	0	0	0	0	0	0	0	0	0	0	0	0	20784012	
301	1	B	8	N	2500	0	40	370	131	25	19	29	0	0	0	0	0	0	0	0	0	0	0	0	20784480	
302	1	B	8	N	2500	0	1	69	36	15	16	29	0	0	0	0	0	0	0	0	0	0	0	0	20784808	
303	1	B	8	N	2500	0	40	394	152	29	19	27	0	0	0	0	0	0	0	0	0	0	0	0	20785868	
304	1	B	8	N	2500	0	40	312	147	30	20	31	0	0	0	0	0	0	0	0	0	0	0	0	20785900	
305	1	B	8	N	2500	0	40	243	145	30	21	28	0	0	0	0	0	0	0	0	0	0	0	0	20785946	
306	1	B	8	N	2500	0	40	256	138	29	23	32	0	0	0	0	0	0	0	0	0	0	0	0	20786102	
307	1	B	8	N	2500	0	40	410	166	33	26	37	0	0	0	0	0	0	0	0	0	0	0	0	20786180	
308	1	B	8	N	2500	0	40	282	136	28	22	29	0	0	0	0	0	0	0	0	0	0	0	0	20786180	
309	1	B	8	N	2500	0	1	261	69	9	7	11	0	0	0	0	0	0	0	0	0	0	0	0	20786305	
310	1	B	10	N	2500	2	1	259	82	32	34	103	0	0	0	0	0	0	0	0	0	0	0	0	20811406	
311	1	B	10	N	2500	6	40	204	130	32	22	30	0	0	0	0	0	0	0	0	0	0	0	0	20812513	
312	1	B	10	N	2500	2	1	145	79	13	11	14	0	0	0	0	0	0	0	0	0	0	0	0	20813309	
313	1	B	10	N	2500	6	40	383	131	28	20	21	0	0	0	0	0	0	0	0	0	0	0	0	20814822	
314	1	B	10	N	2500	6	40	244	106	18	13	17	0	0	0	0	0	0	0	0	0	0	0	0	20814962	
315	1	B	10	N	2500	0	40	388	142	26	19	27	0	0	0	0	0	0	0	0	0	0	0	0	20815025	
316	1	B	10	N	2500	0	1	213	95	27	20	28	0	0	0	0	0	0	0	0	0	0	0	0	20816101	
317	1	B	12	N	2500	2	1	54	15	8	0	0	0	0	0	0	0	0	0	0	0	0	0	0	20839080	
318	1	B	12	N	2500	6	40	320	124	23	18	24	0	0	0	0	0	0	0	0	0	0	0	0	20840359	
319	1	B	12	N	2500	2	1	152	39	4	4	8	0	0	0	0	0	0	0	0	0	0	0	0	20840531	
320	1	B	12	N	2500	6	40	333	160	45	36	49	0	0	0	0	0	0	0	0	0	0	0	0	20841077	
321	1	B	12	N	2500	6	40	359	143	28	24	35	0	0	0	0	0	0	0	0	0	0	0	0	20841108	
322	1	B	12	N	2500	0	1	205	95	17	16	22	0	0	0	0	0	0	0	0	0	0	0	0	20841327	
323	1	B	12	N	2500	0	1	484	145	23	19	31	0	0	0	0	0	0	0	0	0	0	0	0	20841389	
324	1	B	12	N	2500	0	40	264	114	25	17	23	0	0	0	0	0	0	0	0	0	0	0	0	20841717	
325	1	B	12	N	2500	0	40	326	161	34	22	31	0	0	0	0	0	0	0	0	0	0	0	0	20841763	
326	1	B	12	N	2500	0	40	446	163	40	25	34	0	0	0	0	0	0	0	0	0	0	0	0	20841826	
327	1	B	12	N	2500	0	40	428	158	30	26	37	0	0	0	0	0	0	0	0	0	0	0	0	20841857	
328	1	B	12	N	2500	0	1	285	77	12	11	16	0	0	0	0	0	0	0	0	0	0	0	0	20842263	
329	1	B	12	N	2500	0	40	270	131	27	20	25	0	0	0	0	0	0	0	0	0	0	0	0	20842777	
330	1	B	12	N	2500	0	40	241	130	26	18	24	0	0	0	0	0	0	0	0	0	0	0	0	20842824	
331	1	B	12	N	2500	0	1	419	121	19	16	25	0	0	0	0	0	0	0	0	0	0	0	0	20842933	
332	1	B	12	N	2500	0	40	215	115	22	16	23	0	0	0	0	0	0	0	0	0	0	0	0	20843745	
333	1	B	12	N	2500	0	40	336	95	20	14	22	0	0	0	0	0	0	0	0	0	0	0	0	20843760	
334	1	B	12	N	2500	0	40	297	138	29	20	28	0	0	0	0	0	0	0	0	0	0	0	0	20843916	
335	1	B	12	N	2500	0	40	227	127	25	23	30	0	0	0	0	0	0	0	0	0	0	0	0	20843963	
336	1	B	12	N	2500	0	40	303	94	15	11	16	0	0	0	0	0	0	0	0	0	0	0	0	20844166	
337	1	B	12	N	2500	0	2	142	132	30	22	30	0	0	0	0	0	0	0	0	0	0	0	0	20844228	
338	1	B	12	N	2500	0	40	435	156	35	27	35	0	0	0	0	0	0	0	0	0	0	0	0	20844244	
339	1	B	12	N	2500	0	40	312	114	23	16	22	0	0	0	0	0	0	0	0	0	0	0	0	20844556	
340	1	B	12	N	2500	0	40	230	128	19	16	26	0	0	0	0	0	0	0	0	0	0	0	0	20844712	
341	1	B	12	N	2500	0	40	213	135	33	22	27	0	0	0	0	0	0	0	0	0	0	0	0	20846225	
342	1	C	2	N	2500	6	40	205	131	25	18	25	0	0	0	0	0	0	0	0	0	0	0	0	20869266	
343	1	C	2	N	2500	6	40	195	112	25	18	25	0	0	0	0	0	0	0	0	0	0	0	0	20869500	
344	1	C	2	N	2500	2	1	449	139	32	22	32	0	0	0	0	0	0	0	0	0	0	0	0	20870140	
345	1	C	2	N	2500	6	40	382	150	30	23	34	0	0	0	0	0	0	0	0	0	0	0	0	20870265	
346	1	C	2	N	2500	0	40	312	92	15	14	18	0	0	0	0	0	0	0	0	0	0	0	0	20870561	
347	1	C	2	N	2500	0	1	183	84	18	12	17	0	0	0	0	0	0	0	0	0	0	0	0	20871045	
348	1	C	2	N	2500	0	40	320	104	17	14	19	0	0	0	0	0	0	0	0	0	0	0	0	20871091	
349	1	C	2	N	2500	0	1	204	106	21	16	23	0	0	0	0	0	0	0	0	0	0	0	0	20872995	
350	1	C	2	N	2500	0	40	331	118	23	18	26	0	0	0	0	0	0	0	0	0	0	0	0	20873431	
351	1	C	2	N	2500	0	1	196	105	22	18	25	0	0	0	0	0	0	0	0	0	0	0	0	20875381	
352	1	C	2	N	2500	0	40	254	112	23	18	26	0	0	0	0	0	0	0	0	0	0	0	0	20876115	
353	1	C	2	N	2500	0	1	210	55	8	6	10	0	0	0	0	0	0	0	0	0	0	0	0	20876380	
354	1	C	4	N	2500	6	40	351	118	23	19	27	0	0	0	0	0	0	0	0	0	0	0	0	20898313	
355	1	C	4	N	2500	6	40	351	130	28	19	26	0	0	0	0	0	0	0	0	0	0	0	0	20899686	
356	1	C	4	N	2500	6	40	529	208	40	33	52	0	0	0	0	0	0	0	0	0	0	0	0	20899920	
357	1	C	4	N	2500	0	40	375	143	31	21	27	0	0	0	0	0	0	0	0	0	0	0	0	20900076	
358	1	C	4	N	2500	0	1	163	98	22	14	17	0	0	0	0	0	0	0	0	0	0	0	0	20900326	
359	1	C	4	N	2500	0	40	306	102	23	15	23	0	0	0	0	0	0	0	0	0	0	0	0	20900482	
360	1	C	4	N	2500	0	40	381	143	24	19	30	0	0	0	0	0	0	0	0	0	0	0	0	20900482	
361	1	C	4	N	2500	0	1	105	27	4	3	4	0	0	0	0	0	0	0	0	0	0	0	0	20900560	
362	1	C	4	N	2500	0	1	97	49	10	8	10	0	0	0	0	0	0	0	0	0	0	0	0	20900560	
363	1	C	4	N	2500	0	1	63	15	3	2	3	0	0	0	0	0	0	0	0	0	0	0	0	20900653	
364	1	C	4	N	2500	0	40	224	116	23	20	23	0	0	0	0	0	0	0	0	0	0	0	0	20900653	
365	1	C	4	N	2500	0	1	245	89	17	14	17	0	0	0	0	0	0	0	0	0	0	0	0	20900919	
366	1	C	4	N	2500	0	40	326	136	30	20	28	0	0	0	0	0	0	0	0	0	0	0	0	20900997	
367	1	C	4	N	2500	0	1	66	22	4	5	9	0	0	0	0	0	0	0	0	0	0	0	0	20901589	
368	1	C	4	N	2500	0	40	199	111	32	24	30	0	0	0	0	0	0	0	0	0	0	0	0	20902650	
369	1	C	4	N	2500	0	1	263	90	20	13	19	0	0	0	0	0	0	0	0	0	0	0	0	20902666	
370	1	C	4	N	2500	0	40	353	101	17	12	16	0	0	0	0	0	0	0	0	0	0	0	0	20903025	
371	1	C	4	N	2500	0	40	262	142	30	23	34	0	0	0	0	0	0	0	0	0	0	0	0	20903321	
372	1	C	4	N	2500	0	1	84	32	29	40	70	0	0	0	0	0	0	0	0	0	0	0	0	20903586	
373	1	C	4	N	2500	0	1	61	20	3	4	7	0	0	0	0	0	0	0	0	0	0	0	0	20903649	
374	1	C	4	N	2500	0	40	344	126	26	20	30	0	0	0	0	0	0	0	0	0	0	0	0	20903820	
375	1	C	4	N	2500	0	40	331	135	31	25	31	0	0	0	0	0	0	0	0	0	0	0	0	20904226	
376	1	C	5	N	2500	6	40	200	122	27	20	25	0	0	0	0	0	0	0	0	0	0	0	0	20916987	
377	1	C	6	N	2500	6	40	243	132	27	21	27	0	0	0	0	0	0	0	0	0	0	0	0	20926612	
378	1	C	6	N	2500	2	1	122	35	6	4	9	0	0	0	0	0	0	0	0	0	0	0	0	20926643	
379	1	C	6	N	2500	6	40	272	161	38	26	36	0	0	0	0	0	0	0	0	0	0	0	0	20927439	
380	1	C	6	N	2500	6	40	237	119	23	18	26	0	0	0	0	0	0	0	0	0	0	0	0	20929623	
381	1	C	6	N	2500	0	1	93	21	4	4	6	0	0	0	0	0	0	0	0	0	0	0	0	20929794	
382	1	C	6	N	2500	0	40	270	115	22	18	31	0	0	0	0	0	0	0	0	0	0	0	0	20930730	
383	1	C	6	N	2500	0	40	214	152	32	24	30	0	0	0	0	0	0	0	0	0	0	0	0	20930808	
384	1	C	6	N	2500	0	1	81	19	3	4	7	0	0	0	0	0	0	0	0	0	0	0	0	20930824	
385	1	C	6	N	2500	0	40	371	117	23	14	23	0	0	0	0	0	0	0	0	0	0	0	0	20930949	
386	1	C	6	N	2500	0	40	249	135	25	18	25	0	0	0	0	0	0	0	0	0	0	0	0	20931073	
387	1	C	6	N	2500	0	1	61	18	3	4	9	0	0	0	0	0	0	0	0	0	0	0	0	20931167	
388	1	C	6	N	2500	0	1	162	79	15	10	14	0	0	0	0	0	0	0	0	0	0	0	0	20931479	
389	1	C	6	N	2500	0	40	172	148	34	25	37	0	0	0	0	0	0	0	0	0	0	0	0	20931573	
390	1	C	6	N	2500	0	40	375	156	40	26	37	0	0	0	0	0	0	0	0	0	0	0	0	20931697	
391	1	C	6	N	2500	0	1	165	119	23	20	26	0	0	0	0	0	0	0	0	0	0	0	0	20932321	
392	1	C	6	N	2500	0	1	134	24	2	1	2	0	0	0	0	0	0	0	0	0	0	0	0	20933710	
393	1	C	7	N	2500	2	1	92	19	3	4	6	0	0	0	0	0	0	0	0	0	0	0	0	20942290	
394	1	C	8	N	2500	2	1	214	77	19	15	19	0	0	0	0	0	0	0	0	0	0	0	0	20955675	
395	1	C	8	N	2500	2	1	58	16	2	3	5	0	0	0	0	0	0	0	0	0	0	0	0	20957032	
396	1	C	8	N	2500	2	1	210	81	20	15	22	0	0	0	0	0	0	0	0	0	0	0	0	20957375	
397	1	C	8	N	2500	2	1	77	21	4	4	6	0	0	0	0	0	0	0	0	0	0	0	0	20957672	
398	1	C	8	N	2500	2	1	92	22	3	3	5	0	0	0	0	0	0	0	0	0	0	0	0	20957687	
399	1	C	8	N	2500	6	40	299	135	34	24	30	0	0	0	0	0	0	0	0	0	0	0	0	20957828	
400	1	C	8	N	2500	6	40	356	97	15	12	22	0	0	0	0	0	0	0	0	0	0	0	0	20958389	
401	1	C	8	N	2500	2	1	131	34	6	4	5	0	0	0	0	0	0	0	0	0	0	0	0	20958701	
402	1	C	8	N	2500	6	40	423	136	28	19	31	0	0	0	0	0	0	0	0	0	0	0	0	20958888	
403	1	C	8	N	2500	0	40	355	123	27	19	27	0	0	0	0	0	0	0	0	0	0	0	0	20959762	
404	1	C	8	N	2500	0	40	306	99	19	12	18	0	0	0	0	0	0	0	0	0	0	0	0	20959778	
405	1	C	8	N	2500	0	40	451	161	33	24	34	0	0	0	0	0	0	0	0	0	0	0	0	20959918	
406	1	C	8	N	2500	0	40	256	128	26	21	29	0	0	0	0	0	0	0	0	0	0	0	0	20959996	
407	1	C	8	N	2500	0	1	188	86	16	15	23	0	0	0	0	0	0	0	0	0	0	0	0	20959996	
408	1	C	8	N	2500	0	40	217	109	20	16	22	0	0	0	0	0	0	0	0	0	0	0	0	20960090	
409	1	C	8	N	2500	0	1	284	83	14	9	13	0	0	0	0	0	0	0	0	0	0	0	0	20960386	
410	1	C	8	N	2500	0	1	131	59	11	10	13	0	0	0	0	0	0	0	0	0	0	0	0	20960792	
411	1	C	8	N	2500	0	1	431	109	21	15	20	0	0	0	0	0	0	0	0	0	0	0	0	20960807	
412	1	C	8	N	2500	0	40	350	120	29	22	31	0	0	0	0	0	0	0	0	0	0	0	0	20960854	
413	1	C	8	N	2500	0	1	290	83	16	11	14	0	0	0	0	0	0	0	0	0	0	0	0	20960854	
414	1	C	8	N	2500	0	40	332	110	20	16	24	0	0	0	0	0	0	0	0	0	0	0	0	20960994	
415	1	C	8	N	2500	0	1	161	77	11	9	13	0	0	0	0	0	0	0	0	0	0	0	0	20961338	
416	1	C	8	N	2500	0	1	181	97	18	14	16	0	0	0	0	0	0	0	0	0	0	0	0	20961852	
417	1	C	8	N	2500	0	1	208	63	10	10	19	0	0	0	0	0	0	0	0	0	0	0	0	20961899	
418	1	C	9	N	2500	2	1	80	62	25	35	64	0	0	0	0	0	0	0	0	0	0	0	0	20971571	
419	1	C	9	N	2500	6	40	354	133	28	21	31	0	0	0	0	0	0	0	0	0	0	0	0	20975378	
420	1	C	10	N	2500	2	1	51	10	1	1	1	0	0	0	0	0	0	0	0	0	0	0	0	20989620	
421	1	C	10	N	2500	2	1	224	82	13	11	18	0	0	0	0	0	0	0	0	0	0	0	0	20989620	
422	1	C	10	N	2500	2	1	215	103	24	20	27	0	0	0	0	0	0	0	0	0	0	0	0	20990010	
423	1	C	11	N	2500	2	1	73	43	10	13	24	0	0	0	0	0	0	0	0	0	0	0	0	21005969	
424	1	C	12	N	2500	6	40	266	123	25	19	22	0	0	0	0	0	0	0	0	0	0	0	0	21013816	
425	1	C	12	N	2500	6	40	232	142	39	25	30	0	0	0	0	0	0	0	0	0	0	0	0	21014159	
426	1	C	12	N	2500	6	40	343	124	30	19	27	0	0	0	0	0	0	0	0	0	0	0	0	21014487	
427	1	C	12	N	2500	0	40	227	136	31	23	34	0	0	0	0	0	0	0	0	0	0	0	0	21014502	
428	1	C	12	N	2500	0	1	109	69	15	13	17	0	0	0	0	0	0	0	0	0	0	0	0	21014612	
429	1	C	12	N	2500	0	1	135	62	15	11	13	0	0	0	0	0	0	0	0	0	0	0	0	21014612	
430	1	C	12	N	2500	0	40	324	158	37	28	36	0	0	0	0	0	0	0	0	0	0	0	0	21015017	
431	1	C	12	N	2500	0	40	217	120	37	23	32	0	0	0	0	0	0	0	0	0	0	0	0	21015360	
432	1	C	12	N	2500	0	40	274	144	31	27	37	0	0	0	0	0	0	0	0	0	0	0	0	21015392	
433	1	C	12	N	2500	0	40	231	143	32	24	28	0	0	0	0	0	0	0	0	0	0	0	0	21015470	
434	1	C	12	N	2500	0	40	268	156	37	28	37	0	0	0	0	0	0	0	0	0	0	0	0	21015860	
435	1	C	12	N	2500	0	40	378	136	29	18	24	0	0	0	0	0	0	0	0	0	0	0	0	21015906	
436	1	C	12	N	2500	0	40	317	143	32	25	34	0	0	0	0	0	0	0	0	0	0	0	0	21015953	
437	1	C	12	N	2500	0	40	246	145	34	25	31	0	0	0	0	0	0	0	0	0	0	0	0	21016296	
438	1	C	12	N	2500	0	40	395	155	36	27	35	0	0	0	0	0	0	0	0	0	0	0	0	21016484	
439	1	C	12	N	2500	0	40	374	146	33	24	33	0	0	0	0	0	0	0	0	0	0	0	0	21016920	
440	1	C	12	N	2500	0	40	409	168	33	27	36	0	0	0	0	0	0	0	0	0	0	0	0	21016936	
441	1	C	12	N	2500	0	40	395	149	33	23	35	0	0	0	0	0	0	0	0	0	0	0	0	21016998	
442	1	C	12	N	2500	0	40	336	118	24	17	25	0	0	0	0	0	0	0	0	0	0	0	0	21017108	
443	1	C	12	N	2500	0	40	195	117	21	15	20	0	0	0	0	0	0	0	0	0	0	0	0	21017264	
444	1	C	12	N	2500	0	1	196	100	32	22	26	0	0	0	0	0	0	0	0	0	0	0	0	21017279	
445	1	C	12	N	2500	0	40	297	99	21	15	22	0	0	0	0	0	0	0	0	0	0	0	0	21017342	
446	1	C	12	N	2500	0	40	213	149	38	24	34	0	0	0	0	0	0	0	0	0	0	0	0	21017591	
447	1	C	12	N	2500	0	40	302	150	34	25	37	0	0	0	0	0	0	0	0	0	0	0	0	21017669	
448	1	C	12	N	2500	0	40	286	123	30	23	29	0	0	0	0	0	0	0	0	0	0	0	0	21017716	
449	1	C	12	N	2500	0	40	414	129	25	19	28	0	0	0	0	0	0	0	0	0	0	0	0	21017997	
450	1	C	12	N	2500	0	40	444	157	34	25	42	0	0	0	0	0	0	0	0	0	0	0	0	21018028	
451	1	C	12	N	2500	0	40	395	148	34	23	32	0	0	0	0	0	0	0	0	0	0	0	0	21018044	
452	1	C	12	N	2500	0	40	329	120	31	20	26	0	0	0	0	0	0	0	0	0	0	0	0	21018106	
453	1	C	12	N	2500	0	1	168	110	25	16	21	0	0	0	0	0	0	0	0	0	0	0	0	21018262	
454	1	C	12	N	2500	0	40	340	158	36	26	35	0	0	0	0	0	0	0	0	0	0	0	0	21018356	
455	1	C	12	N	2500	0	40	293	178	45	31	45	0	0	0	0	0	0	0	0	0	0	0	0	21018699	
456	1	C	12	N	2500	0	40	376	149	31	24	34	0	0	0	0	0	0	0	0	0	0	0	0	21019260	
457	1	C	12	N	2500	0	40	325	166	46	27	36	0	0	0	0	0	0	0	0	0	0	0	0	21019338	
458	1	C	12	N	2500	0	40	318	136	35	25	33	0	0	0	0	0	0	0	0	0	0	0	0	21019494	
459	1	C	12	N	2500	0	40	387	142	31	24	34	0	0	0	0	0	0	0	0	0	0	0	0	21019962	
460	1	C	12	N	2500	0	40	243	159	36	28	35	0	0	0	0	0	0	0	0	0	0	0	0	21020181	
461	1	C	12	N	2500	0	40	204	135	29	21	27	0	0	0	0	0	0	0	0	0	0	0	0	21020181	
462	1	C	12	N	2500	0	1	248	63	7	5	8	0	0	0	0	0	0	0	0	0	0	0	0	21020664	
463	1	C	12	N	2500	0	40	476	196	42	31	45	0	0	0	0	0	0	0	0	0	0	0	0	21020680	
464	1	C	12	N	2500	0	40	231	154	35	29	34	0	0	0	0	0	0	0	0	0	0	0	0	21020727	
465	1	D	2	N	2500	6	40	331	122	25	21	31	0	0	0	0	0	0	0	0	0	0	0	0	21044470	
466	1	D	2	N	2500	6	40	272	121	27	22	28	0	0	0	0	0	0	0	0	0	0	0	0	21044564	
467	1	D	2	N	2500	6	40	340	134	29	21	28	0	0	0	0	0	0	0	0	0	0	0	0	21044829	
468	1	D	2	N	2500	0	40	244	125	35	23	35	0	0	0	0	0	0	0	0	0	0	0	0	21045172	
469	1	D	2	N	2500	0	1	198	105	19	14	20	0	0	0	0	0	0	0	0	0	0	0	0	21045593	
470	1	D	2	N	2500	0	40	298	134	28	20	28	0	0	0	0	0	0	0	0	0	0	0	0	21045702	
471	1	D	2	N	2500	0	1	162	77	17	12	19	0	0	0	0	0	0	0	0	0	0	0	0	21045936	
472	1	D	2	N	2500	0	40	361	145	33	24	34	0	0	0	0	0	0	0	0	0	0	0	0	21046295	
473	1	D	2	N	2500	0	40	299	104	18	13	17	0	0	0	0	0	0	0	0	0	0	0	0	21046436	
474	1	D	2	N	2500	0	40	219	104	25	19	28	0	0	0	0	0	0	0	0	0	0	0	0	21046498	
475	1	D	2	N	2500	0	40	278	121	34	23	35	0	0	0	0	0	0	0	0	0	0	0	0	21046638	
476	1	D	2	N	2500	0	1	210	103	16	14	21	0	0	0	0	0	0	0	0	0	0	0	0	21046826	
477	1	D	2	N	2500	0	40	329	123	26	19	27	0	0	0	0	0	0	0	0	0	0	0	0	21046904	
478	1	D	2	N	2500	0	40	356	115	22	17	21	0	0	0	0	0	0	0	0	0	0	0	0	21046919	
479	1	D	2	N	2500	0	40	306	129	25	20	25	0	0	0	0	0	0	0	0	0	0	0	0	21046935	
480	1	D	2	N	2500	0	40	280	138	34	25	34	0	0	0	0	0	0	0	0	0	0	0	0	21046966	
481	1	D	2	N	2500	0	40	421	169	37	27	36	0	0	0	0	0	0	0	0	0	0	0	0	21047044	
482	1	D	2	N	2500	0	40	379	140	31	21	30	0	0	0	0	0	0	0	0	0	0	0	0	21047091	
483	1	D	2	N	2500	0	1	274	87	16	11	18	0	0	0	0	0	0	0	0	0	0	0	0	21047496	
484	1	D	2	N	2500	0	40	409	143	26	19	27	0	0	0	0	0	0	0	0	0	0	0	0	21047528	
485	1	D	2	N	2500	0	1	169	90	19	17	23	0	0	0	0	0	0	0	0	0	0	0	0	21047668	
486	1	D	2	N	2500	0	40	263	142	36	22	30	0	0	0	0	0	0	0	0	0	0	0	0	21047871	
487	1	D	2	N	2500	0	40	324	140	38	27	37	0	0	0	0	0	0	0	0	0	0	0	0	21047902	
488	1	D	2	N	2500	0	40	226	133	30	25	34	0	0	0	0	0	0	0	0	0	0	0	0	21048011	
489	1	D	2	N	2500	0	40	240	118	30	19	24	0	0	0	0	0	0	0	0	0	0	0	0	21048152	
490	1	D	2	N	2500	0	40	254	148	40	27	35	0	0	0	0	0	0	0	0	0	0	0	0	21048198	
491	1	D	2	N	2500	0	40	349	148	34	25	34	0	0	0	0	0	0	0	0	0	0	0	0	21048214	
492	1	D	2	N	2500	0	40	236	107	24	19	25	0	0	0	0	0	0	0	0	0	0	0	0	21048261	
493	1	D	2	N	2500	0	40	255	127	34	24	31	0	0	0	0	0	0	0	0	0	0	0	0	21048276	
494	1	D	2	N	2500	0	40	322	112	21	14	19	0	0	0	0	0	0	0	0	0	0	0	0	21048292	
495	1	D	2	N	2500	0	40	294	147	32	23	33	0	0	0	0	0	0	0	0	0	0	0	0	21048292	
496	1	D	2	N	2500	0	40	369	146	30	20	30	0	0	0	0	0	0	0	0	0	0	0	0	21048339	
497	1	D	2	N	2500	0	40	355	126	27	18	27	0	0	0	0	0	0	0	0	0	0	0	0	21048339	
498	1	D	2	N	2500	0	1	216	60	15	10	13	0	0	0	0	0	0	0	0	0	0	0	0	21048370	
499	1	D	2	N	2500	0	1	189	65	14	13	17	0	0	0	0	0	0	0	0	0	0	0	0	21048370	
500	1	D	2	N	2500	0	1	261	79	14	10	15	0	0	0	0	0	0	0	0	0	0	0	0	21048510	
501	1	D	2	N	2500	0	40	332	172	39	31	40	0	0	0	0	0	0	0	0	0	0	0	0	21048573	
502	1	D	2	N	2500	0	40	382	143	34	22	32	0	0	0	0	0	0	0	0	0	0	0	0	21048729	
503	1	D	2	N	2500	0	40	346	135	30	23	31	0	0	0	0	0	0	0	0	0	0	0	0	21048760	
504	1	D	2	N	2500	0	1	135	62	13	8	12	0	0	0	0	0	0	0	0	0	0	0	0	21049150	
505	1	D	2	N	2500	0	40	287	115	32	23	32	0	0	0	0	0	0	0	0	0	0	0	0	21049228	
506	1	D	2	N	2500	0	40	291	118	30	21	32	0	0	0	0	0	0	0	0	0	0	0	0	21049290	
507	1	D	2	N	2500	0	40	191	135	30	24	30	0	0	0	0	0	0	0	0	0	0	0	0	21049337	
508	1	D	2	N	2500	0	1	180	96	29	20	27	0	0	0	0	0	0	0	0	0	0	0	0	21049353	
509	1	D	2	N	2500	0	40	344	126	26	20	28	0	0	0	0	0	0	0	0	0	0	0	0	21049384	
510	1	D	2	N	2500	0	40	355	153	32	24	36	0	0	0	0	0	0	0	0	0	0	0	0	21049524	
511	1	D	2	N	2500	0	40	305	125	28	21	30	0	0	0	0	0	0	0	0	0	0	0	0	21050024	
512	1	D	2	N	2500	0	1	220	82	24	17	21	0	0	0	0	0	0	0	0	0	0	0	0	21050850	
513	1	D	2	N	2500	0	1	104	43	52	66	104	0	0	0	0	0	0	0	0	0	0	0	0	21050975	
514	1	D	3	N	2500	6	40	229	154	33	26	34	0	0	0	0	0	0	0	0	0	0	0	0	21059134	
515	1	D	3	N	2500	2	1	215	46	19	17	179	0	0	0	0	0	0	0	0	0	0	0	0	21063408	
516	1	D	4	N	2500	2	1	103	28	4	4	6	0	0	0	0	0	0	0	0	0	0	0	0	21073439	
517	1	D	4	N	2500	2	1	119	40	5	5	6	0	0	0	0	0	0	0	0	0	0	0	0	21073439	
518	1	D	4	N	2500	2	1	160	33	6	6	15	0	0	0	0	0	0	0	0	0	0	0	0	21073549	
519	1	D	4	N	2500	6	40	294	121	25	17	27	0	0	0	0	0	0	0	0	0	0	0	0	21073580	
520	1	D	4	N	2500	6	40	361	113	20	13	14	0	0	0	0	0	0	0	0	0	0	0	0	21073985	
521	1	D	4	N	2500	2	1	117	22	5	6	12	0	0	0	0	0	0	0	0	0	0	0	0	21074765	
522	1	D	4	N	2500	2	1	128	62	8	6	7	0	0	0	0	0	0	0	0	0	0	0	0	21074828	
523	1	D	4	N	2500	6	40	262	170	35	25	35	0	0	0	0	0	0	0	0	0	0	0	0	21074859	
524	1	D	4	N	2500	0	1	67	23	5	7	11	0	0	0	0	0	0	0	0	0	0	0	0	21075062	
525	1	D	4	N	2500	0	1	61	17	3	4	7	0	0	0	0	0	0	0	0	0	0	0	0	21075109	
526	1	D	4	N	2500	0	1	50	9	1	2	4	0	0	0	0	0	0	0	0	0	0	0	0	21075280	
527	1	D	4	N	2500	0	1	75	27	5	6	12	0	0	0	0	0	0	0	0	0	0	0	0	21076903	
528	1	D	4	N	2500	0	40	518	196	42	30	43	0	0	0	0	0	0	0	0	0	0	0	0	21077183	
529	1	D	4	N	2500	0	40	286	109	22	16	19	0	0	0	0	0	0	0	0	0	0	0	0	21077605	
530	1	D	4	N	2500	0	40	362	119	25	17	23	0	0	0	0	0	0	0	0	0	0	0	0	21077761	
531	1	D	4	N	2500	0	1	236	70	12	10	19	0	0	0	0	0	0	0	0	0	0	0	0	21078338	
532	1	D	4	N	2500	0	40	322	167	40	27	37	0	0	0	0	0	0	0	0	0	0	0	0	21078385	
533	1	D	4	N	2500	0	1	70	17	5	6	11	0	0	0	0	0	0	0	0	0	0	0	0	21079633	
534	1	D	4	N	2500	0	40	218	153	45	27	35	0	0	0	0	0	0	0	0	0	0	0	0	21080007	
535	1	D	5	N	2500	6	40	385	118	23	16	21	0	0	0	0	0	0	0	0	0	0	0	0	21089164	
536	1	D	6	N	2500	6	40	235	121	24	18	26	0	0	0	0	0	0	0	0	0	0	0	0	21103095	
537	1	D	6	N	2500	6	40	268	132	30	23	27	0	0	0	0	0	0	0	0	0	0	0	0	21103235	
538	1	D	6	N	2500	2	1	237	75	15	12	18	0	0	0	0	0	0	0	0	0	0	0	0	21103391	
539	1	D	6	N	2500	2	1	95	80	21	17	23	0	0	0	0	0	0	0	0	0	0	0	0	21103391	
540	1	D	6	N	2500	6	40	410	165	36	23	32	0	0	0	0	0	0	0	0	0	0	0	0	21103859	
541	1	D	6	N	2500	0	40	274	137	29	21	31	0	0	0	0	0	0	0	0	0	0	0	0	21104203	
542	1	D	6	N	2500	0	40	230	125	32	24	31	0	0	0	0	0	0	0	0	0	0	0	0	21104374	
543	1	D	6	N	2500	0	1	166	45	8	6	9	0	0	0	0	0	0	0	0	0	0	0	0	21104561	
544	1	D	6	N	2500	0	1	114	66	14	12	16	0	0	0	0	0	0	0	0	0	0	0	0	21104561	
545	1	D	6	N	2500	0	40	253	138	34	23	32	0	0	0	0	0	0	0	0	0	0	0	0	21104655	
546	1	D	6	N	2500	0	40	220	148	41	26	35	0	0	0	0	0	0	0	0	0	0	0	0	21104764	
547	1	D	6	N	2500	0	1	234	99	24	17	24	0	0	0	0	0	0	0	0	0	0	0	0	21104811	
548	1	D	6	N	2500	0	1	469	148	31	22	30	0	0	0	0	0	0	0	0	0	0	0	0	21104936	
549	1	D	6	N	2500	0	1	70	14	1	1	1	0	0	0	0	0	0	0	0	0	0	0	0	21104936	
550	1	D	6	N	2500	0	1	204	98	15	11	17	0	0	0	0	0	0	0	0	0	0	0	0	21105217	
551	1	D	6	N	2500	0	40	462	156	31	23	38	0	0	0	0	0	0	0	0	0	0	0	0	21105279	
552	1	D	6	N	2500	0	1	81	24	4	5	11	0	0	0	0	0	0	0	0	0	0	0	0	21105544	
553	1	D	6	N	2500	0	40	312	169	33	25	34	0	0	0	0	0	0	0	0	0	0	0	0	21106028	
554	1	D	6	N	2500	0	40	407	147	32	23	30	0	0	0	0	0	0	0	0	0	0	0	0	21106433	
555	1	D	6	N	2500	0	40	365	131	28	21	24	0	0	0	0	0	0	0	0	0	0	0	0	21106574	
556	1	D	6	N	2500	0	40	306	144	27	19	29	0	0	0	0	0	0	0	0	0	0	0	0	21106636	
557	1	D	6	N	2500	0	1	72	17	2	2	3	0	0	0	0	0	0	0	0	0	0	0	0	21106652	
558	1	D	6	N	2500	0	40	291	128	35	23	33	0	0	0	0	0	0	0	0	0	0	0	0	21106808	
559	1	D	6	N	2500	0	40	438	150	31	24	30	0	0	0	0	0	0	0	0	0	0	0	0	21106808	
560	1	D	6	N	2500	0	1	138	122	31	21	32	0	0	0	0	0	0	0	0	0	0	0	0	21106808	
561	1	D	6	N	2500	0	40	250	178	42	26	39	0	0	0	0	0	0	0	0	0	0	0	0	21106979	
562	1	D	6	N	2500	0	1	274	66	13	11	18	0	0	0	0	0	0	0	0	0	0	0	0	21107182	
563	1	D	6	N	2500	0	1	467	132	26	19	28	0	0	0	0	0	0	0	0	0	0	0	0	21107463	
564	1	D	6	N	2500	0	1	86	51	8	7	10	0	0	0	0	0	0	0	0	0	0	0	0	21107510	
565	1	D	6	N	2500	0	1	97	20	4	2	5	0	0	0	0	0	0	0	0	0	0	0	0	21107510	
566	1	D	6	N	2500	0	40	397	137	26	18	27	0	0	0	0	0	0	0	0	0	0	0	0	21107619	
567	1	D	6	N	2500	0	40	349	173	45	27	36	0	0	0	0	0	0	0	0	0	0	0	0	21107837	
568	1	D	6	N	2500	0	40	493	196	39	31	46	0	0	0	0	0	0	0	0	0	0	0	0	21108025	
569	1	D	6	N	2500	0	40	222	131	24	18	26	0	0	0	0	0	0	0	0	0	0	0	0	21108040	
570	1	D	6	N	2500	0	1	52	18	3	5	9	0	0	0	0	0	0	0	0	0	0	0	0	21108071	
571	1	D	6	N	2500	0	40	197	137	26	20	30	0	0	0	0	0	0	0	0	0	0	0	0	21108165	
572	1	D	7	N	2500	6	40	465	179	41	26	32	0	0	0	0	0	0	0	0	0	0	0	0	21116386	
573	1	D	8	N	2500	2	1	385	95	14	12	22	0	0	0	0	0	0	0	0	0	0	0	0	21130301	
574	1	D	8	N	2500	2	1	59	12	4	5	9	0	0	0	0	0	0	0	0	0	0	0	0	21130660	
575	1	D	8	N	2500	2	1	423	115	19	15	23	0	0	0	0	0	0	0	0	0	0	0	0	21130863	
576	1	D	8	N	2500	6	40	309	147	27	21	29	0	0	0	0	0	0	0	0	0	0	0	0	21131409	
577	1	D	8	N	2500	2	1	293	74	8	8	17	0	0	0	0	0	0	0	0	0	0	0	0	21132376	
578	1	D	8	N	2500	6	40	340	108	17	12	17	0	0	0	0	0	0	0	0	0	0	0	0	21132485	
579	1	D	8	N	2500	6	40	315	134	30	20	25	0	0	0	0	0	0	0	0	0	0	0	0	21132673	
580	1	D	8	N	2500	0	40	342	131	22	17	25	0	0	0	0	0	0	0	0	0	0	0	0	21132782	
581	1	D	8	N	2500	0	1	182	47	7	7	10	0	0	0	0	0	0	0	0	0	0	0	0	21132985	
582	1	D	8	N	2500	0	1	69	21	2	2	3	0	0	0	0	0	0	0	0	0	0	0	0	21132985	
583	1	D	8	N	2500	0	40	243	159	33	23	32	0	0	0	0	0	0	0	0	0	0	0	0	21133141	
584	1	D	8	N	2500	0	40	309	121	20	16	21	0	0	0	0	0	0	0	0	0	0	0	0	21133671	
585	1	D	8	N	2500	0	40	337	99	17	11	15	0	0	0	0	0	0	0	0	0	0	0	0	21133843	
586	1	D	8	N	2500	0	40	421	196	44	30	38	0	0	0	0	0	0	0	0	0	0	0	0	21134139	
587	1	D	8	N	2500	0	40	186	114	21	17	22	0	0	0	0	0	0	0	0	0	0	0	0	21134155	
588	1	D	8	N	2500	0	40	447	139	26	17	28	0	0	0	0	0	0	0	0	0	0	0	0	21134435	
589	1	D	8	N	2500	0	40	385	119	21	14	22	0	0	0	0	0	0	0	0	0	0	0	0	21134529	
590	1	D	8	N	2500	0	40	250	113	17	14	21	0	0	0	0	0	0	0	0	0	0	0	0	21134638	
591	1	D	8	N	2500	0	1	234	94	15	11	17	0	0	0	0	0	0	0	0	0	0	0	0	21134732	
592	1	D	8	N	2500	0	1	146	65	15	10	16	0	0	0	0	0	0	0	0	0	0	0	0	21134763	
593	1	D	8	N	2500	0	1	182	60	10	9	17	0	0	0	0	0	0	0	0	0	0	0	0	21134763	
594	1	D	8	N	2500	0	40	303	116	25	18	25	0	0	0	0	0	0	0	0	0	0	0	0	21134903	
595	1	D	8	N	2500	0	40	341	141	23	19	25	0	0	0	0	0	0	0	0	0	0	0	0	21134966	
596	1	D	8	N	2500	0	40	259	109	16	13	20	0	0	0	0	0	0	0	0	0	0	0	0	21135091	
597	1	D	8	N	2500	0	40	351	132	30	24	30	0	0	0	0	0	0	0	0	0	0	0	0	21135215	
598	1	D	8	N	2500	0	1	405	105	18	14	20	0	0	0	0	0	0	0	0	0	0	0	0	21135247	
599	1	D	8	N	2500	0	1	471	139	25	19	24	0	0	0	0	0	0	0	0	0	0	0	0	21135247	
600	1	D	8	N	2500	0	40	373	193	37	26	40	0	0	0	0	0	0	0	0	0	0	0	0	21135262	
601	1	D	8	N	2500	0	40	404	140	26	18	26	0	0	0	0	0	0	0	0	0	0	0	0	21135340	
602	1	D	8	N	2500	0	40	254	121	21	15	19	0	0	0	0	0	0	0	0	0	0	0	0	21135340	
603	1	D	8	N	2500	0	1	176	76	13	12	15	0	0	0	0	0	0	0	0	0	0	0	0	21135356	
604	1	D	8	N	2500	0	1	233	69	10	7	13	0	0	0	0	0	0	0	0	0	0	0	0	21135403	
605	1	D	8	N	2500	0	40	330	157	27	22	30	0	0	0	0	0	0	0	0	0	0	0	0	21135434	
606	1	D	8	N	2500	0	40	211	138	28	23	34	0	0	0	0	0	0	0	0	0	0	0	0	21135449	
607	1	D	8	N	2500	0	40	299	135	24	17	27	0	0	0	0	0	0	0	0	0	0	0	0	21135465	
608	1	D	8	N	2500	0	40	293	89	14	12	20	0	0	0	0	0	0	0	0	0	0	0	0	21135496	
609	1	D	8	N	2500	0	40	353	102	15	13	22	0	0	0	0	0	0	0	0	0	0	0	0	21135683	
610	1	D	8	N	2500	0	40	322	163	33	26	37	0	0	0	0	0	0	0	0	0	0	0	0	21135746	
611	1	D	8	N	2500	0	1	179	115	24	24	41	0	0	0	0	0	0	0	0	0	0	0	0	21135761	
612	1	D	8	N	2500	0	40	313	114	23	20	28	0	0	0	0	0	0	0	0	0	0	0	0	21135777	
613	1	D	8	N	2500	0	40	362	117	17	16	21	0	0	0	0	0	0	0	0	0	0	0	0	21135855	
614	1	D	8	N	2500	0	1	467	149	28	21	30	0	0	0	0	0	0	0	0	0	0	0	0	21135902	
615	1	D	8	N	2500	0	40	309	162	29	25	35	0	0	0	0	0	0	0	0	0	0	0	0	21135933	
616	1	D	8	N	2500	0	40	359	150	29	21	28	0	0	0	0	0	0	0	0	0	0	0	0	21135964	
617	1	D	8	N	2500	0	40	389	118	20	14	19	0	0	0	0	0	0	0	0	0	0	0	0	21136214	
618	1	D	8	N	2500	0	40	434	141	25	18	24	0	0	0	0	0	0	0	0	0	0	0	0	21136229	
619	1	D	8	N	2500	0	40	274	105	17	12	18	0	0	0	0	0	0	0	0	0	0	0	0	21136401	
620	1	D	8	N	2500	0	1	66	18	3	3	5	0	0	0	0	0	0	0	0	0	0	0	0	21136729	
621	1	D	8	N	2500	0	40	385	133	25	17	25	0	0	0	0	0	0	0	0	0	0	0	0	21137181	
622	1	D	8	N	2500	0	40	393	115	17	13	21	0	0	0	0	0	0	0	0	0	0	0	0	21137384	
623	1	D	9	N	2500	2	1	113	46	1	1	2	0	0	0	0	0	0	0	0	0	0	0	0	21147711	
624	1	D	9	N	2500	2	1	181	55	11	11	19	0	0	0	0	0	0	0	0	0	0	0	0	21149864	
625	1	D	10	N	2500	2	1	51	10	1	1	1	0	0	0	0	0	0	0	0	0	0	0	0	21159848	
626	1	D	10	N	2500	2	1	105	54	11	11	16	0	0	0	0	0	0	0	0	0	0	0	0	21159848	
627	1	D	10	N	2500	2	1	89	18	3	2	3	0	0	0	0	0	0	0	0	0	0	0	0	21159848	
628	1	D	10	N	2500	6	40	487	204	45	28	35	0	0	0	0	0	0	0	0	0	0	0	0	21160035	
629	1	D	10	N	2500	6	40	478	181	40	31	44	0	0	0	0	0	0	0	0	0	0	0	0	21161314	
630	1	D	10	N	2500	6	40	223	163	36	30	39	0	0	0	0	0	0	0	0	0	0	0	0	21161579	
631	1	D	10	N	2500	0	40	367	100	15	13	20	0	0	0	0	0	0	0	0	0	0	0	0	21161595	
632	1	D	10	N	2500	0	40	406	174	37	28	42	0	0	0	0	0	0	0	0	0	0	0	0	21161876	
633	1	D	10	N	2500	0	40	415	157	38	32	43	0	0	0	0	0	0	0	0	0	0	0	0	21161954	
634	1	D	10	N	2500	0	40	274	170	41	32	42	0	0	0	0	0	0	0	0	0	0	0	0	21162203	
635	1	D	10	N	2500	0	40	231	104	21	17	25	0	0	0	0	0	0	0	0	0	0	0	0	21162266	
636	1	D	10	N	2500	0	40	348	121	29	20	33	0	0	0	0	0	0	0	0	0	0	0	0	21162531	
637	1	D	10	N	2500	0	2	299	85	13	10	18	0	0	0	0	0	0	0	0	0	0	0	0	21162952	
638	1	D	10	N	2500	0	40	442	191	41	31	47	0	0	0	0	0	0	0	0	0	0	0	0	21163264	
639	1	D	10	N	2500	0	40	330	162	46	29	40	0	0	0	0	0	0	0	0	0	0	0	0	21163451	
640	1	D	10	N	2500	0	40	264	177	39	31	41	0	0	0	0	0	0	0	0	0	0	0	0	21163483	
641	1	D	10	N	2500	0	1	188	94	25	19	28	0	0	0	0	0	0	0	0	0	0	0	0	21163498	
642	1	D	10	N	2500	0	40	492	174	36	25	38	0	0	0	0	0	0	0	0	0	0	0	0	21163639	
643	1	D	10	N	2500	0	40	246	193	50	31	42	0	0	0	0	0	0	0	0	0	0	0	0	21163732	
644	1	D	10	N	2500	0	40	292	152	32	24	37	0	0	0	0	0	0	0	0	0	0	0	0	21163779	
645	1	D	10	N	2500	0	1	497	158	41	23	28	0	0	0	0	0	0	0	0	0	0	0	0	21163795	
646	1	D	10	N	2500	0	40	510	192	40	30	37	0	0	0	0	0	0	0	0	0	0	0	0	21163810	
647	1	D	10	N	2500	0	40	470	172	37	26	41	0	0	0	0	0	0	0	0	0	0	0	0	21163841	
648	1	D	10	N	2500	0	40	503	172	35	24	38	0	0	0	0	0	0	0	0	0	0	0	0	21164013	
649	1	D	10	N	2500	0	40	405	140	30	21	29	0	0	0	0	0	0	0	0	0	0	0	0	21164029	
650	1	D	10	N	2500	0	40	382	151	37	26	34	0	0	0	0	0	0	0	0	0	0	0	0	21164169	
651	1	D	10	N	2500	0	40	389	118	22	16	25	0	0	0	0	0	0	0	0	0	0	0	0	21164169	
652	1	D	10	N	2500	0	40	279	141	28	22	34	0	0	0	0	0	0	0	0	0	0	0	0	21164200	
653	1	D	10	N	2500	0	40	262	177	41	33	47	0	0	0	0	0	0	0	0	0	0	0	0	21164231	
654	1	D	10	N	2500	0	40	269	163	38	27	34	0	0	0	0	0	0	0	0	0	0	0	0	21164247	
655	1	D	10	N	2500	0	40	309	170	42	28	38	0	0	0	0	0	0	0	0	0	0	0	0	21164419	
656	1	D	10	N	2500	0	1	665	233	57	37	57	0	0	0	0	0	0	0	0	0	0	0	0	21164621	
657	1	D	10	N	2500	0	1	528	240	51	38	53	0	0	0	0	0	0	0	0	0	0	0	0	21164918	
658	1	D	10	N	2500	0	1	55	13	2	2	2	0	0	0	0	0	0	0	0	0	0	0	0	21165027	
659	1	D	10	N	2500	0	40	422	157	36	27	40	0	0	0	0	0	0	0	0	0	0	0	0	21165667	
660	1	D	10	N	2500	0	1	50	9	3	4	8	0	0	0	0	0	0	0	0	0	0	0	0	21165776	
661	1	D	12	N	2500	2	1	101	26	4	2	4	0	0	0	0	0	0	0	0	0	0	0	0	21187897	
662	1	D	12	N	2500	8	40	219	108	25	19	24	0	0	0	0	0	0	0	0	0	0	0	0	21187897	
663	1	D	12	N	2500	6	40	473	177	34	28	43	0	0	0	0	0	0	0	0	0	0	0	0	21188178	
664	1	D	12	N	2500	6	40	376	201	44	27	38	0	0	0	0	0	0	0	0	0	0	0	0	21188880	
665	1	D	12	N	2500	2	1	544	222	46	30	47	0	0	0	0	0	0	0	0	0	0	0	0	21188973	
666	1	D	12	N	2500	6	40	442	155	32	23	30	0	0	0	0	0	0	0	0	0	0	0	0	21189067	
667	1	D	12	N	2500	0	1	165	103	20	15	20	0	0	0	0	0	0	0	0	0	0	0	0	21189441	
668	1	D	12	N	2500	0	1	51	8	1	0	0	0	0	0	0	0	0	0	0	0	0	0	0	21189441	
669	1	D	12	N	2500	0	40	504	217	46	36	45	0	0	0	0	0	0	0	0	0	0	0	0	21189816	
670	1	D	12	N	2500	0	40	274	113	21	17	23	0	0	0	0	0	0	0	0	0	0	0	0	21189909	
671	1	D	12	N	2500	0	40	463	183	39	26	36	0	0	0	0	0	0	0	0	0	0	0	0	21189987	
672	1	D	12	N	2500	0	40	269	104	31	23	34	0	0	0	0	0	0	0	0	0	0	0	0	21190221	
673	1	D	12	N	2500	0	1	644	198	41	25	37	0	0	0	0	0	0	0	0	0	0	0	0	21190549	
674	1	D	12	N	2500	0	40	316	155	31	23	34	0	0	0	0	0	0	0	0	0	0	0	0	21190596	
675	1	D	12	N	2500	0	40	265	121	19	15	21	0	0	0	0	0	0	0	0	0	0	0	0	21190767	
676	1	D	12	N	2500	0	40	442	170	36	26	37	0	0	0	0	0	0	0	0	0	0	0	0	21190939	
677	1	D	12	N	2500	0	40	494	201	42	28	40	0	0	0	0	0	0	0	0	0	0	0	0	21191110	
678	1	D	12	N	2500	0	40	315	123	21	16	24	0	0	0	0	0	0	0	0	0	0	0	0	21191126	
679	1	D	12	N	2500	0	40	527	190	42	26	37	0	0	0	0	0	0	0	0	0	0	0	0	21191313	
680	1	D	12	N	2500	0	40	250	177	48	28	41	0	0	0	0	0	0	0	0	0	0	0	0	21191376	
681	1	D	12	N	2500	0	40	374	113	18	15	21	0	0	0	0	0	0	0	0	0	0	0	0	21191485	
682	1	D	12	N	2500	0	40	265	162	32	23	29	0	0	0	0	0	0	0	0	0	0	0	0	21191532	
683	1	D	12	N	2500	0	40	425	157	30	23	32	0	0	0	0	0	0	0	0	0	0	0	0	21191937	
684	1	D	12	N	2500	0	1	525	347	74	54	71	0	0	0	0	0	0	0	0	0	0	0	0	21192078	
685	1	D	12	N	2500	0	1	459	125	21	15	25	0	0	0	0	0	0	0	0	0	0	0	0	21192140	
686	1	D	12	N	2500	0	40	325	128	26	20	29	0	0	0	0	0	0	0	0	0	0	0	0	21192171	
687	1	D	12	N	2500	0	40	443	194	41	30	42	0	0	0	0	0	0	0	0	0	0	0	0	21192249	
688	1	D	12	N	2500	0	40	394	206	56	32	41	0	0	0	0	0	0	0	0	0	0	0	0	21192436	
689	1	D	12	N	2500	0	1	487	142	28	21	31	0	0	0	0	0	0	0	0	0	0	0	0	21192452	
690	1	D	12	N	2500	0	40	317	180	35	23	35	0	0	0	0	0	0	0	0	0	0	0	0	21192452	
691	1	D	12	N	2500	0	40	282	164	33	24	35	0	0	0	0	0	0	0	0	0	0	0	0	21192592	
692	1	D	12	N	2500	0	40	464	152	28	20	30	0	0	0	0	0	0	0	0	0	0	0	0	21192639	
693	1	D	12	N	2500	0	40	315	195	40	28	37	0	0	0	0	0	0	0	0	0	0	0	0	21192686	
694	1	D	12	N	2500	0	40	295	184	47	29	37	0	0	0	0	0	0	0	0	0	0	0	0	21192733	
695	1	D	12	N	2500	0	40	411	139	27	19	28	0	0	0	0	0	0	0	0	0	0	0	0	21192873	
696	1	D	12	N	2500	0	40	255	149	27	21	26	0	0	0	0	0	0	0	0	0	0	0	0	21192889	
697	1	D	12	N	2500	0	40	335	145	25	19	29	0	0	0	0	0	0	0	0	0	0	0	0	21192920	
698	1	D	12	N	2500	0	40	341	108	18	14	19	0	0	0	0	0	0	0	0	0	0	0	0	21192920	
699	1	D	12	N	2500	0	40	413	202	39	30	36	0	0	0	0	0	0	0	0	0	0	0	0	21193060	
700	1	D	12	N	2500	0	40	324	126	23	18	24	0	0	0	0	0	0	0	0	0	0	0	0	21193248	
701	1	D	12	N	2500	0	40	522	190	38	22	36	0	0	0	0	0	0	0	0	0	0	0	0	21193341	
702	1	D	12	N	2500	0	40	486	165	40	25	34	0	0	0	0	0	0	0	0	0	0	0	0	21193653	
703	1	D	12	N	2500	0	40	349	168	34	27	39	0	0	0	0	0	0	0	0	0	0	0	0	21193669	
704	1	D	12	N	2500	0	1	561	232	47	31	48	0	0	0	0	0	0	0	0	0	0	0	0	21193731	
705	1	D	12	N	2500	0	40	339	208	49	33	42	0	0	0	0	0	0	0	0	0	0	0	0	21193981	
706	1	D	12	N	2500	0	40	476	157	32	21	34	0	0	0	0	0	0	0	0	0	0	0	0	21194199	
707	1	D	12	N	2500	0	40	315	154	33	21	25	0	0	0	0	0	0	0	0	0	0	0	0	21194776	
708	1	D	12	N	2500	0	1	244	80	14	12	19	0	0	0	0	0	0	0	0	0	0	0	0	21194839	
709	1	D	12	N	2500	0	1	237	64	11	10	20	0	0	0	0	0	0	0	0	0	0	0	0	21195057	
710	1	D	12	N	2500	0	40	260	140	25	18	21	0	0	0	0	0	0	0	0	0	0	0	0	21195057	
711	1	D	12	N	2500	0	1	94	19	3	4	10	0	0	0	0	0	0	0	0	0	0	0	0	21195088	
712	1	D	12	N	2500	0	1	166	93	18	16	24	0	0	0	0	0	0	0	0	0	0	0	0	21195120	
713	1	E	2	N	2500	2	1	359	82	10	8	15	0	0	0	0	0	0	0	0	0	0	0	0	21219393	
714	1	E	2	N	2500	2	1	79	13	2	1	3	0	0	0	0	0	0	0	0	0	0	0	0	21220548	
715	1	E	2	N	2500	2	1	254	67	10	8	15	0	0	0	0	0	0	0	0	0	0	0	0	21220548	
716	1	E	2	N	2500	2	1	319	69	9	7	14	0	0	0	0	0	0	0	0	0	0	0	0	21221343	
717	1	E	2	N	2500	2	1	161	76	12	9	14	0	0	0	0	0	0	0	0	0	0	0	0	21221530	
718	1	E	2	N	2500	33	1	81	27	7	9	16	0	0	0	0	0	0	0	0	0	0	0	0	21221530	
719	1	E	2	N	2500	2	1	253	58	7	6	9	0	0	0	0	0	0	0	0	0	0	0	0	21222061	
720	1	E	2	N	2500	6	40	425	136	23	18	23	0	0	0	0	0	0	0	0	0	0	0	0	21222326	
721	1	E	2	N	2500	2	2	318	80	12	9	14	0	0	0	0	0	0	0	0	0	0	0	0	21224136	
722	1	E	2	N	2500	2	1	191	47	6	6	8	0	0	0	0	0	0	0	0	0	0	0	0	21224229	
723	1	E	2	N	2500	2	1	143	65	7	6	9	0	0	0	0	0	0	0	0	0	0	0	0	21224650	
724	1	E	2	N	2500	8	40	212	113	18	14	20	0	0	0	0	0	0	0	0	0	0	0	0	21224666	
725	1	E	4	N	2500	6	40	465	163	34	24	37	0	0	0	0	0	0	0	0	0	0	0	0	21247754	
726	1	E	4	N	2500	6	40	382	167	36	30	40	0	0	0	0	0	0	0	0	0	0	0	0	21248409	
727	1	E	4	N	2500	6	40	189	156	32	26	31	0	0	0	0	0	0	0	0	0	0	0	0	21248550	
728	1	E	4	N	2500	0	40	277	162	33	25	36	0	0	0	0	0	0	0	0	0	0	0	0	21250593	
729	1	E	4	N	2500	0	40	376	134	29	20	31	0	0	0	0	0	0	0	0	0	0	0	0	21250827	
730	1	E	4	N	2500	0	40	430	140	27	18	27	0	0	0	0	0	0	0	0	0	0	0	0	21251654	
731	1	E	4	N	2500	0	40	334	165	32	23	31	0	0	0	0	0	0	0	0	0	0	0	0	21251701	
732	1	E	4	N	2500	0	1	108	40	60	74	111	0	0	0	0	0	0	0	0	0	0	0	0	21253198	
733	1	E	4	N	2500	0	40	252	131	23	19	25	0	0	0	0	0	0	0	0	0	0	0	0	21253370	
734	1	E	6	N	2500	6	40	488	172	35	24	37	0	0	0	0	0	0	0	0	0	0	0	0	21276988	
735	1	E	6	N	2500	2	1	184	102	22	18	22	0	0	0	0	0	0	0	0	0	0	0	0	21277222	
736	1	E	6	N	2500	6	40	498	199	37	29	41	0	0	0	0	0	0	0	0	0	0	0	0	21277971	
737	1	E	6	N	2500	6	40	260	128	26	20	29	0	0	0	0	0	0	0	0	0	0	0	0	21278034	
738	1	E	6	N	2500	0	1	71	25	5	1	2	0	0	0	0	0	0	0	0	0	0	0	0	21278673	
739	1	E	6	N	2500	0	40	287	158	35	28	37	0	0	0	0	0	0	0	0	0	0	0	0	21279048	
740	1	E	6	N	2500	0	40	230	151	43	26	35	0	0	0	0	0	0	0	0	0	0	0	0	21279438	
741	1	E	6	N	2500	0	40	509	197	39	29	40	0	0	0	0	0	0	0	0	0	0	0	0	21279562	
742	1	E	6	N	2500	0	1	161	83	15	13	16	0	0	0	0	0	0	0	0	0	0	0	0	21279843	
743	1	E	6	N	2500	0	1	237	93	26	17	26	0	0	0	0	0	0	0	0	0	0	0	0	21280483	
744	1	E	6	N	2500	0	1	523	166	33	25	36	0	0	0	0	0	0	0	0	0	0	0	0	21280654	
745	1	E	6	N	2500	0	40	409	138	31	19	30	0	0	0	0	0	0	0	0	0	0	0	0	21280779	
746	1	E	6	N	2500	0	40	293	145	32	22	34	0	0	0	0	0	0	0	0	0	0	0	0	21280842	
747	1	E	6	N	2500	0	40	442	189	36	29	42	0	0	0	0	0	0	0	0	0	0	0	0	21280904	
748	1	E	6	N	2500	0	40	427	177	42	30	43	0	0	0	0	0	0	0	0	0	0	0	0	21280920	
749	1	E	6	N	2500	0	40	457	180	36	28	45	0	0	0	0	0	0	0	0	0	0	0	0	21281091	
750	1	E	6	N	2500	0	40	226	106	20	16	20	0	0	0	0	0	0	0	0	0	0	0	0	21281091	
751	1	E	6	N	2500	0	40	445	155	28	20	31	0	0	0	0	0	0	0	0	0	0	0	0	21281122	
752	1	E	6	N	2500	0	40	195	128	24	19	24	0	0	0	0	0	0	0	0	0	0	0	0	21282105	
753	1	E	6	N	2500	0	40	475	179	34	25	34	0	0	0	0	0	0	0	0	0	0	0	0	21282261	
754	1	E	6	N	2500	0	40	249	138	27	20	24	0	0	0	0	0	0	0	0	0	0	0	0	21282370	
755	1	E	7	N	2500	2	1	58	46	13	0	0	0	0	0	0	0	0	0	0	0	0	0	0	21297035	
756	1	E	7	N	2500	2	1	62	36	2	0	0	0	0	0	0	0	0	0	0	0	0	0	0	21297035	
757	1	E	7	N	2500	2	2	116	139	25	1	3	0	0	0	0	0	0	0	0	0	0	0	0	21297643	
758	1	E	8	N	2500	2	1	186	89	20	13	15	0	0	0	0	0	0	0	0	0	0	0	0	21305802	
759	1	E	8	N	2500	6	40	230	114	19	14	21	0	0	0	0	0	0	0	0	0	0	0	0	21305973	
760	1	E	8	N	2500	6	40	295	142	28	22	30	0	0	0	0	0	0	0	0	0	0	0	0	21306020	
761	1	E	8	N	2500	2	1	137	65	9	9	13	0	0	0	0	0	0	0	0	0	0	0	0	21306691	
762	1	E	8	N	2500	2	1	441	134	30	21	29	0	0	0	0	0	0	0	0	0	0	0	0	21307050	
763	1	E	8	N	2500	6	40	269	147	26	20	30	0	0	0	0	0	0	0	0	0	0	0	0	21307440	
764	1	E	8	N	2500	0	40	257	134	28	21	28	0	0	0	0	0	0	0	0	0	0	0	0	21307549	
765	1	E	8	N	2500	0	40	381	108	16	11	19	0	0	0	0	0	0	0	0	0	0	0	0	21307549	
766	1	E	8	N	2500	0	1	64	12	3	3	7	0	0	0	0	0	0	0	0	0	0	0	0	21307549	
767	1	E	8	N	2500	0	40	415	149	30	22	37	0	0	0	0	0	0	0	0	0	0	0	0	21307861	
768	1	E	8	N	2500	0	40	241	145	31	24	32	0	0	0	0	0	0	0	0	0	0	0	0	21308204	
769	1	E	8	N	2500	0	40	304	101	19	15	22	0	0	0	0	0	0	0	0	0	0	0	0	21308579	
770	1	E	8	N	2500	0	1	167	108	27	18	26	0	0	0	0	0	0	0	0	0	0	0	0	21308875	
771	1	E	8	N	2500	0	40	398	186	41	33	47	0	0	0	0	0	0	0	0	0	0	0	0	21308937	
772	1	E	8	N	2500	0	40	443	160	35	25	38	0	0	0	0	0	0	0	0	0	0	0	0	21309187	
773	1	E	8	N	2500	0	40	204	127	29	23	30	0	0	0	0	0	0	0	0	0	0	0	0	21309218	
774	1	E	8	N	2500	0	40	356	110	19	16	25	0	0	0	0	0	0	0	0	0	0	0	0	21309499	
775	1	E	8	N	2500	0	40	372	153	35	25	35	0	0	0	0	0	0	0	0	0	0	0	0	21309546	
776	1	E	8	N	2500	0	40	390	151	36	25	35	0	0	0	0	0	0	0	0	0	0	0	0	21309561	
777	1	E	8	N	2500	0	40	416	153	33	21	30	0	0	0	0	0	0	0	0	0	0	0	0	21309639	
778	1	E	8	N	2500	0	1	194	41	6	5	5	0	0	0	0	0	0	0	0	0	0	0	0	21309749	
779	1	E	8	N	2500	0	1	119	31	5	4	7	0	0	0	0	0	0	0	0	0	0	0	0	21309749	
780	1	E	8	N	2500	0	40	367	159	38	29	40	0	0	0	0	0	0	0	0	0	0	0	0	21309905	
781	1	E	8	N	2500	0	1	50	9	2	3	6	0	0	0	0	0	0	0	0	0	0	0	0	21309920	
782	1	E	8	N	2500	0	40	448	157	40	27	40	0	0	0	0	0	0	0	0	0	0	0	0	21309936	
783	1	E	8	N	2500	0	40	295	111	31	23	35	0	0	0	0	0	0	0	0	0	0	0	0	21310185	
784	1	E	8	N	2500	0	40	257	101	30	23	34	0	0	0	0	0	0	0	0	0	0	0	0	21311215	
785	1	E	8	N	2500	0	40	541	194	49	31	44	0	0	0	0	0	0	0	0	0	0	0	0	21311277	
786	1	E	8	N	2500	0	40	241	144	30	22	33	0	0	0	0	0	0	0	0	0	0	0	0	21311387	
787	1	E	8	N	2500	0	1	454	132	24	17	26	0	0	0	0	0	0	0	0	0	0	0	0	21311901	
788	1	E	10	N	2500	6	40	428	161	32	25	34	0	0	0	0	0	0	0	0	0	0	0	0	21334755	
789	1	E	10	N	2500	6	40	409	151	31	21	32	0	0	0	0	0	0	0	0	0	0	0	0	21335473	
790	1	E	10	N	2500	6	40	249	135	26	20	24	0	0	0	0	0	0	0	0	0	0	0	0	21335645	
791	1	E	10	N	2500	0	40	243	144	36	22	27	0	0	0	0	0	0	0	0	0	0	0	0	21335691	
792	1	E	10	N	2500	0	40	413	127	25	17	26	0	0	0	0	0	0	0	0	0	0	0	0	21336019	
793	1	E	10	N	2500	0	1	102	18	2	1	3	0	0	0	0	0	0	0	0	0	0	0	0	21336378	
794	1	E	10	N	2500	0	40	412	154	29	19	28	0	0	0	0	0	0	0	0	0	0	0	0	21336487	
795	1	E	10	N	2500	0	40	385	127	25	17	25	0	0	0	0	0	0	0	0	0	0	0	0	21336596	
796	1	E	10	N	2500	0	40	322	98	17	13	17	0	0	0	0	0	0	0	0	0	0	0	0	21336768	
797	1	E	10	N	2500	0	1	93	50	9	7	7	0	0	0	0	0	0	0	0	0	0	0	0	21337142	
798	1	E	10	N	2500	0	1	52	38	6	5	8	0	0	0	0	0	0	0	0	0	0	0	0	21337142	
799	1	E	10	N	2500	0	1	51	10	1	1	3	0	0	0	0	0	0	0	0	0	0	0	0	21337579	
800	1	E	10	N	2500	0	40	298	122	32	22	38	0	0	0	0	0	0	0	0	0	0	0	0	21338125	
801	1	E	10	N	2500	0	40	306	118	22	16	23	0	0	0	0	0	0	0	0	0	0	0	0	21338250	
802	1	E	10	N	2500	0	40	312	151	35	25	38	0	0	0	0	0	0	0	0	0	0	0	0	21338515	
803	1	E	10	N	2500	0	40	402	139	33	20	28	0	0	0	0	0	0	0	0	0	0	0	0	21338577	
804	1	E	10	N	2500	0	40	217	125	23	19	22	0	0	0	0	0	0	0	0	0	0	0	0	21338624	
805	1	E	10	N	2500	0	1	121	71	13	10	13	0	0	0	0	0	0	0	0	0	0	0	0	21338858	
806	1	E	10	N	2500	0	40	308	119	22	13	18	0	0	0	0	0	0	0	0	0	0	0	0	21338905	
807	1	E	10	N	2500	0	40	234	157	32	25	34	0	0	0	0	0	0	0	0	0	0	0	0	21338905	
808	1	E	10	N	2500	0	1	494	152	34	20	29	0	0	0	0	0	0	0	0	0	0	0	0	21338936	
809	1	E	10	N	2500	0	40	381	128	27	20	26	0	0	0	0	0	0	0	0	0	0	0	0	21338952	
810	1	E	10	N	2500	0	40	402	129	21	19	28	0	0	0	0	0	0	0	0	0	0	0	0	21339061	
811	1	E	10	N	2500	0	40	384	148	27	21	32	0	0	0	0	0	0	0	0	0	0	0	0	21339061	
812	1	E	10	N	2500	0	40	330	174	28	21	29	0	0	0	0	0	0	0	0	0	0	0	0	21339607	
813	1	E	12	N	2500	6	40	271	173	39	33	40	0	0	0	0	0	0	0	0	0	0	0	0	21362945	
814	1	E	12	N	2500	6	40	268	143	29	22	27	0	0	0	0	0	0	0	0	0	0	0	0	21363116	
815	1	E	12	N	2500	4	40	212	119	26	17	22	0	0	0	0	0	0	0	0	0	0	0	0	21363288	
816	1	E	12	N	2500	2	1	50	10	1	0	1	0	0	0	0	0	0	0	0	0	0	0	0	21363288	
817	1	E	12	N	2500	2	1	158	99	22	17	25	0	0	0	0	0	0	0	0	0	0	0	0	21364052	
818	1	E	12	N	2500	2	1	54	17	5	5	10	0	0	0	0	0	0	0	0	0	0	0	0	21365425	
819	1	E	12	N	2500	2	1	96	34	11	13	25	0	0	0	0	0	0	0	0	0	0	0	0	21365441	
820	1	E	12	N	2500	6	40	262	154	31	23	33	0	0	0	0	0	0	0	0	0	0	0	0	21365831	
821	1	E	12	N	2500	0	40	366	159	32	25	35	0	0	0	0	0	0	0	0	0	0	0	0	21366252	
822	1	E	12	N	2500	0	40	221	148	39	26	32	0	0	0	0	0	0	0	0	0	0	0	0	21366501	
823	1	E	12	N	2500	0	40	436	148	34	20	28	0	0	0	0	0	0	0	0	0	0	0	0	21366548	
824	1	E	12	N	2500	0	40	351	113	21	14	23	0	0	0	0	0	0	0	0	0	0	0	0	21366704	
825	1	E	12	N	2500	0	40	381	154	35	24	36	0	0	0	0	0	0	0	0	0	0	0	0	21367001	
826	1	E	12	N	2500	0	40	243	131	28	22	28	0	0	0	0	0	0	0	0	0	0	0	0	21367016	
827	1	E	12	N	2500	0	40	172	131	36	23	29	0	0	0	0	0	0	0	0	0	0	0	0	21367484	
828	1	E	12	N	2500	0	40	327	148	31	23	31	0	0	0	0	0	0	0	0	0	0	0	0	21367625	
829	1	E	12	N	2500	0	40	260	163	36	30	41	0	0	0	0	0	0	0	0	0	0	0	0	21367687	
830	1	E	12	N	2500	0	40	315	181	37	27	34	0	0	0	0	0	0	0	0	0	0	0	0	21367999	
831	1	E	12	N	2500	0	40	440	187	40	26	33	0	0	0	0	0	0	0	0	0	0	0	0	21368061	
832	1	E	12	N	2500	0	1	221	50	10	7	11	0	0	0	0	0	0	0	0	0	0	0	0	21368186	
833	1	E	12	N	2500	0	1	243	78	15	12	16	0	0	0	0	0	0	0	0	0	0	0	0	21368186	
834	1	E	12	N	2500	0	40	234	139	27	21	29	0	0	0	0	0	0	0	0	0	0	0	0	21368358	
835	1	E	12	N	2500	0	40	266	115	29	20	25	0	0	0	0	0	0	0	0	0	0	0	0	21368529	
836	1	E	12	N	2500	0	40	270	156	32	27	37	0	0	0	0	0	0	0	0	0	0	0	0	21368607	
837	1	E	12	N	2500	0	1	229	72	17	15	25	0	0	0	0	0	0	0	0	0	0	0	0	21368623	
838	1	E	12	N	2500	0	40	333	138	27	19	28	0	0	0	0	0	0	0	0	0	0	0	0	21368888	
839	1	E	12	N	2500	0	1	65	13	2	3	8	0	0	0	0	0	0	0	0	0	0	0	0	21368904	
840	1	F	1	N	2500	2	1	186	265	43	2	7	0	0	0	0	0	0	0	0	0	0	0	0	21378264	
841	1	F	1	N	2500	2	1	71	28	3	0	1	0	0	0	0	0	0	0	0	0	0	0	0	21378264	
842	1	F	2	N	2500	2	1	179	252	39	2	5	0	0	0	0	0	0	0	0	0	0	0	0	21393380	
843	1	F	2	N	2500	6	40	286	113	20	15	22	0	0	0	0	0	0	0	0	0	0	0	0	21393552	
844	1	F	2	N	2500	6	40	344	133	25	20	25	0	0	0	0	0	0	0	0	0	0	0	0	21394223	
845	1	F	2	N	2500	2	1	180	94	22	15	24	0	0	0	0	0	0	0	0	0	0	0	0	21394519	
846	1	F	2	N	2500	6	40	464	169	39	23	32	0	0	0	0	0	0	0	0	0	0	0	0	21394769	
847	1	F	2	N	2500	0	40	386	134	28	18	26	0	0	0	0	0	0	0	0	0	0	0	0	21394784	
848	1	F	2	N	2500	0	1	131	32	4	4	6	0	0	0	0	0	0	0	0	0	0	0	0	21394847	
849	1	F	2	N	2500	0	40	263	110	23	18	23	0	0	0	0	0	0	0	0	0	0	0	0	21394847	
850	1	F	2	N	2500	0	40	187	116	21	18	22	0	0	0	0	0	0	0	0	0	0	0	0	21395611	
851	1	F	2	N	2500	0	40	417	204	44	32	45	0	0	0	0	0	0	0	0	0	0	0	0	21395736	
852	1	F	2	N	2500	0	1	261	60	8	5	8	0	0	0	0	0	0	0	0	0	0	0	0	21396001	
853	1	F	2	N	2500	0	40	266	162	31	23	30	0	0	0	0	0	0	0	0	0	0	0	0	21396110	
854	1	F	2	N	2500	0	1	147	97	21	15	18	0	0	0	0	0	0	0	0	0	0	0	0	21396329	
855	1	F	2	N	2500	0	1	58	51	12	10	15	0	0	0	0	0	0	0	0	0	0	0	0	21396329	
856	1	F	2	N	2500	0	40	304	181	39	27	39	0	0	0	0	0	0	0	0	0	0	0	0	21397233	
857	1	F	2	N	2500	0	40	275	163	32	25	34	0	0	0	0	0	0	0	0	0	0	0	0	21397499	
858	1	F	2	N	2500	0	40	246	150	37	23	34	0	0	0	0	0	0	0	0	0	0	0	0	21397608	
859	1	F	2	N	2500	0	40	299	138	29	20	27	0	0	0	0	0	0	0	0	0	0	0	0	21397623	
860	1	F	2	N	2500	0	1	99	24	5	6	13	0	0	0	0	0	0	0	0	0	0	0	0	21398029	
861	1	F	2	N	2500	0	40	330	152	31	25	32	0	0	0	0	0	0	0	0	0	0	0	0	21398045	
862	1	F	2	N	2500	0	40	425	154	29	20	29	0	0	0	0	0	0	0	0	0	0	0	0	21398107	
863	1	F	2	N	2500	0	40	505	180	36	25	38	0	0	0	0	0	0	0	0	0	0	0	0	21398216	
864	1	F	2	N	2500	0	40	466	175	43	26	37	0	0	0	0	0	0	0	0	0	0	0	0	21398403	
865	1	F	2	N	2500	0	40	347	163	36	23	34	0	0	0	0	0	0	0	0	0	0	0	0	21398435	
866	1	F	2	N	2500	0	40	315	148	30	20	27	0	0	0	0	0	0	0	0	0	0	0	0	21399433	
867	1	F	2	N	2500	0	1	51	13	3	4	10	0	0	0	0	0	0	0	0	0	0	0	0	21399480	
868	1	F	3	N	2500	2	1	261	88	17	13	21	0	0	0	0	0	0	0	0	0	0	0	0	21408590	
869	1	F	4	N	2500	6	40	312	143	29	24	36	0	0	0	0	0	0	0	0	0	0	0	0	21422053	
870	1	F	4	N	2500	2	2	153	138	39	27	35	0	0	0	0	0	0	0	0	0	0	0	0	21422537	
871	1	F	4	N	2500	6	40	291	137	36	24	36	0	0	0	0	0	0	0	0	0	0	0	0	21422584	
872	1	F	4	N	2500	8	40	237	145	39	27	33	0	0	0	0	0	0	0	0	0	0	0	0	21422599	
873	1	F	4	N	2500	8	40	191	136	39	26	39	0	0	0	0	0	0	0	0	0	0	0	0	21422599	
874	1	F	4	N	2500	6	40	416	152	32	20	29	0	0	0	0	0	0	0	0	0	0	0	0	21422911	
875	1	F	4	N	2500	0	40	298	165	38	26	38	0	0	0	0	0	0	0	0	0	0	0	0	21423488	
876	1	F	4	N	2500	0	1	197	92	15	9	14	0	0	0	0	0	0	0	0	0	0	0	0	21423878	
877	1	F	4	N	2500	0	1	210	103	20	15	20	0	0	0	0	0	0	0	0	0	0	0	0	21423972	
878	1	F	4	N	2500	0	40	468	183	42	27	32	0	0	0	0	0	0	0	0	0	0	0	0	21424019	
879	1	F	4	N	2500	0	1	80	16	4	5	10	0	0	0	0	0	0	0	0	0	0	0	0	21424081	
880	1	F	4	N	2500	0	40	238	147	35	26	32	0	0	0	0	0	0	0	0	0	0	0	0	21424097	
881	1	F	4	N	2500	0	40	256	155	29	22	29	0	0	0	0	0	0	0	0	0	0	0	0	21424237	
882	1	F	4	N	2500	0	40	209	108	29	21	29	0	0	0	0	0	0	0	0	0	0	0	0	21424565	
883	1	F	4	N	2500	0	1	506	137	33	20	28	0	0	0	0	0	0	0	0	0	0	0	0	21424768	
884	1	F	4	N	2500	0	1	141	121	27	23	31	0	0	0	0	0	0	0	0	0	0	0	0	21424814	
885	1	F	4	N	2500	0	40	277	156	30	23	36	0	0	0	0	0	0	0	0	0	0	0	0	21424846	
886	1	F	4	N	2500	0	40	444	165	39	26	36	0	0	0	0	0	0	0	0	0	0	0	0	21424970	
887	1	F	4	N	2500	0	40	430	217	47	36	47	0	0	0	0	0	0	0	0	0	0	0	0	21425033	
888	1	F	4	N	2500	0	40	427	167	32	23	31	0	0	0	0	0	0	0	0	0	0	0	0	21425080	
889	1	F	4	N	2500	0	40	400	155	35	25	43	0	0	0	0	0	0	0	0	0	0	0	0	21425204	
890	1	F	4	N	2500	0	40	384	109	18	14	18	0	0	0	0	0	0	0	0	0	0	0	0	21425282	
891	1	F	4	N	2500	0	40	331	130	31	23	35	0	0	0	0	0	0	0	0	0	0	0	0	21425672	
892	1	F	4	N	2500	0	40	421	179	34	27	42	0	0	0	0	0	0	0	0	0	0	0	0	21425672	
893	1	F	4	N	2500	0	40	298	170	37	26	35	0	0	0	0	0	0	0	0	0	0	0	0	21425719	
894	1	F	4	N	2500	0	40	278	154	31	23	31	0	0	0	0	0	0	0	0	0	0	0	0	21425844	
895	1	F	4	N	2500	0	40	359	149	31	23	29	0	0	0	0	0	0	0	0	0	0	0	0	21425969	
896	1	F	4	N	2500	0	1	203	93	18	11	13	0	0	0	0	0	0	0	0	0	0	0	0	21426078	
897	1	F	4	N	2500	0	1	533	159	34	22	33	0	0	0	0	0	0	0	0	0	0	0	0	21426250	
898	1	F	4	N	2500	0	40	481	158	29	21	34	0	0	0	0	0	0	0	0	0	0	0	0	21426499	
899	1	F	4	N	2500	0	40	387	156	35	25	37	0	0	0	0	0	0	0	0	0	0	0	0	21426593	
900	1	F	4	N	2500	0	40	232	142	32	24	36	0	0	0	0	0	0	0	0	0	0	0	0	21426780	
901	1	F	4	N	2500	0	40	294	160	33	24	32	0	0	0	0	0	0	0	0	0	0	0	0	21426811	
902	1	F	4	N	2500	0	1	517	179	37	27	40	0	0	0	0	0	0	0	0	0	0	0	0	21428246	
903	1	F	6	N	2500	6	40	240	145	30	24	26	0	0	0	0	0	0	0	0	0	0	0	0	21450664	
904	1	F	6	N	2500	6	40	389	154	31	24	34	0	0	0	0	0	0	0	0	0	0	0	0	21450820	
905	1	F	6	N	2500	2	1	562	139	28	20	31	0	0	0	0	0	0	0	0	0	0	0	0	21451600	
906	1	F	6	N	2500	6	40	463	184	39	31	42	0	0	0	0	0	0	0	0	0	0	0	0	21451880	
907	1	F	6	N	2500	0	40	442	177	37	29	37	0	0	0	0	0	0	0	0	0	0	0	0	21452021	
908	1	F	6	N	2500	0	40	525	196	47	36	50	0	0	0	0	0	0	0	0	0	0	0	0	21452270	
909	1	F	6	N	2500	0	40	416	164	33	23	35	0	0	0	0	0	0	0	0	0	0	0	0	21452380	
910	1	F	6	N	2500	0	40	223	161	34	25	32	0	0	0	0	0	0	0	0	0	0	0	0	21452567	
911	1	F	6	N	2500	0	40	307	175	41	34	44	0	0	0	0	0	0	0	0	0	0	0	0	21452660	
912	1	F	6	N	2500	0	1	188	79	12	11	15	0	0	0	0	0	0	0	0	0	0	0	0	21452816	
913	1	F	6	N	2500	0	40	353	211	47	34	47	0	0	0	0	0	0	0	0	0	0	0	0	21453238	
914	1	F	6	N	2500	0	40	435	149	28	19	29	0	0	0	0	0	0	0	0	0	0	0	0	21453253	
915	1	F	6	N	2500	0	40	328	101	18	13	20	0	0	0	0	0	0	0	0	0	0	0	0	21454423	
916	1	F	6	N	2500	0	40	457	162	35	27	38	0	0	0	0	0	0	0	0	0	0	0	0	21454829	
917	1	F	6	N	2500	0	40	383	159	37	31	41	0	0	0	0	0	0	0	0	0	0	0	0	21454860	
918	1	F	6	N	2500	0	40	425	163	35	25	34	0	0	0	0	0	0	0	0	0	0	0	0	21455422	
919	1	F	6	N	2500	0	1	53	9	2	2	5	0	0	0	0	0	0	0	0	0	0	0	0	21456358	
920	1	F	6	N	2500	0	1	126	28	3	2	5	0	0	0	0	0	0	0	0	0	0	0	0	21456982	
921	1	F	8	N	2500	6	40	225	141	35	21	28	0	0	0	0	0	0	0	0	0	0	0	0	21479274	
922	1	F	8	N	2500	6	40	450	174	38	24	35	0	0	0	0	0	0	0	0	0	0	0	0	21481910	
923	1	F	8	N	2500	2	1	220	96	24	18	25	0	0	0	0	0	0	0	0	0	0	0	0	21483018	
924	1	F	8	N	2500	2	1	200	52	11	7	9	0	0	0	0	0	0	0	0	0	0	0	0	21483860	
925	1	F	8	N	2500	2	1	216	69	14	11	13	0	0	0	0	0	0	0	0	0	0	0	0	21483860	
926	1	F	8	N	2500	2	1	227	89	19	15	25	0	0	0	0	0	0	0	0	0	0	0	0	21484094	
927	1	F	8	N	2500	2	1	113	21	4	3	7	0	0	0	0	0	0	0	0	0	0	0	0	21486216	
928	1	F	10	N	2500	2	1	241	54	7	4	6	0	0	0	0	0	0	0	0	0	0	0	0	21508805	
929	1	F	10	N	2500	6	40	298	152	40	24	32	0	0	0	0	0	0	0	0	0	0	0	0	21509429	
930	1	F	10	N	2500	6	40	315	115	27	20	26	0	0	0	0	0	0	0	0	0	0	0	0	21510724	
931	1	F	10	N	2500	6	40	301	136	31	21	28	0	0	0	0	0	0	0	0	0	0	0	0	21511363	
932	1	F	10	N	2500	0	40	333	110	19	13	15	0	0	0	0	0	0	0	0	0	0	0	0	21511519	
933	1	F	10	N	2500	0	40	341	109	20	13	17	0	0	0	0	0	0	0	0	0	0	0	0	21511550	
934	1	F	10	N	2500	0	40	218	108	18	14	19	0	0	0	0	0	0	0	0	0	0	0	0	21512237	
935	1	F	10	N	2500	0	1	187	81	12	9	15	0	0	0	0	0	0	0	0	0	0	0	0	21512284	
936	1	F	10	N	2500	0	40	232	159	35	25	26	0	0	0	0	0	0	0	0	0	0	0	0	21512424	
937	1	F	10	N	2500	0	40	280	120	30	20	28	0	0	0	0	0	0	0	0	0	0	0	0	21512720	
938	1	F	10	N	2500	0	40	260	156	33	23	30	0	0	0	0	0	0	0	0	0	0	0	0	21513157	
939	1	F	11	N	2500	6	40	403	166	35	23	28	0	0	0	0	0	0	0	0	0	0	0	0	21526948	
940	1	F	12	N	2500	6	40	408	177	37	31	40	0	0	0	0	0	0	0	0	0	0	0	0	21537088	
941	1	F	12	N	2500	6	40	363	165	39	27	34	0	0	0	0	0	0	0	0	0	0	0	0	21537306	
942	1	F	12	N	2500	6	40	476	177	36	27	32	0	0	0	0	0	0	0	0	0	0	0	0	21537649	
943	1	F	12	N	2500	0	40	406	154	34	24	31	0	0	0	0	0	0	0	0	0	0	0	0	21537665	
944	1	F	12	N	2500	0	40	254	148	36	26	35	0	0	0	0	0	0	0	0	0	0	0	0	21538367	
945	1	F	12	N	2500	0	40	317	178	38	30	42	0	0	0	0	0	0	0	0	0	0	0	0	21538632	
946	1	F	12	N	2500	0	40	316	153	36	28	33	0	0	0	0	0	0	0	0	0	0	0	0	21538866	
947	1	F	12	N	2500	0	40	341	144	32	24	27	0	0	0	0	0	0	0	0	0	0	0	0	21538866	
948	1	F	12	N	2500	0	40	231	146	36	27	35	0	0	0	0	0	0	0	0	0	0	0	0	21539116	
949	1	F	12	N	2500	0	40	300	153	35	28	40	0	0	0	0	0	0	0	0	0	0	0	0	21539272	
950	1	F	12	N	2500	0	40	296	167	38	28	38	0	0	0	0	0	0	0	0	0	0	0	0	21539459	
951	1	F	12	N	2500	0	40	280	160	35	27	36	0	0	0	0	0	0	0	0	0	0	0	0	21540769	
952	1	F	12	N	2500	0	40	331	100	17	16	23	0	0	0	0	0	0	0	0	0	0	0	0	21540801	
953	1	F	12	N	2500	0	1	230	79	12	12	15	0	0	0	0	0	0	0	0	0	0	0	0	21541019	
954	1	F	12	N	2500	0	40	323	149	39	34	48	0	0	0	0	0	0	0	0	0	0	0	0	21541081	
955	1	F	12	N	2500	0	40	458	188	44	35	46	0	0	0	0	0	0	0	0	0	0	0	0	21541206	
956	1	F	12	N	2500	0	40	489	207	47	35	50	0	0	0	0	0	0	0	0	0	0	0	0	21541269	
957	1	F	12	N	2500	0	40	317	174	38	32	42	0	0	0	0	0	0	0	0	0	0	0	0	21541674	
958	1	F	12	N	2500	0	1	126	47	5	4	7	0	0	0	0	0	0	0	0	0	0	0	0	21541705	
959	1	F	12	N	2500	0	40	330	158	37	31	44	0	0	0	0	0	0	0	0	0	0	0	0	21542142	
960	1	F	12	N	2500	0	40	331	171	38	26	32	0	0	0	0	0	0	0	0	0	0	0	0	21542704	
961	1	F	12	N	2500	0	40	279	120	27	20	25	0	0	0	0	0	0	0	0	0	0	0	0	21542938	
962	1	F	12	N	2500	0	40	434	163	34	25	34	0	0	0	0	0	0	0	0	0	0	0	0	21543952	
963	1	G	1	N	2500	2	1	68	43	4	3	5	0	0	0	0	0	0	0	0	0	0	0	0	21559318	
964	1	G	2	N	2500	6	40	209	152	30	22	31	0	0	0	0	0	0	0	0	0	0	0	0	21567227	
965	1	G	2	N	2500	6	40	369	143	33	23	33	0	0	0	0	0	0	0	0	0	0	0	0	21567336	
966	1	G	2	N	2500	6	40	549	209	43	33	51	0	0	0	0	0	0	0	0	0	0	0	0	21568350	
967	1	G	2	N	2500	0	40	469	168	31	27	40	0	0	0	0	0	0	0	0	0	0	0	0	21568647	
968	1	G	2	N	2500	0	1	68	14	3	4	9	0	0	0	0	0	0	0	0	0	0	0	0	21568803	
969	1	G	2	N	2500	0	40	298	154	34	33	40	0	0	0	0	0	0	0	0	0	0	0	0	21568943	
970	1	G	2	N	2500	0	40	391	171	40	25	35	0	0	0	0	0	0	0	0	0	0	0	0	21568990	
971	1	G	2	N	2500	0	40	332	165	39	24	32	0	0	0	0	0	0	0	0	0	0	0	0	21569395	
972	1	G	2	N	2500	0	40	478	162	32	24	32	0	0	0	0	0	0	0	0	0	0	0	0	21569770	
973	1	G	2	N	2500	0	40	497	171	35	27	37	0	0	0	0	0	0	0	0	0	0	0	0	21569848	
974	1	G	2	N	2500	0	40	402	138	25	19	29	0	0	0	0	0	0	0	0	0	0	0	0	21569957	
975	1	G	2	N	2500	0	40	399	140	26	17	24	0	0	0	0	0	0	0	0	0	0	0	0	21570207	
976	1	G	2	N	2500	0	40	307	121	26	20	29	0	0	0	0	0	0	0	0	0	0	0	0	21570628	
977	1	G	2	N	2500	0	1	119	23	3	3	4	0	0	0	0	0	0	0	0	0	0	0	0	21570659	
978	1	G	2	N	2500	0	1	417	121	30	19	28	0	0	0	0	0	0	0	0	0	0	0	0	21570659	
979	1	G	2	N	2500	0	1	131	67	11	9	12	0	0	0	0	0	0	0	0	0	0	0	0	21570753	
980	1	G	2	N	2500	0	1	143	35	7	6	11	0	0	0	0	0	0	0	0	0	0	0	0	21571392	
981	1	G	2	N	2500	0	40	236	100	22	17	22	0	0	0	0	0	0	0	0	0	0	0	0	21571392	
982	1	G	2	N	2500	0	40	219	140	36	23	31	0	0	0	0	0	0	0	0	0	0	0	0	21571392	
983	1	G	2	N	2500	0	40	239	124	25	20	30	0	0	0	0	0	0	0	0	0	0	0	0	21571486	
984	1	G	2	N	2500	0	40	306	173	38	33	49	0	0	0	0	0	0	0	0	0	0	0	0	21571845	
985	1	G	2	N	2500	0	40	425	163	34	28	40	0	0	0	0	0	0	0	0	0	0	0	0	21571907	
986	1	G	2	N	2500	0	1	149	89	19	16	22	0	0	0	0	0	0	0	0	0	0	0	0	21572172	
987	1	G	2	N	2500	0	1	156	35	5	4	7	0	0	0	0	0	0	0	0	0	0	0	0	21572172	
988	1	G	2	N	2500	0	40	369	148	28	22	30	0	0	0	0	0	0	0	0	0	0	0	0	21572188	
989	1	G	2	N	2500	0	40	465	166	38	30	46	0	0	0	0	0	0	0	0	0	0	0	0	21572219	
990	1	G	2	N	2500	0	40	217	147	32	26	35	0	0	0	0	0	0	0	0	0	0	0	0	21572266	
991	1	G	2	N	2500	0	40	391	143	26	18	28	0	0	0	0	0	0	0	0	0	0	0	0	21572344	
992	1	G	2	N	2500	0	40	315	135	31	25	38	0	0	0	0	0	0	0	0	0	0	0	0	21572469	
993	1	G	2	N	2500	0	1	597	179	38	26	37	0	0	0	0	0	0	0	0	0	0	0	0	21572500	
994	1	G	2	N	2500	0	40	376	162	32	26	37	0	0	0	0	0	0	0	0	0	0	0	0	21572547	
995	1	G	2	N	2500	0	1	51	12	3	4	10	0	0	0	0	0	0	0	0	0	0	0	0	21572593	
996	1	G	2	N	2500	0	40	381	143	30	23	33	0	0	0	0	0	0	0	0	0	0	0	0	21572765	
997	1	G	2	N	2500	0	40	399	182	38	32	46	0	0	0	0	0	0	0	0	0	0	0	0	21573093	
998	1	G	2	N	2500	0	40	237	151	31	24	32	0	0	0	0	0	0	0	0	0	0	0	0	21573202	
999	1	G	2	N	2500	0	40	409	165	32	24	35	0	0	0	0	0	0	0	0	0	0	0	0	21573436	
1000	1	G	2	N	2500	0	40	289	156	30	24	33	0	0	0	0	0	0	0	0	0	0	0	0	21573545	
1001	1	G	2	N	2500	0	40	322	174	38	29	46	0	0	0	0	0	0	0	0	0	0	0	0	21573826	
1002	1	G	3	N	2500	6	40	337	187	53	32	44	0	0	0	0	0	0	0	0	0	0	0	0	21582640	
1003	1	G	4	N	2500	6	40	313	189	43	30	33	0	0	0	0	0	0	0	0	0	0	0	0	21596212	
1004	1	G	4	N	2500	6	40	280	156	33	25	33	0	0	0	0	0	0	0	0	0	0	0	0	21596836	
1005	1	G	4	N	2500	6	40	448	174	39	28	31	0	0	0	0	0	0	0	0	0	0	0	0	21598021	
1006	1	G	4	N	2500	0	40	448	170	39	23	32	0	0	0	0	0	0	0	0	0	0	0	0	21598255	
1007	1	G	4	N	2500	0	40	458	170	36	29	35	0	0	0	0	0	0	0	0	0	0	0	0	21599020	
1008	1	G	4	N	2500	0	40	393	134	26	18	25	0	0	0	0	0	0	0	0	0	0	0	0	21599082	
1009	1	G	4	N	2500	0	40	444	163	36	28	37	0	0	0	0	0	0	0	0	0	0	0	0	21599472	
1010	1	G	4	N	2500	0	40	362	148	31	21	30	0	0	0	0	0	0	0	0	0	0	0	0	21599488	
1011	1	G	4	N	2500	0	40	365	192	41	31	39	0	0	0	0	0	0	0	0	0	0	0	0	21599644	
1012	1	G	4	N	2500	0	40	364	178	38	27	32	0	0	0	0	0	0	0	0	0	0	0	0	21599815	
1013	1	G	4	N	2500	0	40	475	179	36	27	35	0	0	0	0	0	0	0	0	0	0	0	0	21599847	
1014	1	G	4	N	2500	0	40	471	183	43	29	35	0	0	0	0	0	0	0	0	0	0	0	0	21600642	
1015	1	G	4	N	2500	0	40	251	132	38	24	35	0	0	0	0	0	0	0	0	0	0	0	0	21601188	
1016	1	G	4	N	2500	0	40	365	168	38	24	32	0	0	0	0	0	0	0	0	0	0	0	0	21601282	
1017	1	G	4	N	2500	0	40	443	151	31	22	39	0	0	0	0	0	0	0	0	0	0	0	0	21601344	
1018	1	G	4	N	2500	0	40	313	168	43	29	37	0	0	0	0	0	0	0	0	0	0	0	0	21601391	
1019	1	G	4	N	2500	0	40	409	157	36	26	40	0	0	0	0	0	0	0	0	0	0	0	0	21601407	
1020	1	G	4	N	2500	0	40	351	164	43	28	31	0	0	0	0	0	0	0	0	0	0	0	0	21601485	
1021	1	G	4	N	2500	0	40	478	162	33	24	34	0	0	0	0	0	0	0	0	0	0	0	0	21601531	
1022	1	G	4	N	2500	0	40	475	187	42	28	39	0	0	0	0	0	0	0	0	0	0	0	0	21601719	
1023	1	G	4	N	2500	0	40	325	140	28	19	25	0	0	0	0	0	0	0	0	0	0	0	0	21601719	
1024	1	G	4	N	2500	0	40	511	187	39	23	32	0	0	0	0	0	0	0	0	0	0	0	0	21601843	
1025	1	G	4	N	2500	0	40	265	159	33	22	33	0	0	0	0	0	0	0	0	0	0	0	0	21601921	
1026	1	G	4	N	2500	0	1	71	13	2	1	3	0	0	0	0	0	0	0	0	0	0	0	0	21602343	
1027	1	G	4	N	2500	0	40	306	96	20	13	19	0	0	0	0	0	0	0	0	0	0	0	0	21602343	
1028	1	G	5	N	2500	6	40	322	192	40	29	40	0	0	0	0	0	0	0	0	0	0	0	0	21610657	
1029	1	G	6	N	2500	6	40	434	162	35	31	40	0	0	0	0	0	0	0	0	0	0	0	0	21624900	
1030	1	G	6	N	2500	6	40	337	180	38	33	41	0	0	0	0	0	0	0	0	0	0	0	0	21625384	
1031	1	G	6	N	2500	6	40	480	212	52	34	45	0	0	0	0	0	0	0	0	0	0	0	0	21625899	
1032	1	G	6	N	2500	0	40	258	157	33	27	39	0	0	0	0	0	0	0	0	0	0	0	0	21626351	
1033	1	G	6	N	2500	0	40	260	131	29	22	31	0	0	0	0	0	0	0	0	0	0	0	0	21626741	
1034	1	G	6	N	2500	0	40	245	148	35	21	30	0	0	0	0	0	0	0	0	0	0	0	0	21626803	
1035	1	G	6	N	2500	0	40	450	169	34	27	39	0	0	0	0	0	0	0	0	0	0	0	0	21626850	
1036	1	G	6	N	2500	0	40	230	125	31	21	29	0	0	0	0	0	0	0	0	0	0	0	0	21627084	
1037	1	G	6	N	2500	0	40	413	147	31	22	26	0	0	0	0	0	0	0	0	0	0	0	0	21627271	
1038	1	G	6	N	2500	0	40	315	136	30	22	29	0	0	0	0	0	0	0	0	0	0	0	0	21627396	
1039	1	G	6	N	2500	0	1	510	169	34	24	37	0	0	0	0	0	0	0	0	0	0	0	0	21627412	
1040	1	G	6	N	2500	0	40	262	145	31	25	31	0	0	0	0	0	0	0	0	0	0	0	0	21627412	
1041	1	G	6	N	2500	0	1	88	61	78	91	108	0	0	0	0	0	0	0	0	0	0	0	0	21627646	
1042	1	G	6	N	2500	0	40	269	151	40	30	31	0	0	0	0	0	0	0	0	0	0	0	0	21627708	
1043	1	G	6	N	2500	0	40	257	152	30	24	32	0	0	0	0	0	0	0	0	0	0	0	0	21627817	
1044	1	G	6	N	2500	0	40	214	144	31	23	27	0	0	0	0	0	0	0	0	0	0	0	0	21627817	
1045	1	G	6	N	2500	0	1	76	28	30	36	53	0	0	0	0	0	0	0	0	0	0	0	0	21627958	
1046	1	G	6	N	2500	0	40	382	153	35	24	34	0	0	0	0	0	0	0	0	0	0	0	0	21628020	
1047	1	G	6	N	2500	0	1	502	158	29	21	30	0	0	0	0	0	0	0	0	0	0	0	0	21628020	
1048	1	G	6	N	2500	0	40	283	154	31	24	32	0	0	0	0	0	0	0	0	0	0	0	0	21628129	
1049	1	G	6	N	2500	0	40	386	161	34	25	33	0	0	0	0	0	0	0	0	0	0	0	0	21628207	
1050	1	G	6	N	2500	0	40	261	145	34	28	36	0	0	0	0	0	0	0	0	0	0	0	0	21628270	
1051	1	G	6	N	2500	0	40	331	116	29	19	27	0	0	0	0	0	0	0	0	0	0	0	0	21628363	
1052	1	G	6	N	2500	0	40	384	146	29	23	28	0	0	0	0	0	0	0	0	0	0	0	0	21628379	
1053	1	G	6	N	2500	0	40	305	168	38	29	38	0	0	0	0	0	0	0	0	0	0	0	0	21628519	
1054	1	G	6	N	2500	0	1	552	188	38	31	41	0	0	0	0	0	0	0	0	0	0	0	0	21628519	
1055	1	G	6	N	2500	0	40	493	197	41	30	45	0	0	0	0	0	0	0	0	0	0	0	0	21628629	
1056	1	G	6	N	2500	0	40	249	119	33	26	33	0	0	0	0	0	0	0	0	0	0	0	0	21628675	
1057	1	G	6	N	2500	0	40	244	115	21	15	23	0	0	0	0	0	0	0	0	0	0	0	0	21628722	
1058	1	G	6	N	2500	0	1	120	28	5	4	7	0	0	0	0	0	0	0	0	0	0	0	0	21628738	
1059	1	G	6	N	2500	0	1	179	72	14	12	17	0	0	0	0	0	0	0	0	0	0	0	0	21628738	
1060	1	G	6	N	2500	0	40	366	132	31	22	32	0	0	0	0	0	0	0	0	0	0	0	0	21628738	
1061	1	G	6	N	2500	0	1	147	95	18	16	23	0	0	0	0	0	0	0	0	0	0	0	0	21628831	
1062	1	G	6	N	2500	0	40	352	154	31	25	35	0	0	0	0	0	0	0	0	0	0	0	0	21628909	
1063	1	G	6	N	2500	0	40	248	155	38	23	30	0	0	0	0	0	0	0	0	0	0	0	0	21629003	
1064	1	G	6	N	2500	0	40	403	148	34	23	30	0	0	0	0	0	0	0	0	0	0	0	0	21629034	
1065	1	G	6	N	2500	0	40	275	133	27	20	27	0	0	0	0	0	0	0	0	0	0	0	0	21629393	
1066	1	G	6	N	2500	0	40	313	141	30	20	27	0	0	0	0	0	0	0	0	0	0	0	0	21629487	
1067	1	G	6	N	2500	0	1	125	71	15	12	17	0	0	0	0	0	0	0	0	0	0	0	0	21629736	
1068	1	G	6	N	2500	0	1	92	36	8	8	9	0	0	0	0	0	0	0	0	0	0	0	0	21629736	
1069	1	G	6	N	2500	0	40	476	170	34	25	36	0	0	0	0	0	0	0	0	0	0	0	0	21630235	
1070	1	G	6	N	2500	0	40	398	201	49	37	45	0	0	0	0	0	0	0	0	0	0	0	0	21630251	
1071	1	G	6	N	2500	0	40	422	156	29	24	36	0	0	0	0	0	0	0	0	0	0	0	0	21630391	
1072	1	G	6	N	2500	0	40	293	161	34	28	36	0	0	0	0	0	0	0	0	0	0	0	0	21630438	
1073	1	G	6	N	2500	0	40	273	119	20	15	22	0	0	0	0	0	0	0	0	0	0	0	0	21630735	
1074	1	G	6	N	2500	0	40	311	137	24	21	29	0	0	0	0	0	0	0	0	0	0	0	0	21630781	
1075	1	G	6	N	2500	0	40	406	156	33	27	41	0	0	0	0	0	0	0	0	0	0	0	0	21630875	
1076	1	G	6	N	2500	0	1	104	26	6	3	5	0	0	0	0	0	0	0	0	0	0	0	0	21630875	
1077	1	G	6	N	2500	0	1	146	104	28	21	27	0	0	0	0	0	0	0	0	0	0	0	0	21630875	
1078	1	G	6	N	2500	0	40	416	148	32	24	35	0	0	0	0	0	0	0	0	0	0	0	0	21630875	
1079	1	G	6	N	2500	0	40	363	160	37	30	43	0	0	0	0	0	0	0	0	0	0	0	0	21630906	
1080	1	G	6	N	2500	0	40	460	174	35	26	30	0	0	0	0	0	0	0	0	0	0	0	0	21630953	
1081	1	G	6	N	2500	0	40	356	143	37	22	29	0	0	0	0	0	0	0	0	0	0	0	0	21630953	
1082	1	G	6	N	2500	0	40	370	121	20	16	23	0	0	0	0	0	0	0	0	0	0	0	0	21630984	
1083	1	G	6	N	2500	0	40	520	196	44	30	45	0	0	0	0	0	0	0	0	0	0	0	0	21631156	
1084	1	G	6	N	2500	0	40	392	144	34	28	36	0	0	0	0	0	0	0	0	0	0	0	0	21631421	
1085	1	G	6	N	2500	0	40	369	127	24	17	25	0	0	0	0	0	0	0	0	0	0	0	0	21631452	
1086	1	G	6	N	2500	0	40	470	204	49	34	47	0	0	0	0	0	0	0	0	0	0	0	0	21631608	
1087	1	G	6	N	2500	0	40	381	167	37	30	39	0	0	0	0	0	0	0	0	0	0	0	0	21631686	
1088	1	G	6	N	2500	0	40	402	158	33	22	35	0	0	0	0	0	0	0	0	0	0	0	0	21631795	
