Id	Plate	Row	Column	Clog	Scan rate	Status sort	Status sel	TOF	EXT	Green	Yellow	Red	PH Ext	PW Ext	PC Ext	PH Green	PW Green	PCGreen	PH Yellow	PW Yellow	PCYellow	PH Red	PW Red	PCRed	Time Stamp	
0	1	G	8	N	2500	6	40	321	131	24	17	22	0	0	0	0	0	0	0	0	0	0	0	0	23367956	
1	1	G	8	N	2500	2	1	98	27	5	4	8	0	0	0	0	0	0	0	0	0	0	0	0	23368565	
2	1	G	8	N	2500	8	40	249	114	25	20	26	0	0	0	0	0	0	0	0	0	0	0	0	23368580	
3	1	G	8	N	2500	6	40	319	148	29	24	30	0	0	0	0	0	0	0	0	0	0	0	0	23368908	
4	1	G	8	N	2500	6	40	390	154	29	23	34	0	0	0	0	0	0	0	0	0	0	0	0	23369157	
5	1	G	8	N	2500	0	40	337	145	30	22	29	0	0	0	0	0	0	0	0	0	0	0	0	23369157	
6	1	G	8	N	2500	0	40	362	148	33	26	37	0	0	0	0	0	0	0	0	0	0	0	0	23369641	
7	1	G	8	N	2500	0	40	353	145	29	21	26	0	0	0	0	0	0	0	0	0	0	0	0	23370015	
8	1	G	8	N	2500	0	1	173	77	11	8	13	0	0	0	0	0	0	0	0	0	0	0	0	23370062	
9	1	G	8	N	2500	0	40	328	161	30	27	33	0	0	0	0	0	0	0	0	0	0	0	0	23370093	
10	1	G	8	N	2500	0	2	163	129	26	23	29	0	0	0	0	0	0	0	0	0	0	0	0	23370437	
11	1	G	8	N	2500	0	1	50	32	11	0	2	0	0	0	0	0	0	0	0	0	0	0	0	23370655	
12	1	G	8	N	2500	0	40	354	140	26	18	29	0	0	0	0	0	0	0	0	0	0	0	0	23370936	
13	1	G	8	N	2500	0	1	243	96	20	15	21	0	0	0	0	0	0	0	0	0	0	0	0	23370983	
14	1	G	8	N	2500	0	40	393	148	27	21	30	0	0	0	0	0	0	0	0	0	0	0	0	23371341	
15	1	G	8	N	2500	0	40	299	142	28	18	27	0	0	0	0	0	0	0	0	0	0	0	0	23371513	
16	1	G	8	N	2500	0	40	327	118	23	15	24	0	0	0	0	0	0	0	0	0	0	0	0	23371591	
17	1	G	8	N	2500	0	40	257	137	33	25	35	0	0	0	0	0	0	0	0	0	0	0	0	23371700	
18	1	G	8	N	2500	0	40	399	151	31	23	34	0	0	0	0	0	0	0	0	0	0	0	0	23371716	
19	1	G	8	N	2500	0	40	249	120	23	18	25	0	0	0	0	0	0	0	0	0	0	0	0	23371872	
20	1	G	8	N	2500	0	1	85	23	4	3	5	0	0	0	0	0	0	0	0	0	0	0	0	23372028	
21	1	G	8	N	2500	0	1	195	87	16	13	18	0	0	0	0	0	0	0	0	0	0	0	0	23372028	
22	1	G	8	N	2500	0	40	247	122	28	23	26	0	0	0	0	0	0	0	0	0	0	0	0	23372106	
23	1	G	8	N	2500	0	1	172	105	19	13	17	0	0	0	0	0	0	0	0	0	0	0	0	23372137	
24	1	G	8	N	2500	0	40	337	130	24	18	25	0	0	0	0	0	0	0	0	0	0	0	0	23372215	
25	1	G	8	N	2500	0	40	247	113	20	14	20	0	0	0	0	0	0	0	0	0	0	0	0	23372262	
26	1	G	8	N	2500	0	40	421	152	29	19	24	0	0	0	0	0	0	0	0	0	0	0	0	23372324	
27	1	G	8	N	2500	0	40	357	136	27	19	28	0	0	0	0	0	0	0	0	0	0	0	0	23372324	
28	1	G	8	N	2500	0	40	363	141	27	18	26	0	0	0	0	0	0	0	0	0	0	0	0	23372340	
29	1	G	8	N	2500	0	40	323	117	26	18	26	0	0	0	0	0	0	0	0	0	0	0	0	23372418	
30	1	G	8	N	2500	0	1	189	72	10	7	11	0	0	0	0	0	0	0	0	0	0	0	0	23372480	
31	1	G	8	N	2500	0	40	261	136	26	18	28	0	0	0	0	0	0	0	0	0	0	0	0	23372543	
32	1	G	8	N	2500	0	40	396	140	32	23	30	0	0	0	0	0	0	0	0	0	0	0	0	23372574	
33	1	G	8	N	2500	0	40	363	141	26	20	26	0	0	0	0	0	0	0	0	0	0	0	0	23372621	
34	1	G	8	N	2500	0	40	251	122	22	17	26	0	0	0	0	0	0	0	0	0	0	0	0	23372714	
35	1	G	8	N	2500	0	40	193	122	24	18	23	0	0	0	0	0	0	0	0	0	0	0	0	23372745	
36	1	G	8	N	2500	0	40	361	142	28	21	31	0	0	0	0	0	0	0	0	0	0	0	0	23372808	
37	1	G	8	N	2500	0	40	431	163	30	22	35	0	0	0	0	0	0	0	0	0	0	0	0	23372855	
38	1	G	8	N	2500	0	1	118	32	6	3	6	0	0	0	0	0	0	0	0	0	0	0	0	23372995	
39	1	G	8	N	2500	0	1	143	91	19	12	18	0	0	0	0	0	0	0	0	0	0	0	0	23373089	
40	1	G	8	N	2500	0	40	400	160	31	25	35	0	0	0	0	0	0	0	0	0	0	0	0	23373104	
41	1	G	8	N	2500	0	40	352	124	23	15	25	0	0	0	0	0	0	0	0	0	0	0	0	23373713	
42	1	G	8	N	2500	0	40	273	108	22	17	23	0	0	0	0	0	0	0	0	0	0	0	0	23374711	
43	1	G	8	N	2500	0	40	361	138	27	18	26	0	0	0	0	0	0	0	0	0	0	0	0	23374961	
44	1	G	8	N	2500	0	1	106	63	12	10	11	0	0	0	0	0	0	0	0	0	0	0	0	23374992	
45	1	G	8	N	2500	0	1	60	46	9	8	8	0	0	0	0	0	0	0	0	0	0	0	0	23374992	
46	1	G	8	N	2500	0	1	90	17	5	0	2	0	0	0	0	0	0	0	0	0	0	0	0	23375210	
47	1	G	9	N	2500	2	1	451	704	511	2	8	0	0	0	0	0	0	0	0	0	0	0	0	23382246	
48	1	G	9	N	2500	6	40	199	130	26	18	19	0	0	0	0	0	0	0	0	0	0	0	0	23383213	
49	1	G	9	N	2500	6	40	256	138	28	22	29	0	0	0	0	0	0	0	0	0	0	0	0	23384851	
50	1	G	9	N	2500	2	1	75	26	8	9	19	0	0	0	0	0	0	0	0	0	0	0	0	23388127	
51	1	G	10	N	2500	2	1	153	40	5	5	10	0	0	0	0	0	0	0	0	0	0	0	0	23396785	
52	1	G	10	N	2500	6	40	242	132	26	21	29	0	0	0	0	0	0	0	0	0	0	0	0	23397393	
53	1	G	10	N	2500	2	1	58	18	5	5	8	0	0	0	0	0	0	0	0	0	0	0	0	23397409	
54	1	G	10	N	2500	6	40	312	111	20	13	19	0	0	0	0	0	0	0	0	0	0	0	0	23398329	
55	1	G	10	N	2500	6	40	345	128	25	18	25	0	0	0	0	0	0	0	0	0	0	0	0	23398766	
56	1	G	10	N	2500	0	40	341	130	28	19	31	0	0	0	0	0	0	0	0	0	0	0	0	23399219	
57	1	G	10	N	2500	0	1	198	104	20	15	19	0	0	0	0	0	0	0	0	0	0	0	0	23399468	
58	1	G	10	N	2500	0	40	223	116	27	18	26	0	0	0	0	0	0	0	0	0	0	0	0	23399577	
59	1	G	10	N	2500	0	40	339	129	26	19	27	0	0	0	0	0	0	0	0	0	0	0	0	23399687	
60	1	G	10	N	2500	0	1	93	62	12	10	13	0	0	0	0	0	0	0	0	0	0	0	0	23400357	
61	1	G	10	N	2500	0	1	106	52	10	9	13	0	0	0	0	0	0	0	0	0	0	0	0	23400357	
62	1	G	10	N	2500	0	40	333	122	25	16	19	0	0	0	0	0	0	0	0	0	0	0	0	23400420	
63	1	G	10	N	2500	0	40	303	122	27	17	22	0	0	0	0	0	0	0	0	0	0	0	0	23400420	
64	1	G	10	N	2500	0	1	109	30	6	3	7	0	0	0	0	0	0	0	0	0	0	0	0	23400825	
65	1	G	10	N	2500	0	1	117	77	17	16	20	0	0	0	0	0	0	0	0	0	0	0	0	23400825	
66	1	G	10	N	2500	0	40	346	141	30	21	27	0	0	0	0	0	0	0	0	0	0	0	0	23400966	
67	1	G	10	N	2500	0	1	192	97	21	14	19	0	0	0	0	0	0	0	0	0	0	0	0	23401137	
68	1	G	10	N	2500	0	40	390	166	37	27	37	0	0	0	0	0	0	0	0	0	0	0	0	23401715	
69	1	G	10	N	2500	0	40	355	131	26	17	23	0	0	0	0	0	0	0	0	0	0	0	0	23401964	
70	1	G	10	N	2500	0	40	265	144	31	20	23	0	0	0	0	0	0	0	0	0	0	0	0	23402495	
71	1	G	10	N	2500	0	40	188	139	35	23	29	0	0	0	0	0	0	0	0	0	0	0	0	23402510	
72	1	G	10	N	2500	0	40	317	133	31	20	23	0	0	0	0	0	0	0	0	0	0	0	0	23402557	
73	1	G	10	N	2500	0	1	76	35	3	1	3	0	0	0	0	0	0	0	0	0	0	0	0	23402760	
74	1	G	10	N	2500	0	40	325	137	25	16	23	0	0	0	0	0	0	0	0	0	0	0	0	23403134	
75	1	G	10	N	2500	0	40	375	143	32	20	29	0	0	0	0	0	0	0	0	0	0	0	0	23403446	
76	1	G	10	N	2500	0	40	223	127	29	20	30	0	0	0	0	0	0	0	0	0	0	0	0	23403852	
77	1	G	11	N	2500	2	1	112	131	37	1	2	0	0	0	0	0	0	0	0	0	0	0	0	23412338	
78	1	G	12	N	2500	2	1	101	60	13	12	19	0	0	0	0	0	0	0	0	0	0	0	0	23425255	
79	1	G	12	N	2500	2	1	203	59	14	10	16	0	0	0	0	0	0	0	0	0	0	0	0	23425255	
80	1	G	12	N	2500	2	1	54	28	5	0	0	0	0	0	0	0	0	0	0	0	0	0	0	23425442	
81	1	G	12	N	2500	6	40	352	143	29	25	35	0	0	0	0	0	0	0	0	0	0	0	0	23425489	
82	1	G	12	N	2500	6	40	372	130	26	16	27	0	0	0	0	0	0	0	0	0	0	0	0	23425770	
83	1	G	12	N	2500	2	1	60	38	5	0	1	0	0	0	0	0	0	0	0	0	0	0	0	23426144	
84	1	G	12	N	2500	2	1	161	92	16	13	16	0	0	0	0	0	0	0	0	0	0	0	0	23426409	
85	1	G	12	N	2500	2	1	205	89	21	14	19	0	0	0	0	0	0	0	0	0	0	0	0	23426441	
86	1	G	12	N	2500	6	40	185	133	29	23	28	0	0	0	0	0	0	0	0	0	0	0	0	23426643	
87	1	G	12	N	2500	0	40	375	147	28	22	32	0	0	0	0	0	0	0	0	0	0	0	0	23426659	
88	1	G	12	N	2500	0	40	440	144	31	24	33	0	0	0	0	0	0	0	0	0	0	0	0	23426768	
89	1	G	12	N	2500	0	1	85	20	3	2	3	0	0	0	0	0	0	0	0	0	0	0	0	23426831	
90	1	G	12	N	2500	0	40	270	106	23	15	19	0	0	0	0	0	0	0	0	0	0	0	0	23427174	
91	1	G	12	N	2500	0	40	255	122	33	26	35	0	0	0	0	0	0	0	0	0	0	0	0	23427205	
92	1	G	12	N	2500	0	40	257	127	27	19	25	0	0	0	0	0	0	0	0	0	0	0	0	23427252	
93	1	G	12	N	2500	0	40	226	144	30	23	28	0	0	0	0	0	0	0	0	0	0	0	0	23427813	
94	1	G	12	N	2500	0	2	117	137	10	1	1	0	0	0	0	0	0	0	0	0	0	0	0	23427954	
95	1	G	12	N	2500	0	40	370	138	27	20	27	0	0	0	0	0	0	0	0	0	0	0	0	23428063	
96	1	G	12	N	2500	0	2	166	126	37	25	36	0	0	0	0	0	0	0	0	0	0	0	0	23428328	
97	1	G	12	N	2500	0	40	334	135	31	22	33	0	0	0	0	0	0	0	0	0	0	0	0	23428796	
98	1	G	12	N	2500	0	1	202	98	30	21	28	0	0	0	0	0	0	0	0	0	0	0	0	23428952	
99	1	G	12	N	2500	0	40	204	150	34	26	33	0	0	0	0	0	0	0	0	0	0	0	0	23429155	
100	1	G	12	N	2500	0	1	92	17	3	2	6	0	0	0	0	0	0	0	0	0	0	0	0	23429405	
101	1	G	12	N	2500	0	1	203	62	12	7	10	0	0	0	0	0	0	0	0	0	0	0	0	23429405	
102	1	G	12	N	2500	0	40	362	138	33	21	29	0	0	0	0	0	0	0	0	0	0	0	0	23429732	
103	1	G	12	N	2500	0	40	302	115	21	16	20	0	0	0	0	0	0	0	0	0	0	0	0	23429748	
104	1	G	12	N	2500	0	40	338	122	24	17	23	0	0	0	0	0	0	0	0	0	0	0	0	23429779	
105	1	G	12	N	2500	0	40	238	129	25	21	27	0	0	0	0	0	0	0	0	0	0	0	0	23429810	
106	1	G	12	N	2500	0	40	320	135	34	24	33	0	0	0	0	0	0	0	0	0	0	0	0	23429826	
107	1	G	12	N	2500	0	40	239	127	25	20	29	0	0	0	0	0	0	0	0	0	0	0	0	23429997	
108	1	G	12	N	2500	0	40	334	117	24	17	22	0	0	0	0	0	0	0	0	0	0	0	0	23430013	
109	1	G	12	N	2500	0	40	320	115	28	22	25	0	0	0	0	0	0	0	0	0	0	0	0	23430169	
110	1	G	12	N	2500	0	1	54	9	2	1	3	0	0	0	0	0	0	0	0	0	0	0	0	23430169	
111	1	G	12	N	2500	0	40	200	130	31	25	31	0	0	0	0	0	0	0	0	0	0	0	0	23430325	
112	1	G	12	N	2500	0	1	227	83	21	16	20	0	0	0	0	0	0	0	0	0	0	0	0	23430481	
113	1	G	12	N	2500	0	40	196	118	25	20	22	0	0	0	0	0	0	0	0	0	0	0	0	23430481	
114	1	G	12	N	2500	0	40	338	121	26	16	23	0	0	0	0	0	0	0	0	0	0	0	0	23430793	
115	1	G	12	N	2500	0	40	373	141	31	22	30	0	0	0	0	0	0	0	0	0	0	0	0	23431308	
116	1	G	12	N	2500	0	40	274	120	24	18	26	0	0	0	0	0	0	0	0	0	0	0	0	23431511	
117	1	G	12	N	2500	0	40	329	158	37	25	36	0	0	0	0	0	0	0	0	0	0	0	0	23431729	
118	1	G	12	N	2500	0	40	197	124	25	19	24	0	0	0	0	0	0	0	0	0	0	0	0	23432493	
119	1	H	1	N	2500	2	1	57	36	2	0	1	0	0	0	0	0	0	0	0	0	0	0	0	23441354	
120	1	H	1	N	2500	2	1	83	68	23	0	2	0	0	0	0	0	0	0	0	0	0	0	0	23443507	
121	1	H	1	N	2500	2	1	133	185	17	2	5	0	0	0	0	0	0	0	0	0	0	0	0	23443647	
122	1	H	1	N	2500	2	1	64	59	11	0	0	0	0	0	0	0	0	0	0	0	0	0	0	23444365	
123	1	H	1	N	2500	2	1	457	712	535	2	12	0	0	0	0	0	0	0	0	0	0	0	0	23444521	
124	1	H	1	N	2500	2	1	437	680	501	2	11	0	0	0	0	0	0	0	0	0	0	0	0	23444630	
125	1	H	1	N	2500	2	1	68	13	1	2	4	0	0	0	0	0	0	0	0	0	0	0	0	23445161	
126	1	H	2	N	2500	2	1	75	68	17	0	2	0	0	0	0	0	0	0	0	0	0	0	0	23455878	
127	1	H	2	N	2500	2	1	222	78	15	11	15	0	0	0	0	0	0	0	0	0	0	0	0	23457173	
128	1	H	2	N	2500	6	40	364	147	32	23	27	0	0	0	0	0	0	0	0	0	0	0	0	23458280	
129	1	H	2	N	2500	2	1	260	79	15	11	17	0	0	0	0	0	0	0	0	0	0	0	0	23459185	
130	1	H	2	N	2500	2	1	209	103	22	16	23	0	0	0	0	0	0	0	0	0	0	0	0	23459934	
131	1	H	2	N	2500	6	40	306	156	35	28	31	0	0	0	0	0	0	0	0	0	0	0	0	23460418	
132	1	H	4	N	2500	6	40	220	116	21	16	21	0	0	0	0	0	0	0	0	0	0	0	0	23485190	
133	1	H	4	N	2500	6	40	351	135	28	19	28	0	0	0	0	0	0	0	0	0	0	0	0	23485206	
134	1	H	4	N	2500	6	40	326	142	28	19	28	0	0	0	0	0	0	0	0	0	0	0	0	23485924	
135	1	H	4	N	2500	0	40	197	149	29	23	32	0	0	0	0	0	0	0	0	0	0	0	0	23485955	
136	1	H	4	N	2500	0	40	227	124	24	16	23	0	0	0	0	0	0	0	0	0	0	0	0	23486002	
137	1	H	4	N	2500	0	1	70	18	5	0	2	0	0	0	0	0	0	0	0	0	0	0	0	23486220	
138	1	H	4	N	2500	0	40	306	115	22	17	25	0	0	0	0	0	0	0	0	0	0	0	0	23486922	
139	1	H	4	N	2500	0	40	340	117	22	16	23	0	0	0	0	0	0	0	0	0	0	0	0	23487062	
140	1	H	4	N	2500	0	40	331	106	20	14	16	0	0	0	0	0	0	0	0	0	0	0	0	23487203	
141	1	H	4	N	2500	0	40	337	124	26	14	24	0	0	0	0	0	0	0	0	0	0	0	0	23487406	
142	1	H	4	N	2500	0	1	281	80	11	8	11	0	0	0	0	0	0	0	0	0	0	0	0	23487421	
143	1	H	4	N	2500	0	1	82	27	14	2	4	0	0	0	0	0	0	0	0	0	0	0	0	23487452	
144	1	H	4	N	2500	0	40	275	130	29	21	28	0	0	0	0	0	0	0	0	0	0	0	0	23487733	
145	1	H	4	N	2500	0	40	291	98	21	15	24	0	0	0	0	0	0	0	0	0	0	0	0	23487749	
146	1	H	4	N	2500	0	40	303	123	26	18	26	0	0	0	0	0	0	0	0	0	0	0	0	23487920	
147	1	H	4	N	2500	0	40	308	113	21	15	21	0	0	0	0	0	0	0	0	0	0	0	0	23488045	
148	1	H	4	N	2500	0	40	301	124	25	19	26	0	0	0	0	0	0	0	0	0	0	0	0	23488061	
149	1	H	4	N	2500	0	40	371	129	26	16	22	0	0	0	0	0	0	0	0	0	0	0	0	23488404	
150	1	H	4	N	2500	0	40	407	146	28	22	33	0	0	0	0	0	0	0	0	0	0	0	0	23488716	
151	1	H	4	N	2500	0	40	341	149	32	30	37	0	0	0	0	0	0	0	0	0	0	0	0	23488747	
152	1	H	4	N	2500	0	40	342	136	28	19	26	0	0	0	0	0	0	0	0	0	0	0	0	23488934	
153	1	H	4	N	2500	0	40	338	131	22	16	21	0	0	0	0	0	0	0	0	0	0	0	0	23489075	
154	1	H	4	N	2500	0	40	275	122	23	18	26	0	0	0	0	0	0	0	0	0	0	0	0	23489122	
155	1	H	4	N	2500	0	40	359	128	22	18	28	0	0	0	0	0	0	0	0	0	0	0	0	23489356	
156	1	H	4	N	2500	0	40	443	190	44	37	48	0	0	0	0	0	0	0	0	0	0	0	0	23489527	
157	1	H	4	N	2500	0	40	362	128	32	21	26	0	0	0	0	0	0	0	0	0	0	0	0	23489527	
158	1	H	4	N	2500	0	1	132	112	22	17	23	0	0	0	0	0	0	0	0	0	0	0	0	23489636	
159	1	H	4	N	2500	0	40	317	111	20	14	20	0	0	0	0	0	0	0	0	0	0	0	0	23489902	
160	1	H	4	N	2500	0	40	375	128	24	18	25	0	0	0	0	0	0	0	0	0	0	0	0	23490089	
161	1	H	4	N	2500	0	40	211	134	31	21	29	0	0	0	0	0	0	0	0	0	0	0	0	23490120	
162	1	H	4	N	2500	0	40	336	120	23	16	20	0	0	0	0	0	0	0	0	0	0	0	0	23490151	
163	1	H	4	N	2500	0	40	328	130	25	17	25	0	0	0	0	0	0	0	0	0	0	0	0	23490260	
164	1	H	4	N	2500	0	40	221	124	28	22	35	0	0	0	0	0	0	0	0	0	0	0	0	23490401	
165	1	H	4	N	2500	0	40	170	128	27	17	27	0	0	0	0	0	0	0	0	0	0	0	0	23490448	
166	1	H	4	N	2500	0	40	372	126	22	14	22	0	0	0	0	0	0	0	0	0	0	0	0	23490713	
167	1	H	4	N	2500	0	40	269	136	29	21	28	0	0	0	0	0	0	0	0	0	0	0	0	23491150	
168	1	H	4	N	2500	0	40	323	105	20	13	21	0	0	0	0	0	0	0	0	0	0	0	0	23491477	
169	1	H	4	N	2500	0	1	199	93	17	12	17	0	0	0	0	0	0	0	0	0	0	0	0	23491493	
170	1	H	4	N	2500	0	1	167	106	17	12	17	0	0	0	0	0	0	0	0	0	0	0	0	23491555	
171	1	H	4	N	2500	0	40	192	121	28	21	26	0	0	0	0	0	0	0	0	0	0	0	0	23492335	
172	1	H	5	N	2500	2	1	60	52	12	0	1	0	0	0	0	0	0	0	0	0	0	0	0	23499277	
173	1	H	5	N	2500	2	1	85	84	7	0	1	0	0	0	0	0	0	0	0	0	0	0	0	23499792	
174	1	H	5	N	2500	6	40	329	135	27	18	27	0	0	0	0	0	0	0	0	0	0	0	0	23502522	
175	1	H	5	N	2500	6	40	328	133	29	18	28	0	0	0	0	0	0	0	0	0	0	0	0	23503567	
176	1	H	5	N	2500	6	40	329	112	19	13	19	0	0	0	0	0	0	0	0	0	0	0	0	23504581	
177	1	H	6	N	2500	6	40	338	120	24	17	25	0	0	0	0	0	0	0	0	0	0	0	0	23514222	
178	1	H	6	N	2500	2	1	145	32	4	2	5	0	0	0	0	0	0	0	0	0	0	0	0	23514300	
179	1	H	6	N	2500	6	40	358	120	21	15	20	0	0	0	0	0	0	0	0	0	0	0	0	23514596	
180	1	H	6	N	2500	2	1	150	74	20	13	17	0	0	0	0	0	0	0	0	0	0	0	0	23514674	
181	1	H	6	N	2500	6	40	353	127	23	16	28	0	0	0	0	0	0	0	0	0	0	0	0	23515111	
182	1	H	6	N	2500	0	1	67	24	7	2	3	0	0	0	0	0	0	0	0	0	0	0	0	23515361	
183	1	H	6	N	2500	0	40	318	116	24	15	23	0	0	0	0	0	0	0	0	0	0	0	0	23515579	
184	1	H	6	N	2500	0	40	265	127	25	20	24	0	0	0	0	0	0	0	0	0	0	0	0	23515657	
185	1	H	6	N	2500	0	40	296	122	26	19	25	0	0	0	0	0	0	0	0	0	0	0	0	23515751	
186	1	H	6	N	2500	0	1	80	26	4	5	10	0	0	0	0	0	0	0	0	0	0	0	0	23516484	
187	1	H	6	N	2500	0	40	353	135	29	19	26	0	0	0	0	0	0	0	0	0	0	0	0	23516827	
188	1	H	6	N	2500	0	1	235	83	14	9	14	0	0	0	0	0	0	0	0	0	0	0	0	23516999	
189	1	H	6	N	2500	0	40	311	132	26	19	28	0	0	0	0	0	0	0	0	0	0	0	0	23517498	
190	1	H	6	N	2500	0	40	395	129	24	14	23	0	0	0	0	0	0	0	0	0	0	0	0	23517592	
191	1	H	6	N	2500	0	1	477	144	26	19	28	0	0	0	0	0	0	0	0	0	0	0	0	23517701	
192	1	H	6	N	2500	0	40	275	125	23	17	22	0	0	0	0	0	0	0	0	0	0	0	0	23518200	
193	1	H	6	N	2500	0	1	165	78	16	10	13	0	0	0	0	0	0	0	0	0	0	0	0	23518231	
194	1	H	7	N	2500	2	1	112	141	16	1	3	0	0	0	0	0	0	0	0	0	0	0	0	23527607	
195	1	H	7	N	2500	2	1	124	167	20	1	3	0	0	0	0	0	0	0	0	0	0	0	0	23527654	
196	1	H	7	N	2500	2	1	273	413	245	2	6	0	0	0	0	0	0	0	0	0	0	0	0	23527685	
197	1	H	7	N	2500	2	1	127	177	32	2	4	0	0	0	0	0	0	0	0	0	0	0	0	23527700	
198	1	H	7	N	2500	2	1	163	231	55	1	3	0	0	0	0	0	0	0	0	0	0	0	0	23527700	
199	1	H	7	N	2500	2	1	88	75	5	0	1	0	0	0	0	0	0	0	0	0	0	0	0	23527700	
200	1	H	7	N	2500	2	1	61	55	13	0	1	0	0	0	0	0	0	0	0	0	0	0	0	23527903	
201	1	H	7	N	2500	2	1	57	31	5	0	0	0	0	0	0	0	0	0	0	0	0	0	0	23527919	
202	1	H	7	N	2500	6	40	354	138	26	20	25	0	0	0	0	0	0	0	0	0	0	0	0	23529448	
203	1	H	7	N	2500	2	1	185	111	21	16	20	0	0	0	0	0	0	0	0	0	0	0	0	23531600	
204	1	H	8	N	2500	6	40	269	103	23	14	17	0	0	0	0	0	0	0	0	0	0	0	0	23542240	
205	1	H	8	N	2500	6	40	273	130	26	21	25	0	0	0	0	0	0	0	0	0	0	0	0	23542505	
206	1	H	8	N	2500	2	1	178	84	21	13	16	0	0	0	0	0	0	0	0	0	0	0	0	23543690	
207	1	H	8	N	2500	2	1	116	59	99	130	159	0	0	0	0	0	0	0	0	0	0	0	0	23543846	
208	1	H	8	N	2500	6	40	355	130	24	18	24	0	0	0	0	0	0	0	0	0	0	0	0	23544346	
209	1	H	8	N	2500	0	40	321	107	21	12	17	0	0	0	0	0	0	0	0	0	0	0	0	23545063	
210	1	H	8	N	2500	0	40	225	132	30	20	24	0	0	0	0	0	0	0	0	0	0	0	0	23545718	
211	1	H	8	N	2500	0	40	315	129	27	20	28	0	0	0	0	0	0	0	0	0	0	0	0	23546296	
212	1	H	8	N	2500	0	40	187	122	26	19	26	0	0	0	0	0	0	0	0	0	0	0	0	23546795	
213	1	H	8	N	2500	0	1	176	94	23	16	23	0	0	0	0	0	0	0	0	0	0	0	0	23546873	
214	1	H	8	N	2500	0	40	300	112	23	16	18	0	0	0	0	0	0	0	0	0	0	0	0	23547107	
215	1	H	8	N	2500	0	2	167	133	30	21	26	0	0	0	0	0	0	0	0	0	0	0	0	23547122	
216	1	H	8	N	2500	0	40	287	122	23	17	25	0	0	0	0	0	0	0	0	0	0	0	0	23547278	
217	1	H	8	N	2500	0	40	175	116	25	16	22	0	0	0	0	0	0	0	0	0	0	0	0	23547325	
218	1	H	8	N	2500	0	40	329	132	25	16	23	0	0	0	0	0	0	0	0	0	0	0	0	23547544	
219	1	H	8	N	2500	0	40	290	130	23	14	18	0	0	0	0	0	0	0	0	0	0	0	0	23547793	
220	1	H	8	N	2500	0	40	270	132	30	20	23	0	0	0	0	0	0	0	0	0	0	0	0	23547902	
221	1	H	8	N	2500	0	40	176	124	28	19	21	0	0	0	0	0	0	0	0	0	0	0	0	23548152	
222	1	H	8	N	2500	0	40	300	103	16	11	13	0	0	0	0	0	0	0	0	0	0	0	0	23548261	
223	1	H	8	N	2500	0	40	324	116	23	15	22	0	0	0	0	0	0	0	0	0	0	0	0	23548464	
224	1	H	8	N	2500	0	40	392	145	29	24	34	0	0	0	0	0	0	0	0	0	0	0	0	23548838	
225	1	H	10	N	2500	6	40	199	126	33	24	32	0	0	0	0	0	0	0	0	0	0	0	0	23571193	
226	1	H	10	N	2500	6	40	312	150	37	27	38	0	0	0	0	0	0	0	0	0	0	0	0	23571318	
227	1	H	10	N	2500	6	40	341	136	29	22	31	0	0	0	0	0	0	0	0	0	0	0	0	23571381	
228	1	H	10	N	2500	0	40	333	133	29	23	30	0	0	0	0	0	0	0	0	0	0	0	0	23572005	
229	1	H	10	N	2500	0	40	327	150	34	26	38	0	0	0	0	0	0	0	0	0	0	0	0	23572317	
230	1	H	10	N	2500	0	40	330	141	28	20	27	0	0	0	0	0	0	0	0	0	0	0	0	23572473	
231	1	H	10	N	2500	0	1	541	186	38	25	34	0	0	0	0	0	0	0	0	0	0	0	0	23572644	
232	1	H	10	N	2500	0	40	361	149	30	24	33	0	0	0	0	0	0	0	0	0	0	0	0	23572644	
233	1	H	10	N	2500	0	40	329	127	24	18	25	0	0	0	0	0	0	0	0	0	0	0	0	23572894	
234	1	H	10	N	2500	0	40	360	134	30	20	30	0	0	0	0	0	0	0	0	0	0	0	0	23572956	
235	1	H	10	N	2500	0	40	215	134	26	19	26	0	0	0	0	0	0	0	0	0	0	0	0	23573143	
236	1	H	10	N	2500	0	40	323	131	28	23	33	0	0	0	0	0	0	0	0	0	0	0	0	23573346	
237	1	H	10	N	2500	0	40	301	142	34	24	32	0	0	0	0	0	0	0	0	0	0	0	0	23573471	
238	1	H	10	N	2500	0	40	325	136	29	21	31	0	0	0	0	0	0	0	0	0	0	0	0	23573908	
239	1	H	10	N	2500	0	40	365	157	33	26	35	0	0	0	0	0	0	0	0	0	0	0	0	23573970	
240	1	H	10	N	2500	0	40	364	141	28	24	33	0	0	0	0	0	0	0	0	0	0	0	0	23574563	
241	1	H	10	N	2500	0	40	345	142	28	25	33	0	0	0	0	0	0	0	0	0	0	0	0	23574828	
242	1	H	10	N	2500	0	40	307	142	28	22	28	0	0	0	0	0	0	0	0	0	0	0	0	23574922	
243	1	H	10	N	2500	0	40	463	174	35	25	38	0	0	0	0	0	0	0	0	0	0	0	0	23575343	
244	1	H	10	N	2500	0	40	283	120	25	19	25	0	0	0	0	0	0	0	0	0	0	0	0	23575374	
245	1	H	10	N	2500	0	40	193	146	36	23	31	0	0	0	0	0	0	0	0	0	0	0	0	23575530	
246	1	H	10	N	2500	0	40	275	145	37	27	35	0	0	0	0	0	0	0	0	0	0	0	0	23575593	
247	1	H	10	N	2500	0	40	231	134	31	25	33	0	0	0	0	0	0	0	0	0	0	0	0	23575749	
248	1	H	10	N	2500	0	40	380	145	33	26	32	0	0	0	0	0	0	0	0	0	0	0	0	23575749	
249	1	H	10	N	2500	0	40	458	177	39	28	43	0	0	0	0	0	0	0	0	0	0	0	0	23575811	
250	1	H	10	N	2500	0	40	363	151	34	26	30	0	0	0	0	0	0	0	0	0	0	0	0	23576185	
251	1	H	10	N	2500	0	40	273	136	39	28	33	0	0	0	0	0	0	0	0	0	0	0	0	23576310	
252	1	H	10	N	2500	0	40	334	138	34	21	27	0	0	0	0	0	0	0	0	0	0	0	0	23576560	
253	1	H	10	N	2500	0	40	303	220	51	42	63	0	0	0	0	0	0	0	0	0	0	0	0	23576685	
254	1	H	10	N	2500	0	40	319	134	27	18	25	0	0	0	0	0	0	0	0	0	0	0	0	23577745	
255	1	H	10	N	2500	0	40	309	137	28	23	30	0	0	0	0	0	0	0	0	0	0	0	0	23578135	
256	1	H	11	N	2500	2	1	187	77	14	11	14	0	0	0	0	0	0	0	0	0	0	0	0	23592472	
257	1	H	12	N	2500	6	40	272	140	35	24	30	0	0	0	0	0	0	0	0	0	0	0	0	23600537	
258	1	H	12	N	2500	2	1	114	28	5	5	6	0	0	0	0	0	0	0	0	0	0	0	0	23600740	
259	1	H	12	N	2500	2	1	61	53	17	0	1	0	0	0	0	0	0	0	0	0	0	0	0	23600787	
260	1	H	12	N	2500	8	40	292	138	29	23	26	0	0	0	0	0	0	0	0	0	0	0	0	23601005	
261	1	H	12	N	2500	6	40	213	138	30	24	33	0	0	0	0	0	0	0	0	0	0	0	0	23603314	
262	1	H	12	N	2500	6	40	383	148	28	21	32	0	0	0	0	0	0	0	0	0	0	0	0	23603392	
263	1	H	12	N	2500	0	40	400	146	30	21	27	0	0	0	0	0	0	0	0	0	0	0	0	23603454	
264	1	H	12	N	2500	0	40	235	100	20	15	22	0	0	0	0	0	0	0	0	0	0	0	0	23604219	
265	1	H	12	N	2500	0	40	331	151	37	25	39	0	0	0	0	0	0	0	0	0	0	0	0	23604265	
266	1	H	12	N	2500	0	40	347	137	25	18	25	0	0	0	0	0	0	0	0	0	0	0	0	23605373	
267	1	H	12	N	2500	0	40	313	129	31	25	29	0	0	0	0	0	0	0	0	0	0	0	0	23605498	
268	1	H	12	N	2500	0	40	313	151	34	24	29	0	0	0	0	0	0	0	0	0	0	0	0	23605545	
269	1	H	12	N	2500	0	40	175	123	28	20	24	0	0	0	0	0	0	0	0	0	0	0	0	23605591	
270	1	H	12	N	2500	0	1	464	147	28	19	28	0	0	0	0	0	0	0	0	0	0	0	0	23606215	


Threshold source: EXT,  value 50
Min TOF = 50
EXT signal gain 1.6
Green signal gain 3.0
Yellow signal gain 3.0
Red signal gain 3.0
Green PMT voltage 700
Yellow PMT voltage 700
Red PMT voltage 900
Signal multipliers: 1.0,1.0,1.0,1.0
C:\Users\unionbio\Desktop\COPAS Templates\USE for L4 dispense4.csv