Id	Plate	Row	Column	Clog	Scan rate	Status sort	Status sel	TOF	EXT	Green	Yellow	Red	PH Ext	PW Ext	PC Ext	PH Green	PW Green	PCGreen	PH Yellow	PW Yellow	PCYellow	PH Red	PW Red	PCRed	Time Stamp	
0	1	H	8	N	2500	0	40	75	119	12	4	3	0	0	0	0	0	0	0	0	0	0	0	0	204897	
1	1	H	8	N	2500	0	40	53	66	5	4	3	0	0	0	0	0	0	0	0	0	0	0	0	205068	
2	1	H	8	N	2500	0	40	132	357	33	11	8	0	0	0	0	0	0	0	0	0	0	0	0	205193	
3	1	H	8	N	2500	0	40	219	414	16	8	6	0	0	0	0	0	0	0	0	0	0	0	0	205255	
4	1	H	8	N	2500	0	40	26	23	1	0	0	0	0	0	0	0	0	0	0	0	0	0	0	205692	
5	1	H	8	N	2500	0	40	54	93	5	3	2	0	0	0	0	0	0	0	0	0	0	0	0	205708	
6	1	H	8	N	2500	0	40	20	17	1	1	1	0	0	0	0	0	0	0	0	0	0	0	0	206004	
7	1	H	8	N	2500	0	40	82	160	16	6	4	0	0	0	0	0	0	0	0	0	0	0	0	206207	
8	1	H	8	N	2500	0	40	105	104	10	7	7	0	0	0	0	0	0	0	0	0	0	0	0	206394	
9	1	H	8	N	2500	0	40	49	66	4	3	1	0	0	0	0	0	0	0	0	0	0	0	0	206410	
10	1	H	8	N	2500	0	40	35	37	1	2	0	0	0	0	0	0	0	0	0	0	0	0	0	207159	
11	1	H	8	N	2500	0	40	27	26	2	1	0	0	0	0	0	0	0	0	0	0	0	0	0	207159	
12	1	H	8	N	2500	0	40	139	211	17	11	8	0	0	0	0	0	0	0	0	0	0	0	0	207393	
13	1	H	8	N	2500	0	40	156	259	20	13	9	0	0	0	0	0	0	0	0	0	0	0	0	207486	
14	1	H	8	N	2500	0	40	36	43	2	2	3	0	0	0	0	0	0	0	0	0	0	0	0	207798	
15	1	H	8	N	2500	0	40	25	24	2	2	0	0	0	0	0	0	0	0	0	0	0	0	0	208282	
16	1	H	8	N	2500	0	40	98	188	14	15	15	0	0	0	0	0	0	0	0	0	0	0	0	208984	
17	1	H	8	N	2500	0	40	130	398	32	43	43	0	0	0	0	0	0	0	0	0	0	0	0	209155	
18	1	H	8	N	2500	0	40	24	23	1	1	1	0	0	0	0	0	0	0	0	0	0	0	0	209405	
19	1	H	8	N	2500	0	40	356	597	27	19	17	0	0	0	0	0	0	0	0	0	0	0	0	209623	
20	1	H	8	N	2500	0	40	22	19	1	1	1	0	0	0	0	0	0	0	0	0	0	0	0	209967	
21	1	H	8	N	2500	0	40	24	22	1	1	1	0	0	0	0	0	0	0	0	0	0	0	0	210403	
22	1	H	8	N	2500	0	40	27	30	1	2	3	0	0	0	0	0	0	0	0	0	0	0	0	212057	
23	1	H	9	N	2500	0	40	34	58	1	0	1	0	0	0	0	0	0	0	0	0	0	0	0	219514	
24	1	H	9	N	2500	0	40	22	19	0	0	0	0	0	0	0	0	0	0	0	0	0	0	0	219997	
25	1	H	9	N	2500	0	40	39	88	9	4	2	0	0	0	0	0	0	0	0	0	0	0	0	220029	
26	1	H	9	N	2500	0	40	29	35	0	0	0	0	0	0	0	0	0	0	0	0	0	0	0	220278	
27	1	H	9	N	2500	0	40	131	193	14	9	9	0	0	0	0	0	0	0	0	0	0	0	0	220465	
28	1	H	9	N	2500	0	40	43	44	2	1	1	0	0	0	0	0	0	0	0	0	0	0	0	220465	
29	1	H	9	N	2500	0	40	23	23	1	0	0	0	0	0	0	0	0	0	0	0	0	0	0	221417	
30	1	H	9	N	2500	0	40	22	22	0	1	1	0	0	0	0	0	0	0	0	0	0	0	0	223476	
31	1	H	9	N	2500	0	40	26	38	1	1	2	0	0	0	0	0	0	0	0	0	0	0	0	226518	
32	1	H	10	N	2500	0	40	42	40	4	5	6	0	0	0	0	0	0	0	0	0	0	0	0	234225	
33	1	H	10	N	2500	0	40	63	57	1	0	0	0	0	0	0	0	0	0	0	0	0	0	0	234240	
34	1	H	10	N	2500	0	40	109	157	4	2	2	0	0	0	0	0	0	0	0	0	0	0	0	234240	
35	1	H	10	N	2500	0	40	39	60	3	3	3	0	0	0	0	0	0	0	0	0	0	0	0	234287	
36	1	H	10	N	2500	0	40	532	1364	65	53	36	0	0	0	0	0	0	0	0	0	0	0	0	234303	
37	1	H	10	N	2500	0	40	259	380	14	7	5	0	0	0	0	0	0	0	0	0	0	0	0	234334	
38	1	H	10	N	2500	0	40	133	310	14	7	6	0	0	0	0	0	0	0	0	0	0	0	0	234365	
39	1	H	10	N	2500	0	40	385	952	47	31	21	0	0	0	0	0	0	0	0	0	0	0	0	234428	
40	1	H	10	N	2500	0	40	260	384	16	7	5	0	0	0	0	0	0	0	0	0	0	0	0	234490	
41	1	H	10	N	2500	0	40	216	286	10	6	3	0	0	0	0	0	0	0	0	0	0	0	0	234490	
42	1	H	10	N	2500	0	40	532	1588	101	71	46	0	0	0	0	0	0	0	0	0	0	0	0	234537	
43	1	H	10	N	2500	0	40	37	50	4	1	1	0	0	0	0	0	0	0	0	0	0	0	0	234568	
44	1	H	10	N	2500	0	40	76	106	11	3	2	0	0	0	0	0	0	0	0	0	0	0	0	234568	
45	1	H	10	N	2500	0	40	21	23	2	1	0	0	0	0	0	0	0	0	0	0	0	0	0	234599	
46	1	H	10	N	2500	0	40	408	1002	54	32	23	0	0	0	0	0	0	0	0	0	0	0	0	234615	
47	1	H	10	N	2500	0	40	211	278	10	6	5	0	0	0	0	0	0	0	0	0	0	0	0	234677	
48	1	H	10	N	2500	0	40	521	1321	83	59	40	0	0	0	0	0	0	0	0	0	0	0	0	234677	
49	1	H	10	N	2500	0	40	156	171	5	3	2	0	0	0	0	0	0	0	0	0	0	0	0	234693	
50	1	H	10	N	2500	0	40	227	664	26	23	19	0	0	0	0	0	0	0	0	0	0	0	0	234693	
51	1	H	10	N	2500	0	40	607	1623	112	87	66	0	0	0	0	0	0	0	0	0	0	0	0	234708	
52	1	H	10	N	2500	0	40	457	1201	65	50	34	0	0	0	0	0	0	0	0	0	0	0	0	234724	
53	1	H	10	N	2500	0	40	216	480	22	19	16	0	0	0	0	0	0	0	0	0	0	0	0	234740	
54	1	H	10	N	2500	0	40	248	345	14	7	6	0	0	0	0	0	0	0	0	0	0	0	0	234740	
55	1	H	10	N	2500	0	40	661	2297	174	109	68	0	0	0	0	0	0	0	0	0	0	0	0	234755	
56	1	H	10	N	2500	0	40	201	419	18	9	8	0	0	0	0	0	0	0	0	0	0	0	0	234802	
57	1	H	10	N	2500	0	40	253	386	16	8	8	0	0	0	0	0	0	0	0	0	0	0	0	234833	
58	1	H	10	N	2500	0	40	146	196	7	5	4	0	0	0	0	0	0	0	0	0	0	0	0	234896	
59	1	H	10	N	2500	0	40	560	1881	126	89	53	0	0	0	0	0	0	0	0	0	0	0	0	234911	
60	1	H	10	N	2500	0	40	389	997	55	36	22	0	0	0	0	0	0	0	0	0	0	0	0	234927	
61	1	H	10	N	2500	0	40	51	71	9	5	2	0	0	0	0	0	0	0	0	0	0	0	0	234974	
62	1	H	10	N	2500	0	40	366	647	31	19	13	0	0	0	0	0	0	0	0	0	0	0	0	234989	
63	1	H	10	N	2500	0	40	141	144	5	2	2	0	0	0	0	0	0	0	0	0	0	0	0	235005	
64	1	H	10	N	2500	0	40	54	135	14	6	2	0	0	0	0	0	0	0	0	0	0	0	0	235020	
65	1	H	10	N	2500	0	40	146	264	32	8	5	0	0	0	0	0	0	0	0	0	0	0	0	235020	
66	1	H	10	N	2500	0	40	26	20	0	0	0	0	0	0	0	0	0	0	0	0	0	0	0	235130	
67	1	H	10	N	2500	0	40	44	40	1	0	0	0	0	0	0	0	0	0	0	0	0	0	0	235130	
68	1	H	10	N	2500	0	40	400	851	41	29	21	0	0	0	0	0	0	0	0	0	0	0	0	235161	
69	1	H	10	N	2500	0	40	295	1526	97	75	47	0	0	0	0	0	0	0	0	0	0	0	0	235161	
70	1	H	10	N	2500	0	40	593	1186	70	47	34	0	0	0	0	0	0	0	0	0	0	0	0	235176	
71	1	H	10	N	2500	0	40	197	311	13	7	6	0	0	0	0	0	0	0	0	0	0	0	0	235223	
72	1	H	10	N	2500	0	40	157	248	10	7	4	0	0	0	0	0	0	0	0	0	0	0	0	235254	
73	1	H	10	N	2500	0	40	443	1252	68	47	34	0	0	0	0	0	0	0	0	0	0	0	0	235301	
74	1	H	10	N	2500	0	40	368	811	38	29	18	0	0	0	0	0	0	0	0	0	0	0	0	235348	
75	1	H	10	N	2500	0	40	28	45	1	1	1	0	0	0	0	0	0	0	0	0	0	0	0	235379	
76	1	H	10	N	2500	0	40	31	31	3	1	1	0	0	0	0	0	0	0	0	0	0	0	0	235395	
77	1	H	10	N	2500	0	40	582	1849	130	96	65	0	0	0	0	0	0	0	0	0	0	0	0	235395	
78	1	H	10	N	2500	0	40	505	1404	74	57	33	0	0	0	0	0	0	0	0	0	0	0	0	235442	
79	1	H	10	N	2500	0	40	602	2137	161	104	68	0	0	0	0	0	0	0	0	0	0	0	0	235504	
80	1	H	10	N	2500	0	40	105	173	14	19	20	0	0	0	0	0	0	0	0	0	0	0	0	235504	
81	1	H	10	N	2500	0	40	217	988	59	36	25	0	0	0	0	0	0	0	0	0	0	0	0	235551	
82	1	H	10	N	2500	0	40	211	275	13	6	5	0	0	0	0	0	0	0	0	0	0	0	0	235566	
83	1	H	10	N	2500	0	40	170	309	14	8	4	0	0	0	0	0	0	0	0	0	0	0	0	235582	
84	1	H	10	N	2500	0	40	112	114	4	2	2	0	0	0	0	0	0	0	0	0	0	0	0	235598	
85	1	H	10	N	2500	0	40	582	1673	120	80	51	0	0	0	0	0	0	0	0	0	0	0	0	235629	
86	1	H	10	N	2500	0	40	82	78	1	0	0	0	0	0	0	0	0	0	0	0	0	0	0	235644	
87	1	H	10	N	2500	0	40	29	26	1	1	1	0	0	0	0	0	0	0	0	0	0	0	0	235644	
88	1	H	10	N	2500	0	40	54	53	2	3	3	0	0	0	0	0	0	0	0	0	0	0	0	235644	
89	1	H	10	N	2500	0	40	21	23	1	1	1	0	0	0	0	0	0	0	0	0	0	0	0	235660	
90	1	H	10	N	2500	0	40	92	119	7	9	7	0	0	0	0	0	0	0	0	0	0	0	0	235676	
91	1	H	10	N	2500	0	40	47	46	2	2	4	0	0	0	0	0	0	0	0	0	0	0	0	235676	
92	1	H	10	N	2500	0	40	465	1168	67	48	35	0	0	0	0	0	0	0	0	0	0	0	0	235676	
93	1	H	10	N	2500	0	40	41	62	2	2	3	0	0	0	0	0	0	0	0	0	0	0	0	235722	
94	1	H	10	N	2500	0	40	61	84	3	2	2	0	0	0	0	0	0	0	0	0	0	0	0	235722	
95	1	H	10	N	2500	0	40	24	28	0	1	1	0	0	0	0	0	0	0	0	0	0	0	0	235722	
96	1	H	10	N	2500	0	40	79	124	5	6	5	0	0	0	0	0	0	0	0	0	0	0	0	235722	
97	1	H	10	N	2500	0	40	85	153	8	8	8	0	0	0	0	0	0	0	0	0	0	0	0	235722	
98	1	H	10	N	2500	0	40	213	296	10	6	4	0	0	0	0	0	0	0	0	0	0	0	0	235722	
99	1	H	10	N	2500	0	40	84	90	12	4	3	0	0	0	0	0	0	0	0	0	0	0	0	235785	
100	1	H	10	N	2500	0	40	435	1547	94	73	51	0	0	0	0	0	0	0	0	0	0	0	0	235816	
101	1	H	10	N	2500	0	40	592	1978	140	97	63	0	0	0	0	0	0	0	0	0	0	0	0	235910	
102	1	H	10	N	2500	0	40	27	38	1	1	0	0	0	0	0	0	0	0	0	0	0	0	0	235925	
103	1	H	10	N	2500	0	40	53	59	3	5	6	0	0	0	0	0	0	0	0	0	0	0	0	235972	
104	1	H	10	N	2500	0	40	493	1449	93	67	45	0	0	0	0	0	0	0	0	0	0	0	0	236019	
105	1	H	10	N	2500	0	40	688	2198	173	114	72	0	0	0	0	0	0	0	0	0	0	0	0	236034	
106	1	H	10	N	2500	0	40	231	423	15	9	6	0	0	0	0	0	0	0	0	0	0	0	0	236066	
107	1	H	10	N	2500	0	40	183	215	7	3	4	0	0	0	0	0	0	0	0	0	0	0	0	236081	
108	1	H	10	N	2500	0	40	400	1737	123	93	58	0	0	0	0	0	0	0	0	0	0	0	0	236081	
109	1	H	10	N	2500	0	40	21	21	3	1	1	0	0	0	0	0	0	0	0	0	0	0	0	236097	
110	1	H	10	N	2500	0	40	26	27	3	2	1	0	0	0	0	0	0	0	0	0	0	0	0	236097	
111	1	H	10	N	2500	0	40	43	42	3	1	1	0	0	0	0	0	0	0	0	0	0	0	0	236097	
112	1	H	10	N	2500	0	40	74	112	10	7	3	0	0	0	0	0	0	0	0	0	0	0	0	236097	
113	1	H	10	N	2500	0	40	142	401	64	16	8	0	0	0	0	0	0	0	0	0	0	0	0	236097	
114	1	H	10	N	2500	0	40	31	25	1	1	2	0	0	0	0	0	0	0	0	0	0	0	0	236112	
115	1	H	10	N	2500	0	40	597	1968	140	92	58	0	0	0	0	0	0	0	0	0	0	0	0	236128	
116	1	H	10	N	2500	0	40	27	22	2	2	3	0	0	0	0	0	0	0	0	0	0	0	0	236144	
117	1	H	10	N	2500	0	40	230	367	15	7	4	0	0	0	0	0	0	0	0	0	0	0	0	236144	
118	1	H	10	N	2500	0	40	559	1395	88	73	59	0	0	0	0	0	0	0	0	0	0	0	0	236144	
119	1	H	10	N	2500	0	40	573	2112	168	104	62	0	0	0	0	0	0	0	0	0	0	0	0	236190	
120	1	H	10	N	2500	0	40	57	50	6	2	1	0	0	0	0	0	0	0	0	0	0	0	0	236222	
121	1	H	10	N	2500	0	40	194	244	9	4	4	0	0	0	0	0	0	0	0	0	0	0	0	236222	
122	1	H	10	N	2500	0	40	21	22	1	1	1	0	0	0	0	0	0	0	0	0	0	0	0	236237	
123	1	H	10	N	2500	0	40	86	87	1	1	0	0	0	0	0	0	0	0	0	0	0	0	0	236253	
124	1	H	10	N	2500	0	40	81	79	3	2	2	0	0	0	0	0	0	0	0	0	0	0	0	236268	
125	1	H	10	N	2500	0	40	127	249	8	6	4	0	0	0	0	0	0	0	0	0	0	0	0	236268	
126	1	H	10	N	2500	0	40	172	229	10	5	4	0	0	0	0	0	0	0	0	0	0	0	0	236268	
127	1	H	10	N	2500	0	40	66	57	0	0	0	0	0	0	0	0	0	0	0	0	0	0	0	236268	
128	1	H	10	N	2500	0	40	135	148	5	2	1	0	0	0	0	0	0	0	0	0	0	0	0	236284	
129	1	H	10	N	2500	0	40	33	29	2	2	3	0	0	0	0	0	0	0	0	0	0	0	0	236284	
130	1	H	10	N	2500	0	40	101	142	13	3	3	0	0	0	0	0	0	0	0	0	0	0	0	236346	
131	1	H	10	N	2500	0	40	32	39	3	1	0	0	0	0	0	0	0	0	0	0	0	0	0	236346	
132	1	H	10	N	2500	0	40	99	108	10	13	14	0	0	0	0	0	0	0	0	0	0	0	0	236346	
133	1	H	10	N	2500	0	40	153	366	17	9	6	0	0	0	0	0	0	0	0	0	0	0	0	236362	
134	1	H	10	N	2500	0	40	252	369	13	8	8	0	0	0	0	0	0	0	0	0	0	0	0	236378	
135	1	H	10	N	2500	0	40	112	135	4	3	2	0	0	0	0	0	0	0	0	0	0	0	0	236393	
136	1	H	10	N	2500	0	40	180	174	5	3	3	0	0	0	0	0	0	0	0	0	0	0	0	236440	
137	1	H	10	N	2500	0	40	475	1294	77	51	36	0	0	0	0	0	0	0	0	0	0	0	0	236456	
138	1	H	10	N	2500	0	40	85	169	4	3	2	0	0	0	0	0	0	0	0	0	0	0	0	236471	
139	1	H	10	N	2500	0	40	242	758	40	28	22	0	0	0	0	0	0	0	0	0	0	0	0	236487	
140	1	H	10	N	2500	0	40	198	431	20	11	8	0	0	0	0	0	0	0	0	0	0	0	0	236502	
141	1	H	10	N	2500	0	40	665	2188	151	98	61	0	0	0	0	0	0	0	0	0	0	0	0	236565	
142	1	H	10	N	2500	0	40	184	229	7	4	3	0	0	0	0	0	0	0	0	0	0	0	0	236565	
143	1	H	10	N	2500	0	40	45	71	7	10	11	0	0	0	0	0	0	0	0	0	0	0	0	236580	
144	1	H	10	N	2500	0	40	151	175	5	4	3	0	0	0	0	0	0	0	0	0	0	0	0	236580	
145	1	H	10	N	2500	0	40	36	40	1	2	3	0	0	0	0	0	0	0	0	0	0	0	0	236596	
146	1	H	10	N	2500	0	40	131	148	3	2	1	0	0	0	0	0	0	0	0	0	0	0	0	236596	
147	1	H	10	N	2500	0	40	120	125	3	2	2	0	0	0	0	0	0	0	0	0	0	0	0	236627	
148	1	H	10	N	2500	0	40	25	25	1	1	1	0	0	0	0	0	0	0	0	0	0	0	0	236627	
149	1	H	10	N	2500	0	40	514	1570	100	68	43	0	0	0	0	0	0	0	0	0	0	0	0	236643	
150	1	H	10	N	2500	0	40	219	333	15	9	8	0	0	0	0	0	0	0	0	0	0	0	0	236674	
151	1	H	10	N	2500	0	40	197	260	11	6	4	0	0	0	0	0	0	0	0	0	0	0	0	236690	
152	1	H	10	N	2500	0	40	235	1152	78	56	40	0	0	0	0	0	0	0	0	0	0	0	0	236690	
153	1	H	10	N	2500	0	40	63	58	5	6	6	0	0	0	0	0	0	0	0	0	0	0	0	236705	
154	1	H	10	N	2500	0	40	33	44	6	2	1	0	0	0	0	0	0	0	0	0	0	0	0	236705	
155	1	H	10	N	2500	0	40	335	1066	80	63	44	0	0	0	0	0	0	0	0	0	0	0	0	236721	
156	1	H	10	N	2500	0	40	275	467	22	11	10	0	0	0	0	0	0	0	0	0	0	0	0	236736	
157	1	H	10	N	2500	0	40	499	1374	72	54	35	0	0	0	0	0	0	0	0	0	0	0	0	236736	
158	1	H	10	N	2500	0	40	80	95	9	13	15	0	0	0	0	0	0	0	0	0	0	0	0	236768	
159	1	H	10	N	2500	0	40	399	1165	61	44	35	0	0	0	0	0	0	0	0	0	0	0	0	236768	
160	1	H	10	N	2500	0	40	30	25	1	1	0	0	0	0	0	0	0	0	0	0	0	0	0	236814	
161	1	H	10	N	2500	0	40	85	161	4	2	1	0	0	0	0	0	0	0	0	0	0	0	0	236830	
162	1	H	10	N	2500	0	40	173	421	53	7	6	0	0	0	0	0	0	0	0	0	0	0	0	236830	
163	1	H	10	N	2500	0	40	130	299	15	6	5	0	0	0	0	0	0	0	0	0	0	0	0	236846	
164	1	H	10	N	2500	0	40	258	447	17	9	8	0	0	0	0	0	0	0	0	0	0	0	0	236846	
165	1	H	10	N	2500	0	40	87	295	43	19	9	0	0	0	0	0	0	0	0	0	0	0	0	236846	
166	1	H	10	N	2500	0	40	65	85	10	2	2	0	0	0	0	0	0	0	0	0	0	0	0	236846	
167	1	H	10	N	2500	0	40	363	908	52	30	24	0	0	0	0	0	0	0	0	0	0	0	0	236861	
168	1	H	10	N	2500	0	40	36	43	2	4	4	0	0	0	0	0	0	0	0	0	0	0	0	236877	
169	1	H	10	N	2500	0	40	151	420	20	9	5	0	0	0	0	0	0	0	0	0	0	0	0	236877	
170	1	H	10	N	2500	0	40	499	1283	64	47	33	0	0	0	0	0	0	0	0	0	0	0	0	236924	
171	1	H	10	N	2500	0	40	29	53	1	0	0	0	0	0	0	0	0	0	0	0	0	0	0	236939	
172	1	H	10	N	2500	0	40	77	68	1	1	1	0	0	0	0	0	0	0	0	0	0	0	0	236955	
173	1	H	10	N	2500	0	40	171	201	5	3	3	0	0	0	0	0	0	0	0	0	0	0	0	236970	
174	1	H	10	N	2500	0	40	569	1616	99	67	41	0	0	0	0	0	0	0	0	0	0	0	0	236986	
175	1	H	10	N	2500	0	40	333	1198	69	47	33	0	0	0	0	0	0	0	0	0	0	0	0	237002	
176	1	H	10	N	2500	0	40	159	413	14	9	7	0	0	0	0	0	0	0	0	0	0	0	0	237017	
177	1	H	10	N	2500	0	40	54	45	1	0	0	0	0	0	0	0	0	0	0	0	0	0	0	237017	
178	1	H	10	N	2500	0	40	373	1269	67	49	37	0	0	0	0	0	0	0	0	0	0	0	0	237033	
179	1	H	10	N	2500	0	40	367	868	47	31	23	0	0	0	0	0	0	0	0	0	0	0	0	237064	
180	1	H	10	N	2500	0	40	46	61	7	11	10	0	0	0	0	0	0	0	0	0	0	0	0	237064	
181	1	H	10	N	2500	0	40	207	285	8	5	6	0	0	0	0	0	0	0	0	0	0	0	0	237064	
182	1	H	10	N	2500	0	40	377	807	47	28	20	0	0	0	0	0	0	0	0	0	0	0	0	237064	
183	1	H	10	N	2500	0	40	25	37	1	0	0	0	0	0	0	0	0	0	0	0	0	0	0	237095	
184	1	H	10	N	2500	0	40	135	178	16	18	23	0	0	0	0	0	0	0	0	0	0	0	0	237111	
185	1	H	10	N	2500	0	40	299	414	16	9	8	0	0	0	0	0	0	0	0	0	0	0	0	237142	
186	1	H	10	N	2500	0	40	39	37	2	2	2	0	0	0	0	0	0	0	0	0	0	0	0	237158	
187	1	H	10	N	2500	0	40	44	78	7	10	11	0	0	0	0	0	0	0	0	0	0	0	0	237173	
188	1	H	10	N	2500	0	40	165	200	5	3	3	0	0	0	0	0	0	0	0	0	0	0	0	237189	
189	1	H	10	N	2500	0	40	511	1655	119	80	53	0	0	0	0	0	0	0	0	0	0	0	0	237204	
190	1	H	10	N	2500	0	40	597	1208	64	49	32	0	0	0	0	0	0	0	0	0	0	0	0	237204	
191	1	H	10	N	2500	0	40	257	999	57	40	27	0	0	0	0	0	0	0	0	0	0	0	0	237220	
192	1	H	10	N	2500	0	40	308	506	19	12	10	0	0	0	0	0	0	0	0	0	0	0	0	237220	
193	1	H	10	N	2500	0	40	332	752	37	24	21	0	0	0	0	0	0	0	0	0	0	0	0	237236	
194	1	H	10	N	2500	0	40	75	76	5	6	9	0	0	0	0	0	0	0	0	0	0	0	0	237236	
195	1	H	10	N	2500	0	40	27	47	1	0	1	0	0	0	0	0	0	0	0	0	0	0	0	237251	
196	1	H	10	N	2500	0	40	200	744	35	28	22	0	0	0	0	0	0	0	0	0	0	0	0	237251	
197	1	H	10	N	2500	0	40	48	52	3	4	6	0	0	0	0	0	0	0	0	0	0	0	0	237298	
198	1	H	10	N	2500	0	40	80	77	2	1	1	0	0	0	0	0	0	0	0	0	0	0	0	237298	
199	1	H	10	N	2500	0	40	125	345	13	9	5	0	0	0	0	0	0	0	0	0	0	0	0	237345	
200	1	H	10	N	2500	0	40	370	864	45	27	20	0	0	0	0	0	0	0	0	0	0	0	0	237360	
201	1	H	10	N	2500	0	40	330	482	16	10	9	0	0	0	0	0	0	0	0	0	0	0	0	237376	
202	1	H	10	N	2500	0	40	400	1092	59	44	29	0	0	0	0	0	0	0	0	0	0	0	0	237407	
203	1	H	10	N	2500	0	40	22	17	0	1	1	0	0	0	0	0	0	0	0	0	0	0	0	237423	
204	1	H	10	N	2500	0	40	189	577	35	30	20	0	0	0	0	0	0	0	0	0	0	0	0	237501	
205	1	H	10	N	2500	0	40	142	366	19	17	12	0	0	0	0	0	0	0	0	0	0	0	0	237501	
206	1	H	10	N	2500	0	40	352	1380	83	64	43	0	0	0	0	0	0	0	0	0	0	0	0	237532	
207	1	H	10	N	2500	0	40	90	90	1	1	1	0	0	0	0	0	0	0	0	0	0	0	0	237548	
208	1	H	10	N	2500	0	40	20	23	0	0	0	0	0	0	0	0	0	0	0	0	0	0	0	237548	
209	1	H	10	N	2500	0	40	388	1446	86	76	66	0	0	0	0	0	0	0	0	0	0	0	0	237579	
210	1	H	10	N	2500	0	40	549	1815	122	90	55	0	0	0	0	0	0	0	0	0	0	0	0	237594	
211	1	H	10	N	2500	0	40	45	46	2	3	4	0	0	0	0	0	0	0	0	0	0	0	0	237610	
212	1	H	10	N	2500	0	40	386	701	25	14	8	0	0	0	0	0	0	0	0	0	0	0	0	237610	
213	1	H	10	N	2500	0	40	24	35	1	0	1	0	0	0	0	0	0	0	0	0	0	0	0	237610	
214	1	H	10	N	2500	0	40	222	356	13	7	5	0	0	0	0	0	0	0	0	0	0	0	0	237626	
215	1	H	10	N	2500	0	40	593	1855	128	88	58	0	0	0	0	0	0	0	0	0	0	0	0	237626	
216	1	H	10	N	2500	0	40	177	230	7	4	4	0	0	0	0	0	0	0	0	0	0	0	0	237657	
217	1	H	10	N	2500	0	40	166	213	6	3	4	0	0	0	0	0	0	0	0	0	0	0	0	237735	
218	1	H	10	N	2500	0	40	45	45	2	3	4	0	0	0	0	0	0	0	0	0	0	0	0	237750	
219	1	H	10	N	2500	0	40	228	291	10	7	4	0	0	0	0	0	0	0	0	0	0	0	0	237750	
220	1	H	10	N	2500	0	40	125	184	5	3	2	0	0	0	0	0	0	0	0	0	0	0	0	237766	
221	1	H	10	N	2500	0	40	543	1081	50	36	24	0	0	0	0	0	0	0	0	0	0	0	0	237782	
222	1	H	10	N	2500	0	40	161	173	3	3	2	0	0	0	0	0	0	0	0	0	0	0	0	237782	
223	1	H	10	N	2500	0	40	132	301	10	6	4	0	0	0	0	0	0	0	0	0	0	0	0	237782	
224	1	H	10	N	2500	0	40	48	50	3	4	3	0	0	0	0	0	0	0	0	0	0	0	0	237797	
225	1	H	10	N	2500	0	40	524	1808	136	87	54	0	0	0	0	0	0	0	0	0	0	0	0	237797	
226	1	H	10	N	2500	0	40	118	269	11	5	3	0	0	0	0	0	0	0	0	0	0	0	0	237844	
227	1	H	10	N	2500	0	40	550	1594	105	76	48	0	0	0	0	0	0	0	0	0	0	0	0	237860	
228	1	H	10	N	2500	0	40	113	121	4	2	1	0	0	0	0	0	0	0	0	0	0	0	0	237891	
229	1	H	10	N	2500	0	40	485	1047	56	40	26	0	0	0	0	0	0	0	0	0	0	0	0	237891	
230	1	H	10	N	2500	0	40	171	361	23	10	8	0	0	0	0	0	0	0	0	0	0	0	0	237906	
231	1	H	10	N	2500	0	40	34	36	1	1	1	0	0	0	0	0	0	0	0	0	0	0	0	237906	
232	1	H	10	N	2500	0	40	156	236	8	4	5	0	0	0	0	0	0	0	0	0	0	0	0	237906	
233	1	H	10	N	2500	0	40	341	831	44	26	19	0	0	0	0	0	0	0	0	0	0	0	0	237938	
234	1	H	10	N	2500	0	40	293	477	20	10	7	0	0	0	0	0	0	0	0	0	0	0	0	237938	
235	1	H	10	N	2500	0	40	241	344	14	8	8	0	0	0	0	0	0	0	0	0	0	0	0	237938	
236	1	H	10	N	2500	0	40	82	153	4	2	3	0	0	0	0	0	0	0	0	0	0	0	0	237938	
237	1	H	10	N	2500	0	40	485	1477	83	61	47	0	0	0	0	0	0	0	0	0	0	0	0	237953	
238	1	H	10	N	2500	0	40	38	43	3	3	3	0	0	0	0	0	0	0	0	0	0	0	0	237969	
239	1	H	10	N	2500	0	40	103	107	3	2	2	0	0	0	0	0	0	0	0	0	0	0	0	237969	
240	1	H	10	N	2500	0	40	335	892	44	32	20	0	0	0	0	0	0	0	0	0	0	0	0	237969	
241	1	H	10	N	2500	0	40	206	302	14	7	7	0	0	0	0	0	0	0	0	0	0	0	0	237984	
242	1	H	10	N	2500	0	40	323	545	22	13	9	0	0	0	0	0	0	0	0	0	0	0	0	238000	
243	1	H	10	N	2500	0	40	35	34	2	2	4	0	0	0	0	0	0	0	0	0	0	0	0	238000	
244	1	H	10	N	2500	0	40	325	1001	61	40	31	0	0	0	0	0	0	0	0	0	0	0	0	238016	
245	1	H	10	N	2500	0	40	170	418	17	11	8	0	0	0	0	0	0	0	0	0	0	0	0	238031	
246	1	H	10	N	2500	0	40	34	27	3	2	1	0	0	0	0	0	0	0	0	0	0	0	0	238031	
247	1	H	10	N	2500	0	40	24	19	2	1	1	0	0	0	0	0	0	0	0	0	0	0	0	238031	
248	1	H	10	N	2500	0	40	57	88	5	8	6	0	0	0	0	0	0	0	0	0	0	0	0	238047	
249	1	H	10	N	2500	0	40	354	1465	86	71	44	0	0	0	0	0	0	0	0	0	0	0	0	238078	
250	1	H	10	N	2500	0	40	651	2255	176	119	74	0	0	0	0	0	0	0	0	0	0	0	0	238094	
251	1	H	10	N	2500	0	40	87	82	1	1	0	0	0	0	0	0	0	0	0	0	0	0	0	238094	
252	1	H	10	N	2500	0	40	135	328	56	24	15	0	0	0	0	0	0	0	0	0	0	0	0	238172	
253	1	H	10	N	2500	0	40	277	891	44	28	24	0	0	0	0	0	0	0	0	0	0	0	0	238203	
254	1	H	10	N	2500	0	40	264	397	13	8	8	0	0	0	0	0	0	0	0	0	0	0	0	238234	
255	1	H	10	N	2500	0	40	558	1939	143	98	58	0	0	0	0	0	0	0	0	0	0	0	0	238250	
256	1	H	10	N	2500	0	40	228	320	18	6	5	0	0	0	0	0	0	0	0	0	0	0	0	238265	
257	1	H	10	N	2500	0	40	129	136	4	2	2	0	0	0	0	0	0	0	0	0	0	0	0	238265	
258	1	H	10	N	2500	0	40	193	384	18	9	5	0	0	0	0	0	0	0	0	0	0	0	0	238265	
259	1	H	10	N	2500	0	40	217	298	13	6	5	0	0	0	0	0	0	0	0	0	0	0	0	238281	
260	1	H	10	N	2500	0	40	141	182	6	4	4	0	0	0	0	0	0	0	0	0	0	0	0	238281	
261	1	H	10	N	2500	0	40	20	17	0	1	1	0	0	0	0	0	0	0	0	0	0	0	0	238281	
262	1	H	10	N	2500	0	40	596	2271	174	121	77	0	0	0	0	0	0	0	0	0	0	0	0	238296	
263	1	H	10	N	2500	0	40	617	2168	157	113	72	0	0	0	0	0	0	0	0	0	0	0	0	238312	
264	1	H	10	N	2500	0	40	46	41	3	3	5	0	0	0	0	0	0	0	0	0	0	0	0	238359	
265	1	H	10	N	2500	0	40	95	103	10	15	18	0	0	0	0	0	0	0	0	0	0	0	0	238359	
266	1	H	10	N	2500	0	40	504	1434	96	70	43	0	0	0	0	0	0	0	0	0	0	0	0	238374	
267	1	H	10	N	2500	0	40	407	1097	66	55	33	0	0	0	0	0	0	0	0	0	0	0	0	238406	
268	1	H	10	N	2500	0	40	274	394	16	8	6	0	0	0	0	0	0	0	0	0	0	0	0	238406	
269	1	H	10	N	2500	0	40	227	328	13	7	6	0	0	0	0	0	0	0	0	0	0	0	0	238406	
270	1	H	10	N	2500	0	40	286	413	20	9	8	0	0	0	0	0	0	0	0	0	0	0	0	238406	
271	1	H	10	N	2500	0	40	28	29	1	2	2	0	0	0	0	0	0	0	0	0	0	0	0	238421	
272	1	H	10	N	2500	0	40	224	344	15	7	4	0	0	0	0	0	0	0	0	0	0	0	0	238421	
273	1	H	10	N	2500	0	40	233	363	14	7	5	0	0	0	0	0	0	0	0	0	0	0	0	238421	
274	1	H	10	N	2500	0	40	38	38	1	3	4	0	0	0	0	0	0	0	0	0	0	0	0	238437	
275	1	H	10	N	2500	0	40	46	45	1	2	4	0	0	0	0	0	0	0	0	0	0	0	0	238437	
276	1	H	10	N	2500	0	40	383	1814	155	102	64	0	0	0	0	0	0	0	0	0	0	0	0	238452	
277	1	H	10	N	2500	0	40	25	24	1	1	1	0	0	0	0	0	0	0	0	0	0	0	0	238452	
278	1	H	10	N	2500	0	40	115	292	12	6	6	0	0	0	0	0	0	0	0	0	0	0	0	238468	
279	1	H	10	N	2500	0	40	117	130	12	17	19	0	0	0	0	0	0	0	0	0	0	0	0	238468	
280	1	H	10	N	2500	0	40	264	378	14	6	4	0	0	0	0	0	0	0	0	0	0	0	0	238484	
281	1	H	10	N	2500	0	40	335	585	30	16	10	0	0	0	0	0	0	0	0	0	0	0	0	238499	
282	1	H	10	N	2500	0	40	85	122	3	2	2	0	0	0	0	0	0	0	0	0	0	0	0	238515	
283	1	H	10	N	2500	0	40	477	1305	70	48	32	0	0	0	0	0	0	0	0	0	0	0	0	238515	
284	1	H	10	N	2500	0	40	398	1033	53	36	21	0	0	0	0	0	0	0	0	0	0	0	0	238530	
285	1	H	10	N	2500	0	40	213	835	40	29	21	0	0	0	0	0	0	0	0	0	0	0	0	238546	
286	1	H	10	N	2500	0	40	103	107	2	2	1	0	0	0	0	0	0	0	0	0	0	0	0	238593	
287	1	H	10	N	2500	0	40	152	442	16	10	7	0	0	0	0	0	0	0	0	0	0	0	0	238593	
288	1	H	10	N	2500	0	40	61	73	5	7	8	0	0	0	0	0	0	0	0	0	0	0	0	238624	
289	1	H	10	N	2500	0	40	565	1952	164	109	72	0	0	0	0	0	0	0	0	0	0	0	0	238640	
290	1	H	10	N	2500	0	40	630	2171	162	111	71	0	0	0	0	0	0	0	0	0	0	0	0	238655	
291	1	H	10	N	2500	0	40	93	90	2	1	2	0	0	0	0	0	0	0	0	0	0	0	0	238671	
292	1	H	10	N	2500	0	40	22	23	3	1	1	0	0	0	0	0	0	0	0	0	0	0	0	238671	
293	1	H	10	N	2500	0	40	335	573	24	10	11	0	0	0	0	0	0	0	0	0	0	0	0	238686	
294	1	H	10	N	2500	0	40	488	1287	67	50	36	0	0	0	0	0	0	0	0	0	0	0	0	238702	
295	1	H	10	N	2500	0	40	200	260	8	5	5	0	0	0	0	0	0	0	0	0	0	0	0	238733	
296	1	H	10	N	2500	0	40	558	1926	128	89	63	0	0	0	0	0	0	0	0	0	0	0	0	238749	
297	1	H	10	N	2500	0	40	313	588	26	18	17	0	0	0	0	0	0	0	0	0	0	0	0	238749	
298	1	H	10	N	2500	0	40	389	674	31	21	13	0	0	0	0	0	0	0	0	0	0	0	0	238749	
299	1	H	10	N	2500	0	40	438	1159	70	45	32	0	0	0	0	0	0	0	0	0	0	0	0	238764	
300	1	H	10	N	2500	0	40	61	65	5	6	6	0	0	0	0	0	0	0	0	0	0	0	0	238764	
301	1	H	10	N	2500	0	40	217	804	54	33	21	0	0	0	0	0	0	0	0	0	0	0	0	238796	
302	1	H	10	N	2500	0	40	231	337	12	7	5	0	0	0	0	0	0	0	0	0	0	0	0	238842	
303	1	H	10	N	2500	0	40	64	68	7	9	9	0	0	0	0	0	0	0	0	0	0	0	0	238858	
304	1	H	10	N	2500	0	40	67	81	6	9	10	0	0	0	0	0	0	0	0	0	0	0	0	238858	
305	1	H	10	N	2500	0	40	257	402	13	9	6	0	0	0	0	0	0	0	0	0	0	0	0	238874	
306	1	H	10	N	2500	0	40	239	350	13	7	6	0	0	0	0	0	0	0	0	0	0	0	0	238874	
307	1	H	10	N	2500	0	40	665	2237	162	112	76	0	0	0	0	0	0	0	0	0	0	0	0	238889	
308	1	H	10	N	2500	0	40	488	1425	84	59	39	0	0	0	0	0	0	0	0	0	0	0	0	238889	
309	1	H	10	N	2500	0	40	48	59	6	6	7	0	0	0	0	0	0	0	0	0	0	0	0	238905	
310	1	H	10	N	2500	0	40	146	158	5	3	2	0	0	0	0	0	0	0	0	0	0	0	0	238905	
311	1	H	10	N	2500	0	40	188	296	12	6	6	0	0	0	0	0	0	0	0	0	0	0	0	238920	
312	1	H	10	N	2500	0	40	261	444	16	11	7	0	0	0	0	0	0	0	0	0	0	0	0	238952	
313	1	H	10	N	2500	0	40	642	2017	149	99	66	0	0	0	0	0	0	0	0	0	0	0	0	238952	
314	1	H	10	N	2500	0	40	283	1251	73	54	35	0	0	0	0	0	0	0	0	0	0	0	0	238967	
315	1	H	10	N	2500	0	40	141	367	16	8	6	0	0	0	0	0	0	0	0	0	0	0	0	238967	
316	1	H	10	N	2500	0	40	182	258	7	4	4	0	0	0	0	0	0	0	0	0	0	0	0	238967	
317	1	H	10	N	2500	0	40	232	323	10	6	6	0	0	0	0	0	0	0	0	0	0	0	0	238983	
318	1	H	10	N	2500	0	40	459	1918	154	106	64	0	0	0	0	0	0	0	0	0	0	0	0	239014	
319	1	H	10	N	2500	0	40	68	80	5	7	6	0	0	0	0	0	0	0	0	0	0	0	0	239030	
320	1	H	10	N	2500	0	40	44	37	3	5	7	0	0	0	0	0	0	0	0	0	0	0	0	239045	
321	1	H	10	N	2500	0	40	515	1380	73	49	36	0	0	0	0	0	0	0	0	0	0	0	0	239045	
322	1	H	10	N	2500	0	40	226	390	12	7	6	0	0	0	0	0	0	0	0	0	0	0	0	239061	
323	1	H	10	N	2500	0	40	434	1741	137	105	67	0	0	0	0	0	0	0	0	0	0	0	0	239076	
324	1	H	10	N	2500	0	40	310	1522	89	72	45	0	0	0	0	0	0	0	0	0	0	0	0	239076	
325	1	H	10	N	2500	0	40	222	291	14	5	6	0	0	0	0	0	0	0	0	0	0	0	0	239108	
326	1	H	10	N	2500	0	40	624	1620	92	70	45	0	0	0	0	0	0	0	0	0	0	0	0	239108	
327	1	H	10	N	2500	0	40	513	1534	83	65	44	0	0	0	0	0	0	0	0	0	0	0	0	239108	
328	1	H	10	N	2500	0	40	207	277	10	5	2	0	0	0	0	0	0	0	0	0	0	0	0	239108	
329	1	H	10	N	2500	0	40	567	2281	184	128	80	0	0	0	0	0	0	0	0	0	0	0	0	239123	
330	1	H	10	N	2500	0	40	526	2028	162	108	67	0	0	0	0	0	0	0	0	0	0	0	0	239139	
331	1	H	10	N	2500	0	40	404	1592	123	82	52	0	0	0	0	0	0	0	0	0	0	0	0	239154	
332	1	H	10	N	2500	0	40	504	1312	75	52	34	0	0	0	0	0	0	0	0	0	0	0	0	239186	
333	1	H	10	N	2500	0	40	28	28	1	1	2	0	0	0	0	0	0	0	0	0	0	0	0	239186	
334	1	H	10	N	2500	0	40	332	1652	118	94	66	0	0	0	0	0	0	0	0	0	0	0	0	239201	
335	1	H	10	N	2500	0	40	610	1450	66	53	35	0	0	0	0	0	0	0	0	0	0	0	0	239201	
336	1	H	10	N	2500	0	40	497	1516	105	74	47	0	0	0	0	0	0	0	0	0	0	0	0	239248	
337	1	H	10	N	2500	0	40	124	220	9	5	3	0	0	0	0	0	0	0	0	0	0	0	0	239248	
338	1	H	10	N	2500	0	40	236	405	14	8	9	0	0	0	0	0	0	0	0	0	0	0	0	239264	
339	1	H	10	N	2500	0	40	99	204	9	4	2	0	0	0	0	0	0	0	0	0	0	0	0	239279	
340	1	H	10	N	2500	0	40	653	1962	148	100	57	0	0	0	0	0	0	0	0	0	0	0	0	239295	
341	1	H	10	N	2500	0	40	549	1544	91	67	47	0	0	0	0	0	0	0	0	0	0	0	0	239295	
342	1	H	10	N	2500	0	40	598	2015	131	92	60	0	0	0	0	0	0	0	0	0	0	0	0	239310	
343	1	H	10	N	2500	0	40	150	192	7	5	5	0	0	0	0	0	0	0	0	0	0	0	0	239310	
344	1	H	10	N	2500	0	40	502	1448	92	63	44	0	0	0	0	0	0	0	0	0	0	0	0	239326	
345	1	H	10	N	2500	0	40	207	335	14	9	6	0	0	0	0	0	0	0	0	0	0	0	0	239342	
346	1	H	10	N	2500	0	40	29	28	1	2	2	0	0	0	0	0	0	0	0	0	0	0	0	239342	
347	1	H	10	N	2500	0	40	369	738	34	24	15	0	0	0	0	0	0	0	0	0	0	0	0	239357	
348	1	H	10	N	2500	0	40	521	1549	100	74	49	0	0	0	0	0	0	0	0	0	0	0	0	239357	
349	1	H	10	N	2500	0	40	451	1166	60	38	28	0	0	0	0	0	0	0	0	0	0	0	0	239357	
350	1	H	10	N	2500	0	40	531	1751	130	92	58	0	0	0	0	0	0	0	0	0	0	0	0	239373	
351	1	H	10	N	2500	0	40	43	37	3	4	6	0	0	0	0	0	0	0	0	0	0	0	0	239388	
352	1	H	10	N	2500	0	40	488	1073	59	45	30	0	0	0	0	0	0	0	0	0	0	0	0	239388	
353	1	H	10	N	2500	0	40	260	445	17	10	8	0	0	0	0	0	0	0	0	0	0	0	0	239388	
354	1	H	10	N	2500	0	40	208	351	16	9	7	0	0	0	0	0	0	0	0	0	0	0	0	239388	
355	1	H	10	N	2500	0	40	24	26	1	1	1	0	0	0	0	0	0	0	0	0	0	0	0	239404	
356	1	H	10	N	2500	0	40	24	42	3	4	6	0	0	0	0	0	0	0	0	0	0	0	0	239404	
357	1	H	10	N	2500	0	40	102	180	7	4	2	0	0	0	0	0	0	0	0	0	0	0	0	239420	
358	1	H	10	N	2500	0	40	383	1046	56	41	30	0	0	0	0	0	0	0	0	0	0	0	0	239420	
359	1	H	10	N	2500	0	40	400	1171	68	51	36	0	0	0	0	0	0	0	0	0	0	0	0	239420	
360	1	H	10	N	2500	0	40	146	163	4	2	2	0	0	0	0	0	0	0	0	0	0	0	0	239435	
361	1	H	10	N	2500	0	40	231	340	13	7	4	0	0	0	0	0	0	0	0	0	0	0	0	239451	
362	1	H	10	N	2500	0	40	87	118	9	14	18	0	0	0	0	0	0	0	0	0	0	0	0	239466	
363	1	H	10	N	2500	0	40	277	1263	73	51	36	0	0	0	0	0	0	0	0	0	0	0	0	239466	
364	1	H	10	N	2500	0	40	120	136	4	3	3	0	0	0	0	0	0	0	0	0	0	0	0	239466	
365	1	H	10	N	2500	0	40	187	218	9	6	4	0	0	0	0	0	0	0	0	0	0	0	0	239466	
366	1	H	10	N	2500	0	40	61	61	5	9	9	0	0	0	0	0	0	0	0	0	0	0	0	239482	
367	1	H	10	N	2500	0	40	30	25	0	0	1	0	0	0	0	0	0	0	0	0	0	0	0	239482	
368	1	H	10	N	2500	0	40	242	326	12	7	5	0	0	0	0	0	0	0	0	0	0	0	0	239513	
369	1	H	10	N	2500	0	40	119	139	5	3	2	0	0	0	0	0	0	0	0	0	0	0	0	239513	
370	1	H	10	N	2500	0	40	54	45	1	0	1	0	0	0	0	0	0	0	0	0	0	0	0	239529	
371	1	H	10	N	2500	0	40	306	535	21	12	11	0	0	0	0	0	0	0	0	0	0	0	0	239544	
372	1	H	10	N	2500	0	40	82	74	2	1	0	0	0	0	0	0	0	0	0	0	0	0	0	239560	
373	1	H	10	N	2500	0	40	61	84	7	10	13	0	0	0	0	0	0	0	0	0	0	0	0	239576	
374	1	H	10	N	2500	0	40	63	97	5	8	8	0	0	0	0	0	0	0	0	0	0	0	0	239607	
375	1	H	10	N	2500	0	40	392	949	48	31	21	0	0	0	0	0	0	0	0	0	0	0	0	239607	
376	1	H	10	N	2500	0	40	517	1508	93	67	42	0	0	0	0	0	0	0	0	0	0	0	0	239607	
377	1	H	10	N	2500	0	40	673	2565	189	130	81	0	0	0	0	0	0	0	0	0	0	0	0	239622	
378	1	H	10	N	2500	0	40	348	2081	182	127	78	0	0	0	0	0	0	0	0	0	0	0	0	239638	
379	1	H	10	N	2500	0	40	414	1671	106	84	52	0	0	0	0	0	0	0	0	0	0	0	0	239638	
380	1	H	10	N	2500	0	40	136	238	7	5	4	0	0	0	0	0	0	0	0	0	0	0	0	239654	
381	1	H	10	N	2500	0	40	184	203	5	4	4	0	0	0	0	0	0	0	0	0	0	0	0	239669	
382	1	H	10	N	2500	0	40	795	3612	335	269	209	0	0	0	0	0	0	0	0	0	0	0	0	239700	
383	1	H	10	N	2500	0	40	61	55	2	1	0	0	0	0	0	0	0	0	0	0	0	0	0	239732	
384	1	H	10	N	2500	0	40	63	80	7	11	12	0	0	0	0	0	0	0	0	0	0	0	0	239732	
385	1	H	10	N	2500	0	40	656	2366	179	128	80	0	0	0	0	0	0	0	0	0	0	0	0	239747	
386	1	H	10	N	2500	0	40	148	171	5	2	1	0	0	0	0	0	0	0	0	0	0	0	0	239747	
387	1	H	10	N	2500	0	40	76	69	1	1	1	0	0	0	0	0	0	0	0	0	0	0	0	239747	
388	1	H	10	N	2500	0	40	450	1180	60	40	28	0	0	0	0	0	0	0	0	0	0	0	0	239747	
389	1	H	10	N	2500	0	40	268	433	18	9	10	0	0	0	0	0	0	0	0	0	0	0	0	239810	
390	1	H	10	N	2500	0	40	67	66	6	8	9	0	0	0	0	0	0	0	0	0	0	0	0	239810	
391	1	H	10	N	2500	0	40	28	34	1	0	0	0	0	0	0	0	0	0	0	0	0	0	0	239810	
392	1	H	10	N	2500	0	40	272	415	17	7	8	0	0	0	0	0	0	0	0	0	0	0	0	239841	
393	1	H	10	N	2500	0	40	129	119	5	1	2	0	0	0	0	0	0	0	0	0	0	0	0	239841	
394	1	H	10	N	2500	0	40	496	1308	67	53	36	0	0	0	0	0	0	0	0	0	0	0	0	239841	
395	1	H	10	N	2500	0	40	570	2028	164	111	73	0	0	0	0	0	0	0	0	0	0	0	0	239856	
396	1	H	10	N	2500	0	40	24	26	3	1	0	0	0	0	0	0	0	0	0	0	0	0	0	239872	
397	1	H	10	N	2500	0	40	304	511	17	11	9	0	0	0	0	0	0	0	0	0	0	0	0	239888	
398	1	H	10	N	2500	0	40	147	151	4	2	1	0	0	0	0	0	0	0	0	0	0	0	0	239888	
399	1	H	10	N	2500	0	40	250	386	12	7	6	0	0	0	0	0	0	0	0	0	0	0	0	239903	
400	1	H	10	N	2500	0	40	262	459	19	10	9	0	0	0	0	0	0	0	0	0	0	0	0	239903	
401	1	H	10	N	2500	0	40	82	84	2	1	1	0	0	0	0	0	0	0	0	0	0	0	0	239919	
402	1	H	10	N	2500	0	40	253	390	14	8	6	0	0	0	0	0	0	0	0	0	0	0	0	239919	
403	1	H	10	N	2500	0	40	434	1194	64	47	27	0	0	0	0	0	0	0	0	0	0	0	0	239919	
404	1	H	10	N	2500	0	40	211	317	11	7	4	0	0	0	0	0	0	0	0	0	0	0	0	239919	
405	1	H	10	N	2500	0	40	490	1349	82	62	42	0	0	0	0	0	0	0	0	0	0	0	0	239966	
406	1	H	10	N	2500	0	40	83	96	9	12	12	0	0	0	0	0	0	0	0	0	0	0	0	239966	
407	1	H	10	N	2500	0	40	395	2058	185	119	78	0	0	0	0	0	0	0	0	0	0	0	0	239997	
408	1	H	10	N	2500	0	40	203	246	9	5	5	0	0	0	0	0	0	0	0	0	0	0	0	239997	
409	1	H	10	N	2500	0	40	609	2443	195	139	91	0	0	0	0	0	0	0	0	0	0	0	0	240012	
410	1	H	10	N	2500	0	40	28	27	2	2	3	0	0	0	0	0	0	0	0	0	0	0	0	240028	
411	1	H	10	N	2500	0	40	30	26	2	3	3	0	0	0	0	0	0	0	0	0	0	0	0	240106	
412	1	H	10	N	2500	0	40	618	2280	165	110	74	0	0	0	0	0	0	0	0	0	0	0	0	240106	
413	1	H	10	N	2500	0	40	199	376	15	8	8	0	0	0	0	0	0	0	0	0	0	0	0	240122	
414	1	H	10	N	2500	0	40	31	26	1	2	1	0	0	0	0	0	0	0	0	0	0	0	0	240122	
415	1	H	10	N	2500	0	40	205	286	13	6	5	0	0	0	0	0	0	0	0	0	0	0	0	240137	
416	1	H	10	N	2500	0	40	106	243	7	5	3	0	0	0	0	0	0	0	0	0	0	0	0	240137	
417	1	H	10	N	2500	0	40	379	860	42	27	19	0	0	0	0	0	0	0	0	0	0	0	0	240168	
418	1	H	10	N	2500	0	40	114	132	11	16	17	0	0	0	0	0	0	0	0	0	0	0	0	240184	
419	1	H	10	N	2500	0	40	70	71	6	9	10	0	0	0	0	0	0	0	0	0	0	0	0	240200	
420	1	H	10	N	2500	0	40	556	1557	101	68	46	0	0	0	0	0	0	0	0	0	0	0	0	240215	
421	1	H	10	N	2500	0	40	138	362	16	9	8	0	0	0	0	0	0	0	0	0	0	0	0	240231	
422	1	H	10	N	2500	0	40	104	104	4	1	2	0	0	0	0	0	0	0	0	0	0	0	0	240278	
423	1	H	10	N	2500	0	40	157	320	12	8	7	0	0	0	0	0	0	0	0	0	0	0	0	240324	
424	1	H	10	N	2500	0	40	24	20	1	0	0	0	0	0	0	0	0	0	0	0	0	0	0	240356	
425	1	H	10	N	2500	0	40	115	116	5	1	2	0	0	0	0	0	0	0	0	0	0	0	0	240356	
426	1	H	10	N	2500	0	40	121	155	6	3	2	0	0	0	0	0	0	0	0	0	0	0	0	240387	
427	1	H	10	N	2500	0	40	260	419	12	6	6	0	0	0	0	0	0	0	0	0	0	0	0	240418	
428	1	H	10	N	2500	0	40	296	1490	94	79	52	0	0	0	0	0	0	0	0	0	0	0	0	240418	
429	1	H	10	N	2500	0	40	282	458	17	10	7	0	0	0	0	0	0	0	0	0	0	0	0	240434	
430	1	H	10	N	2500	0	40	43	47	2	3	4	0	0	0	0	0	0	0	0	0	0	0	0	240434	
431	1	H	10	N	2500	0	40	115	124	4	2	1	0	0	0	0	0	0	0	0	0	0	0	0	240434	
432	1	H	10	N	2500	0	40	308	513	18	9	8	0	0	0	0	0	0	0	0	0	0	0	0	240434	
433	1	H	10	N	2500	0	40	97	111	12	16	17	0	0	0	0	0	0	0	0	0	0	0	0	240434	
434	1	H	10	N	2500	0	40	86	78	3	1	1	0	0	0	0	0	0	0	0	0	0	0	0	240496	
435	1	H	10	N	2500	0	40	26	47	1	0	0	0	0	0	0	0	0	0	0	0	0	0	0	240496	
436	1	H	10	N	2500	0	40	227	320	12	6	4	0	0	0	0	0	0	0	0	0	0	0	0	240512	
437	1	H	10	N	2500	0	40	62	63	2	1	1	0	0	0	0	0	0	0	0	0	0	0	0	240558	
438	1	H	10	N	2500	0	40	162	287	10	6	5	0	0	0	0	0	0	0	0	0	0	0	0	240558	
439	1	H	10	N	2500	0	40	500	1391	79	59	43	0	0	0	0	0	0	0	0	0	0	0	0	240558	
440	1	H	10	N	2500	0	40	355	641	29	19	15	0	0	0	0	0	0	0	0	0	0	0	0	240574	
441	1	H	10	N	2500	0	40	463	1327	77	51	36	0	0	0	0	0	0	0	0	0	0	0	0	240621	
442	1	H	10	N	2500	0	40	375	851	42	29	19	0	0	0	0	0	0	0	0	0	0	0	0	240652	
443	1	H	10	N	2500	0	40	125	126	3	2	2	0	0	0	0	0	0	0	0	0	0	0	0	240746	
444	1	H	10	N	2500	0	40	231	358	13	7	7	0	0	0	0	0	0	0	0	0	0	0	0	240761	
445	1	H	10	N	2500	0	40	474	1077	53	36	24	0	0	0	0	0	0	0	0	0	0	0	0	240824	
446	1	H	10	N	2500	0	40	260	387	16	10	6	0	0	0	0	0	0	0	0	0	0	0	0	240855	
447	1	H	10	N	2500	0	40	126	135	4	2	1	0	0	0	0	0	0	0	0	0	0	0	0	240855	
448	1	H	10	N	2500	0	40	233	372	20	8	7	0	0	0	0	0	0	0	0	0	0	0	0	240870	
449	1	H	10	N	2500	0	40	82	85	8	9	10	0	0	0	0	0	0	0	0	0	0	0	0	240886	
450	1	H	10	N	2500	0	40	126	141	4	2	2	0	0	0	0	0	0	0	0	0	0	0	0	240902	
451	1	H	10	N	2500	0	40	57	82	3	4	4	0	0	0	0	0	0	0	0	0	0	0	0	240933	
452	1	H	10	N	2500	0	40	405	1018	50	36	25	0	0	0	0	0	0	0	0	0	0	0	0	240933	
453	1	H	10	N	2500	0	40	200	267	12	5	3	0	0	0	0	0	0	0	0	0	0	0	0	240948	
454	1	H	10	N	2500	0	40	24	19	1	1	3	0	0	0	0	0	0	0	0	0	0	0	0	240964	
455	1	H	10	N	2500	0	40	88	83	2	1	1	0	0	0	0	0	0	0	0	0	0	0	0	241058	
456	1	H	10	N	2500	0	40	237	363	16	8	7	0	0	0	0	0	0	0	0	0	0	0	0	241058	
457	1	H	10	N	2500	0	40	220	307	10	6	6	0	0	0	0	0	0	0	0	0	0	0	0	241073	
458	1	H	10	N	2500	0	40	367	1196	77	56	38	0	0	0	0	0	0	0	0	0	0	0	0	241120	
459	1	H	10	N	2500	0	40	207	231	5	3	3	0	0	0	0	0	0	0	0	0	0	0	0	241136	
460	1	H	10	N	2500	0	40	41	34	0	0	0	0	0	0	0	0	0	0	0	0	0	0	0	241151	
461	1	H	10	N	2500	0	40	527	1968	137	103	57	0	0	0	0	0	0	0	0	0	0	0	0	241167	
462	1	H	10	N	2500	0	40	314	1424	102	74	47	0	0	0	0	0	0	0	0	0	0	0	0	241182	
463	1	H	10	N	2500	0	40	511	1278	71	54	38	0	0	0	0	0	0	0	0	0	0	0	0	241198	
464	1	H	10	N	2500	0	40	439	1952	164	108	79	0	0	0	0	0	0	0	0	0	0	0	0	241214	
465	1	H	10	N	2500	0	40	183	365	12	8	7	0	0	0	0	0	0	0	0	0	0	0	0	241276	
466	1	H	10	N	2500	0	40	511	1518	104	77	47	0	0	0	0	0	0	0	0	0	0	0	0	241323	
467	1	H	10	N	2500	0	40	155	414	17	10	9	0	0	0	0	0	0	0	0	0	0	0	0	241385	
468	1	H	10	N	2500	0	40	53	52	4	5	8	0	0	0	0	0	0	0	0	0	0	0	0	241416	
469	1	H	10	N	2500	0	40	120	132	4	2	2	0	0	0	0	0	0	0	0	0	0	0	0	241432	
470	1	H	10	N	2500	0	40	158	319	10	6	5	0	0	0	0	0	0	0	0	0	0	0	0	241510	
471	1	H	10	N	2500	0	40	116	120	2	2	2	0	0	0	0	0	0	0	0	0	0	0	0	241510	
472	1	H	10	N	2500	0	40	206	274	10	5	5	0	0	0	0	0	0	0	0	0	0	0	0	241557	
473	1	H	10	N	2500	0	40	375	885	43	29	19	0	0	0	0	0	0	0	0	0	0	0	0	241557	
474	1	H	10	N	2500	0	40	22	19	0	1	0	0	0	0	0	0	0	0	0	0	0	0	0	241572	
475	1	H	10	N	2500	0	40	68	94	8	11	15	0	0	0	0	0	0	0	0	0	0	0	0	241572	
476	1	H	10	N	2500	0	40	54	79	7	9	9	0	0	0	0	0	0	0	0	0	0	0	0	241619	
477	1	H	10	N	2500	0	40	162	156	5	3	3	0	0	0	0	0	0	0	0	0	0	0	0	241619	
478	1	H	10	N	2500	0	40	229	371	14	7	5	0	0	0	0	0	0	0	0	0	0	0	0	241619	
479	1	H	10	N	2500	0	40	247	415	20	9	8	0	0	0	0	0	0	0	0	0	0	0	0	241666	
480	1	H	10	N	2500	0	40	182	236	8	4	3	0	0	0	0	0	0	0	0	0	0	0	0	241666	
481	1	H	10	N	2500	0	40	526	2042	156	120	78	0	0	0	0	0	0	0	0	0	0	0	0	241697	
482	1	H	11	N	2500	0	40	91	87	3	1	1	0	0	0	0	0	0	0	0	0	0	0	0	249092	
483	1	H	11	N	2500	0	40	114	119	4	2	2	0	0	0	0	0	0	0	0	0	0	0	0	249248	
484	1	H	11	N	2500	0	40	213	951	49	38	24	0	0	0	0	0	0	0	0	0	0	0	0	249357	
485	1	H	11	N	2500	0	40	735	3509	342	272	189	0	0	0	0	0	0	0	0	0	0	0	0	249653	
486	1	H	11	N	2500	0	40	25	32	2	2	3	0	0	0	0	0	0	0	0	0	0	0	0	249747	
487	1	H	11	N	2500	0	40	68	252	23	0	0	0	0	0	0	0	0	0	0	0	0	0	0	250246	
488	1	H	11	N	2500	0	40	20	29	1	0	0	0	0	0	0	0	0	0	0	0	0	0	0	250418	
489	1	H	11	N	2500	0	40	153	190	5	3	2	0	0	0	0	0	0	0	0	0	0	0	0	250496	
490	1	H	11	N	2500	0	40	133	962	73	2	4	0	0	0	0	0	0	0	0	0	0	0	0	250745	
491	1	H	11	N	2500	0	40	310	1156	65	54	39	0	0	0	0	0	0	0	0	0	0	0	0	251026	
492	1	H	11	N	2500	0	40	31	32	1	1	1	0	0	0	0	0	0	0	0	0	0	0	0	251369	
493	1	H	11	N	2500	0	40	36	55	6	3	2	0	0	0	0	0	0	0	0	0	0	0	0	252274	
494	1	H	11	N	2500	0	40	43	48	2	2	3	0	0	0	0	0	0	0	0	0	0	0	0	252508	
495	1	H	11	N	2500	0	40	20	17	0	0	0	0	0	0	0	0	0	0	0	0	0	0	0	252539	
496	1	H	11	N	2500	0	40	224	465	16	10	7	0	0	0	0	0	0	0	0	0	0	0	0	252976	
497	1	H	11	N	2500	0	40	106	242	10	5	4	0	0	0	0	0	0	0	0	0	0	0	0	253257	
498	1	H	11	N	2500	0	40	232	345	11	6	3	0	0	0	0	0	0	0	0	0	0	0	0	253444	
499	1	H	11	N	2500	0	40	75	82	10	5	3	0	0	0	0	0	0	0	0	0	0	0	0	253444	
500	1	H	11	N	2500	0	40	750	3086	292	223	167	0	0	0	0	0	0	0	0	0	0	0	0	253694	
501	1	H	11	N	2500	0	40	52	61	4	5	7	0	0	0	0	0	0	0	0	0	0	0	0	253756	
502	1	H	11	N	2500	0	40	617	2363	174	115	69	0	0	0	0	0	0	0	0	0	0	0	0	253912	
503	1	H	11	N	2500	0	40	94	127	12	16	21	0	0	0	0	0	0	0	0	0	0	0	0	253959	
504	1	H	11	N	2500	0	40	27	36	5	3	1	0	0	0	0	0	0	0	0	0	0	0	0	254458	
505	1	H	11	N	2500	0	40	215	758	36	22	15	0	0	0	0	0	0	0	0	0	0	0	0	254536	
506	1	H	11	N	2500	0	40	254	1056	55	39	25	0	0	0	0	0	0	0	0	0	0	0	0	254645	
507	1	H	11	N	2500	0	40	198	314	11	7	6	0	0	0	0	0	0	0	0	0	0	0	0	254739	
508	1	H	11	N	2500	0	40	122	144	4	2	1	0	0	0	0	0	0	0	0	0	0	0	0	254879	
509	1	H	11	N	2500	0	40	29	43	5	3	2	0	0	0	0	0	0	0	0	0	0	0	0	255004	
510	1	H	11	N	2500	0	40	22	26	2	1	1	0	0	0	0	0	0	0	0	0	0	0	0	255004	
511	1	H	11	N	2500	0	40	59	138	28	11	7	0	0	0	0	0	0	0	0	0	0	0	0	255020	
512	1	H	11	N	2500	0	40	131	201	32	18	8	0	0	0	0	0	0	0	0	0	0	0	0	255300	
513	1	H	11	N	2500	0	40	23	29	1	1	2	0	0	0	0	0	0	0	0	0	0	0	0	255347	
514	1	H	11	N	2500	0	40	28	64	7	3	1	0	0	0	0	0	0	0	0	0	0	0	0	255472	
515	1	H	11	N	2500	0	40	40	61	9	5	2	0	0	0	0	0	0	0	0	0	0	0	0	255690	
516	1	H	11	N	2500	0	40	372	695	25	19	16	0	0	0	0	0	0	0	0	0	0	0	0	255784	
517	1	H	11	N	2500	0	40	46	75	13	7	3	0	0	0	0	0	0	0	0	0	0	0	0	255940	
518	1	H	11	N	2500	0	40	256	397	12	8	6	0	0	0	0	0	0	0	0	0	0	0	0	255971	
519	1	H	11	N	2500	0	40	27	27	3	1	1	0	0	0	0	0	0	0	0	0	0	0	0	256049	
520	1	H	11	N	2500	0	40	20	21	1	2	2	0	0	0	0	0	0	0	0	0	0	0	0	256065	
521	1	H	11	N	2500	0	40	28	28	1	2	1	0	0	0	0	0	0	0	0	0	0	0	0	256065	
522	1	H	12	N	2500	0	40	76	260	51	0	0	0	0	0	0	0	0	0	0	0	0	0	0	263553	
523	1	H	12	N	2500	0	40	251	419	16	10	7	0	0	0	0	0	0	0	0	0	0	0	0	263553	
524	1	H	12	N	2500	0	40	82	77	1	0	0	0	0	0	0	0	0	0	0	0	0	0	0	263568	
525	1	H	12	N	2500	0	40	328	727	39	25	20	0	0	0	0	0	0	0	0	0	0	0	0	263584	
526	1	H	12	N	2500	0	40	31	52	6	4	2	0	0	0	0	0	0	0	0	0	0	0	0	263600	
527	1	H	12	N	2500	0	40	418	1098	70	40	30	0	0	0	0	0	0	0	0	0	0	0	0	263615	
528	1	H	12	N	2500	0	40	29	67	5	0	0	0	0	0	0	0	0	0	0	0	0	0	0	263709	
529	1	H	12	N	2500	0	40	151	384	12	9	5	0	0	0	0	0	0	0	0	0	0	0	0	263756	
530	1	H	12	N	2500	0	40	151	426	18	10	6	0	0	0	0	0	0	0	0	0	0	0	0	263802	
531	1	H	12	N	2500	0	40	141	1024	113	3	3	0	0	0	0	0	0	0	0	0	0	0	0	263818	
532	1	H	12	N	2500	0	40	251	369	11	8	7	0	0	0	0	0	0	0	0	0	0	0	0	263818	
533	1	H	12	N	2500	0	40	292	587	25	16	13	0	0	0	0	0	0	0	0	0	0	0	0	263818	
534	1	H	12	N	2500	0	40	119	170	11	6	4	0	0	0	0	0	0	0	0	0	0	0	0	263834	
535	1	H	12	N	2500	0	40	359	956	49	37	24	0	0	0	0	0	0	0	0	0	0	0	0	263990	
536	1	H	12	N	2500	0	40	307	507	22	13	9	0	0	0	0	0	0	0	0	0	0	0	0	263990	
537	1	H	12	N	2500	0	40	22	28	4	1	1	0	0	0	0	0	0	0	0	0	0	0	0	264005	
538	1	H	12	N	2500	0	40	352	856	43	31	22	0	0	0	0	0	0	0	0	0	0	0	0	264021	
539	1	H	12	N	2500	0	40	125	136	4	3	2	0	0	0	0	0	0	0	0	0	0	0	0	264036	
540	1	H	12	N	2500	0	40	381	1138	62	41	26	0	0	0	0	0	0	0	0	0	0	0	0	264052	
541	1	H	12	N	2500	0	40	541	1985	157	105	73	0	0	0	0	0	0	0	0	0	0	0	0	264068	
542	1	H	12	N	2500	0	40	230	385	14	8	7	0	0	0	0	0	0	0	0	0	0	0	0	264068	
543	1	H	12	N	2500	0	40	470	1203	80	51	34	0	0	0	0	0	0	0	0	0	0	0	0	264068	
544	1	H	12	N	2500	0	40	308	1266	72	60	41	0	0	0	0	0	0	0	0	0	0	0	0	264068	
545	1	H	12	N	2500	0	40	255	423	16	9	6	0	0	0	0	0	0	0	0	0	0	0	0	264083	
546	1	H	12	N	2500	0	40	363	1255	70	57	41	0	0	0	0	0	0	0	0	0	0	0	0	264146	
547	1	H	12	N	2500	0	40	488	1177	56	40	31	0	0	0	0	0	0	0	0	0	0	0	0	264146	
548	1	H	12	N	2500	0	40	188	219	8	4	4	0	0	0	0	0	0	0	0	0	0	0	0	264146	
549	1	H	12	N	2500	0	40	228	337	16	8	7	0	0	0	0	0	0	0	0	0	0	0	0	264177	
550	1	H	12	N	2500	0	40	31	27	1	1	1	0	0	0	0	0	0	0	0	0	0	0	0	264224	
551	1	H	12	N	2500	0	40	95	117	3	2	1	0	0	0	0	0	0	0	0	0	0	0	0	264239	
552	1	H	12	N	2500	0	40	144	167	4	3	2	0	0	0	0	0	0	0	0	0	0	0	0	264255	
553	1	H	12	N	2500	0	40	363	1013	59	41	32	0	0	0	0	0	0	0	0	0	0	0	0	264270	
554	1	H	12	N	2500	0	40	186	243	8	3	3	0	0	0	0	0	0	0	0	0	0	0	0	264348	
555	1	H	12	N	2500	0	40	293	521	22	14	13	0	0	0	0	0	0	0	0	0	0	0	0	264348	
556	1	H	12	N	2500	0	40	486	1650	128	84	53	0	0	0	0	0	0	0	0	0	0	0	0	264348	
557	1	H	12	N	2500	0	40	127	183	5	3	2	0	0	0	0	0	0	0	0	0	0	0	0	264364	
558	1	H	12	N	2500	0	40	240	434	17	9	7	0	0	0	0	0	0	0	0	0	0	0	0	264395	
559	1	H	12	N	2500	0	40	536	1261	69	43	28	0	0	0	0	0	0	0	0	0	0	0	0	264426	
560	1	H	12	N	2500	0	40	70	66	1	1	1	0	0	0	0	0	0	0	0	0	0	0	0	264426	
561	1	H	12	N	2500	0	40	419	998	61	44	35	0	0	0	0	0	0	0	0	0	0	0	0	264458	
562	1	H	12	N	2500	0	40	374	1967	171	135	88	0	0	0	0	0	0	0	0	0	0	0	0	264473	
563	1	H	12	N	2500	0	40	158	246	10	8	9	0	0	0	0	0	0	0	0	0	0	0	0	264582	
564	1	H	12	N	2500	0	40	130	142	3	2	2	0	0	0	0	0	0	0	0	0	0	0	0	264582	
565	1	H	12	N	2500	0	40	157	419	19	10	7	0	0	0	0	0	0	0	0	0	0	0	0	264582	
566	1	H	12	N	2500	0	40	225	375	16	8	5	0	0	0	0	0	0	0	0	0	0	0	0	264598	
567	1	H	12	N	2500	0	40	70	125	9	11	11	0	0	0	0	0	0	0	0	0	0	0	0	264614	
568	1	H	12	N	2500	0	40	49	75	5	7	4	0	0	0	0	0	0	0	0	0	0	0	0	264614	
569	1	H	12	N	2500	0	40	299	487	20	11	8	0	0	0	0	0	0	0	0	0	0	0	0	264614	
570	1	H	12	N	2500	0	40	247	352	15	7	4	0	0	0	0	0	0	0	0	0	0	0	0	264629	
571	1	H	12	N	2500	0	40	194	312	16	7	4	0	0	0	0	0	0	0	0	0	0	0	0	264629	
572	1	H	12	N	2500	0	40	289	1320	95	72	50	0	0	0	0	0	0	0	0	0	0	0	0	264629	
573	1	H	12	N	2500	0	40	519	1751	134	82	54	0	0	0	0	0	0	0	0	0	0	0	0	264645	
574	1	H	12	N	2500	0	40	434	1031	50	37	27	0	0	0	0	0	0	0	0	0	0	0	0	264723	
575	1	H	12	N	2500	0	40	51	66	6	4	1	0	0	0	0	0	0	0	0	0	0	0	0	264738	
576	1	H	12	N	2500	0	40	340	1568	113	82	58	0	0	0	0	0	0	0	0	0	0	0	0	264738	
577	1	H	12	N	2500	0	40	243	420	15	9	6	0	0	0	0	0	0	0	0	0	0	0	0	264754	
578	1	H	12	N	2500	0	40	26	21	1	1	1	0	0	0	0	0	0	0	0	0	0	0	0	264754	
579	1	H	12	N	2500	0	40	205	217	5	3	4	0	0	0	0	0	0	0	0	0	0	0	0	264770	
580	1	H	12	N	2500	0	40	121	282	12	7	6	0	0	0	0	0	0	0	0	0	0	0	0	264801	
581	1	H	12	N	2500	0	40	187	364	66	16	11	0	0	0	0	0	0	0	0	0	0	0	0	264816	
582	1	H	12	N	2500	0	40	208	435	21	12	10	0	0	0	0	0	0	0	0	0	0	0	0	264894	
583	1	H	12	N	2500	0	40	126	131	4	1	1	0	0	0	0	0	0	0	0	0	0	0	0	264910	
584	1	H	12	N	2500	0	40	376	954	53	31	22	0	0	0	0	0	0	0	0	0	0	0	0	264910	
585	1	H	12	N	2500	0	40	413	1129	63	45	29	0	0	0	0	0	0	0	0	0	0	0	0	264926	
586	1	H	12	N	2500	0	40	494	1396	79	58	33	0	0	0	0	0	0	0	0	0	0	0	0	264926	
587	1	H	12	N	2500	0	40	314	734	30	24	15	0	0	0	0	0	0	0	0	0	0	0	0	264941	
588	1	H	12	N	2500	0	40	53	53	2	4	4	0	0	0	0	0	0	0	0	0	0	0	0	264941	
589	1	H	12	N	2500	0	40	27	22	0	1	1	0	0	0	0	0	0	0	0	0	0	0	0	264941	
590	1	H	12	N	2500	0	40	610	1784	147	99	63	0	0	0	0	0	0	0	0	0	0	0	0	264941	
591	1	H	12	N	2500	0	40	282	543	22	16	13	0	0	0	0	0	0	0	0	0	0	0	0	264941	
592	1	H	12	N	2500	0	40	166	240	24	32	34	0	0	0	0	0	0	0	0	0	0	0	0	264972	
593	1	H	12	N	2500	0	40	188	432	23	12	8	0	0	0	0	0	0	0	0	0	0	0	0	264988	
594	1	H	12	N	2500	0	40	125	395	57	19	13	0	0	0	0	0	0	0	0	0	0	0	0	265004	
595	1	H	12	N	2500	0	40	22	30	2	2	1	0	0	0	0	0	0	0	0	0	0	0	0	265004	
596	1	H	12	N	2500	0	40	174	251	11	6	4	0	0	0	0	0	0	0	0	0	0	0	0	265004	
597	1	H	12	N	2500	0	40	121	148	17	22	27	0	0	0	0	0	0	0	0	0	0	0	0	265035	
598	1	H	12	N	2500	0	40	404	1270	89	60	39	0	0	0	0	0	0	0	0	0	0	0	0	265050	
599	1	H	12	N	2500	0	40	523	1689	108	78	47	0	0	0	0	0	0	0	0	0	0	0	0	265066	
600	1	H	12	N	2500	0	40	54	245	19	0	0	0	0	0	0	0	0	0	0	0	0	0	0	265082	
601	1	H	12	N	2500	0	40	347	589	19	11	10	0	0	0	0	0	0	0	0	0	0	0	0	265082	
602	1	H	12	N	2500	0	40	662	1926	143	105	64	0	0	0	0	0	0	0	0	0	0	0	0	265113	
603	1	H	12	N	2500	0	40	357	865	38	25	16	0	0	0	0	0	0	0	0	0	0	0	0	265128	
604	1	H	12	N	2500	0	40	385	1114	57	35	25	0	0	0	0	0	0	0	0	0	0	0	0	265144	
605	1	H	12	N	2500	0	40	147	420	21	10	6	0	0	0	0	0	0	0	0	0	0	0	0	265144	
606	1	H	12	N	2500	0	40	204	701	33	26	16	0	0	0	0	0	0	0	0	0	0	0	0	265160	
607	1	H	12	N	2500	0	40	156	193	5	3	3	0	0	0	0	0	0	0	0	0	0	0	0	265160	
608	1	H	12	N	2500	0	40	430	1262	72	59	43	0	0	0	0	0	0	0	0	0	0	0	0	265191	
609	1	H	12	N	2500	0	40	392	989	70	47	40	0	0	0	0	0	0	0	0	0	0	0	0	265206	
610	1	H	12	N	2500	0	40	448	996	53	37	26	0	0	0	0	0	0	0	0	0	0	0	0	265222	
611	1	H	12	N	2500	0	40	58	52	1	0	1	0	0	0	0	0	0	0	0	0	0	0	0	265238	
612	1	H	12	N	2500	0	40	59	60	3	4	4	0	0	0	0	0	0	0	0	0	0	0	0	265253	
613	1	H	12	N	2500	0	40	114	135	12	15	17	0	0	0	0	0	0	0	0	0	0	0	0	265253	
614	1	H	12	N	2500	0	40	361	1288	74	61	38	0	0	0	0	0	0	0	0	0	0	0	0	265253	
615	1	H	12	N	2500	0	40	365	928	47	34	26	0	0	0	0	0	0	0	0	0	0	0	0	265253	
616	1	H	12	N	2500	0	40	204	834	55	39	27	0	0	0	0	0	0	0	0	0	0	0	0	265269	
617	1	H	12	N	2500	0	40	53	139	5	3	3	0	0	0	0	0	0	0	0	0	0	0	0	265300	
618	1	H	12	N	2500	0	40	33	57	2	1	2	0	0	0	0	0	0	0	0	0	0	0	0	265300	
619	1	H	12	N	2500	0	40	202	556	33	36	31	0	0	0	0	0	0	0	0	0	0	0	0	265300	
620	1	H	12	N	2500	0	40	301	764	30	30	24	0	0	0	0	0	0	0	0	0	0	0	0	265300	
621	1	H	12	N	2500	0	40	25	38	1	1	1	0	0	0	0	0	0	0	0	0	0	0	0	265300	
622	1	H	12	N	2500	0	40	33	29	0	0	0	0	0	0	0	0	0	0	0	0	0	0	0	265300	
623	1	H	12	N	2500	0	40	26	38	1	0	0	0	0	0	0	0	0	0	0	0	0	0	0	265300	
624	1	H	12	N	2500	0	40	56	70	6	8	10	0	0	0	0	0	0	0	0	0	0	0	0	265300	
625	1	H	12	N	2500	0	40	206	470	20	13	9	0	0	0	0	0	0	0	0	0	0	0	0	265316	
626	1	H	12	N	2500	0	40	245	399	14	7	5	0	0	0	0	0	0	0	0	0	0	0	0	265331	
627	1	H	12	N	2500	0	40	185	238	12	6	3	0	0	0	0	0	0	0	0	0	0	0	0	265347	
628	1	H	12	N	2500	0	40	435	911	43	29	22	0	0	0	0	0	0	0	0	0	0	0	0	265347	
629	1	H	12	N	2500	0	40	119	122	4	2	2	0	0	0	0	0	0	0	0	0	0	0	0	265378	
630	1	H	12	N	2500	0	40	63	55	1	1	0	0	0	0	0	0	0	0	0	0	0	0	0	265409	
631	1	H	12	N	2500	0	40	188	356	14	9	6	0	0	0	0	0	0	0	0	0	0	0	0	265409	
632	1	H	12	N	2500	0	40	513	1761	124	86	59	0	0	0	0	0	0	0	0	0	0	0	0	265425	
633	1	H	12	N	2500	0	40	254	412	16	7	6	0	0	0	0	0	0	0	0	0	0	0	0	265425	
634	1	H	12	N	2500	0	40	253	351	15	7	8	0	0	0	0	0	0	0	0	0	0	0	0	265440	
635	1	H	12	N	2500	0	40	573	1911	129	102	68	0	0	0	0	0	0	0	0	0	0	0	0	265472	
636	1	H	12	N	2500	0	40	157	191	5	2	3	0	0	0	0	0	0	0	0	0	0	0	0	265472	
637	1	H	12	N	2500	0	40	115	142	12	20	25	0	0	0	0	0	0	0	0	0	0	0	0	265472	
638	1	H	12	N	2500	0	40	188	307	11	7	4	0	0	0	0	0	0	0	0	0	0	0	0	265518	
639	1	H	12	N	2500	0	40	152	155	3	2	3	0	0	0	0	0	0	0	0	0	0	0	0	265534	
640	1	H	12	N	2500	0	40	202	457	19	10	8	0	0	0	0	0	0	0	0	0	0	0	0	265565	
641	1	H	12	N	2500	0	40	53	56	3	4	4	0	0	0	0	0	0	0	0	0	0	0	0	265596	
642	1	H	12	N	2500	0	40	32	27	1	2	2	0	0	0	0	0	0	0	0	0	0	0	0	265628	
643	1	H	12	N	2500	0	40	146	153	4	2	3	0	0	0	0	0	0	0	0	0	0	0	0	265643	
644	1	H	12	N	2500	0	40	330	1371	84	64	42	0	0	0	0	0	0	0	0	0	0	0	0	265674	
645	1	H	12	N	2500	0	40	322	887	54	34	24	0	0	0	0	0	0	0	0	0	0	0	0	265674	
646	1	H	12	N	2500	0	40	363	880	50	31	21	0	0	0	0	0	0	0	0	0	0	0	0	265706	
647	1	H	12	N	2500	0	40	522	1399	67	48	36	0	0	0	0	0	0	0	0	0	0	0	0	265737	
648	1	H	12	N	2500	0	40	295	468	18	12	9	0	0	0	0	0	0	0	0	0	0	0	0	265752	
649	1	H	12	N	2500	0	40	125	142	4	1	2	0	0	0	0	0	0	0	0	0	0	0	0	265752	
650	1	H	12	N	2500	0	40	358	1360	92	74	60	0	0	0	0	0	0	0	0	0	0	0	0	265768	
651	1	H	12	N	2500	0	40	573	1954	131	102	72	0	0	0	0	0	0	0	0	0	0	0	0	265799	
652	1	H	12	N	2500	0	40	296	482	20	13	11	0	0	0	0	0	0	0	0	0	0	0	0	265815	
653	1	H	12	N	2500	0	40	77	207	6	5	5	0	0	0	0	0	0	0	0	0	0	0	0	265893	
654	1	H	12	N	2500	0	40	185	336	17	10	7	0	0	0	0	0	0	0	0	0	0	0	0	265908	
655	1	H	12	N	2500	0	40	82	122	6	8	10	0	0	0	0	0	0	0	0	0	0	0	0	265924	
656	1	H	12	N	2500	0	40	177	275	10	7	4	0	0	0	0	0	0	0	0	0	0	0	0	265924	
657	1	H	12	N	2500	0	40	297	512	19	9	10	0	0	0	0	0	0	0	0	0	0	0	0	265940	
658	1	H	12	N	2500	0	40	187	241	6	4	3	0	0	0	0	0	0	0	0	0	0	0	0	265940	
659	1	H	12	N	2500	0	40	141	170	19	24	27	0	0	0	0	0	0	0	0	0	0	0	0	265971	
660	1	H	12	N	2500	0	40	75	111	8	12	11	0	0	0	0	0	0	0	0	0	0	0	0	265986	
661	1	H	12	N	2500	0	40	544	1438	103	72	45	0	0	0	0	0	0	0	0	0	0	0	0	266049	
662	1	H	12	N	2500	0	40	104	138	13	18	20	0	0	0	0	0	0	0	0	0	0	0	0	266096	
663	1	H	12	N	2500	0	40	532	1755	100	78	57	0	0	0	0	0	0	0	0	0	0	0	0	266096	
664	1	H	12	N	2500	0	40	312	516	21	13	9	0	0	0	0	0	0	0	0	0	0	0	0	266096	
665	1	H	12	N	2500	0	40	355	863	47	32	26	0	0	0	0	0	0	0	0	0	0	0	0	266158	
666	1	H	12	N	2500	0	40	211	283	12	5	4	0	0	0	0	0	0	0	0	0	0	0	0	266158	
667	1	H	12	N	2500	0	40	127	140	6	2	2	0	0	0	0	0	0	0	0	0	0	0	0	266174	
668	1	H	12	N	2500	0	40	20	16	2	1	1	0	0	0	0	0	0	0	0	0	0	0	0	266174	
669	1	H	12	N	2500	0	40	500	866	54	34	25	0	0	0	0	0	0	0	0	0	0	0	0	266189	
670	1	H	12	N	2500	0	40	244	418	14	6	6	0	0	0	0	0	0	0	0	0	0	0	0	266205	
671	1	H	12	N	2500	0	40	416	1065	56	37	28	0	0	0	0	0	0	0	0	0	0	0	0	266205	
672	1	H	12	N	2500	0	40	752	3111	295	250	176	0	0	0	0	0	0	0	0	0	0	0	0	266220	
673	1	H	12	N	2500	0	40	92	94	3	1	1	0	0	0	0	0	0	0	0	0	0	0	0	266252	
674	1	H	12	N	2500	0	40	51	44	1	2	4	0	0	0	0	0	0	0	0	0	0	0	0	266267	
675	1	H	12	N	2500	0	40	851	2426	143	114	82	0	0	0	0	0	0	0	0	0	0	0	0	266283	
676	1	H	12	N	2500	0	40	618	2203	147	105	65	0	0	0	0	0	0	0	0	0	0	0	0	266283	
677	1	H	12	N	2500	0	40	102	122	4	3	2	0	0	0	0	0	0	0	0	0	0	0	0	266314	
678	1	H	12	N	2500	0	40	291	444	16	10	8	0	0	0	0	0	0	0	0	0	0	0	0	266345	
679	1	H	12	N	2500	0	40	164	262	11	8	5	0	0	0	0	0	0	0	0	0	0	0	0	266361	
680	1	H	12	N	2500	0	40	40	47	3	5	4	0	0	0	0	0	0	0	0	0	0	0	0	266361	
681	1	H	12	N	2500	0	40	110	111	2	1	2	0	0	0	0	0	0	0	0	0	0	0	0	266408	
682	1	H	12	N	2500	0	40	44	42	3	4	4	0	0	0	0	0	0	0	0	0	0	0	0	266439	
683	1	H	12	N	2500	0	40	93	108	12	16	18	0	0	0	0	0	0	0	0	0	0	0	0	266439	
684	1	H	12	N	2500	0	40	363	820	44	27	21	0	0	0	0	0	0	0	0	0	0	0	0	266470	
685	1	H	12	N	2500	0	40	258	421	13	7	8	0	0	0	0	0	0	0	0	0	0	0	0	266470	
686	1	H	12	N	2500	0	40	157	176	5	3	3	0	0	0	0	0	0	0	0	0	0	0	0	266486	
687	1	H	12	N	2500	0	40	132	122	9	5	3	0	0	0	0	0	0	0	0	0	0	0	0	266517	
688	1	H	12	N	2500	0	40	238	281	11	5	4	0	0	0	0	0	0	0	0	0	0	0	0	266517	
689	1	H	12	N	2500	0	40	385	1050	51	34	27	0	0	0	0	0	0	0	0	0	0	0	0	266532	
690	1	H	12	N	2500	0	40	161	210	6	4	2	0	0	0	0	0	0	0	0	0	0	0	0	266532	
691	1	H	12	N	2500	0	40	139	188	21	29	33	0	0	0	0	0	0	0	0	0	0	0	0	266579	
692	1	H	12	N	2500	0	40	341	676	27	17	14	0	0	0	0	0	0	0	0	0	0	0	0	266610	
693	1	H	12	N	2500	0	40	263	1046	63	46	32	0	0	0	0	0	0	0	0	0	0	0	0	266642	
694	1	H	12	N	2500	0	40	593	1998	151	94	57	0	0	0	0	0	0	0	0	0	0	0	0	266642	
695	1	H	12	N	2500	0	40	239	671	29	25	19	0	0	0	0	0	0	0	0	0	0	0	0	266673	
696	1	H	12	N	2500	0	40	94	129	12	16	20	0	0	0	0	0	0	0	0	0	0	0	0	266704	
697	1	H	12	N	2500	0	40	518	1668	105	76	54	0	0	0	0	0	0	0	0	0	0	0	0	266704	
698	1	H	12	N	2500	0	40	493	1434	92	66	43	0	0	0	0	0	0	0	0	0	0	0	0	266704	
699	1	H	12	N	2500	0	40	32	37	2	3	3	0	0	0	0	0	0	0	0	0	0	0	0	266735	
700	1	H	12	N	2500	0	40	462	1301	74	57	41	0	0	0	0	0	0	0	0	0	0	0	0	266751	
701	1	H	12	N	2500	0	40	68	60	1	1	1	0	0	0	0	0	0	0	0	0	0	0	0	266782	
702	1	H	12	N	2500	0	40	237	364	13	6	4	0	0	0	0	0	0	0	0	0	0	0	0	266844	
703	1	H	12	N	2500	0	40	683	2429	209	146	112	0	0	0	0	0	0	0	0	0	0	0	0	266844	
704	1	H	12	N	2500	0	40	59	100	9	4	2	0	0	0	0	0	0	0	0	0	0	0	0	266860	
705	1	H	12	N	2500	0	40	80	123	12	6	3	0	0	0	0	0	0	0	0	0	0	0	0	266860	
706	1	H	12	N	2500	0	40	21	21	2	1	0	0	0	0	0	0	0	0	0	0	0	0	0	266860	
707	1	H	12	N	2500	0	40	616	2361	186	128	83	0	0	0	0	0	0	0	0	0	0	0	0	266860	
708	1	H	12	N	2500	0	40	25	34	2	3	4	0	0	0	0	0	0	0	0	0	0	0	0	266860	
709	1	H	12	N	2500	0	40	111	105	4	2	3	0	0	0	0	0	0	0	0	0	0	0	0	266891	
710	1	H	12	N	2500	0	40	269	1127	68	56	38	0	0	0	0	0	0	0	0	0	0	0	0	266891	
711	1	H	12	N	2500	0	40	265	422	15	8	6	0	0	0	0	0	0	0	0	0	0	0	0	266891	
712	1	H	12	N	2500	0	40	576	2135	163	107	66	0	0	0	0	0	0	0	0	0	0	0	0	266907	
713	1	H	12	N	2500	0	40	344	880	46	34	24	0	0	0	0	0	0	0	0	0	0	0	0	266922	
714	1	H	12	N	2500	0	40	240	413	17	10	7	0	0	0	0	0	0	0	0	0	0	0	0	266922	
715	1	H	12	N	2500	0	40	345	601	26	17	13	0	0	0	0	0	0	0	0	0	0	0	0	266954	
716	1	H	12	N	2500	0	40	168	212	4	3	2	0	0	0	0	0	0	0	0	0	0	0	0	266954	
717	1	H	12	N	2500	0	40	176	256	8	5	4	0	0	0	0	0	0	0	0	0	0	0	0	266985	
718	1	H	12	N	2500	0	40	298	859	46	32	19	0	0	0	0	0	0	0	0	0	0	0	0	267000	
719	1	H	12	N	2500	0	40	30	29	2	2	3	0	0	0	0	0	0	0	0	0	0	0	0	267000	
720	1	H	12	N	2500	0	40	329	1140	69	58	36	0	0	0	0	0	0	0	0	0	0	0	0	267000	
721	1	H	12	N	2500	0	40	172	245	23	31	36	0	0	0	0	0	0	0	0	0	0	0	0	267032	
722	1	H	12	N	2500	0	40	440	1476	90	64	42	0	0	0	0	0	0	0	0	0	0	0	0	267032	
723	1	H	12	N	2500	0	40	121	259	24	33	38	0	0	0	0	0	0	0	0	0	0	0	0	267047	
724	1	H	12	N	2500	0	40	270	1096	74	43	29	0	0	0	0	0	0	0	0	0	0	0	0	267047	
725	1	H	12	N	2500	0	40	40	38	2	2	2	0	0	0	0	0	0	0	0	0	0	0	0	267047	
726	1	H	12	N	2500	0	40	243	350	12	7	5	0	0	0	0	0	0	0	0	0	0	0	0	267063	
727	1	H	12	N	2500	0	40	356	1453	125	91	57	0	0	0	0	0	0	0	0	0	0	0	0	267078	
728	1	H	12	N	2500	0	40	474	1413	87	71	55	0	0	0	0	0	0	0	0	0	0	0	0	267094	
729	1	H	12	N	2500	0	40	654	2630	210	151	96	0	0	0	0	0	0	0	0	0	0	0	0	267094	
730	1	H	12	N	2500	0	40	277	1328	94	67	49	0	0	0	0	0	0	0	0	0	0	0	0	267094	
731	1	H	12	N	2500	0	40	526	1856	129	91	57	0	0	0	0	0	0	0	0	0	0	0	0	267141	
732	1	H	12	N	2500	0	40	221	347	14	7	6	0	0	0	0	0	0	0	0	0	0	0	0	267156	
733	1	H	12	N	2500	0	40	76	321	29	1	1	0	0	0	0	0	0	0	0	0	0	0	0	267156	
734	1	H	12	N	2500	0	40	305	785	37	28	21	0	0	0	0	0	0	0	0	0	0	0	0	267156	
735	1	H	12	N	2500	0	40	131	166	15	20	26	0	0	0	0	0	0	0	0	0	0	0	0	267188	
736	1	H	12	N	2500	0	40	111	136	14	20	20	0	0	0	0	0	0	0	0	0	0	0	0	267203	
737	1	H	12	N	2500	0	40	369	871	45	31	22	0	0	0	0	0	0	0	0	0	0	0	0	267219	
738	1	H	12	N	2500	0	40	82	101	8	9	11	0	0	0	0	0	0	0	0	0	0	0	0	267234	
739	1	H	12	N	2500	0	40	138	194	21	28	32	0	0	0	0	0	0	0	0	0	0	0	0	267297	
740	1	H	12	N	2500	0	40	232	378	19	13	11	0	0	0	0	0	0	0	0	0	0	0	0	267312	
741	1	H	12	N	2500	0	40	51	42	1	0	0	0	0	0	0	0	0	0	0	0	0	0	0	267328	
742	1	H	12	N	2500	0	40	373	964	61	35	25	0	0	0	0	0	0	0	0	0	0	0	0	267328	
743	1	H	12	N	2500	0	40	573	1502	63	50	34	0	0	0	0	0	0	0	0	0	0	0	0	267328	
744	1	H	12	N	2500	0	40	342	456	14	7	8	0	0	0	0	0	0	0	0	0	0	0	0	267328	
745	1	H	12	N	2500	0	40	148	169	4	3	2	0	0	0	0	0	0	0	0	0	0	0	0	267344	
746	1	H	12	N	2500	0	40	265	1214	66	53	41	0	0	0	0	0	0	0	0	0	0	0	0	267344	
747	1	H	12	N	2500	0	40	71	86	10	14	18	0	0	0	0	0	0	0	0	0	0	0	0	267375	
748	1	H	12	N	2500	0	40	83	102	8	12	14	0	0	0	0	0	0	0	0	0	0	0	0	267375	
749	1	H	12	N	2500	0	40	96	209	4	2	3	0	0	0	0	0	0	0	0	0	0	0	0	267390	
750	1	H	12	N	2500	0	40	380	891	43	32	21	0	0	0	0	0	0	0	0	0	0	0	0	267422	
751	1	H	12	N	2500	0	40	223	337	14	7	6	0	0	0	0	0	0	0	0	0	0	0	0	267453	
752	1	H	12	N	2500	0	40	23	23	1	1	1	0	0	0	0	0	0	0	0	0	0	0	0	267453	
753	1	H	12	N	2500	0	40	221	314	13	6	6	0	0	0	0	0	0	0	0	0	0	0	0	267468	
754	1	H	12	N	2500	0	40	142	155	4	3	3	0	0	0	0	0	0	0	0	0	0	0	0	267500	
755	1	H	12	N	2500	0	40	652	2381	162	121	80	0	0	0	0	0	0	0	0	0	0	0	0	267500	
756	1	H	12	N	2500	0	40	199	768	38	29	20	0	0	0	0	0	0	0	0	0	0	0	0	267546	
757	1	H	12	N	2500	0	40	157	254	8	4	4	0	0	0	0	0	0	0	0	0	0	0	0	267546	
758	1	H	12	N	2500	0	40	91	157	12	18	23	0	0	0	0	0	0	0	0	0	0	0	0	267546	
759	1	H	12	N	2500	0	40	126	140	4	2	2	0	0	0	0	0	0	0	0	0	0	0	0	267578	
760	1	H	12	N	2500	0	40	476	1282	82	57	36	0	0	0	0	0	0	0	0	0	0	0	0	267593	
761	1	H	12	N	2500	0	40	396	1509	103	81	51	0	0	0	0	0	0	0	0	0	0	0	0	267593	
762	1	H	12	N	2500	0	40	570	1542	81	63	45	0	0	0	0	0	0	0	0	0	0	0	0	267609	
763	1	H	12	N	2500	0	40	215	330	10	6	5	0	0	0	0	0	0	0	0	0	0	0	0	267609	
764	1	H	12	N	2500	0	40	104	132	10	14	16	0	0	0	0	0	0	0	0	0	0	0	0	267624	
765	1	H	12	N	2500	0	40	482	1533	91	69	45	0	0	0	0	0	0	0	0	0	0	0	0	267624	
766	1	H	12	N	2500	0	40	30	24	2	3	3	0	0	0	0	0	0	0	0	0	0	0	0	267624	
767	1	H	12	N	2500	0	40	20	16	1	1	0	0	0	0	0	0	0	0	0	0	0	0	0	267624	
768	1	H	12	N	2500	0	40	231	316	10	5	6	0	0	0	0	0	0	0	0	0	0	0	0	267640	
769	1	H	12	N	2500	0	40	101	103	3	1	1	0	0	0	0	0	0	0	0	0	0	0	0	267718	
770	1	H	12	N	2500	0	40	484	1121	52	38	24	0	0	0	0	0	0	0	0	0	0	0	0	267718	
771	1	H	12	N	2500	0	40	86	162	5	3	2	0	0	0	0	0	0	0	0	0	0	0	0	267734	
772	1	H	12	N	2500	0	40	509	1731	128	87	57	0	0	0	0	0	0	0	0	0	0	0	0	267749	
773	1	H	12	N	2500	0	40	231	352	14	7	5	0	0	0	0	0	0	0	0	0	0	0	0	267749	
774	1	H	12	N	2500	0	40	91	107	4	2	2	0	0	0	0	0	0	0	0	0	0	0	0	267765	
775	1	H	12	N	2500	0	40	340	667	28	21	16	0	0	0	0	0	0	0	0	0	0	0	0	267780	
776	1	H	12	N	2500	0	40	450	1297	69	52	40	0	0	0	0	0	0	0	0	0	0	0	0	267796	
777	1	H	12	N	2500	0	40	157	328	12	7	4	0	0	0	0	0	0	0	0	0	0	0	0	267827	
778	1	H	12	N	2500	0	40	132	167	4	2	2	0	0	0	0	0	0	0	0	0	0	0	0	267843	
779	1	H	12	N	2500	0	40	252	452	20	12	10	0	0	0	0	0	0	0	0	0	0	0	0	267874	
780	1	H	12	N	2500	0	40	171	246	8	6	4	0	0	0	0	0	0	0	0	0	0	0	0	267874	
781	1	H	12	N	2500	0	40	617	2066	115	84	62	0	0	0	0	0	0	0	0	0	0	0	0	267936	
782	1	H	12	N	2500	0	40	45	47	2	2	2	0	0	0	0	0	0	0	0	0	0	0	0	267936	
783	1	H	12	N	2500	0	40	21	22	1	2	2	0	0	0	0	0	0	0	0	0	0	0	0	267952	
784	1	H	12	N	2500	0	40	137	178	19	26	28	0	0	0	0	0	0	0	0	0	0	0	0	267983	
785	1	H	12	N	2500	0	40	352	713	31	22	15	0	0	0	0	0	0	0	0	0	0	0	0	267983	
786	1	H	12	N	2500	0	40	23	25	1	2	2	0	0	0	0	0	0	0	0	0	0	0	0	268030	
787	1	H	12	N	2500	0	40	522	1976	154	101	65	0	0	0	0	0	0	0	0	0	0	0	0	268061	
788	1	H	12	N	2500	0	40	70	86	6	7	8	0	0	0	0	0	0	0	0	0	0	0	0	268061	
789	1	H	12	N	2500	0	40	95	88	2	1	0	0	0	0	0	0	0	0	0	0	0	0	0	268077	
790	1	H	12	N	2500	0	40	148	219	23	35	38	0	0	0	0	0	0	0	0	0	0	0	0	268092	
791	1	H	12	N	2500	0	40	145	164	4	2	3	0	0	0	0	0	0	0	0	0	0	0	0	268108	
792	1	H	12	N	2500	0	40	307	810	39	29	22	0	0	0	0	0	0	0	0	0	0	0	0	268108	
793	1	H	12	N	2500	0	40	123	151	12	16	18	0	0	0	0	0	0	0	0	0	0	0	0	268108	
794	1	H	12	N	2500	0	40	113	196	19	26	30	0	0	0	0	0	0	0	0	0	0	0	0	268108	
795	1	H	12	N	2500	0	40	207	241	6	3	4	0	0	0	0	0	0	0	0	0	0	0	0	268124	
796	1	H	12	N	2500	0	40	488	1277	70	52	38	0	0	0	0	0	0	0	0	0	0	0	0	268124	
797	1	H	12	N	2500	0	40	265	394	13	7	7	0	0	0	0	0	0	0	0	0	0	0	0	268155	
798	1	H	12	N	2500	0	40	249	324	13	4	4	0	0	0	0	0	0	0	0	0	0	0	0	268170	
799	1	H	12	N	2500	0	40	296	416	16	10	7	0	0	0	0	0	0	0	0	0	0	0	0	268170	
800	1	H	12	N	2500	0	40	471	1295	89	57	38	0	0	0	0	0	0	0	0	0	0	0	0	268233	
801	1	H	12	N	2500	0	40	379	1579	124	82	55	0	0	0	0	0	0	0	0	0	0	0	0	268280	
802	1	H	12	N	2500	0	40	524	1806	123	85	53	0	0	0	0	0	0	0	0	0	0	0	0	268295	
803	1	H	12	N	2500	0	40	515	838	39	24	19	0	0	0	0	0	0	0	0	0	0	0	0	268295	
804	1	H	12	N	2500	0	40	590	2176	142	101	68	0	0	0	0	0	0	0	0	0	0	0	0	268295	
805	1	H	12	N	2500	0	40	229	342	13	7	6	0	0	0	0	0	0	0	0	0	0	0	0	268295	
806	1	H	12	N	2500	0	40	98	154	5	3	2	0	0	0	0	0	0	0	0	0	0	0	0	268295	
807	1	H	12	N	2500	0	40	610	1888	122	90	63	0	0	0	0	0	0	0	0	0	0	0	0	268326	
808	1	H	12	N	2500	0	40	38	31	1	2	3	0	0	0	0	0	0	0	0	0	0	0	0	268342	
809	1	H	12	N	2500	0	40	131	324	13	7	5	0	0	0	0	0	0	0	0	0	0	0	0	268342	
810	1	H	12	N	2500	0	40	368	1006	55	38	23	0	0	0	0	0	0	0	0	0	0	0	0	268358	
811	1	H	12	N	2500	0	40	315	819	47	29	20	0	0	0	0	0	0	0	0	0	0	0	0	268358	
812	1	H	12	N	2500	0	40	424	851	38	29	19	0	0	0	0	0	0	0	0	0	0	0	0	268404	
813	1	H	12	N	2500	0	40	391	1012	45	34	25	0	0	0	0	0	0	0	0	0	0	0	0	268420	
814	1	H	12	N	2500	0	40	96	95	3	1	1	0	0	0	0	0	0	0	0	0	0	0	0	268420	
815	1	H	12	N	2500	0	40	200	272	10	5	4	0	0	0	0	0	0	0	0	0	0	0	0	268436	
816	1	H	12	N	2500	0	40	477	1742	144	96	63	0	0	0	0	0	0	0	0	0	0	0	0	268436	
817	1	H	12	N	2500	0	40	261	412	18	8	8	0	0	0	0	0	0	0	0	0	0	0	0	268451	
818	1	H	12	N	2500	0	40	419	1092	54	37	29	0	0	0	0	0	0	0	0	0	0	0	0	268482	
819	1	H	12	N	2500	0	40	199	282	15	6	5	0	0	0	0	0	0	0	0	0	0	0	0	268498	
820	1	H	12	N	2500	0	40	554	1728	111	80	53	0	0	0	0	0	0	0	0	0	0	0	0	268545	
821	1	H	12	N	2500	0	40	22	20	0	0	0	0	0	0	0	0	0	0	0	0	0	0	0	268592	
822	1	H	12	N	2500	0	40	488	1751	141	92	61	0	0	0	0	0	0	0	0	0	0	0	0	268623	
823	1	H	12	N	2500	0	40	127	154	14	19	22	0	0	0	0	0	0	0	0	0	0	0	0	268638	
824	1	H	12	N	2500	0	40	228	363	19	8	6	0	0	0	0	0	0	0	0	0	0	0	0	268654	
825	1	H	12	N	2500	0	40	26	28	2	3	3	0	0	0	0	0	0	0	0	0	0	0	0	268670	
826	1	H	12	N	2500	0	40	553	1947	148	96	65	0	0	0	0	0	0	0	0	0	0	0	0	268685	
827	1	H	12	N	2500	0	40	244	405	15	8	7	0	0	0	0	0	0	0	0	0	0	0	0	268685	
828	1	H	12	N	2500	0	40	322	554	27	17	14	0	0	0	0	0	0	0	0	0	0	0	0	268701	
829	1	H	12	N	2500	0	40	240	1157	65	44	28	0	0	0	0	0	0	0	0	0	0	0	0	268701	
830	1	H	12	N	2500	0	40	35	69	6	5	3	0	0	0	0	0	0	0	0	0	0	0	0	268716	
831	1	H	12	N	2500	0	40	20	21	1	1	0	0	0	0	0	0	0	0	0	0	0	0	0	268716	
832	1	H	12	N	2500	0	40	391	1099	69	46	37	0	0	0	0	0	0	0	0	0	0	0	0	268716	
833	1	H	12	N	2500	0	40	383	1016	65	39	26	0	0	0	0	0	0	0	0	0	0	0	0	268732	
834	1	H	12	N	2500	0	40	256	848	45	29	20	0	0	0	0	0	0	0	0	0	0	0	0	268748	
835	1	H	12	N	2500	0	40	145	165	5	3	3	0	0	0	0	0	0	0	0	0	0	0	0	268763	
836	1	H	12	N	2500	0	40	69	156	3	2	1	0	0	0	0	0	0	0	0	0	0	0	0	268779	
837	1	H	12	N	2500	0	40	244	731	48	34	23	0	0	0	0	0	0	0	0	0	0	0	0	268810	
838	1	H	12	N	2500	0	40	138	202	5	4	3	0	0	0	0	0	0	0	0	0	0	0	0	268810	
839	1	H	12	N	2500	0	40	238	283	7	4	5	0	0	0	0	0	0	0	0	0	0	0	0	268826	
840	1	H	12	N	2500	0	40	91	190	4	3	3	0	0	0	0	0	0	0	0	0	0	0	0	268826	
841	1	H	12	N	2500	0	40	22	18	0	1	1	0	0	0	0	0	0	0	0	0	0	0	0	268857	
842	1	H	12	N	2500	0	40	26	34	1	0	0	0	0	0	0	0	0	0	0	0	0	0	0	268872	
843	1	H	12	N	2500	0	40	239	349	14	7	4	0	0	0	0	0	0	0	0	0	0	0	0	268872	
844	1	H	12	N	2500	0	40	31	36	1	1	1	0	0	0	0	0	0	0	0	0	0	0	0	268872	
845	1	H	12	N	2500	0	40	142	169	4	3	3	0	0	0	0	0	0	0	0	0	0	0	0	268872	
846	1	H	12	N	2500	0	40	568	1883	140	96	61	0	0	0	0	0	0	0	0	0	0	0	0	268888	
847	1	H	12	N	2500	0	40	205	296	11	5	3	0	0	0	0	0	0	0	0	0	0	0	0	268888	
848	1	H	12	N	2500	0	40	202	270	9	6	4	0	0	0	0	0	0	0	0	0	0	0	0	268904	
849	1	H	12	N	2500	0	40	246	365	15	7	8	0	0	0	0	0	0	0	0	0	0	0	0	268950	
850	1	H	12	N	2500	0	40	110	289	12	7	4	0	0	0	0	0	0	0	0	0	0	0	0	268966	
851	1	H	12	N	2500	0	40	660	1763	80	67	48	0	0	0	0	0	0	0	0	0	0	0	0	268997	
852	1	H	12	N	2500	0	40	587	1847	115	80	53	0	0	0	0	0	0	0	0	0	0	0	0	269044	
853	1	H	12	N	2500	0	40	343	884	51	36	24	0	0	0	0	0	0	0	0	0	0	0	0	269044	
854	1	H	12	N	2500	0	40	235	987	61	38	30	0	0	0	0	0	0	0	0	0	0	0	0	269044	
855	1	H	12	N	2500	0	40	111	108	2	1	1	0	0	0	0	0	0	0	0	0	0	0	0	269044	
856	1	H	12	N	2500	0	40	350	709	30	19	15	0	0	0	0	0	0	0	0	0	0	0	0	269075	
857	1	H	12	N	2500	0	40	156	448	20	11	8	0	0	0	0	0	0	0	0	0	0	0	0	269091	
858	1	H	12	N	2500	0	40	410	975	47	33	24	0	0	0	0	0	0	0	0	0	0	0	0	269106	
859	1	H	12	N	2500	0	40	148	153	4	2	1	0	0	0	0	0	0	0	0	0	0	0	0	269106	
860	1	H	12	N	2500	0	40	144	345	14	9	6	0	0	0	0	0	0	0	0	0	0	0	0	269106	
861	1	H	12	N	2500	0	40	218	375	13	9	7	0	0	0	0	0	0	0	0	0	0	0	0	269122	
862	1	H	12	N	2500	0	40	32	43	3	4	6	0	0	0	0	0	0	0	0	0	0	0	0	269138	
863	1	H	12	N	2500	0	40	110	111	2	1	1	0	0	0	0	0	0	0	0	0	0	0	0	269169	
864	1	H	12	N	2500	0	40	23	19	1	1	1	0	0	0	0	0	0	0	0	0	0	0	0	269216	
865	1	H	12	N	2500	0	40	438	1156	60	38	29	0	0	0	0	0	0	0	0	0	0	0	0	269231	
866	1	H	12	N	2500	0	40	544	1847	138	91	59	0	0	0	0	0	0	0	0	0	0	0	0	269231	
867	1	H	12	N	2500	0	40	315	1550	108	81	56	0	0	0	0	0	0	0	0	0	0	0	0	269262	
868	1	H	12	N	2500	0	40	124	223	9	5	4	0	0	0	0	0	0	0	0	0	0	0	0	269262	
869	1	H	12	N	2500	0	40	28	39	2	3	4	0	0	0	0	0	0	0	0	0	0	0	0	269278	
870	1	H	12	N	2500	0	40	148	339	13	9	7	0	0	0	0	0	0	0	0	0	0	0	0	269278	
871	1	H	12	N	2500	0	40	83	76	2	0	1	0	0	0	0	0	0	0	0	0	0	0	0	269294	
872	1	H	12	N	2500	0	40	530	1390	75	50	36	0	0	0	0	0	0	0	0	0	0	0	0	269309	
873	1	H	12	N	2500	0	40	258	440	17	9	8	0	0	0	0	0	0	0	0	0	0	0	0	269325	
874	1	H	12	N	2500	0	40	162	191	8	3	2	0	0	0	0	0	0	0	0	0	0	0	0	269325	
875	1	H	12	N	2500	0	40	264	428	14	7	6	0	0	0	0	0	0	0	0	0	0	0	0	269340	
876	1	H	12	N	2500	0	40	61	200	7	0	0	0	0	0	0	0	0	0	0	0	0	0	0	269340	
877	1	H	12	N	2500	0	40	199	269	12	5	3	0	0	0	0	0	0	0	0	0	0	0	0	269356	
878	1	H	12	N	2500	0	40	43	41	1	2	2	0	0	0	0	0	0	0	0	0	0	0	0	269356	
879	1	H	12	N	2500	0	40	172	389	20	9	7	0	0	0	0	0	0	0	0	0	0	0	0	269403	
880	1	H	12	N	2500	0	40	62	79	3	5	5	0	0	0	0	0	0	0	0	0	0	0	0	269434	
881	1	H	12	N	2500	0	40	140	166	5	2	4	0	0	0	0	0	0	0	0	0	0	0	0	269496	
882	1	H	12	N	2500	0	40	171	362	21	9	9	0	0	0	0	0	0	0	0	0	0	0	0	269496	
883	1	H	12	N	2500	0	40	30	37	2	2	2	0	0	0	0	0	0	0	0	0	0	0	0	269512	
884	1	H	12	N	2500	0	40	100	120	14	20	18	0	0	0	0	0	0	0	0	0	0	0	0	269512	
885	1	H	12	N	2500	0	40	572	2109	154	105	68	0	0	0	0	0	0	0	0	0	0	0	0	269512	
886	1	H	12	N	2500	0	40	127	276	8	6	4	0	0	0	0	0	0	0	0	0	0	0	0	269543	
887	1	H	12	N	2500	0	40	248	381	14	7	5	0	0	0	0	0	0	0	0	0	0	0	0	269559	
888	1	H	12	N	2500	0	40	405	1760	123	92	61	0	0	0	0	0	0	0	0	0	0	0	0	269574	
889	1	H	12	N	2500	0	40	289	449	23	10	7	0	0	0	0	0	0	0	0	0	0	0	0	269590	
890	1	H	12	N	2500	0	40	170	210	5	3	3	0	0	0	0	0	0	0	0	0	0	0	0	269606	
891	1	H	12	N	2500	0	40	302	516	20	14	10	0	0	0	0	0	0	0	0	0	0	0	0	269606	
892	1	H	12	N	2500	0	40	29	34	3	2	1	0	0	0	0	0	0	0	0	0	0	0	0	269652	
893	1	H	12	N	2500	0	40	109	139	3	1	2	0	0	0	0	0	0	0	0	0	0	0	0	269668	
894	1	H	12	N	2500	0	40	54	48	0	0	1	0	0	0	0	0	0	0	0	0	0	0	0	269715	
895	1	H	12	N	2500	0	40	113	131	4	2	2	0	0	0	0	0	0	0	0	0	0	0	0	269730	
896	1	H	12	N	2500	0	40	72	76	6	7	8	0	0	0	0	0	0	0	0	0	0	0	0	269746	
897	1	H	12	N	2500	0	40	432	1050	51	38	27	0	0	0	0	0	0	0	0	0	0	0	0	269762	
898	1	H	12	N	2500	0	40	105	134	13	19	23	0	0	0	0	0	0	0	0	0	0	0	0	269824	
899	1	H	12	N	2500	0	40	420	1502	85	69	46	0	0	0	0	0	0	0	0	0	0	0	0	269824	
900	1	H	12	N	2500	0	40	203	651	25	19	14	0	0	0	0	0	0	0	0	0	0	0	0	269840	
901	1	H	12	N	2500	0	40	246	584	21	16	13	0	0	0	0	0	0	0	0	0	0	0	0	269840	
902	1	H	12	N	2500	0	40	261	373	18	9	6	0	0	0	0	0	0	0	0	0	0	0	0	269855	
903	1	H	12	N	2500	0	40	425	1059	62	36	30	0	0	0	0	0	0	0	0	0	0	0	0	269871	
904	1	H	12	N	2500	0	40	30	32	1	3	2	0	0	0	0	0	0	0	0	0	0	0	0	269933	
905	1	H	12	N	2500	0	40	304	822	41	30	18	0	0	0	0	0	0	0	0	0	0	0	0	269949	
906	1	H	12	N	2500	0	40	511	1789	135	89	62	0	0	0	0	0	0	0	0	0	0	0	0	269949	
907	1	H	12	N	2500	0	40	143	149	3	3	3	0	0	0	0	0	0	0	0	0	0	0	0	269980	
908	1	H	12	N	2500	0	40	30	27	0	1	2	0	0	0	0	0	0	0	0	0	0	0	0	270011	
909	1	H	12	N	2500	0	40	161	201	21	27	27	0	0	0	0	0	0	0	0	0	0	0	0	270089	
910	1	H	12	N	2500	0	40	255	450	20	10	7	0	0	0	0	0	0	0	0	0	0	0	0	270136	
911	1	H	12	N	2500	0	40	132	158	4	2	1	0	0	0	0	0	0	0	0	0	0	0	0	270152	
912	1	H	12	N	2500	0	40	351	656	25	13	10	0	0	0	0	0	0	0	0	0	0	0	0	270198	
913	1	H	12	N	2500	0	40	24	34	3	1	0	0	0	0	0	0	0	0	0	0	0	0	0	270245	
914	1	H	12	N	2500	0	40	37	33	1	2	2	0	0	0	0	0	0	0	0	0	0	0	0	270245	
915	1	H	12	N	2500	0	40	141	187	19	29	30	0	0	0	0	0	0	0	0	0	0	0	0	270276	
916	1	H	12	N	2500	0	40	156	220	19	26	25	0	0	0	0	0	0	0	0	0	0	0	0	270292	
917	1	H	12	N	2500	0	40	224	365	15	7	7	0	0	0	0	0	0	0	0	0	0	0	0	270308	
918	1	H	12	N	2500	0	40	98	106	3	2	1	0	0	0	0	0	0	0	0	0	0	0	0	270432	
919	1	H	12	N	2500	0	40	84	220	8	4	3	0	0	0	0	0	0	0	0	0	0	0	0	270432	
920	1	H	12	N	2500	0	40	135	212	23	26	33	0	0	0	0	0	0	0	0	0	0	0	0	270464	
921	1	H	12	N	2500	0	40	194	259	9	5	4	0	0	0	0	0	0	0	0	0	0	0	0	270510	
922	1	H	12	N	2500	0	40	220	744	33	25	18	0	0	0	0	0	0	0	0	0	0	0	0	270526	
923	1	H	12	N	2500	0	40	283	415	18	10	8	0	0	0	0	0	0	0	0	0	0	0	0	270588	
924	1	H	12	N	2500	0	40	152	188	5	3	3	0	0	0	0	0	0	0	0	0	0	0	0	270651	
925	1	H	12	N	2500	0	40	108	259	7	5	4	0	0	0	0	0	0	0	0	0	0	0	0	270682	
926	1	H	12	N	2500	0	40	343	1059	67	55	40	0	0	0	0	0	0	0	0	0	0	0	0	270713	
927	1	H	12	N	2500	0	40	259	312	13	8	6	0	0	0	0	0	0	0	0	0	0	0	0	270729	
928	1	H	12	N	2500	0	40	39	35	1	2	2	0	0	0	0	0	0	0	0	0	0	0	0	270776	
929	1	H	12	N	2500	0	40	133	152	5	2	2	0	0	0	0	0	0	0	0	0	0	0	0	270838	
930	1	H	12	N	2500	0	40	247	797	41	29	21	0	0	0	0	0	0	0	0	0	0	0	0	270838	
931	1	H	12	N	2500	0	40	32	36	2	3	4	0	0	0	0	0	0	0	0	0	0	0	0	270916	
932	1	H	12	N	2500	0	40	103	95	2	1	1	0	0	0	0	0	0	0	0	0	0	0	0	270932	
933	1	H	12	N	2500	0	40	153	150	3	2	3	0	0	0	0	0	0	0	0	0	0	0	0	270932	
934	1	H	12	N	2500	0	40	222	324	13	6	6	0	0	0	0	0	0	0	0	0	0	0	0	270978	
935	1	H	12	N	2500	0	40	40	42	2	1	2	0	0	0	0	0	0	0	0	0	0	0	0	270978	
936	1	H	12	N	2500	0	40	377	1029	49	36	26	0	0	0	0	0	0	0	0	0	0	0	0	271025	
937	1	H	12	N	2500	0	40	145	168	4	1	2	0	0	0	0	0	0	0	0	0	0	0	0	271025	
938	1	H	12	N	2500	0	40	31	33	2	3	3	0	0	0	0	0	0	0	0	0	0	0	0	271025	
939	1	H	12	N	2500	0	40	229	866	48	35	23	0	0	0	0	0	0	0	0	0	0	0	0	271041	
940	1	H	12	N	2500	0	40	238	384	13	9	6	0	0	0	0	0	0	0	0	0	0	0	0	271041	
941	1	H	12	N	2500	0	40	208	406	16	9	4	0	0	0	0	0	0	0	0	0	0	0	0	271041	
942	1	H	12	N	2500	0	40	107	169	17	24	25	0	0	0	0	0	0	0	0	0	0	0	0	271072	


Threshold source: EXT,  value 50
Min TOF = 20
EXT signal gain 2.0
Green signal gain 3.0
Yellow signal gain 3.0
Red signal gain 3.0
Green PMT voltage 600
Yellow PMT voltage 600
Red PMT voltage 700
Signal multipliers: 5.0,5.0,5.0,5.0
C:\Users\unionbio\Desktop\COPAS Templates\USE for analysis.csv