Id	Plate	Row	Column	Clog	Scan rate	Status sort	Status sel	TOF	EXT	Green	Yellow	Red	PH Ext	PW Ext	PC Ext	PH Green	PW Green	PCGreen	PH Yellow	PW Yellow	PCYellow	PH Red	PW Red	PCRed	Time Stamp	
0	1	A	1	N	2500	2	1	81	17	2	1	3	0	0	0	0	0	0	0	0	0	0	0	0	1460659	
1	1	A	2	N	2500	2	1	85	16	6	8	21	0	0	0	0	0	0	0	0	0	0	0	0	1472047	
2	1	A	2	N	2500	6	40	366	125	31	28	46	0	0	0	0	0	0	0	0	0	0	0	0	1472328	
3	1	A	2	N	2500	6	40	470	202	54	43	67	0	0	0	0	0	0	0	0	0	0	0	0	1472780	
4	1	A	2	N	2500	2	1	65	18	9	11	26	0	0	0	0	0	0	0	0	0	0	0	0	1473061	
5	1	A	2	N	2500	2	1	77	20	9	14	33	0	0	0	0	0	0	0	0	0	0	0	0	1473154	
6	1	A	2	N	2500	6	40	399	154	40	37	52	0	0	0	0	0	0	0	0	0	0	0	0	1473217	
7	1	A	2	N	2500	0	40	323	177	59	47	61	0	0	0	0	0	0	0	0	0	0	0	0	1473264	
8	1	A	2	N	2500	0	1	179	112	34	30	38	0	0	0	0	0	0	0	0	0	0	0	0	1473326	
9	1	A	2	N	2500	0	1	56	17	7	13	30	0	0	0	0	0	0	0	0	0	0	0	0	1473420	
10	1	A	2	N	2500	0	40	376	146	36	33	46	0	0	0	0	0	0	0	0	0	0	0	0	1473420	
11	1	A	2	N	2500	0	1	81	16	8	12	26	0	0	0	0	0	0	0	0	0	0	0	0	1473607	
12	1	A	2	N	2500	0	40	324	110	29	24	32	0	0	0	0	0	0	0	0	0	0	0	0	1473654	
13	1	A	2	N	2500	0	40	417	174	48	39	51	0	0	0	0	0	0	0	0	0	0	0	0	1473669	
14	1	A	2	N	2500	0	40	456	192	51	44	60	0	0	0	0	0	0	0	0	0	0	0	0	1473763	
15	1	A	2	N	2500	0	40	292	136	38	36	52	0	0	0	0	0	0	0	0	0	0	0	0	1473872	
16	1	A	2	N	2500	0	40	536	216	54	45	57	0	0	0	0	0	0	0	0	0	0	0	0	1474153	
17	1	A	2	N	2500	0	40	269	194	58	45	60	0	0	0	0	0	0	0	0	0	0	0	0	1474309	
18	1	A	2	N	2500	0	1	54	14	8	9	19	0	0	0	0	0	0	0	0	0	0	0	0	1474340	
19	1	A	2	N	2500	0	40	406	163	43	34	49	0	0	0	0	0	0	0	0	0	0	0	0	1474387	
20	1	A	2	N	2500	0	40	443	172	42	36	54	0	0	0	0	0	0	0	0	0	0	0	0	1474418	
21	1	A	2	N	2500	0	1	86	21	11	14	34	0	0	0	0	0	0	0	0	0	0	0	0	1474512	
22	1	A	2	N	2500	0	40	411	162	46	40	57	0	0	0	0	0	0	0	0	0	0	0	0	1474527	
23	1	A	2	N	2500	0	40	433	221	62	51	74	0	0	0	0	0	0	0	0	0	0	0	0	1474870	
24	1	A	2	N	2500	0	40	467	196	55	40	63	0	0	0	0	0	0	0	0	0	0	0	0	1474980	
25	1	A	2	N	2500	0	40	430	183	48	40	59	0	0	0	0	0	0	0	0	0	0	0	0	1475136	
26	1	A	2	N	2500	0	40	451	175	34	29	46	0	0	0	0	0	0	0	0	0	0	0	0	1475151	
27	1	A	2	N	2500	0	40	370	110	23	18	30	0	0	0	0	0	0	0	0	0	0	0	0	1475198	
28	1	A	2	N	2500	0	40	361	154	39	33	44	0	0	0	0	0	0	0	0	0	0	0	0	1475260	
29	1	A	2	N	2500	0	40	241	173	48	36	50	0	0	0	0	0	0	0	0	0	0	0	0	1475292	
30	1	A	2	N	2500	0	40	349	114	24	19	33	0	0	0	0	0	0	0	0	0	0	0	0	1475307	
31	1	A	2	N	2500	0	40	322	176	51	43	61	0	0	0	0	0	0	0	0	0	0	0	0	1475307	
32	1	A	2	N	2500	0	40	442	178	45	39	60	0	0	0	0	0	0	0	0	0	0	0	0	1475323	
33	1	A	2	N	2500	0	40	392	185	44	37	57	0	0	0	0	0	0	0	0	0	0	0	0	1475338	
34	1	A	2	N	2500	0	40	481	234	65	50	67	0	0	0	0	0	0	0	0	0	0	0	0	1475354	
35	1	A	2	N	2500	0	40	344	171	46	43	55	0	0	0	0	0	0	0	0	0	0	0	0	1475432	
36	1	A	2	N	2500	0	1	69	17	7	9	23	0	0	0	0	0	0	0	0	0	0	0	0	1475463	
37	1	A	2	N	2500	0	40	351	163	44	43	66	0	0	0	0	0	0	0	0	0	0	0	0	1475666	
38	1	A	2	N	2500	0	1	55	11	4	7	15	0	0	0	0	0	0	0	0	0	0	0	0	1475666	
39	1	A	2	N	2500	0	2	475	224	66	50	67	0	0	0	0	0	0	0	0	0	0	0	0	1475728	
40	1	A	2	N	2500	0	1	106	31	17	23	59	0	0	0	0	0	0	0	0	0	0	0	0	1475760	
41	1	A	2	N	2500	0	1	546	226	60	57	90	0	0	0	0	0	0	0	0	0	0	0	0	1475791	
42	1	A	2	N	2500	0	1	52	9	4	6	14	0	0	0	0	0	0	0	0	0	0	0	0	1475822	
43	1	A	2	N	2500	0	40	387	140	34	31	47	0	0	0	0	0	0	0	0	0	0	0	0	1475853	
44	1	A	2	N	2500	0	40	314	182	51	50	87	0	0	0	0	0	0	0	0	0	0	0	0	1475962	
45	1	A	2	N	2500	0	40	476	211	56	45	62	0	0	0	0	0	0	0	0	0	0	0	0	1475962	
46	1	A	2	N	2500	0	40	386	163	40	36	55	0	0	0	0	0	0	0	0	0	0	0	0	1475962	
47	1	A	2	N	2500	0	40	444	193	51	38	62	0	0	0	0	0	0	0	0	0	0	0	0	1476056	
48	1	A	2	N	2500	0	40	277	118	26	20	29	0	0	0	0	0	0	0	0	0	0	0	0	1476212	
49	1	A	2	N	2500	0	40	300	145	38	33	49	0	0	0	0	0	0	0	0	0	0	0	0	1476430	
50	1	A	2	N	2500	0	40	413	175	50	38	52	0	0	0	0	0	0	0	0	0	0	0	0	1476493	
51	1	A	2	N	2500	0	40	437	204	51	40	63	0	0	0	0	0	0	0	0	0	0	0	0	1476555	
52	1	A	2	N	2500	0	40	235	131	47	43	60	0	0	0	0	0	0	0	0	0	0	0	0	1476898	
53	1	A	2	N	2500	0	1	86	19	12	17	35	0	0	0	0	0	0	0	0	0	0	0	0	1477117	
54	1	A	2	N	2500	0	40	450	183	47	38	53	0	0	0	0	0	0	0	0	0	0	0	0	1477210	
55	1	A	2	N	2500	0	40	426	179	44	37	53	0	0	0	0	0	0	0	0	0	0	0	0	1477210	
56	1	A	2	N	2500	0	1	108	42	116	145	164	0	0	0	0	0	0	0	0	0	0	0	0	1477881	
57	1	A	2	N	2500	0	1	58	18	8	1	2	0	0	0	0	0	0	0	0	0	0	0	0	1477944	
58	1	A	3	N	2500	2	1	73	19	10	13	33	0	0	0	0	0	0	0	0	0	0	0	0	1491126	
59	1	A	4	N	2500	6	40	331	110	32	21	33	0	0	0	0	0	0	0	0	0	0	0	0	1500252	
60	1	A	4	N	2500	2	1	163	44	9	10	25	0	0	0	0	0	0	0	0	0	0	0	0	1500283	
61	1	A	4	N	2500	6	40	320	105	27	19	29	0	0	0	0	0	0	0	0	0	0	0	0	1500299	
62	1	A	4	N	2500	2	1	237	58	11	7	16	0	0	0	0	0	0	0	0	0	0	0	0	1501110	
63	1	A	4	N	2500	2	1	104	43	9	8	11	0	0	0	0	0	0	0	0	0	0	0	0	1501578	
64	1	A	4	N	2500	33	1	68	19	4	4	6	0	0	0	0	0	0	0	0	0	0	0	0	1501578	
65	1	A	4	N	2500	6	40	356	134	32	25	37	0	0	0	0	0	0	0	0	0	0	0	0	1501749	
66	1	A	4	N	2500	0	1	69	12	4	4	8	0	0	0	0	0	0	0	0	0	0	0	0	1503247	
67	1	A	4	N	2500	0	1	172	53	11	9	13	0	0	0	0	0	0	0	0	0	0	0	0	1503450	
68	1	A	4	N	2500	0	40	329	122	31	25	32	0	0	0	0	0	0	0	0	0	0	0	0	1503450	
69	1	A	4	N	2500	0	1	151	34	7	5	9	0	0	0	0	0	0	0	0	0	0	0	0	1503606	
70	1	A	4	N	2500	0	1	88	20	4	3	7	0	0	0	0	0	0	0	0	0	0	0	0	1503715	
71	1	A	4	N	2500	0	1	152	46	8	8	12	0	0	0	0	0	0	0	0	0	0	0	0	1503715	
72	1	A	4	N	2500	0	40	234	119	32	25	34	0	0	0	0	0	0	0	0	0	0	0	0	1503777	
73	1	A	4	N	2500	0	40	224	111	27	21	29	0	0	0	0	0	0	0	0	0	0	0	0	1504199	
74	1	A	4	N	2500	0	40	332	161	44	44	67	0	0	0	0	0	0	0	0	0	0	0	0	1504230	
75	1	A	4	N	2500	0	1	243	90	19	14	23	0	0	0	0	0	0	0	0	0	0	0	0	1504448	
76	1	A	4	N	2500	0	1	256	86	25	18	28	0	0	0	0	0	0	0	0	0	0	0	0	1504589	
77	1	A	4	N	2500	0	40	397	165	41	35	52	0	0	0	0	0	0	0	0	0	0	0	0	1504885	
78	1	A	4	N	2500	0	40	396	145	34	30	50	0	0	0	0	0	0	0	0	0	0	0	0	1504963	
79	1	A	4	N	2500	0	40	370	153	36	31	47	0	0	0	0	0	0	0	0	0	0	0	0	1505041	
80	1	A	4	N	2500	0	1	283	84	15	11	17	0	0	0	0	0	0	0	0	0	0	0	0	1505868	
81	1	A	4	N	2500	0	1	70	22	4	5	8	0	0	0	0	0	0	0	0	0	0	0	0	1506695	
82	1	A	5	N	2500	2	1	137	188	26	2	6	0	0	0	0	0	0	0	0	0	0	0	0	1514448	
83	1	A	5	N	2500	6	40	407	159	40	34	47	0	0	0	0	0	0	0	0	0	0	0	0	1516554	
84	1	A	6	N	2500	6	40	225	126	33	30	46	0	0	0	0	0	0	0	0	0	0	0	0	1529205	
85	1	A	6	N	2500	6	40	368	128	31	27	38	0	0	0	0	0	0	0	0	0	0	0	0	1529408	
86	1	A	6	N	2500	6	40	335	125	29	29	46	0	0	0	0	0	0	0	0	0	0	0	0	1530719	
87	1	A	6	N	2500	0	40	375	127	31	25	39	0	0	0	0	0	0	0	0	0	0	0	0	1531233	
88	1	A	6	N	2500	0	1	150	35	5	3	7	0	0	0	0	0	0	0	0	0	0	0	0	1531405	
89	1	A	6	N	2500	0	40	309	112	28	21	35	0	0	0	0	0	0	0	0	0	0	0	0	1531483	
90	1	A	6	N	2500	0	40	303	125	35	27	36	0	0	0	0	0	0	0	0	0	0	0	0	1531623	
91	1	A	6	N	2500	0	40	254	125	39	34	47	0	0	0	0	0	0	0	0	0	0	0	0	1531639	
92	1	A	6	N	2500	0	40	383	141	34	29	42	0	0	0	0	0	0	0	0	0	0	0	0	1531717	
93	1	A	6	N	2500	0	40	379	132	32	26	37	0	0	0	0	0	0	0	0	0	0	0	0	1531795	
94	1	A	6	N	2500	0	40	342	122	28	21	37	0	0	0	0	0	0	0	0	0	0	0	0	1531795	
95	1	A	6	N	2500	0	40	324	124	33	30	39	0	0	0	0	0	0	0	0	0	0	0	0	1531811	
96	1	A	6	N	2500	0	40	254	112	31	27	38	0	0	0	0	0	0	0	0	0	0	0	0	1531889	
97	1	A	6	N	2500	0	40	329	119	30	25	34	0	0	0	0	0	0	0	0	0	0	0	0	1532903	
98	1	A	6	N	2500	0	40	334	108	26	22	34	0	0	0	0	0	0	0	0	0	0	0	0	1532949	
99	1	A	6	N	2500	0	40	333	112	28	20	34	0	0	0	0	0	0	0	0	0	0	0	0	1533090	
100	1	A	6	N	2500	0	40	443	177	41	33	44	0	0	0	0	0	0	0	0	0	0	0	0	1533542	
101	1	A	6	N	2500	0	1	90	41	10	8	13	0	0	0	0	0	0	0	0	0	0	0	0	1533761	
102	1	A	6	N	2500	0	40	376	142	34	29	41	0	0	0	0	0	0	0	0	0	0	0	0	1534369	
103	1	A	8	N	2500	2	1	50	23	51	60	70	0	0	0	0	0	0	0	0	0	0	0	0	1558159	
104	1	A	8	N	2500	2	1	131	81	29	26	33	0	0	0	0	0	0	0	0	0	0	0	0	1558674	
105	1	A	8	N	2500	2	1	85	30	39	53	96	0	0	0	0	0	0	0	0	0	0	0	0	1558877	
106	1	A	8	N	2500	6	40	188	113	35	30	41	0	0	0	0	0	0	0	0	0	0	0	0	1558955	
107	1	A	8	N	2500	6	40	223	121	30	24	34	0	0	0	0	0	0	0	0	0	0	0	0	1559563	
108	1	A	8	N	2500	6	40	338	116	29	22	33	0	0	0	0	0	0	0	0	0	0	0	0	1560109	
109	1	A	8	N	2500	0	40	213	133	37	28	37	0	0	0	0	0	0	0	0	0	0	0	0	1560281	
110	1	A	8	N	2500	0	40	473	167	39	31	40	0	0	0	0	0	0	0	0	0	0	0	0	1560608	
111	1	A	8	N	2500	0	40	338	120	29	24	32	0	0	0	0	0	0	0	0	0	0	0	0	1561045	
112	1	A	8	N	2500	0	40	376	136	30	29	35	0	0	0	0	0	0	0	0	0	0	0	0	1561061	
113	1	A	8	N	2500	0	1	116	79	26	22	37	0	0	0	0	0	0	0	0	0	0	0	0	1561201	
114	1	A	8	N	2500	0	1	134	33	6	5	11	0	0	0	0	0	0	0	0	0	0	0	0	1561544	
115	1	A	8	N	2500	0	1	86	18	18	27	52	0	0	0	0	0	0	0	0	0	0	0	0	1562324	
116	1	A	8	N	2500	0	40	301	98	24	18	28	0	0	0	0	0	0	0	0	0	0	0	0	1562340	
117	1	A	8	N	2500	0	40	363	124	30	21	33	0	0	0	0	0	0	0	0	0	0	0	0	1562527	
118	1	A	8	N	2500	0	40	387	135	34	28	40	0	0	0	0	0	0	0	0	0	0	0	0	1562589	
119	1	A	8	N	2500	0	40	296	169	44	43	69	0	0	0	0	0	0	0	0	0	0	0	0	1563401	
120	1	A	8	N	2500	0	40	364	126	25	20	31	0	0	0	0	0	0	0	0	0	0	0	0	1563806	
121	1	A	8	N	2500	0	1	93	21	6	3	6	0	0	0	0	0	0	0	0	0	0	0	0	1564025	
122	1	A	10	N	2500	6	40	360	148	41	32	43	0	0	0	0	0	0	0	0	0	0	0	0	1586083	
123	1	A	10	N	2500	6	40	366	149	39	30	51	0	0	0	0	0	0	0	0	0	0	0	0	1586863	
124	1	A	10	N	2500	2	1	191	56	11	10	18	0	0	0	0	0	0	0	0	0	0	0	0	1586988	
125	1	A	10	N	2500	6	40	178	133	42	33	46	0	0	0	0	0	0	0	0	0	0	0	0	1587253	
126	1	A	10	N	2500	0	40	187	132	38	33	47	0	0	0	0	0	0	0	0	0	0	0	0	1587565	
127	1	A	10	N	2500	0	40	294	125	34	25	38	0	0	0	0	0	0	0	0	0	0	0	0	1587737	
128	1	A	10	N	2500	0	40	381	145	32	27	41	0	0	0	0	0	0	0	0	0	0	0	0	1587783	
129	1	A	10	N	2500	0	40	380	143	38	26	46	0	0	0	0	0	0	0	0	0	0	0	0	1588111	
130	1	A	10	N	2500	0	40	326	125	30	26	40	0	0	0	0	0	0	0	0	0	0	0	0	1588454	
131	1	A	10	N	2500	0	40	324	104	24	20	31	0	0	0	0	0	0	0	0	0	0	0	0	1588938	
132	1	A	10	N	2500	0	40	403	149	33	26	47	0	0	0	0	0	0	0	0	0	0	0	0	1589078	
133	1	A	10	N	2500	0	40	349	113	28	20	28	0	0	0	0	0	0	0	0	0	0	0	0	1589219	
134	1	A	10	N	2500	0	40	389	142	32	29	37	0	0	0	0	0	0	0	0	0	0	0	0	1589390	
135	1	A	10	N	2500	0	1	180	49	12	9	12	0	0	0	0	0	0	0	0	0	0	0	0	1589546	
136	1	A	10	N	2500	0	1	127	52	12	11	21	0	0	0	0	0	0	0	0	0	0	0	0	1589546	
137	1	A	10	N	2500	0	40	370	124	30	24	37	0	0	0	0	0	0	0	0	0	0	0	0	1589609	
138	1	A	10	N	2500	0	40	356	126	29	22	32	0	0	0	0	0	0	0	0	0	0	0	0	1589609	
139	1	A	10	N	2500	0	40	227	116	31	25	36	0	0	0	0	0	0	0	0	0	0	0	0	1589827	
140	1	A	10	N	2500	0	40	416	148	33	27	39	0	0	0	0	0	0	0	0	0	0	0	0	1590123	
141	1	A	10	N	2500	0	40	348	129	33	26	38	0	0	0	0	0	0	0	0	0	0	0	0	1590217	
142	1	A	10	N	2500	0	40	334	116	26	24	36	0	0	0	0	0	0	0	0	0	0	0	0	1590279	
143	1	A	10	N	2500	0	40	209	141	42	34	45	0	0	0	0	0	0	0	0	0	0	0	0	1590311	
144	1	A	10	N	2500	0	40	331	122	28	22	37	0	0	0	0	0	0	0	0	0	0	0	0	1590326	
145	1	A	10	N	2500	0	40	226	115	27	24	32	0	0	0	0	0	0	0	0	0	0	0	0	1590513	
146	1	A	10	N	2500	0	40	362	137	34	29	40	0	0	0	0	0	0	0	0	0	0	0	0	1590513	
147	1	A	10	N	2500	0	1	214	98	26	20	27	0	0	0	0	0	0	0	0	0	0	0	0	1590545	
148	1	A	10	N	2500	0	40	297	144	39	31	42	0	0	0	0	0	0	0	0	0	0	0	0	1590545	
149	1	A	10	N	2500	0	1	285	84	21	14	21	0	0	0	0	0	0	0	0	0	0	0	0	1590576	
150	1	A	10	N	2500	0	40	374	149	39	31	38	0	0	0	0	0	0	0	0	0	0	0	0	1590576	
151	1	A	10	N	2500	0	40	356	117	27	21	36	0	0	0	0	0	0	0	0	0	0	0	0	1590576	
152	1	A	10	N	2500	0	40	378	134	31	23	36	0	0	0	0	0	0	0	0	0	0	0	0	1590638	
153	1	A	10	N	2500	0	40	218	126	31	27	41	0	0	0	0	0	0	0	0	0	0	0	0	1590810	
154	1	A	10	N	2500	0	40	375	145	34	27	42	0	0	0	0	0	0	0	0	0	0	0	0	1590966	
155	1	A	10	N	2500	0	40	347	123	31	25	40	0	0	0	0	0	0	0	0	0	0	0	0	1591013	
156	1	A	10	N	2500	0	40	400	138	31	26	36	0	0	0	0	0	0	0	0	0	0	0	0	1591028	
157	1	A	10	N	2500	0	40	310	134	34	28	40	0	0	0	0	0	0	0	0	0	0	0	0	1591106	
158	1	A	10	N	2500	0	40	249	105	29	23	35	0	0	0	0	0	0	0	0	0	0	0	0	1591387	
159	1	A	10	N	2500	0	40	314	174	40	34	45	0	0	0	0	0	0	0	0	0	0	0	0	1591652	
160	1	A	10	N	2500	0	40	339	136	30	27	37	0	0	0	0	0	0	0	0	0	0	0	0	1591730	
161	1	A	10	N	2500	0	40	261	126	33	26	39	0	0	0	0	0	0	0	0	0	0	0	0	1591855	
162	1	A	10	N	2500	0	40	248	104	22	19	25	0	0	0	0	0	0	0	0	0	0	0	0	1592370	
163	1	A	10	N	2500	0	1	95	36	67	97	125	0	0	0	0	0	0	0	0	0	0	0	0	1592463	
164	1	A	10	N	2500	0	1	156	66	146	187	221	0	0	0	0	0	0	0	0	0	0	0	0	1592682	
165	1	A	11	N	2500	6	40	236	126	29	27	37	0	0	0	0	0	0	0	0	0	0	0	0	1600856	
166	1	A	12	N	2500	6	40	392	154	41	40	54	0	0	0	0	0	0	0	0	0	0	0	0	1614896	
167	1	A	12	N	2500	6	40	241	135	40	34	50	0	0	0	0	0	0	0	0	0	0	0	0	1615442	
168	1	A	12	N	2500	6	40	456	166	51	44	72	0	0	0	0	0	0	0	0	0	0	0	0	1616222	
169	1	A	12	N	2500	0	40	348	131	37	33	46	0	0	0	0	0	0	0	0	0	0	0	0	1616394	
170	1	A	12	N	2500	0	40	367	156	45	43	57	0	0	0	0	0	0	0	0	0	0	0	0	1616737	
171	1	A	12	N	2500	0	40	370	138	35	27	37	0	0	0	0	0	0	0	0	0	0	0	0	1617049	
172	1	A	12	N	2500	0	40	380	156	50	51	93	0	0	0	0	0	0	0	0	0	0	0	0	1617190	
173	1	A	12	N	2500	0	1	168	59	13	11	16	0	0	0	0	0	0	0	0	0	0	0	0	1617268	
174	1	A	12	N	2500	0	1	118	39	7	7	9	0	0	0	0	0	0	0	0	0	0	0	0	1617439	
175	1	A	12	N	2500	0	40	341	137	34	31	46	0	0	0	0	0	0	0	0	0	0	0	0	1617470	
176	1	A	12	N	2500	0	40	386	150	37	31	43	0	0	0	0	0	0	0	0	0	0	0	0	1617580	
177	1	A	12	N	2500	0	40	345	123	33	25	38	0	0	0	0	0	0	0	0	0	0	0	0	1617720	
178	1	A	12	N	2500	0	40	226	145	48	40	56	0	0	0	0	0	0	0	0	0	0	0	0	1617736	
179	1	A	12	N	2500	0	40	239	128	33	28	44	0	0	0	0	0	0	0	0	0	0	0	0	1617751	
180	1	A	12	N	2500	0	40	354	138	38	34	43	0	0	0	0	0	0	0	0	0	0	0	0	1617860	
181	1	A	12	N	2500	0	40	249	154	45	41	56	0	0	0	0	0	0	0	0	0	0	0	0	1617876	
182	1	A	12	N	2500	0	40	326	128	38	37	54	0	0	0	0	0	0	0	0	0	0	0	0	1617907	
183	1	A	12	N	2500	0	40	393	148	39	35	51	0	0	0	0	0	0	0	0	0	0	0	0	1617985	
184	1	A	12	N	2500	0	40	261	115	31	28	39	0	0	0	0	0	0	0	0	0	0	0	0	1618016	
185	1	A	12	N	2500	0	40	224	124	37	29	40	0	0	0	0	0	0	0	0	0	0	0	0	1618250	
186	1	A	12	N	2500	0	40	210	116	37	31	42	0	0	0	0	0	0	0	0	0	0	0	0	1618453	
187	1	A	12	N	2500	0	40	374	145	41	33	44	0	0	0	0	0	0	0	0	0	0	0	0	1618516	
188	1	A	12	N	2500	0	40	339	138	43	36	53	0	0	0	0	0	0	0	0	0	0	0	0	1618594	
189	1	A	12	N	2500	0	40	354	144	42	34	46	0	0	0	0	0	0	0	0	0	0	0	0	1618921	
190	1	A	12	N	2500	0	40	462	174	46	43	64	0	0	0	0	0	0	0	0	0	0	0	0	1618968	
191	1	A	12	N	2500	0	40	346	123	29	25	34	0	0	0	0	0	0	0	0	0	0	0	0	1619249	
192	1	A	12	N	2500	0	40	397	142	36	28	42	0	0	0	0	0	0	0	0	0	0	0	0	1619264	
193	1	A	12	N	2500	0	40	361	128	35	30	48	0	0	0	0	0	0	0	0	0	0	0	0	1619264	
194	1	A	12	N	2500	0	40	391	137	38	35	51	0	0	0	0	0	0	0	0	0	0	0	0	1619639	
195	1	A	12	N	2500	0	1	80	17	8	11	27	0	0	0	0	0	0	0	0	0	0	0	0	1619686	
196	1	A	12	N	2500	0	40	194	114	35	25	31	0	0	0	0	0	0	0	0	0	0	0	0	1619701	
197	1	A	12	N	2500	0	40	293	117	39	32	54	0	0	0	0	0	0	0	0	0	0	0	0	1619779	
198	1	A	12	N	2500	0	40	312	156	41	39	59	0	0	0	0	0	0	0	0	0	0	0	0	1619857	
199	1	A	12	N	2500	0	40	502	194	51	46	54	0	0	0	0	0	0	0	0	0	0	0	0	1619920	
200	1	A	12	N	2500	0	1	109	27	5	5	9	0	0	0	0	0	0	0	0	0	0	0	0	1620013	
201	1	A	12	N	2500	0	1	164	78	17	14	23	0	0	0	0	0	0	0	0	0	0	0	0	1620013	
202	1	A	12	N	2500	0	40	334	122	33	25	37	0	0	0	0	0	0	0	0	0	0	0	0	1620060	
203	1	A	12	N	2500	0	40	361	132	32	27	38	0	0	0	0	0	0	0	0	0	0	0	0	1620076	
204	1	A	12	N	2500	0	40	210	120	34	29	35	0	0	0	0	0	0	0	0	0	0	0	0	1620122	
205	1	A	12	N	2500	0	40	238	157	43	34	46	0	0	0	0	0	0	0	0	0	0	0	0	1620450	
206	1	A	12	N	2500	0	40	325	132	35	30	44	0	0	0	0	0	0	0	0	0	0	0	0	1620544	
207	1	A	12	N	2500	0	1	193	103	26	22	32	0	0	0	0	0	0	0	0	0	0	0	0	1620762	
208	1	A	12	N	2500	0	40	359	139	35	32	50	0	0	0	0	0	0	0	0	0	0	0	0	1620887	
209	1	A	12	N	2500	0	40	212	120	34	31	47	0	0	0	0	0	0	0	0	0	0	0	0	1621261	
210	1	A	12	N	2500	0	1	65	29	5	4	5	0	0	0	0	0	0	0	0	0	0	0	0	1621324	
211	1	A	12	N	2500	0	40	214	126	32	29	40	0	0	0	0	0	0	0	0	0	0	0	0	1621714	
212	1	A	12	N	2500	0	1	126	52	114	160	181	0	0	0	0	0	0	0	0	0	0	0	0	1621792	
213	1	B	1	N	2500	6	40	430	167	44	36	50	0	0	0	0	0	0	0	0	0	0	0	0	1633538	
214	1	B	2	N	2500	2	1	203	99	23	20	31	0	0	0	0	0	0	0	0	0	0	0	0	1645675	
215	1	B	2	N	2500	6	40	365	134	34	25	35	0	0	0	0	0	0	0	0	0	0	0	0	1647750	
216	1	B	2	N	2500	2	1	448	137	32	25	41	0	0	0	0	0	0	0	0	0	0	0	0	1648031	
217	1	B	2	N	2500	2	1	97	34	53	76	133	0	0	0	0	0	0	0	0	0	0	0	0	1648171	
218	1	B	2	N	2500	6	40	213	127	35	23	31	0	0	0	0	0	0	0	0	0	0	0	0	1648202	
219	1	B	2	N	2500	6	40	260	115	27	21	26	0	0	0	0	0	0	0	0	0	0	0	0	1649591	
220	1	B	2	N	2500	0	40	359	123	29	23	31	0	0	0	0	0	0	0	0	0	0	0	0	1649638	
221	1	B	2	N	2500	0	1	182	58	15	12	16	0	0	0	0	0	0	0	0	0	0	0	0	1649638	
222	1	B	2	N	2500	0	40	347	127	30	24	29	0	0	0	0	0	0	0	0	0	0	0	0	1649887	
223	1	B	2	N	2500	0	40	233	149	32	24	34	0	0	0	0	0	0	0	0	0	0	0	0	1650074	
224	1	B	2	N	2500	0	1	83	50	9	8	13	0	0	0	0	0	0	0	0	0	0	0	0	1650340	
225	1	B	2	N	2500	0	40	326	110	25	23	31	0	0	0	0	0	0	0	0	0	0	0	0	1650386	
226	1	B	2	N	2500	0	40	367	144	39	26	40	0	0	0	0	0	0	0	0	0	0	0	0	1650449	
227	1	B	2	N	2500	0	40	177	129	34	30	46	0	0	0	0	0	0	0	0	0	0	0	0	1650511	
228	1	B	2	N	2500	0	40	279	121	35	27	40	0	0	0	0	0	0	0	0	0	0	0	0	1651603	
229	1	B	2	N	2500	0	40	223	121	33	25	32	0	0	0	0	0	0	0	0	0	0	0	0	1651915	
230	1	B	2	N	2500	0	40	361	134	34	28	37	0	0	0	0	0	0	0	0	0	0	0	0	1652430	
231	1	B	4	N	2500	6	40	243	106	34	28	34	0	0	0	0	0	0	0	0	0	0	0	0	1674020	
232	1	B	4	N	2500	6	40	361	175	39	35	46	0	0	0	0	0	0	0	0	0	0	0	0	1674145	
233	1	B	4	N	2500	6	40	339	119	28	25	28	0	0	0	0	0	0	0	0	0	0	0	0	1674691	
234	1	B	4	N	2500	0	40	451	184	52	46	65	0	0	0	0	0	0	0	0	0	0	0	0	1674707	
235	1	B	4	N	2500	0	40	385	165	46	38	57	0	0	0	0	0	0	0	0	0	0	0	0	1675081	
236	1	B	4	N	2500	0	40	364	159	46	45	75	0	0	0	0	0	0	0	0	0	0	0	0	1675768	
237	1	B	4	N	2500	0	1	64	13	6	8	19	0	0	0	0	0	0	0	0	0	0	0	0	1675783	
238	1	B	4	N	2500	0	40	402	151	37	27	42	0	0	0	0	0	0	0	0	0	0	0	0	1676298	
239	1	B	4	N	2500	0	40	208	137	42	32	39	0	0	0	0	0	0	0	0	0	0	0	0	1676516	
240	1	B	4	N	2500	0	40	340	117	27	21	32	0	0	0	0	0	0	0	0	0	0	0	0	1676594	
241	1	B	4	N	2500	0	40	349	121	29	25	34	0	0	0	0	0	0	0	0	0	0	0	0	1676594	
242	1	B	4	N	2500	0	40	463	184	46	37	52	0	0	0	0	0	0	0	0	0	0	0	0	1676688	
243	1	B	4	N	2500	0	40	315	108	25	21	29	0	0	0	0	0	0	0	0	0	0	0	0	1676735	
244	1	B	4	N	2500	0	40	367	163	51	50	82	0	0	0	0	0	0	0	0	0	0	0	0	1676750	
245	1	B	4	N	2500	0	40	203	135	39	30	40	0	0	0	0	0	0	0	0	0	0	0	0	1676984	
246	1	B	4	N	2500	0	40	250	155	59	55	89	0	0	0	0	0	0	0	0	0	0	0	0	1677047	
247	1	B	4	N	2500	0	1	159	76	22	19	27	0	0	0	0	0	0	0	0	0	0	0	0	1677047	
248	1	B	4	N	2500	0	1	110	21	6	4	9	0	0	0	0	0	0	0	0	0	0	0	0	1677047	
249	1	B	4	N	2500	0	40	210	124	41	31	41	0	0	0	0	0	0	0	0	0	0	0	0	1677109	
250	1	B	4	N	2500	0	40	407	181	59	51	82	0	0	0	0	0	0	0	0	0	0	0	0	1677296	
251	1	B	4	N	2500	0	40	389	148	38	35	56	0	0	0	0	0	0	0	0	0	0	0	0	1677312	
252	1	B	4	N	2500	0	40	445	186	58	51	86	0	0	0	0	0	0	0	0	0	0	0	0	1677702	
253	1	B	4	N	2500	0	40	326	113	24	22	33	0	0	0	0	0	0	0	0	0	0	0	0	1677967	
254	1	B	4	N	2500	0	40	432	159	46	44	69	0	0	0	0	0	0	0	0	0	0	0	0	1678357	
255	1	B	4	N	2500	0	40	293	132	33	28	44	0	0	0	0	0	0	0	0	0	0	0	0	1678373	
256	1	B	4	N	2500	0	40	385	155	44	35	47	0	0	0	0	0	0	0	0	0	0	0	0	1678451	
257	1	B	4	N	2500	0	40	328	124	33	30	40	0	0	0	0	0	0	0	0	0	0	0	0	1678513	
258	1	B	4	N	2500	0	40	308	97	24	17	23	0	0	0	0	0	0	0	0	0	0	0	0	1678654	
259	1	B	4	N	2500	0	1	80	17	9	11	28	0	0	0	0	0	0	0	0	0	0	0	0	1678888	
260	1	B	4	N	2500	0	40	377	153	41	34	47	0	0	0	0	0	0	0	0	0	0	0	0	1678997	
261	1	B	4	N	2500	0	40	355	151	39	35	56	0	0	0	0	0	0	0	0	0	0	0	0	1679028	
262	1	B	4	N	2500	0	40	272	137	41	38	51	0	0	0	0	0	0	0	0	0	0	0	0	1679059	
263	1	B	4	N	2500	0	2	492	235	80	80	142	0	0	0	0	0	0	0	0	0	0	0	0	1679059	
264	1	B	4	N	2500	0	40	382	146	39	34	52	0	0	0	0	0	0	0	0	0	0	0	0	1679231	
265	1	B	4	N	2500	0	40	338	123	32	29	37	0	0	0	0	0	0	0	0	0	0	0	0	1679293	
266	1	B	4	N	2500	0	40	264	174	49	43	54	0	0	0	0	0	0	0	0	0	0	0	0	1679465	
267	1	B	4	N	2500	0	1	108	58	15	14	22	0	0	0	0	0	0	0	0	0	0	0	0	1679808	
268	1	B	4	N	2500	0	1	135	58	14	14	18	0	0	0	0	0	0	0	0	0	0	0	0	1679808	
269	1	B	4	N	2500	0	40	435	182	44	41	53	0	0	0	0	0	0	0	0	0	0	0	0	1679933	
270	1	B	4	N	2500	0	1	107	19	8	13	30	0	0	0	0	0	0	0	0	0	0	0	0	1679933	
271	1	B	4	N	2500	0	40	263	128	39	30	44	0	0	0	0	0	0	0	0	0	0	0	0	1680292	
272	1	B	6	N	2500	6	40	340	118	33	23	33	0	0	0	0	0	0	0	0	0	0	0	0	1703894	
273	1	B	6	N	2500	2	1	203	86	28	23	32	0	0	0	0	0	0	0	0	0	0	0	0	1704300	
274	1	B	6	N	2500	6	40	327	149	40	38	56	0	0	0	0	0	0	0	0	0	0	0	0	1704581	
275	1	B	6	N	2500	2	1	209	89	20	15	22	0	0	0	0	0	0	0	0	0	0	0	0	1706125	
276	1	B	6	N	2500	2	1	185	47	11	10	16	0	0	0	0	0	0	0	0	0	0	0	0	1706687	
277	1	B	6	N	2500	2	1	166	61	13	12	14	0	0	0	0	0	0	0	0	0	0	0	0	1706687	
278	1	B	6	N	2500	6	40	404	134	36	34	56	0	0	0	0	0	0	0	0	0	0	0	0	1707186	
279	1	B	6	N	2500	0	40	404	153	39	35	52	0	0	0	0	0	0	0	0	0	0	0	0	1708965	
280	1	B	6	N	2500	0	1	127	72	19	18	33	0	0	0	0	0	0	0	0	0	0	0	0	1709277	
281	1	B	6	N	2500	0	1	232	64	13	11	17	0	0	0	0	0	0	0	0	0	0	0	0	1709635	
282	1	B	6	N	2500	0	40	225	120	31	26	36	0	0	0	0	0	0	0	0	0	0	0	0	1709885	
283	1	B	8	N	2500	2	1	123	53	133	159	181	0	0	0	0	0	0	0	0	0	0	0	0	1731631	
284	1	B	8	N	2500	6	40	312	110	28	25	34	0	0	0	0	0	0	0	0	0	0	0	0	1732006	
285	1	B	8	N	2500	6	40	253	127	38	27	38	0	0	0	0	0	0	0	0	0	0	0	0	1732989	
286	1	B	8	N	2500	2	1	89	27	14	18	49	0	0	0	0	0	0	0	0	0	0	0	0	1733113	
287	1	B	8	N	2500	6	40	342	137	35	31	41	0	0	0	0	0	0	0	0	0	0	0	0	1733488	
288	1	B	8	N	2500	0	40	275	131	35	30	44	0	0	0	0	0	0	0	0	0	0	0	0	1733784	
289	1	B	8	N	2500	0	40	345	159	42	31	44	0	0	0	0	0	0	0	0	0	0	0	0	1735173	
290	1	B	8	N	2500	0	40	330	92	21	19	26	0	0	0	0	0	0	0	0	0	0	0	0	1735516	
291	1	B	8	N	2500	0	1	91	27	5	4	8	0	0	0	0	0	0	0	0	0	0	0	0	1735812	
292	1	B	8	N	2500	0	40	376	144	36	32	46	0	0	0	0	0	0	0	0	0	0	0	0	1736327	
293	1	B	8	N	2500	0	40	341	118	31	24	42	0	0	0	0	0	0	0	0	0	0	0	0	1736374	
294	1	B	8	N	2500	0	40	330	121	36	25	41	0	0	0	0	0	0	0	0	0	0	0	0	1736577	
295	1	B	8	N	2500	0	40	377	144	38	30	46	0	0	0	0	0	0	0	0	0	0	0	0	1736857	
296	1	B	8	N	2500	0	40	327	112	29	23	35	0	0	0	0	0	0	0	0	0	0	0	0	1736967	
297	1	B	8	N	2500	0	1	112	26	21	24	67	0	0	0	0	0	0	0	0	0	0	0	0	1737513	
298	1	B	8	N	2500	0	40	196	121	35	29	37	0	0	0	0	0	0	0	0	0	0	0	0	1737559	
299	1	B	10	N	2500	6	40	383	138	36	31	51	0	0	0	0	0	0	0	0	0	0	0	0	1761427	
300	1	B	10	N	2500	6	40	370	131	32	26	40	0	0	0	0	0	0	0	0	0	0	0	0	1761599	
301	1	B	10	N	2500	6	40	377	139	34	27	43	0	0	0	0	0	0	0	0	0	0	0	0	1762239	
302	1	B	10	N	2500	0	40	319	105	25	21	36	0	0	0	0	0	0	0	0	0	0	0	0	1763471	
303	1	B	10	N	2500	0	40	286	105	23	20	36	0	0	0	0	0	0	0	0	0	0	0	0	1763877	
304	1	B	10	N	2500	0	40	388	143	36	36	60	0	0	0	0	0	0	0	0	0	0	0	0	1764438	
305	1	B	10	N	2500	0	40	313	136	33	30	44	0	0	0	0	0	0	0	0	0	0	0	0	1764469	
306	1	B	10	N	2500	0	40	404	153	32	28	51	0	0	0	0	0	0	0	0	0	0	0	0	1764501	
307	1	B	10	N	2500	0	1	52	9	2	1	4	0	0	0	0	0	0	0	0	0	0	0	0	1764719	
308	1	B	10	N	2500	0	40	370	140	37	32	50	0	0	0	0	0	0	0	0	0	0	0	0	1765062	
309	1	B	10	N	2500	0	40	267	126	33	28	36	0	0	0	0	0	0	0	0	0	0	0	0	1765078	
310	1	B	10	N	2500	0	40	295	87	21	15	22	0	0	0	0	0	0	0	0	0	0	0	0	1765140	
311	1	B	10	N	2500	0	40	380	150	40	36	56	0	0	0	0	0	0	0	0	0	0	0	0	1765312	
312	1	B	10	N	2500	0	40	211	119	33	24	36	0	0	0	0	0	0	0	0	0	0	0	0	1765671	
313	1	B	10	N	2500	0	40	258	116	30	25	34	0	0	0	0	0	0	0	0	0	0	0	0	1765795	
314	1	B	10	N	2500	0	40	316	103	24	20	32	0	0	0	0	0	0	0	0	0	0	0	0	1766045	
315	1	B	10	N	2500	0	1	56	12	3	1	5	0	0	0	0	0	0	0	0	0	0	0	0	1766607	
316	1	B	10	N	2500	0	1	60	13	3	2	3	0	0	0	0	0	0	0	0	0	0	0	0	1766607	
317	1	B	11	N	2500	6	40	174	119	35	25	36	0	0	0	0	0	0	0	0	0	0	0	0	1775701	
318	1	B	12	N	2500	6	40	236	102	31	21	30	0	0	0	0	0	0	0	0	0	0	0	0	1789695	
319	1	B	12	N	2500	2	1	254	64	11	9	21	0	0	0	0	0	0	0	0	0	0	0	0	1789773	
320	1	B	12	N	2500	6	40	321	102	28	18	31	0	0	0	0	0	0	0	0	0	0	0	0	1790241	
321	1	B	12	N	2500	2	1	142	49	17	10	17	0	0	0	0	0	0	0	0	0	0	0	0	1791598	
322	1	B	12	N	2500	6	40	305	96	22	16	26	0	0	0	0	0	0	0	0	0	0	0	0	1791738	
323	1	B	12	N	2500	0	40	339	126	32	21	32	0	0	0	0	0	0	0	0	0	0	0	0	1791972	
324	1	B	12	N	2500	0	40	312	95	18	14	26	0	0	0	0	0	0	0	0	0	0	0	0	1792159	
325	1	B	12	N	2500	0	1	174	72	14	11	17	0	0	0	0	0	0	0	0	0	0	0	0	1792175	
326	1	B	12	N	2500	0	2	307	84	12	9	20	0	0	0	0	0	0	0	0	0	0	0	0	1793719	
327	1	B	12	N	2500	0	40	304	109	27	19	23	0	0	0	0	0	0	0	0	0	0	0	0	1793735	
328	1	B	12	N	2500	0	1	184	77	22	18	24	0	0	0	0	0	0	0	0	0	0	0	0	1793782	
329	1	B	12	N	2500	0	40	292	90	21	15	28	0	0	0	0	0	0	0	0	0	0	0	0	1793985	
330	1	B	12	N	2500	0	1	57	11	2	2	4	0	0	0	0	0	0	0	0	0	0	0	0	1795155	
331	1	B	12	N	2500	0	40	307	113	26	19	35	0	0	0	0	0	0	0	0	0	0	0	0	1795170	
332	1	B	12	N	2500	0	1	113	50	15	7	11	0	0	0	0	0	0	0	0	0	0	0	0	1795342	
333	1	B	12	N	2500	0	40	328	106	23	18	29	0	0	0	0	0	0	0	0	0	0	0	0	1795638	
334	1	B	12	N	2500	0	1	171	57	11	10	16	0	0	0	0	0	0	0	0	0	0	0	0	1795810	
335	1	B	12	N	2500	0	1	66	13	3	2	3	0	0	0	0	0	0	0	0	0	0	0	0	1796481	
336	1	C	2	N	2500	2	1	100	19	11	15	35	0	0	0	0	0	0	0	0	0	0	0	0	1820224	
337	1	C	2	N	2500	6	40	323	124	30	26	38	0	0	0	0	0	0	0	0	0	0	0	0	1821019	
338	1	C	2	N	2500	6	40	371	144	41	35	51	0	0	0	0	0	0	0	0	0	0	0	0	1822424	
339	1	C	2	N	2500	6	40	304	115	27	22	33	0	0	0	0	0	0	0	0	0	0	0	0	1822626	
340	1	C	2	N	2500	0	40	268	97	28	23	37	0	0	0	0	0	0	0	0	0	0	0	0	1822642	
341	1	C	2	N	2500	0	40	345	131	36	29	39	0	0	0	0	0	0	0	0	0	0	0	0	1822642	
342	1	C	2	N	2500	0	40	384	146	34	29	47	0	0	0	0	0	0	0	0	0	0	0	0	1823469	
343	1	C	2	N	2500	0	40	228	135	37	35	55	0	0	0	0	0	0	0	0	0	0	0	0	1823578	
344	1	C	2	N	2500	0	40	239	141	41	34	40	0	0	0	0	0	0	0	0	0	0	0	0	1823578	
345	1	C	2	N	2500	0	40	384	147	41	37	57	0	0	0	0	0	0	0	0	0	0	0	0	1824015	
346	1	C	2	N	2500	0	40	334	111	26	18	27	0	0	0	0	0	0	0	0	0	0	0	0	1824732	
347	1	C	2	N	2500	0	40	395	143	34	25	36	0	0	0	0	0	0	0	0	0	0	0	0	1824982	
348	1	C	2	N	2500	0	40	276	123	31	28	36	0	0	0	0	0	0	0	0	0	0	0	0	1825200	
349	1	C	2	N	2500	0	40	376	142	33	26	39	0	0	0	0	0	0	0	0	0	0	0	0	1825481	
350	1	C	4	N	2500	6	40	274	113	27	25	39	0	0	0	0	0	0	0	0	0	0	0	0	1848554	
351	1	C	4	N	2500	6	40	360	135	37	36	57	0	0	0	0	0	0	0	0	0	0	0	0	1848585	
352	1	C	4	N	2500	6	40	313	121	30	26	37	0	0	0	0	0	0	0	0	0	0	0	0	1848741	
353	1	C	4	N	2500	0	40	279	137	35	30	45	0	0	0	0	0	0	0	0	0	0	0	0	1848928	
354	1	C	4	N	2500	0	40	352	126	28	25	39	0	0	0	0	0	0	0	0	0	0	0	0	1848944	
355	1	C	4	N	2500	0	40	207	109	31	27	37	0	0	0	0	0	0	0	0	0	0	0	0	1850192	
356	1	C	4	N	2500	0	40	367	127	31	27	38	0	0	0	0	0	0	0	0	0	0	0	0	1850504	
357	1	C	4	N	2500	0	40	238	155	41	40	54	0	0	0	0	0	0	0	0	0	0	0	0	1851159	
358	1	C	4	N	2500	0	40	326	126	31	28	42	0	0	0	0	0	0	0	0	0	0	0	0	1851518	
359	1	C	4	N	2500	0	40	316	112	30	23	30	0	0	0	0	0	0	0	0	0	0	0	0	1851845	
360	1	C	4	N	2500	0	40	344	129	38	33	43	0	0	0	0	0	0	0	0	0	0	0	0	1852313	
361	1	C	4	N	2500	0	40	376	145	36	29	44	0	0	0	0	0	0	0	0	0	0	0	0	1852516	
362	1	C	4	N	2500	0	40	331	138	39	34	49	0	0	0	0	0	0	0	0	0	0	0	0	1852812	
363	1	C	4	N	2500	0	40	278	113	32	25	41	0	0	0	0	0	0	0	0	0	0	0	0	1853249	
364	1	C	4	N	2500	0	40	322	112	33	27	42	0	0	0	0	0	0	0	0	0	0	0	0	1853296	
365	1	C	4	N	2500	0	40	358	145	42	40	62	0	0	0	0	0	0	0	0	0	0	0	0	1853327	
366	1	C	4	N	2500	0	40	338	109	25	22	31	0	0	0	0	0	0	0	0	0	0	0	0	1853374	
367	1	C	4	N	2500	0	40	342	132	33	27	41	0	0	0	0	0	0	0	0	0	0	0	0	1853452	
368	1	C	4	N	2500	0	40	327	102	24	21	27	0	0	0	0	0	0	0	0	0	0	0	0	1853514	
369	1	C	4	N	2500	0	40	323	122	30	26	33	0	0	0	0	0	0	0	0	0	0	0	0	1853717	
370	1	C	4	N	2500	0	1	180	100	29	22	31	0	0	0	0	0	0	0	0	0	0	0	0	1853967	
371	1	C	5	N	2500	6	40	183	132	39	38	57	0	0	0	0	0	0	0	0	0	0	0	0	1863951	
372	1	C	6	N	2500	6	40	328	121	30	27	35	0	0	0	0	0	0	0	0	0	0	0	0	1877554	
373	1	C	6	N	2500	2	1	197	53	9	9	20	0	0	0	0	0	0	0	0	0	0	0	0	1878053	
374	1	C	6	N	2500	6	40	325	111	27	22	32	0	0	0	0	0	0	0	0	0	0	0	0	1878240	
375	1	C	6	N	2500	2	1	222	99	29	20	27	0	0	0	0	0	0	0	0	0	0	0	0	1878428	
376	1	C	6	N	2500	2	1	217	68	15	14	21	0	0	0	0	0	0	0	0	0	0	0	0	1878833	
377	1	C	6	N	2500	6	40	290	88	19	14	25	0	0	0	0	0	0	0	0	0	0	0	0	1880019	
378	1	C	6	N	2500	0	1	172	106	27	24	30	0	0	0	0	0	0	0	0	0	0	0	0	1883264	
379	1	C	7	N	2500	2	1	180	89	24	19	25	0	0	0	0	0	0	0	0	0	0	0	0	1891563	
380	1	C	7	N	2500	6	40	297	103	30	22	32	0	0	0	0	0	0	0	0	0	0	0	0	1895135	
381	1	C	8	N	2500	6	40	345	130	34	29	36	0	0	0	0	0	0	0	0	0	0	0	0	1906367	
382	1	C	8	N	2500	6	40	282	127	40	35	48	0	0	0	0	0	0	0	0	0	0	0	0	1906664	
383	1	C	8	N	2500	6	40	362	128	36	34	55	0	0	0	0	0	0	0	0	0	0	0	0	1906835	
384	1	C	8	N	2500	0	40	335	133	37	31	48	0	0	0	0	0	0	0	0	0	0	0	0	1906991	
385	1	C	8	N	2500	0	40	417	164	47	48	75	0	0	0	0	0	0	0	0	0	0	0	0	1907147	
386	1	C	8	N	2500	0	40	283	134	34	34	48	0	0	0	0	0	0	0	0	0	0	0	0	1907256	
387	1	C	8	N	2500	0	40	248	165	47	44	64	0	0	0	0	0	0	0	0	0	0	0	0	1907490	
388	1	C	8	N	2500	0	1	96	23	10	14	38	0	0	0	0	0	0	0	0	0	0	0	0	1907490	
389	1	C	8	N	2500	0	40	393	155	47	45	66	0	0	0	0	0	0	0	0	0	0	0	0	1907553	
390	1	C	8	N	2500	0	1	100	24	4	3	6	0	0	0	0	0	0	0	0	0	0	0	0	1908083	
391	1	C	8	N	2500	0	40	377	142	39	35	50	0	0	0	0	0	0	0	0	0	0	0	0	1908255	
392	1	C	8	N	2500	0	40	334	147	45	41	61	0	0	0	0	0	0	0	0	0	0	0	0	1908286	
393	1	C	8	N	2500	0	40	318	118	31	29	40	0	0	0	0	0	0	0	0	0	0	0	0	1908536	
394	1	C	8	N	2500	0	40	198	173	67	63	96	0	0	0	0	0	0	0	0	0	0	0	0	1908551	
395	1	C	8	N	2500	0	40	381	181	64	64	104	0	0	0	0	0	0	0	0	0	0	0	0	1908660	
396	1	C	8	N	2500	0	40	366	119	29	27	36	0	0	0	0	0	0	0	0	0	0	0	0	1909004	
397	1	C	8	N	2500	0	40	270	122	31	31	39	0	0	0	0	0	0	0	0	0	0	0	0	1909050	
398	1	C	8	N	2500	0	40	336	107	29	23	37	0	0	0	0	0	0	0	0	0	0	0	0	1909113	
399	1	C	8	N	2500	0	40	372	126	33	27	38	0	0	0	0	0	0	0	0	0	0	0	0	1909362	
400	1	C	8	N	2500	0	40	346	140	35	33	44	0	0	0	0	0	0	0	0	0	0	0	0	1909690	
401	1	C	8	N	2500	0	40	382	148	37	31	47	0	0	0	0	0	0	0	0	0	0	0	0	1910454	
402	1	C	8	N	2500	0	1	81	15	8	12	27	0	0	0	0	0	0	0	0	0	0	0	0	1910454	
403	1	C	8	N	2500	0	40	414	162	44	41	72	0	0	0	0	0	0	0	0	0	0	0	0	1910517	
404	1	C	8	N	2500	0	40	333	122	33	28	41	0	0	0	0	0	0	0	0	0	0	0	0	1910860	
405	1	C	8	N	2500	0	40	356	169	52	48	74	0	0	0	0	0	0	0	0	0	0	0	0	1910876	
406	1	C	8	N	2500	0	40	364	152	43	37	56	0	0	0	0	0	0	0	0	0	0	0	0	1910907	
407	1	C	8	N	2500	0	40	375	149	44	39	55	0	0	0	0	0	0	0	0	0	0	0	0	1911032	
408	1	C	8	N	2500	0	1	118	23	11	16	32	0	0	0	0	0	0	0	0	0	0	0	0	1911047	
409	1	C	8	N	2500	0	40	450	152	46	40	67	0	0	0	0	0	0	0	0	0	0	0	0	1911125	
410	1	C	8	N	2500	0	40	467	194	49	49	78	0	0	0	0	0	0	0	0	0	0	0	0	1911156	
411	1	C	8	N	2500	0	40	401	152	42	38	61	0	0	0	0	0	0	0	0	0	0	0	0	1911453	
412	1	C	8	N	2500	0	1	103	70	22	23	36	0	0	0	0	0	0	0	0	0	0	0	0	1911515	
413	1	C	8	N	2500	0	1	117	58	16	16	23	0	0	0	0	0	0	0	0	0	0	0	0	1911515	
414	1	C	8	N	2500	0	40	200	111	30	24	33	0	0	0	0	0	0	0	0	0	0	0	0	1911562	
415	1	C	8	N	2500	0	40	392	179	56	60	103	0	0	0	0	0	0	0	0	0	0	0	0	1911843	
416	1	C	8	N	2500	0	40	269	148	49	45	69	0	0	0	0	0	0	0	0	0	0	0	0	1912030	
417	1	C	8	N	2500	0	40	214	135	62	60	97	0	0	0	0	0	0	0	0	0	0	0	0	1912046	
418	1	C	10	N	2500	2	1	175	55	9	7	15	0	0	0	0	0	0	0	0	0	0	0	0	1936585	
419	1	C	10	N	2500	6	40	382	115	22	18	27	0	0	0	0	0	0	0	0	0	0	0	0	1938940	
420	1	C	10	N	2500	2	1	231	60	8	7	13	0	0	0	0	0	0	0	0	0	0	0	0	1939455	
421	1	C	10	N	2500	2	1	264	83	16	12	22	0	0	0	0	0	0	0	0	0	0	0	0	1941545	
422	1	C	11	N	2500	2	1	127	48	6	0	2	0	0	0	0	0	0	0	0	0	0	0	0	1954369	
423	1	C	12	N	2500	6	40	402	118	31	27	35	0	0	0	0	0	0	0	0	0	0	0	0	1964337	
424	1	C	12	N	2500	6	40	222	113	28	21	29	0	0	0	0	0	0	0	0	0	0	0	0	1966630	
425	1	C	12	N	2500	6	40	340	115	25	23	30	0	0	0	0	0	0	0	0	0	0	0	0	1966739	
426	1	C	12	N	2500	0	1	204	73	23	18	27	0	0	0	0	0	0	0	0	0	0	0	0	1967363	
427	1	C	12	N	2500	0	40	366	125	36	29	50	0	0	0	0	0	0	0	0	0	0	0	0	1967878	
428	1	C	12	N	2500	0	1	50	14	17	24	45	0	0	0	0	0	0	0	0	0	0	0	0	1968923	
429	1	C	12	N	2500	0	1	153	112	30	26	37	0	0	0	0	0	0	0	0	0	0	0	0	1969625	
430	1	C	12	N	2500	0	40	339	116	26	23	33	0	0	0	0	0	0	0	0	0	0	0	0	1969984	
431	1	D	1	N	2500	6	40	437	136	33	26	38	0	0	0	0	0	0	0	0	0	0	0	0	1982449	
432	1	D	2	N	2500	2	1	269	59	14	12	21	0	0	0	0	0	0	0	0	0	0	0	0	1995163	
433	1	D	2	N	2500	6	40	368	152	41	37	55	0	0	0	0	0	0	0	0	0	0	0	0	1995241	
434	1	D	2	N	2500	6	40	359	152	40	35	49	0	0	0	0	0	0	0	0	0	0	0	0	1995724	
435	1	D	2	N	2500	2	1	234	55	13	12	22	0	0	0	0	0	0	0	0	0	0	0	0	1995771	
436	1	D	2	N	2500	6	40	349	154	42	40	63	0	0	0	0	0	0	0	0	0	0	0	0	1995833	
437	1	D	2	N	2500	0	1	159	46	14	11	19	0	0	0	0	0	0	0	0	0	0	0	0	1995849	
438	1	D	2	N	2500	0	40	231	149	40	36	50	0	0	0	0	0	0	0	0	0	0	0	0	1996052	
439	1	D	2	N	2500	0	40	355	162	44	39	55	0	0	0	0	0	0	0	0	0	0	0	0	1996239	
440	1	D	2	N	2500	0	40	245	108	36	28	42	0	0	0	0	0	0	0	0	0	0	0	0	1996301	
441	1	D	2	N	2500	0	1	68	17	9	12	29	0	0	0	0	0	0	0	0	0	0	0	0	1996333	
442	1	D	2	N	2500	0	40	175	131	37	35	49	0	0	0	0	0	0	0	0	0	0	0	0	1996411	
443	1	D	2	N	2500	0	1	65	16	7	9	24	0	0	0	0	0	0	0	0	0	0	0	0	1996489	
444	1	D	2	N	2500	0	40	399	169	41	37	54	0	0	0	0	0	0	0	0	0	0	0	0	1996489	
445	1	D	2	N	2500	0	1	128	97	31	28	35	0	0	0	0	0	0	0	0	0	0	0	0	1996894	
446	1	D	2	N	2500	0	40	387	145	39	32	50	0	0	0	0	0	0	0	0	0	0	0	0	1997253	
447	1	D	2	N	2500	0	40	401	160	41	37	54	0	0	0	0	0	0	0	0	0	0	0	0	1997315	
448	1	D	2	N	2500	0	40	394	148	40	34	53	0	0	0	0	0	0	0	0	0	0	0	0	1997440	
449	1	D	2	N	2500	0	40	384	129	33	23	32	0	0	0	0	0	0	0	0	0	0	0	0	1997612	
450	1	D	2	N	2500	0	40	284	166	46	40	57	0	0	0	0	0	0	0	0	0	0	0	0	1998080	
451	1	D	2	N	2500	0	40	413	149	41	40	63	0	0	0	0	0	0	0	0	0	0	0	0	1998454	
452	1	D	2	N	2500	0	40	341	132	37	27	39	0	0	0	0	0	0	0	0	0	0	0	0	1998485	
453	1	D	2	N	2500	0	40	298	151	42	38	50	0	0	0	0	0	0	0	0	0	0	0	0	1998517	
454	1	D	2	N	2500	0	40	352	145	39	33	49	0	0	0	0	0	0	0	0	0	0	0	0	1998751	
455	1	D	2	N	2500	0	40	301	153	44	36	52	0	0	0	0	0	0	0	0	0	0	0	0	1999125	
456	1	D	2	N	2500	0	40	256	147	38	37	46	0	0	0	0	0	0	0	0	0	0	0	0	1999187	
457	1	D	2	N	2500	0	40	418	171	48	45	64	0	0	0	0	0	0	0	0	0	0	0	0	1999187	
458	1	D	2	N	2500	0	40	324	162	43	40	56	0	0	0	0	0	0	0	0	0	0	0	0	1999281	
459	1	D	2	N	2500	0	40	367	173	46	43	55	0	0	0	0	0	0	0	0	0	0	0	0	1999390	
460	1	D	2	N	2500	0	40	387	142	34	32	52	0	0	0	0	0	0	0	0	0	0	0	0	1999468	
461	1	D	2	N	2500	0	1	215	50	13	12	23	0	0	0	0	0	0	0	0	0	0	0	0	1999499	
462	1	D	2	N	2500	0	40	262	157	46	41	60	0	0	0	0	0	0	0	0	0	0	0	0	1999640	
463	1	D	2	N	2500	0	40	387	157	43	30	46	0	0	0	0	0	0	0	0	0	0	0	0	1999655	
464	1	D	2	N	2500	0	40	292	150	38	34	49	0	0	0	0	0	0	0	0	0	0	0	0	1999765	
465	1	D	2	N	2500	0	40	188	146	42	35	48	0	0	0	0	0	0	0	0	0	0	0	0	1999858	
466	1	D	2	N	2500	0	40	245	146	40	34	49	0	0	0	0	0	0	0	0	0	0	0	0	1999874	
467	1	D	2	N	2500	0	40	245	141	47	41	60	0	0	0	0	0	0	0	0	0	0	0	0	1999889	
468	1	D	2	N	2500	0	40	397	162	43	37	54	0	0	0	0	0	0	0	0	0	0	0	0	1999905	
469	1	D	2	N	2500	0	40	417	158	42	37	51	0	0	0	0	0	0	0	0	0	0	0	0	2000014	
470	1	D	2	N	2500	0	40	365	150	37	33	50	0	0	0	0	0	0	0	0	0	0	0	0	2000279	
471	1	D	2	N	2500	0	40	394	167	45	41	57	0	0	0	0	0	0	0	0	0	0	0	0	2000373	
472	1	D	2	N	2500	0	1	52	16	10	13	33	0	0	0	0	0	0	0	0	0	0	0	0	2000389	
473	1	D	2	N	2500	0	40	402	168	45	42	62	0	0	0	0	0	0	0	0	0	0	0	0	2000389	
474	1	D	2	N	2500	0	40	383	160	43	38	52	0	0	0	0	0	0	0	0	0	0	0	0	2000404	
475	1	D	2	N	2500	0	40	343	143	39	34	47	0	0	0	0	0	0	0	0	0	0	0	0	2000498	
476	1	D	2	N	2500	0	40	329	138	33	31	50	0	0	0	0	0	0	0	0	0	0	0	0	2001184	
477	1	D	2	N	2500	0	40	417	165	41	35	50	0	0	0	0	0	0	0	0	0	0	0	0	2001730	
478	1	D	4	N	2500	6	40	315	118	27	21	32	0	0	0	0	0	0	0	0	0	0	0	0	2023960	
479	1	D	4	N	2500	6	40	308	95	22	16	25	0	0	0	0	0	0	0	0	0	0	0	0	2024974	
480	1	D	4	N	2500	2	1	233	98	30	23	31	0	0	0	0	0	0	0	0	0	0	0	0	2025505	
481	1	D	4	N	2500	6	40	245	110	31	24	32	0	0	0	0	0	0	0	0	0	0	0	0	2026004	
482	1	D	4	N	2500	0	40	362	142	33	25	35	0	0	0	0	0	0	0	0	0	0	0	0	2026097	
483	1	D	4	N	2500	0	1	74	15	2	2	3	0	0	0	0	0	0	0	0	0	0	0	0	2026300	
484	1	D	4	N	2500	0	1	171	96	22	19	25	0	0	0	0	0	0	0	0	0	0	0	0	2026300	
485	1	D	4	N	2500	0	1	212	91	21	20	26	0	0	0	0	0	0	0	0	0	0	0	0	2026331	
486	1	D	4	N	2500	0	40	358	123	30	22	35	0	0	0	0	0	0	0	0	0	0	0	0	2026425	
487	1	D	4	N	2500	0	40	298	108	28	22	34	0	0	0	0	0	0	0	0	0	0	0	0	2026581	
488	1	D	4	N	2500	0	40	232	132	33	26	38	0	0	0	0	0	0	0	0	0	0	0	0	2027829	
489	1	D	4	N	2500	0	40	295	118	32	27	37	0	0	0	0	0	0	0	0	0	0	0	0	2027876	
490	1	D	4	N	2500	0	40	333	118	29	23	32	0	0	0	0	0	0	0	0	0	0	0	0	2028110	
491	1	D	4	N	2500	0	40	350	107	24	17	21	0	0	0	0	0	0	0	0	0	0	0	0	2028110	
492	1	D	4	N	2500	0	40	333	125	34	26	35	0	0	0	0	0	0	0	0	0	0	0	0	2028219	
493	1	D	4	N	2500	0	1	175	112	33	28	37	0	0	0	0	0	0	0	0	0	0	0	0	2028250	
494	1	D	4	N	2500	0	40	349	120	28	21	32	0	0	0	0	0	0	0	0	0	0	0	0	2028297	
495	1	D	4	N	2500	0	40	304	119	31	25	34	0	0	0	0	0	0	0	0	0	0	0	0	2028313	
496	1	D	4	N	2500	0	40	200	111	30	22	30	0	0	0	0	0	0	0	0	0	0	0	0	2028734	
497	1	D	4	N	2500	0	40	327	120	29	23	32	0	0	0	0	0	0	0	0	0	0	0	0	2028905	
498	1	D	4	N	2500	0	1	261	82	21	17	24	0	0	0	0	0	0	0	0	0	0	0	0	2029015	
499	1	D	4	N	2500	0	1	193	105	33	30	41	0	0	0	0	0	0	0	0	0	0	0	0	2029405	
500	1	D	5	N	2500	2	1	53	9	1	1	3	0	0	0	0	0	0	0	0	0	0	0	0	2039857	
501	1	D	5	N	2500	10	40	293	112	26	21	32	0	0	0	0	0	0	0	0	0	0	0	0	2039857	
502	1	D	6	N	2500	6	40	304	155	40	35	50	0	0	0	0	0	0	0	0	0	0	0	0	2052150	
503	1	D	6	N	2500	2	1	174	79	58	91	178	0	0	0	0	0	0	0	0	0	0	0	0	2053366	
504	1	D	6	N	2500	6	40	302	123	33	28	40	0	0	0	0	0	0	0	0	0	0	0	0	2053398	
505	1	D	6	N	2500	6	40	199	123	33	30	37	0	0	0	0	0	0	0	0	0	0	0	0	2053398	
506	1	D	6	N	2500	0	40	401	165	44	41	58	0	0	0	0	0	0	0	0	0	0	0	0	2054193	
507	1	D	6	N	2500	0	40	417	159	39	38	56	0	0	0	0	0	0	0	0	0	0	0	0	2054646	
508	1	D	6	N	2500	0	40	370	144	41	36	53	0	0	0	0	0	0	0	0	0	0	0	0	2054708	
509	1	D	6	N	2500	0	40	361	141	41	33	52	0	0	0	0	0	0	0	0	0	0	0	0	2054739	
510	1	D	6	N	2500	0	40	203	134	35	31	43	0	0	0	0	0	0	0	0	0	0	0	0	2054942	
511	1	D	6	N	2500	0	40	398	137	33	33	46	0	0	0	0	0	0	0	0	0	0	0	0	2055192	
512	1	D	6	N	2500	0	40	455	186	51	41	57	0	0	0	0	0	0	0	0	0	0	0	0	2055519	
513	1	D	6	N	2500	0	40	259	94	26	21	33	0	0	0	0	0	0	0	0	0	0	0	0	2055753	
514	1	D	6	N	2500	0	40	313	141	43	41	62	0	0	0	0	0	0	0	0	0	0	0	0	2056206	
515	1	D	6	N	2500	0	40	406	159	41	38	52	0	0	0	0	0	0	0	0	0	0	0	0	2056346	
516	1	D	6	N	2500	0	40	344	123	30	27	44	0	0	0	0	0	0	0	0	0	0	0	0	2056486	
517	1	D	6	N	2500	0	40	360	132	29	25	32	0	0	0	0	0	0	0	0	0	0	0	0	2056705	
518	1	D	6	N	2500	0	40	432	171	43	40	54	0	0	0	0	0	0	0	0	0	0	0	0	2056720	
519	1	D	6	N	2500	0	40	327	133	33	30	47	0	0	0	0	0	0	0	0	0	0	0	0	2056720	
520	1	D	6	N	2500	0	40	242	152	38	37	55	0	0	0	0	0	0	0	0	0	0	0	0	2056876	
521	1	D	6	N	2500	0	40	330	140	41	36	57	0	0	0	0	0	0	0	0	0	0	0	0	2056892	
522	1	D	6	N	2500	0	1	155	43	10	8	14	0	0	0	0	0	0	0	0	0	0	0	0	2056986	
523	1	D	6	N	2500	0	1	204	75	17	19	30	0	0	0	0	0	0	0	0	0	0	0	0	2056986	
524	1	D	6	N	2500	0	40	405	150	39	33	56	0	0	0	0	0	0	0	0	0	0	0	0	2057048	
525	1	D	6	N	2500	0	40	298	133	37	32	46	0	0	0	0	0	0	0	0	0	0	0	0	2057142	
526	1	D	6	N	2500	0	40	362	138	39	31	51	0	0	0	0	0	0	0	0	0	0	0	0	2057157	
527	1	D	6	N	2500	0	40	346	123	31	26	43	0	0	0	0	0	0	0	0	0	0	0	0	2057329	
528	1	D	6	N	2500	0	40	289	122	34	28	42	0	0	0	0	0	0	0	0	0	0	0	0	2057422	
529	1	D	6	N	2500	0	40	388	129	28	21	31	0	0	0	0	0	0	0	0	0	0	0	0	2057422	
530	1	D	6	N	2500	0	40	332	133	31	31	50	0	0	0	0	0	0	0	0	0	0	0	0	2057454	
531	1	D	6	N	2500	0	40	299	136	33	30	44	0	0	0	0	0	0	0	0	0	0	0	0	2057469	
532	1	D	6	N	2500	0	40	202	133	32	29	40	0	0	0	0	0	0	0	0	0	0	0	0	2057906	
533	1	D	6	N	2500	0	40	323	123	31	27	38	0	0	0	0	0	0	0	0	0	0	0	0	2058031	
534	1	D	6	N	2500	0	40	257	133	36	32	46	0	0	0	0	0	0	0	0	0	0	0	0	2058109	
535	1	D	7	N	2500	2	1	186	98	30	20	24	0	0	0	0	0	0	0	0	0	0	0	0	2066392	
536	1	D	7	N	2500	2	1	55	24	5	0	0	0	0	0	0	0	0	0	0	0	0	0	0	2066626	
537	1	D	7	N	2500	2	1	135	177	27	1	4	0	0	0	0	0	0	0	0	0	0	0	0	2067516	
538	1	D	7	N	2500	2	1	84	70	4	0	2	0	0	0	0	0	0	0	0	0	0	0	0	2068498	
539	1	D	7	N	2500	6	40	227	134	32	31	44	0	0	0	0	0	0	0	0	0	0	0	0	2069793	
540	1	D	8	N	2500	6	40	174	122	30	29	43	0	0	0	0	0	0	0	0	0	0	0	0	2081056	
541	1	D	8	N	2500	6	40	322	121	31	30	47	0	0	0	0	0	0	0	0	0	0	0	0	2081992	
542	1	D	8	N	2500	6	40	236	150	42	39	49	0	0	0	0	0	0	0	0	0	0	0	0	2082367	
543	1	D	8	N	2500	0	40	322	137	42	42	71	0	0	0	0	0	0	0	0	0	0	0	0	2082850	
544	1	D	8	N	2500	0	1	113	30	15	16	43	0	0	0	0	0	0	0	0	0	0	0	0	2083006	
545	1	D	8	N	2500	0	1	56	15	9	13	25	0	0	0	0	0	0	0	0	0	0	0	0	2083116	
546	1	D	8	N	2500	0	40	387	142	34	32	50	0	0	0	0	0	0	0	0	0	0	0	0	2083303	
547	1	D	8	N	2500	0	1	106	35	5	4	7	0	0	0	0	0	0	0	0	0	0	0	0	2083708	
548	1	D	8	N	2500	0	40	463	186	51	42	59	0	0	0	0	0	0	0	0	0	0	0	0	2083724	
549	1	D	8	N	2500	0	40	310	139	31	32	48	0	0	0	0	0	0	0	0	0	0	0	0	2083864	
550	1	D	8	N	2500	0	40	372	127	33	32	45	0	0	0	0	0	0	0	0	0	0	0	0	2083942	
551	1	D	8	N	2500	0	1	134	29	4	4	7	0	0	0	0	0	0	0	0	0	0	0	0	2084410	
552	1	D	8	N	2500	0	40	283	109	25	22	35	0	0	0	0	0	0	0	0	0	0	0	0	2084972	
553	1	D	8	N	2500	0	40	343	158	44	43	71	0	0	0	0	0	0	0	0	0	0	0	0	2085159	
554	1	D	8	N	2500	0	40	366	129	35	28	44	0	0	0	0	0	0	0	0	0	0	0	0	2085424	
555	1	D	8	N	2500	0	40	456	144	40	36	65	0	0	0	0	0	0	0	0	0	0	0	0	2085487	
556	1	D	8	N	2500	0	40	374	134	34	37	53	0	0	0	0	0	0	0	0	0	0	0	0	2085565	
557	1	D	8	N	2500	0	40	404	157	33	30	41	0	0	0	0	0	0	0	0	0	0	0	0	2085768	
558	1	D	8	N	2500	0	40	402	161	38	35	59	0	0	0	0	0	0	0	0	0	0	0	0	2085799	
559	1	D	8	N	2500	0	1	139	121	33	23	34	0	0	0	0	0	0	0	0	0	0	0	0	2085986	
560	1	D	8	N	2500	0	1	53	14	6	8	18	0	0	0	0	0	0	0	0	0	0	0	0	2086516	
561	1	D	8	N	2500	0	40	279	142	38	38	60	0	0	0	0	0	0	0	0	0	0	0	0	2087109	
562	1	D	8	N	2500	0	40	390	144	35	31	44	0	0	0	0	0	0	0	0	0	0	0	0	2087421	
563	1	D	8	N	2500	0	40	244	133	32	25	39	0	0	0	0	0	0	0	0	0	0	0	0	2087593	
564	1	D	10	N	2500	6	40	324	113	26	22	33	0	0	0	0	0	0	0	0	0	0	0	0	2110993	
565	1	D	10	N	2500	2	1	120	26	4	4	8	0	0	0	0	0	0	0	0	0	0	0	0	2111149	
566	1	D	10	N	2500	6	40	281	104	26	20	30	0	0	0	0	0	0	0	0	0	0	0	0	2111523	
567	1	D	10	N	2500	6	40	331	126	30	25	35	0	0	0	0	0	0	0	0	0	0	0	0	2112163	
568	1	D	10	N	2500	0	40	348	125	30	26	44	0	0	0	0	0	0	0	0	0	0	0	0	2112943	
569	1	D	10	N	2500	0	40	313	111	26	20	29	0	0	0	0	0	0	0	0	0	0	0	0	2113036	
570	1	D	10	N	2500	0	40	328	132	31	26	37	0	0	0	0	0	0	0	0	0	0	0	0	2113426	
571	1	D	10	N	2500	0	40	403	163	40	40	64	0	0	0	0	0	0	0	0	0	0	0	0	2113676	
572	1	D	10	N	2500	0	1	189	111	28	23	34	0	0	0	0	0	0	0	0	0	0	0	0	2114144	
573	1	D	10	N	2500	0	40	302	113	26	22	30	0	0	0	0	0	0	0	0	0	0	0	0	2114331	
574	1	D	10	N	2500	0	40	321	115	25	22	33	0	0	0	0	0	0	0	0	0	0	0	0	2114331	
575	1	D	10	N	2500	0	40	301	109	29	24	41	0	0	0	0	0	0	0	0	0	0	0	0	2114456	
576	1	D	10	N	2500	0	1	219	67	15	11	22	0	0	0	0	0	0	0	0	0	0	0	0	2114503	
577	1	D	10	N	2500	0	40	459	177	36	34	61	0	0	0	0	0	0	0	0	0	0	0	0	2115018	
578	1	D	10	N	2500	0	40	243	116	28	25	33	0	0	0	0	0	0	0	0	0	0	0	0	2115111	
579	1	D	10	N	2500	0	40	318	119	27	21	34	0	0	0	0	0	0	0	0	0	0	0	0	2115532	
580	1	D	10	N	2500	0	40	225	128	36	29	40	0	0	0	0	0	0	0	0	0	0	0	0	2115891	
581	1	D	10	N	2500	0	40	247	120	33	29	38	0	0	0	0	0	0	0	0	0	0	0	0	2115954	
582	1	D	10	N	2500	0	40	322	119	27	25	41	0	0	0	0	0	0	0	0	0	0	0	0	2116843	
583	1	D	12	N	2500	6	40	312	115	29	23	35	0	0	0	0	0	0	0	0	0	0	0	0	2138698	
584	1	D	12	N	2500	6	40	338	118	28	22	31	0	0	0	0	0	0	0	0	0	0	0	0	2139822	
585	1	D	12	N	2500	2	1	179	105	25	20	29	0	0	0	0	0	0	0	0	0	0	0	0	2140477	
586	1	D	12	N	2500	6	40	288	106	23	18	29	0	0	0	0	0	0	0	0	0	0	0	0	2141226	
587	1	D	12	N	2500	0	40	314	106	25	19	30	0	0	0	0	0	0	0	0	0	0	0	0	2141335	
588	1	D	12	N	2500	0	1	51	12	3	3	7	0	0	0	0	0	0	0	0	0	0	0	0	2141491	
589	1	D	12	N	2500	0	1	240	80	23	17	22	0	0	0	0	0	0	0	0	0	0	0	0	2142302	
590	1	D	12	N	2500	0	1	60	25	42	58	77	0	0	0	0	0	0	0	0	0	0	0	0	2142645	
591	1	D	12	N	2500	0	1	61	23	7	7	17	0	0	0	0	0	0	0	0	0	0	0	0	2142645	
592	1	D	12	N	2500	0	40	230	108	28	22	31	0	0	0	0	0	0	0	0	0	0	0	0	2142942	
593	1	D	12	N	2500	0	1	52	11	3	3	6	0	0	0	0	0	0	0	0	0	0	0	0	2143066	
594	1	D	12	N	2500	0	40	268	106	26	20	30	0	0	0	0	0	0	0	0	0	0	0	0	2143144	
595	1	D	12	N	2500	0	40	185	125	36	30	39	0	0	0	0	0	0	0	0	0	0	0	0	2144018	
596	1	D	12	N	2500	0	40	282	119	31	25	42	0	0	0	0	0	0	0	0	0	0	0	0	2144190	
597	1	D	12	N	2500	0	40	309	100	24	19	23	0	0	0	0	0	0	0	0	0	0	0	0	2144314	
598	1	D	12	N	2500	0	1	177	110	28	22	29	0	0	0	0	0	0	0	0	0	0	0	0	2144954	
599	1	E	1	N	2500	6	40	305	105	24	19	28	0	0	0	0	0	0	0	0	0	0	0	0	2161116	
600	1	E	2	N	2500	6	40	271	98	27	22	27	0	0	0	0	0	0	0	0	0	0	0	0	2169524	
601	1	E	2	N	2500	2	1	179	58	13	9	13	0	0	0	0	0	0	0	0	0	0	0	0	2169914	
602	1	E	2	N	2500	6	40	272	92	21	18	31	0	0	0	0	0	0	0	0	0	0	0	0	2170897	
603	1	E	2	N	2500	6	40	293	113	26	26	36	0	0	0	0	0	0	0	0	0	0	0	0	2171069	
604	1	E	2	N	2500	0	40	350	142	35	33	47	0	0	0	0	0	0	0	0	0	0	0	0	2172769	
605	1	E	2	N	2500	0	40	320	117	26	24	31	0	0	0	0	0	0	0	0	0	0	0	0	2172800	
606	1	E	2	N	2500	0	40	322	122	33	27	35	0	0	0	0	0	0	0	0	0	0	0	0	2174454	
607	1	E	4	N	2500	6	40	272	99	22	16	24	0	0	0	0	0	0	0	0	0	0	0	0	2198306	
608	1	E	4	N	2500	6	40	321	127	31	28	40	0	0	0	0	0	0	0	0	0	0	0	0	2198790	
609	1	E	4	N	2500	2	1	126	107	25	21	27	0	0	0	0	0	0	0	0	0	0	0	0	2199741	
610	1	E	4	N	2500	6	40	278	93	19	16	28	0	0	0	0	0	0	0	0	0	0	0	0	2200209	
611	1	E	4	N	2500	0	40	209	118	29	21	32	0	0	0	0	0	0	0	0	0	0	0	0	2200350	
612	1	E	4	N	2500	0	40	294	109	26	20	29	0	0	0	0	0	0	0	0	0	0	0	0	2201535	
613	1	E	4	N	2500	0	40	342	131	37	22	34	0	0	0	0	0	0	0	0	0	0	0	0	2203563	
614	1	E	4	N	2500	0	1	212	99	29	22	32	0	0	0	0	0	0	0	0	0	0	0	0	2203610	
615	1	E	4	N	2500	0	40	345	123	28	18	27	0	0	0	0	0	0	0	0	0	0	0	0	2204063	
616	1	E	5	N	2500	2	1	82	67	3	0	2	0	0	0	0	0	0	0	0	0	0	0	0	2213657	
617	1	E	5	N	2500	2	1	97	110	39	1	2	0	0	0	0	0	0	0	0	0	0	0	0	2214093	
618	1	E	5	N	2500	2	1	159	99	26	22	31	0	0	0	0	0	0	0	0	0	0	0	0	2218508	
619	1	E	6	N	2500	6	40	294	107	27	21	31	0	0	0	0	0	0	0	0	0	0	0	0	2226495	
620	1	E	6	N	2500	6	40	368	133	27	23	36	0	0	0	0	0	0	0	0	0	0	0	0	2227073	
621	1	E	6	N	2500	6	40	200	115	31	28	43	0	0	0	0	0	0	0	0	0	0	0	0	2227275	
622	1	E	6	N	2500	0	40	307	109	31	26	38	0	0	0	0	0	0	0	0	0	0	0	0	2227431	
623	1	E	6	N	2500	0	40	295	135	40	34	53	0	0	0	0	0	0	0	0	0	0	0	0	2227775	
624	1	E	6	N	2500	0	40	220	144	39	36	57	0	0	0	0	0	0	0	0	0	0	0	0	2228055	
625	1	E	6	N	2500	0	40	380	153	40	38	60	0	0	0	0	0	0	0	0	0	0	0	0	2228477	
626	1	E	6	N	2500	0	40	321	107	25	23	37	0	0	0	0	0	0	0	0	0	0	0	0	2228711	
627	1	E	6	N	2500	0	40	370	142	35	29	45	0	0	0	0	0	0	0	0	0	0	0	0	2229881	
628	1	E	6	N	2500	0	40	343	107	26	21	32	0	0	0	0	0	0	0	0	0	0	0	0	2230021	
629	1	E	6	N	2500	0	40	300	137	40	38	58	0	0	0	0	0	0	0	0	0	0	0	0	2230286	
630	1	E	6	N	2500	0	1	140	71	12	12	21	0	0	0	0	0	0	0	0	0	0	0	0	2230286	
631	1	E	6	N	2500	0	40	338	140	34	34	53	0	0	0	0	0	0	0	0	0	0	0	0	2230333	
632	1	E	6	N	2500	0	40	369	153	45	39	59	0	0	0	0	0	0	0	0	0	0	0	0	2230427	
633	1	E	6	N	2500	0	40	373	157	39	34	50	0	0	0	0	0	0	0	0	0	0	0	0	2230707	
634	1	E	6	N	2500	0	40	245	153	43	39	58	0	0	0	0	0	0	0	0	0	0	0	0	2230941	
635	1	E	6	N	2500	0	1	152	42	9	6	12	0	0	0	0	0	0	0	0	0	0	0	0	2231144	
636	1	E	6	N	2500	0	1	86	44	11	9	16	0	0	0	0	0	0	0	0	0	0	0	0	2231144	
637	1	E	6	N	2500	0	1	159	106	33	27	36	0	0	0	0	0	0	0	0	0	0	0	0	2231207	
638	1	E	6	N	2500	0	1	233	81	20	16	22	0	0	0	0	0	0	0	0	0	0	0	0	2231300	
639	1	E	6	N	2500	0	40	313	117	29	25	33	0	0	0	0	0	0	0	0	0	0	0	0	2232002	
640	1	E	6	N	2500	0	40	312	101	20	15	19	0	0	0	0	0	0	0	0	0	0	0	0	2232455	
641	1	E	6	N	2500	0	1	108	26	7	7	13	0	0	0	0	0	0	0	0	0	0	0	0	2232470	
642	1	E	6	N	2500	0	40	236	101	23	21	33	0	0	0	0	0	0	0	0	0	0	0	0	2232470	
643	1	E	6	N	2500	0	40	390	141	35	36	53	0	0	0	0	0	0	0	0	0	0	0	0	2232829	
644	1	E	6	N	2500	0	1	267	86	17	16	24	0	0	0	0	0	0	0	0	0	0	0	0	2232923	
645	1	E	6	N	2500	0	40	286	140	34	31	39	0	0	0	0	0	0	0	0	0	0	0	0	2232985	
646	1	E	6	N	2500	0	40	346	125	29	25	35	0	0	0	0	0	0	0	0	0	0	0	0	2233578	
647	1	E	7	N	2500	2	1	134	184	53	1	5	0	0	0	0	0	0	0	0	0	0	0	0	2240816	
648	1	E	7	N	2500	2	1	103	118	38	1	3	0	0	0	0	0	0	0	0	0	0	0	0	2241066	
649	1	E	7	N	2500	2	1	87	75	4	0	1	0	0	0	0	0	0	0	0	0	0	0	0	2242875	
650	1	E	8	N	2500	6	40	323	145	35	34	48	0	0	0	0	0	0	0	0	0	0	0	0	2257430	
651	1	E	8	N	2500	6	40	307	104	26	24	36	0	0	0	0	0	0	0	0	0	0	0	0	2257493	
652	1	E	8	N	2500	6	40	262	126	37	34	50	0	0	0	0	0	0	0	0	0	0	0	0	2257929	
653	1	E	8	N	2500	0	40	392	154	44	39	59	0	0	0	0	0	0	0	0	0	0	0	0	2258319	
654	1	E	8	N	2500	0	40	342	140	36	35	52	0	0	0	0	0	0	0	0	0	0	0	0	2258335	
655	1	E	8	N	2500	0	40	206	121	30	29	38	0	0	0	0	0	0	0	0	0	0	0	0	2258475	
656	1	E	8	N	2500	0	40	264	122	31	32	47	0	0	0	0	0	0	0	0	0	0	0	0	2258569	
657	1	E	8	N	2500	0	40	281	157	46	44	63	0	0	0	0	0	0	0	0	0	0	0	0	2259271	
658	1	E	8	N	2500	0	40	415	174	52	51	76	0	0	0	0	0	0	0	0	0	0	0	0	2259708	
659	1	E	8	N	2500	0	40	405	157	44	42	65	0	0	0	0	0	0	0	0	0	0	0	0	2260098	
660	1	E	8	N	2500	0	40	383	144	42	37	54	0	0	0	0	0	0	0	0	0	0	0	0	2260145	
661	1	E	8	N	2500	0	40	354	115	24	19	23	0	0	0	0	0	0	0	0	0	0	0	0	2260238	
662	1	E	10	N	2500	6	40	335	126	28	24	33	0	0	0	0	0	0	0	0	0	0	0	0	2283888	
663	1	E	10	N	2500	6	40	343	134	35	32	46	0	0	0	0	0	0	0	0	0	0	0	0	2284699	
664	1	E	10	N	2500	6	40	326	120	30	25	37	0	0	0	0	0	0	0	0	0	0	0	0	2285105	
665	1	E	10	N	2500	0	40	297	131	35	32	52	0	0	0	0	0	0	0	0	0	0	0	0	2285354	
666	1	E	10	N	2500	0	1	113	124	37	1	4	0	0	0	0	0	0	0	0	0	0	0	0	2285635	
667	1	E	10	N	2500	0	40	356	140	38	33	50	0	0	0	0	0	0	0	0	0	0	0	0	2286415	
668	1	E	10	N	2500	0	1	178	89	27	24	35	0	0	0	0	0	0	0	0	0	0	0	0	2286493	
669	1	E	10	N	2500	0	40	408	140	34	33	46	0	0	0	0	0	0	0	0	0	0	0	0	2286649	
670	1	E	10	N	2500	0	40	365	139	41	33	47	0	0	0	0	0	0	0	0	0	0	0	0	2286758	
671	1	E	10	N	2500	0	40	380	133	37	30	47	0	0	0	0	0	0	0	0	0	0	0	0	2286930	
672	1	E	10	N	2500	0	40	304	87	20	16	28	0	0	0	0	0	0	0	0	0	0	0	0	2287445	
673	1	E	10	N	2500	0	1	62	17	6	6	16	0	0	0	0	0	0	0	0	0	0	0	0	2288490	
674	1	E	10	N	2500	0	1	137	26	12	18	40	0	0	0	0	0	0	0	0	0	0	0	0	2288662	
675	1	E	10	N	2500	0	40	446	167	36	30	48	0	0	0	0	0	0	0	0	0	0	0	0	2289067	
676	1	E	10	N	2500	0	40	384	154	43	35	48	0	0	0	0	0	0	0	0	0	0	0	0	2289286	
677	1	E	10	N	2500	0	40	341	112	28	24	36	0	0	0	0	0	0	0	0	0	0	0	0	2289426	
678	1	E	10	N	2500	0	1	607	247	63	53	71	0	0	0	0	0	0	0	0	0	0	0	0	2289660	
679	1	E	10	N	2500	0	40	313	120	33	27	32	0	0	0	0	0	0	0	0	0	0	0	0	2290050	
680	1	E	10	N	2500	0	1	167	67	17	17	29	0	0	0	0	0	0	0	0	0	0	0	0	2290315	
681	1	E	10	N	2500	0	40	463	174	40	34	57	0	0	0	0	0	0	0	0	0	0	0	0	2290580	
682	1	E	10	N	2500	0	40	311	114	29	23	33	0	0	0	0	0	0	0	0	0	0	0	0	2290970	
683	1	E	12	N	2500	6	40	382	138	36	31	40	0	0	0	0	0	0	0	0	0	0	0	0	2312686	
684	1	E	12	N	2500	6	40	335	141	43	33	42	0	0	0	0	0	0	0	0	0	0	0	0	2312717	
685	1	E	12	N	2500	6	40	236	146	34	31	44	0	0	0	0	0	0	0	0	0	0	0	0	2313294	
686	1	E	12	N	2500	0	1	187	111	35	28	41	0	0	0	0	0	0	0	0	0	0	0	0	2313419	
687	1	E	12	N	2500	0	40	300	138	34	27	44	0	0	0	0	0	0	0	0	0	0	0	0	2313840	
688	1	E	12	N	2500	0	40	362	115	28	23	35	0	0	0	0	0	0	0	0	0	0	0	0	2313949	
689	1	E	12	N	2500	0	40	282	95	25	19	28	0	0	0	0	0	0	0	0	0	0	0	0	2313965	
690	1	E	12	N	2500	0	40	341	134	34	25	38	0	0	0	0	0	0	0	0	0	0	0	0	2314573	
691	1	E	12	N	2500	0	40	369	125	36	27	38	0	0	0	0	0	0	0	0	0	0	0	0	2314589	
692	1	E	12	N	2500	0	40	229	108	31	25	34	0	0	0	0	0	0	0	0	0	0	0	0	2314729	
693	1	E	12	N	2500	0	40	279	104	30	21	29	0	0	0	0	0	0	0	0	0	0	0	0	2315072	
694	1	E	12	N	2500	0	1	144	78	22	21	32	0	0	0	0	0	0	0	0	0	0	0	0	2315088	
695	1	E	12	N	2500	0	40	333	115	28	23	30	0	0	0	0	0	0	0	0	0	0	0	0	2315540	
696	1	E	12	N	2500	0	40	286	95	25	16	24	0	0	0	0	0	0	0	0	0	0	0	0	2315665	
697	1	E	12	N	2500	0	1	170	32	6	3	6	0	0	0	0	0	0	0	0	0	0	0	0	2315712	
698	1	E	12	N	2500	0	40	389	142	34	31	45	0	0	0	0	0	0	0	0	0	0	0	0	2315774	
699	1	E	12	N	2500	0	1	207	57	12	12	19	0	0	0	0	0	0	0	0	0	0	0	0	2316086	
700	1	E	12	N	2500	0	40	268	122	31	27	39	0	0	0	0	0	0	0	0	0	0	0	0	2316196	
701	1	E	12	N	2500	0	1	59	23	6	7	11	0	0	0	0	0	0	0	0	0	0	0	0	2317506	
702	1	E	12	N	2500	0	1	74	29	9	11	19	0	0	0	0	0	0	0	0	0	0	0	0	2317506	
703	1	E	12	N	2500	0	1	50	21	9	10	19	0	0	0	0	0	0	0	0	0	0	0	0	2317506	
704	1	E	12	N	2500	0	1	82	28	8	9	17	0	0	0	0	0	0	0	0	0	0	0	0	2317506	
705	1	E	12	N	2500	0	1	51	15	4	5	10	0	0	0	0	0	0	0	0	0	0	0	0	2317506	
706	1	E	12	N	2500	0	1	52	13	2	2	6	0	0	0	0	0	0	0	0	0	0	0	0	2317506	
707	1	E	12	N	2500	0	40	283	127	30	26	35	0	0	0	0	0	0	0	0	0	0	0	0	2317553	
708	1	E	12	N	2500	0	40	252	102	24	22	30	0	0	0	0	0	0	0	0	0	0	0	0	2317693	
709	1	E	12	N	2500	0	40	298	126	28	23	31	0	0	0	0	0	0	0	0	0	0	0	0	2318255	
710	1	E	12	N	2500	0	40	239	118	35	25	30	0	0	0	0	0	0	0	0	0	0	0	0	2318255	
711	1	E	12	N	2500	0	1	164	101	27	22	33	0	0	0	0	0	0	0	0	0	0	0	0	2318536	
712	1	E	12	N	2500	0	1	219	81	18	15	21	0	0	0	0	0	0	0	0	0	0	0	0	2319284	
713	1	E	12	N	2500	0	40	320	119	29	23	34	0	0	0	0	0	0	0	0	0	0	0	0	2319690	
714	1	F	2	N	2500	6	40	416	173	49	45	66	0	0	0	0	0	0	0	0	0	0	0	0	2344822	
715	1	F	2	N	2500	6	40	377	129	27	22	35	0	0	0	0	0	0	0	0	0	0	0	0	2345898	
716	1	F	2	N	2500	6	40	352	124	31	29	41	0	0	0	0	0	0	0	0	0	0	0	0	2348737	
717	1	F	4	N	2500	6	40	340	126	33	28	41	0	0	0	0	0	0	0	0	0	0	0	0	2371716	
718	1	F	4	N	2500	6	40	241	105	32	24	35	0	0	0	0	0	0	0	0	0	0	0	0	2371778	
719	1	F	4	N	2500	6	40	244	117	32	29	44	0	0	0	0	0	0	0	0	0	0	0	0	2372028	
720	1	F	4	N	2500	0	40	324	127	35	27	39	0	0	0	0	0	0	0	0	0	0	0	0	2372293	
721	1	F	4	N	2500	0	40	354	140	38	31	47	0	0	0	0	0	0	0	0	0	0	0	0	2372605	
722	1	F	4	N	2500	0	1	83	69	4	0	2	0	0	0	0	0	0	0	0	0	0	0	0	2372870	
723	1	F	4	N	2500	0	1	60	29	5	0	0	0	0	0	0	0	0	0	0	0	0	0	0	2372870	
724	1	F	4	N	2500	0	40	318	105	25	20	30	0	0	0	0	0	0	0	0	0	0	0	0	2374290	
725	1	F	4	N	2500	0	40	225	145	42	35	46	0	0	0	0	0	0	0	0	0	0	0	0	2374618	
726	1	F	4	N	2500	0	40	313	104	26	17	32	0	0	0	0	0	0	0	0	0	0	0	0	2374727	
727	1	F	4	N	2500	0	40	237	130	44	37	46	0	0	0	0	0	0	0	0	0	0	0	0	2375257	
728	1	F	4	N	2500	0	40	250	106	30	21	29	0	0	0	0	0	0	0	0	0	0	0	0	2375538	
729	1	F	4	N	2500	0	40	376	157	44	38	55	0	0	0	0	0	0	0	0	0	0	0	0	2375850	
730	1	F	4	N	2500	0	40	187	118	33	27	37	0	0	0	0	0	0	0	0	0	0	0	0	2376490	
731	1	F	4	N	2500	0	1	422	650	495	3	12	0	0	0	0	0	0	0	0	0	0	0	0	2379110	
732	1	F	5	N	2500	2	1	53	25	5	0	0	0	0	0	0	0	0	0	0	0	0	0	0	2385943	
733	1	F	5	N	2500	2	1	61	34	12	0	1	0	0	0	0	0	0	0	0	0	0	0	0	2386411	
734	1	F	5	N	2500	2	1	52	25	4	0	1	0	0	0	0	0	0	0	0	0	0	0	0	2387238	
735	1	F	5	N	2500	2	1	52	29	7	0	0	0	0	0	0	0	0	0	0	0	0	0	0	2387300	
736	1	F	6	N	2500	6	40	336	111	26	22	37	0	0	0	0	0	0	0	0	0	0	0	0	2401325	
737	1	F	6	N	2500	2	1	222	57	12	11	20	0	0	0	0	0	0	0	0	0	0	0	0	2401855	
738	1	F	6	N	2500	2	1	125	62	16	16	27	0	0	0	0	0	0	0	0	0	0	0	0	2401965	
739	1	F	6	N	2500	2	1	84	17	4	4	7	0	0	0	0	0	0	0	0	0	0	0	0	2401965	
740	1	F	6	N	2500	2	1	85	45	9	9	16	0	0	0	0	0	0	0	0	0	0	0	0	2401980	
741	1	F	6	N	2500	6	40	346	90	19	17	28	0	0	0	0	0	0	0	0	0	0	0	0	2402089	
742	1	F	6	N	2500	6	40	291	94	23	20	36	0	0	0	0	0	0	0	0	0	0	0	0	2402308	
743	1	F	6	N	2500	0	1	180	107	33	26	41	0	0	0	0	0	0	0	0	0	0	0	0	2402511	
744	1	F	6	N	2500	0	1	196	94	20	17	27	0	0	0	0	0	0	0	0	0	0	0	0	2402963	
745	1	F	6	N	2500	0	40	282	88	21	19	26	0	0	0	0	0	0	0	0	0	0	0	0	2403057	
746	1	F	6	N	2500	0	1	121	44	9	8	16	0	0	0	0	0	0	0	0	0	0	0	0	2403353	
747	1	F	6	N	2500	0	1	60	13	3	5	13	0	0	0	0	0	0	0	0	0	0	0	0	2403540	
748	1	F	6	N	2500	0	40	202	117	30	23	38	0	0	0	0	0	0	0	0	0	0	0	0	2403774	
749	1	F	6	N	2500	0	40	321	96	21	20	33	0	0	0	0	0	0	0	0	0	0	0	0	2403852	
750	1	F	6	N	2500	0	1	112	53	119	150	169	0	0	0	0	0	0	0	0	0	0	0	0	2404461	
751	1	F	6	N	2500	0	40	332	89	18	18	35	0	0	0	0	0	0	0	0	0	0	0	0	2405085	
752	1	F	6	N	2500	0	40	289	85	19	18	29	0	0	0	0	0	0	0	0	0	0	0	0	2405085	
753	1	F	6	N	2500	0	1	193	92	22	20	33	0	0	0	0	0	0	0	0	0	0	0	0	2405553	
754	1	F	6	N	2500	0	1	127	60	11	10	16	0	0	0	0	0	0	0	0	0	0	0	0	2407081	
755	1	F	8	N	2500	6	40	277	109	27	24	36	0	0	0	0	0	0	0	0	0	0	0	0	2429436	
756	1	F	8	N	2500	2	1	71	24	4	4	8	0	0	0	0	0	0	0	0	0	0	0	0	2429577	
757	1	F	8	N	2500	6	40	214	126	33	25	33	0	0	0	0	0	0	0	0	0	0	0	0	2429779	
758	1	F	8	N	2500	6	40	200	124	28	24	36	0	0	0	0	0	0	0	0	0	0	0	0	2429904	
759	1	F	8	N	2500	0	40	317	123	29	28	37	0	0	0	0	0	0	0	0	0	0	0	0	2429920	
760	1	F	8	N	2500	0	1	207	67	13	12	19	0	0	0	0	0	0	0	0	0	0	0	0	2430029	
761	1	F	8	N	2500	0	40	403	125	26	22	37	0	0	0	0	0	0	0	0	0	0	0	0	2430466	
762	1	F	8	N	2500	0	40	297	99	23	18	30	0	0	0	0	0	0	0	0	0	0	0	0	2430481	
763	1	F	8	N	2500	0	40	237	119	28	25	34	0	0	0	0	0	0	0	0	0	0	0	0	2430497	
764	1	F	8	N	2500	0	40	329	140	42	37	58	0	0	0	0	0	0	0	0	0	0	0	0	2430778	
765	1	F	8	N	2500	0	40	246	120	27	26	34	0	0	0	0	0	0	0	0	0	0	0	0	2431012	
766	1	F	8	N	2500	0	40	342	129	32	29	45	0	0	0	0	0	0	0	0	0	0	0	0	2431246	
767	1	F	8	N	2500	0	1	188	111	25	23	32	0	0	0	0	0	0	0	0	0	0	0	0	2431542	
768	1	F	8	N	2500	0	40	336	135	29	24	36	0	0	0	0	0	0	0	0	0	0	0	0	2431761	
769	1	F	8	N	2500	0	1	152	105	29	28	36	0	0	0	0	0	0	0	0	0	0	0	0	2431932	
770	1	F	8	N	2500	0	40	312	131	34	28	33	0	0	0	0	0	0	0	0	0	0	0	0	2432041	
771	1	F	8	N	2500	0	1	181	109	27	24	30	0	0	0	0	0	0	0	0	0	0	0	0	2432073	
772	1	F	8	N	2500	0	40	314	99	21	19	27	0	0	0	0	0	0	0	0	0	0	0	0	2432151	
773	1	F	8	N	2500	0	40	277	109	30	21	34	0	0	0	0	0	0	0	0	0	0	0	0	2432260	
774	1	F	8	N	2500	0	1	173	113	27	23	34	0	0	0	0	0	0	0	0	0	0	0	0	2432400	
775	1	F	8	N	2500	0	40	368	141	32	27	40	0	0	0	0	0	0	0	0	0	0	0	0	2432431	
776	1	F	8	N	2500	0	40	332	113	26	20	31	0	0	0	0	0	0	0	0	0	0	0	0	2432463	
777	1	F	8	N	2500	0	40	373	135	31	25	37	0	0	0	0	0	0	0	0	0	0	0	0	2432665	
778	1	F	8	N	2500	0	40	293	117	28	24	35	0	0	0	0	0	0	0	0	0	0	0	0	2432743	
779	1	F	8	N	2500	0	40	302	108	26	20	31	0	0	0	0	0	0	0	0	0	0	0	0	2432775	
780	1	F	8	N	2500	0	40	211	140	37	33	44	0	0	0	0	0	0	0	0	0	0	0	0	2432899	
781	1	F	8	N	2500	0	1	166	45	11	10	16	0	0	0	0	0	0	0	0	0	0	0	0	2432946	
782	1	F	8	N	2500	0	40	326	118	28	23	29	0	0	0	0	0	0	0	0	0	0	0	0	2432962	
783	1	F	8	N	2500	0	40	381	144	32	27	40	0	0	0	0	0	0	0	0	0	0	0	0	2433071	
784	1	F	8	N	2500	0	40	274	90	22	17	29	0	0	0	0	0	0	0	0	0	0	0	0	2433102	
785	1	F	8	N	2500	0	40	377	180	55	54	94	0	0	0	0	0	0	0	0	0	0	0	0	2433118	
786	1	F	8	N	2500	0	40	199	120	30	26	36	0	0	0	0	0	0	0	0	0	0	0	0	2433289	
787	1	F	8	N	2500	0	1	194	66	14	13	19	0	0	0	0	0	0	0	0	0	0	0	0	2433383	
788	1	F	8	N	2500	0	40	337	118	27	22	32	0	0	0	0	0	0	0	0	0	0	0	0	2433399	
789	1	F	8	N	2500	0	40	339	129	30	27	41	0	0	0	0	0	0	0	0	0	0	0	0	2433461	
790	1	F	8	N	2500	0	40	321	122	28	26	40	0	0	0	0	0	0	0	0	0	0	0	0	2433477	
791	1	F	8	N	2500	0	1	195	101	26	22	31	0	0	0	0	0	0	0	0	0	0	0	0	2433570	
792	1	F	8	N	2500	0	40	347	125	30	24	33	0	0	0	0	0	0	0	0	0	0	0	0	2433586	
793	1	F	8	N	2500	0	40	353	143	36	27	40	0	0	0	0	0	0	0	0	0	0	0	0	2433898	
794	1	F	8	N	2500	0	40	292	124	29	25	36	0	0	0	0	0	0	0	0	0	0	0	0	2433976	
795	1	F	8	N	2500	0	40	204	150	39	38	60	0	0	0	0	0	0	0	0	0	0	0	0	2434413	
796	1	F	8	N	2500	0	40	307	121	27	24	38	0	0	0	0	0	0	0	0	0	0	0	0	2434428	
797	1	F	8	N	2500	0	1	137	108	25	23	31	0	0	0	0	0	0	0	0	0	0	0	0	2434584	
798	1	F	8	N	2500	0	1	205	54	8	6	12	0	0	0	0	0	0	0	0	0	0	0	0	2434584	
799	1	F	8	N	2500	0	40	261	115	26	20	30	0	0	0	0	0	0	0	0	0	0	0	0	2434600	
800	1	F	8	N	2500	0	40	206	140	39	33	44	0	0	0	0	0	0	0	0	0	0	0	0	2434725	
801	1	F	8	N	2500	0	40	222	149	44	41	59	0	0	0	0	0	0	0	0	0	0	0	0	2434834	
802	1	F	8	N	2500	0	1	271	80	17	14	23	0	0	0	0	0	0	0	0	0	0	0	0	2434927	
803	1	F	8	N	2500	0	40	356	133	29	27	39	0	0	0	0	0	0	0	0	0	0	0	0	2434974	
804	1	F	8	N	2500	0	1	228	92	26	21	31	0	0	0	0	0	0	0	0	0	0	0	0	2435037	
805	1	F	8	N	2500	0	40	318	108	27	21	32	0	0	0	0	0	0	0	0	0	0	0	0	2435083	
806	1	F	8	N	2500	0	40	238	143	32	28	40	0	0	0	0	0	0	0	0	0	0	0	0	2435083	
807	1	F	8	N	2500	0	1	159	93	21	16	24	0	0	0	0	0	0	0	0	0	0	0	0	2435239	
808	1	F	8	N	2500	0	40	323	144	31	29	41	0	0	0	0	0	0	0	0	0	0	0	0	2435707	
809	1	F	8	N	2500	0	40	303	101	20	20	31	0	0	0	0	0	0	0	0	0	0	0	0	2435832	
810	1	F	8	N	2500	0	1	148	40	11	12	25	0	0	0	0	0	0	0	0	0	0	0	0	2436004	
811	1	F	8	N	2500	0	1	56	11	1	1	1	0	0	0	0	0	0	0	0	0	0	0	0	2436035	
812	1	F	8	N	2500	0	1	181	90	23	18	29	0	0	0	0	0	0	0	0	0	0	0	0	2436035	
813	1	F	9	N	2500	6	40	240	119	28	25	35	0	0	0	0	0	0	0	0	0	0	0	0	2445629	
814	1	F	9	N	2500	6	40	318	81	13	11	21	0	0	0	0	0	0	0	0	0	0	0	0	2450434	
815	1	F	10	N	2500	6	40	331	135	41	38	54	0	0	0	0	0	0	0	0	0	0	0	0	2458265	
816	1	F	10	N	2500	2	1	177	80	24	23	34	0	0	0	0	0	0	0	0	0	0	0	0	2458281	
817	1	F	10	N	2500	6	40	233	101	30	23	35	0	0	0	0	0	0	0	0	0	0	0	0	2458359	
818	1	F	10	N	2500	6	40	247	116	28	28	40	0	0	0	0	0	0	0	0	0	0	0	0	2458359	
819	1	F	10	N	2500	0	1	233	90	34	27	40	0	0	0	0	0	0	0	0	0	0	0	0	2458437	
820	1	F	10	N	2500	0	40	349	130	36	27	44	0	0	0	0	0	0	0	0	0	0	0	0	2458499	
821	1	F	10	N	2500	0	40	209	142	38	36	56	0	0	0	0	0	0	0	0	0	0	0	0	2458561	
822	1	F	10	N	2500	0	40	278	132	31	29	48	0	0	0	0	0	0	0	0	0	0	0	0	2458624	
823	1	F	10	N	2500	0	40	313	126	34	27	41	0	0	0	0	0	0	0	0	0	0	0	0	2459029	
824	1	F	10	N	2500	0	40	347	126	33	30	44	0	0	0	0	0	0	0	0	0	0	0	0	2459544	
825	1	F	10	N	2500	0	40	327	130	31	28	43	0	0	0	0	0	0	0	0	0	0	0	0	2459669	
826	1	F	10	N	2500	0	40	299	112	25	23	31	0	0	0	0	0	0	0	0	0	0	0	0	2459700	
827	1	F	10	N	2500	0	40	395	146	41	35	52	0	0	0	0	0	0	0	0	0	0	0	0	2460340	
828	1	F	10	N	2500	0	40	354	140	32	30	49	0	0	0	0	0	0	0	0	0	0	0	0	2460418	
829	1	F	10	N	2500	0	40	312	113	31	25	33	0	0	0	0	0	0	0	0	0	0	0	0	2460543	
830	1	F	10	N	2500	0	40	340	121	29	27	43	0	0	0	0	0	0	0	0	0	0	0	0	2460699	
831	1	F	10	N	2500	0	40	350	140	36	32	51	0	0	0	0	0	0	0	0	0	0	0	0	2461728	
832	1	F	10	N	2500	0	40	349	126	33	28	44	0	0	0	0	0	0	0	0	0	0	0	0	2461962	
833	1	F	10	N	2500	0	40	266	134	31	30	47	0	0	0	0	0	0	0	0	0	0	0	0	2462337	
834	1	F	10	N	2500	0	40	328	117	32	28	46	0	0	0	0	0	0	0	0	0	0	0	0	2462337	
835	1	F	10	N	2500	0	40	241	146	32	26	41	0	0	0	0	0	0	0	0	0	0	0	0	2462493	
836	1	F	10	N	2500	0	1	221	94	30	29	42	0	0	0	0	0	0	0	0	0	0	0	0	2462727	
837	1	F	10	N	2500	0	40	359	146	37	34	50	0	0	0	0	0	0	0	0	0	0	0	0	2462976	
838	1	F	10	N	2500	0	40	359	134	36	30	41	0	0	0	0	0	0	0	0	0	0	0	0	2463085	
839	1	F	10	N	2500	0	40	481	177	40	33	54	0	0	0	0	0	0	0	0	0	0	0	0	2463163	
840	1	F	10	N	2500	0	40	221	117	31	26	35	0	0	0	0	0	0	0	0	0	0	0	0	2463257	
841	1	F	10	N	2500	0	40	199	139	36	33	52	0	0	0	0	0	0	0	0	0	0	0	0	2463273	
842	1	F	10	N	2500	0	40	470	168	41	42	66	0	0	0	0	0	0	0	0	0	0	0	0	2463382	
843	1	F	10	N	2500	0	40	387	166	43	40	51	0	0	0	0	0	0	0	0	0	0	0	0	2463429	
844	1	F	10	N	2500	0	40	385	145	36	34	53	0	0	0	0	0	0	0	0	0	0	0	0	2463678	
845	1	F	10	N	2500	0	40	347	137	37	28	42	0	0	0	0	0	0	0	0	0	0	0	0	2463772	
846	1	F	10	N	2500	0	40	298	152	37	36	51	0	0	0	0	0	0	0	0	0	0	0	0	2463881	
847	1	F	10	N	2500	0	40	278	145	33	31	41	0	0	0	0	0	0	0	0	0	0	0	0	2464271	
848	1	F	10	N	2500	0	40	225	113	28	25	41	0	0	0	0	0	0	0	0	0	0	0	0	2464443	
849	1	F	10	N	2500	0	40	274	115	28	26	38	0	0	0	0	0	0	0	0	0	0	0	0	2464942	
850	1	F	10	N	2500	0	40	444	178	45	36	54	0	0	0	0	0	0	0	0	0	0	0	0	2465004	
851	1	F	11	N	2500	2	1	53	15	8	1	2	0	0	0	0	0	0	0	0	0	0	0	0	2473163	
852	1	F	11	N	2500	2	1	69	66	12	14	31	0	0	0	0	0	0	0	0	0	0	0	0	2475784	
853	1	F	11	N	2500	2	1	75	43	5	7	13	0	0	0	0	0	0	0	0	0	0	0	0	2478015	
854	1	F	12	N	2500	6	40	351	136	34	27	43	0	0	0	0	0	0	0	0	0	0	0	0	2487125	
855	1	F	12	N	2500	6	40	211	127	30	23	34	0	0	0	0	0	0	0	0	0	0	0	0	2489496	
856	1	F	12	N	2500	6	40	350	129	30	27	40	0	0	0	0	0	0	0	0	0	0	0	0	2490105	
857	1	F	12	N	2500	0	40	256	120	28	22	37	0	0	0	0	0	0	0	0	0	0	0	0	2490354	
858	1	F	12	N	2500	0	1	309	74	14	12	18	0	0	0	0	0	0	0	0	0	0	0	0	2490697	
859	1	F	12	N	2500	0	40	371	129	28	24	30	0	0	0	0	0	0	0	0	0	0	0	0	2490994	
860	1	F	12	N	2500	0	40	345	123	30	23	36	0	0	0	0	0	0	0	0	0	0	0	0	2491509	
861	1	F	12	N	2500	0	1	226	95	23	19	26	0	0	0	0	0	0	0	0	0	0	0	0	2492382	
862	1	F	12	N	2500	0	1	193	83	20	15	22	0	0	0	0	0	0	0	0	0	0	0	0	2492616	
863	1	F	12	N	2500	0	40	409	153	42	36	52	0	0	0	0	0	0	0	0	0	0	0	0	2493162	
864	1	F	12	N	2500	0	40	300	119	27	21	30	0	0	0	0	0	0	0	0	0	0	0	0	2493537	
865	1	G	2	N	2500	6	40	339	122	28	26	32	0	0	0	0	0	0	0	0	0	0	0	0	2517888	
866	1	G	2	N	2500	6	40	285	125	28	25	33	0	0	0	0	0	0	0	0	0	0	0	0	2518200	
867	1	G	2	N	2500	6	40	364	137	34	24	36	0	0	0	0	0	0	0	0	0	0	0	0	2518824	
868	1	G	2	N	2500	0	1	75	29	6	6	14	0	0	0	0	0	0	0	0	0	0	0	0	2519885	
869	1	G	2	N	2500	0	1	111	41	76	111	159	0	0	0	0	0	0	0	0	0	0	0	0	2519932	
870	1	G	2	N	2500	0	40	330	120	32	26	35	0	0	0	0	0	0	0	0	0	0	0	0	2520166	
871	1	G	2	N	2500	0	40	260	142	43	38	54	0	0	0	0	0	0	0	0	0	0	0	0	2524316	
872	1	G	4	N	2500	2	1	77	25	40	58	96	0	0	0	0	0	0	0	0	0	0	0	0	2546046	
873	1	G	4	N	2500	2	1	52	15	4	4	5	0	0	0	0	0	0	0	0	0	0	0	0	2546296	
874	1	G	4	N	2500	6	40	225	110	34	23	35	0	0	0	0	0	0	0	0	0	0	0	0	2546904	
875	1	G	4	N	2500	2	1	107	53	137	149	161	0	0	0	0	0	0	0	0	0	0	0	0	2548199	
876	1	G	4	N	2500	6	40	301	163	41	33	44	0	0	0	0	0	0	0	0	0	0	0	0	2549790	
877	1	G	4	N	2500	4	40	316	110	28	24	36	0	0	0	0	0	0	0	0	0	0	0	0	2551101	
878	1	G	4	N	2500	2	1	98	30	5	5	9	0	0	0	0	0	0	0	0	0	0	0	0	2551101	
879	1	G	4	N	2500	6	40	253	124	29	28	40	0	0	0	0	0	0	0	0	0	0	0	0	2552411	
880	1	G	6	N	2500	6	40	371	190	56	52	75	0	0	0	0	0	0	0	0	0	0	0	0	2574657	
881	1	G	6	N	2500	6	40	281	134	37	34	51	0	0	0	0	0	0	0	0	0	0	0	0	2575218	
882	1	G	6	N	2500	6	40	406	161	46	43	63	0	0	0	0	0	0	0	0	0	0	0	0	2575328	
883	1	G	6	N	2500	0	40	344	131	34	30	49	0	0	0	0	0	0	0	0	0	0	0	0	2575406	
884	1	G	6	N	2500	0	40	209	118	32	28	45	0	0	0	0	0	0	0	0	0	0	0	0	2575452	
885	1	G	6	N	2500	0	40	324	146	40	35	55	0	0	0	0	0	0	0	0	0	0	0	0	2576045	
886	1	G	6	N	2500	0	40	226	159	42	41	53	0	0	0	0	0	0	0	0	0	0	0	0	2576045	
887	1	G	6	N	2500	0	40	267	182	51	44	55	0	0	0	0	0	0	0	0	0	0	0	0	2576092	
888	1	G	6	N	2500	0	40	307	124	31	28	37	0	0	0	0	0	0	0	0	0	0	0	0	2576139	
889	1	G	6	N	2500	0	40	356	123	31	29	39	0	0	0	0	0	0	0	0	0	0	0	0	2576154	
890	1	G	6	N	2500	0	40	398	135	32	28	42	0	0	0	0	0	0	0	0	0	0	0	0	2576201	
891	1	G	6	N	2500	0	40	218	150	43	37	55	0	0	0	0	0	0	0	0	0	0	0	0	2576310	
892	1	G	6	N	2500	0	40	365	165	48	47	74	0	0	0	0	0	0	0	0	0	0	0	0	2576716	
893	1	G	6	N	2500	0	40	303	122	26	24	35	0	0	0	0	0	0	0	0	0	0	0	0	2576825	
894	1	G	6	N	2500	0	40	381	125	35	31	42	0	0	0	0	0	0	0	0	0	0	0	0	2576966	
895	1	G	6	N	2500	0	1	259	86	18	16	27	0	0	0	0	0	0	0	0	0	0	0	0	2577028	
896	1	G	6	N	2500	0	40	371	166	48	42	57	0	0	0	0	0	0	0	0	0	0	0	0	2577044	
897	1	G	6	N	2500	0	40	443	147	43	33	52	0	0	0	0	0	0	0	0	0	0	0	0	2577075	
898	1	G	6	N	2500	0	40	412	150	38	36	48	0	0	0	0	0	0	0	0	0	0	0	0	2577215	
899	1	G	6	N	2500	0	1	168	65	22	20	26	0	0	0	0	0	0	0	0	0	0	0	0	2577231	
900	1	G	6	N	2500	0	40	225	128	36	28	41	0	0	0	0	0	0	0	0	0	0	0	0	2577262	
901	1	G	6	N	2500	0	40	378	134	38	28	46	0	0	0	0	0	0	0	0	0	0	0	0	2577278	
902	1	G	6	N	2500	0	40	409	170	45	41	60	0	0	0	0	0	0	0	0	0	0	0	0	2577278	
903	1	G	6	N	2500	0	40	388	142	37	34	50	0	0	0	0	0	0	0	0	0	0	0	0	2577371	
904	1	G	6	N	2500	0	40	482	177	49	42	59	0	0	0	0	0	0	0	0	0	0	0	0	2577402	
905	1	G	6	N	2500	0	40	396	160	45	39	58	0	0	0	0	0	0	0	0	0	0	0	0	2577465	
906	1	G	6	N	2500	0	40	347	142	36	32	42	0	0	0	0	0	0	0	0	0	0	0	0	2577480	
907	1	G	6	N	2500	0	40	387	153	44	39	56	0	0	0	0	0	0	0	0	0	0	0	0	2577496	
908	1	G	6	N	2500	0	40	450	185	56	52	73	0	0	0	0	0	0	0	0	0	0	0	0	2577512	
909	1	G	6	N	2500	0	40	383	143	34	31	47	0	0	0	0	0	0	0	0	0	0	0	0	2577512	
910	1	G	6	N	2500	0	40	342	128	35	31	43	0	0	0	0	0	0	0	0	0	0	0	0	2577512	
911	1	G	6	N	2500	0	40	468	171	45	42	72	0	0	0	0	0	0	0	0	0	0	0	0	2577527	
912	1	G	6	N	2500	0	40	195	123	32	30	44	0	0	0	0	0	0	0	0	0	0	0	0	2577621	
913	1	G	6	N	2500	0	40	227	124	38	30	35	0	0	0	0	0	0	0	0	0	0	0	0	2577636	
914	1	G	6	N	2500	0	40	350	127	34	29	43	0	0	0	0	0	0	0	0	0	0	0	0	2577746	
915	1	G	6	N	2500	0	40	322	115	28	21	31	0	0	0	0	0	0	0	0	0	0	0	0	2577792	
916	1	G	6	N	2500	0	40	416	156	41	35	49	0	0	0	0	0	0	0	0	0	0	0	0	2577855	
917	1	G	6	N	2500	0	40	415	171	44	43	68	0	0	0	0	0	0	0	0	0	0	0	0	2577870	
918	1	G	6	N	2500	0	40	363	124	35	31	43	0	0	0	0	0	0	0	0	0	0	0	0	2577870	
919	1	G	6	N	2500	0	40	290	124	35	30	41	0	0	0	0	0	0	0	0	0	0	0	0	2577886	
920	1	G	6	N	2500	0	40	284	111	33	30	45	0	0	0	0	0	0	0	0	0	0	0	0	2577964	
921	1	G	6	N	2500	0	40	510	176	43	40	57	0	0	0	0	0	0	0	0	0	0	0	0	2578151	
922	1	G	6	N	2500	0	40	195	118	29	28	36	0	0	0	0	0	0	0	0	0	0	0	0	2578151	
923	1	G	6	N	2500	0	40	426	165	43	45	69	0	0	0	0	0	0	0	0	0	0	0	0	2578276	
924	1	G	6	N	2500	0	40	402	155	42	40	58	0	0	0	0	0	0	0	0	0	0	0	0	2578401	
925	1	G	6	N	2500	0	40	512	198	56	54	86	0	0	0	0	0	0	0	0	0	0	0	0	2578463	
926	1	G	6	N	2500	0	40	452	189	51	47	67	0	0	0	0	0	0	0	0	0	0	0	0	2578510	
927	1	G	6	N	2500	0	40	270	151	42	35	52	0	0	0	0	0	0	0	0	0	0	0	0	2578572	
928	1	G	6	N	2500	0	40	380	143	39	34	48	0	0	0	0	0	0	0	0	0	0	0	0	2578588	
929	1	G	6	N	2500	0	40	336	124	33	27	38	0	0	0	0	0	0	0	0	0	0	0	0	2578682	
930	1	G	6	N	2500	0	40	307	127	33	29	45	0	0	0	0	0	0	0	0	0	0	0	0	2578838	
931	1	G	6	N	2500	0	40	194	131	40	31	47	0	0	0	0	0	0	0	0	0	0	0	0	2578962	
932	1	G	6	N	2500	0	40	383	145	37	33	46	0	0	0	0	0	0	0	0	0	0	0	0	2579025	
933	1	G	6	N	2500	0	40	251	107	21	17	25	0	0	0	0	0	0	0	0	0	0	0	0	2579025	
934	1	G	6	N	2500	0	40	381	140	35	30	40	0	0	0	0	0	0	0	0	0	0	0	0	2579134	
935	1	G	6	N	2500	0	40	394	161	46	40	54	0	0	0	0	0	0	0	0	0	0	0	0	2579165	
936	1	G	6	N	2500	0	40	386	131	34	27	43	0	0	0	0	0	0	0	0	0	0	0	0	2579243	
937	1	G	6	N	2500	0	40	222	117	32	24	36	0	0	0	0	0	0	0	0	0	0	0	0	2579243	
938	1	G	6	N	2500	0	40	463	182	48	44	66	0	0	0	0	0	0	0	0	0	0	0	0	2579259	
939	1	G	6	N	2500	0	40	434	184	52	44	60	0	0	0	0	0	0	0	0	0	0	0	0	2579274	
940	1	G	6	N	2500	0	40	206	114	32	28	44	0	0	0	0	0	0	0	0	0	0	0	0	2579399	
941	1	G	6	N	2500	0	40	423	210	61	57	76	0	0	0	0	0	0	0	0	0	0	0	0	2579446	
942	1	G	6	N	2500	0	40	337	142	35	32	51	0	0	0	0	0	0	0	0	0	0	0	0	2579446	
943	1	G	6	N	2500	0	1	149	32	3	4	6	0	0	0	0	0	0	0	0	0	0	0	0	2579508	
944	1	G	6	N	2500	0	40	370	157	50	47	66	0	0	0	0	0	0	0	0	0	0	0	0	2579555	
945	1	G	6	N	2500	0	40	318	100	21	17	26	0	0	0	0	0	0	0	0	0	0	0	0	2579602	
946	1	G	6	N	2500	0	40	355	122	31	27	43	0	0	0	0	0	0	0	0	0	0	0	0	2579711	
947	1	G	6	N	2500	0	40	293	151	42	36	52	0	0	0	0	0	0	0	0	0	0	0	0	2579727	
948	1	G	6	N	2500	0	40	388	161	43	41	54	0	0	0	0	0	0	0	0	0	0	0	0	2579742	
949	1	G	6	N	2500	0	40	399	189	61	52	69	0	0	0	0	0	0	0	0	0	0	0	0	2579758	
950	1	G	6	N	2500	0	2	166	121	38	32	41	0	0	0	0	0	0	0	0	0	0	0	0	2579774	
951	1	G	6	N	2500	0	1	172	65	23	19	27	0	0	0	0	0	0	0	0	0	0	0	0	2579820	
952	1	G	6	N	2500	0	40	475	205	61	53	74	0	0	0	0	0	0	0	0	0	0	0	0	2579820	
953	1	G	6	N	2500	0	40	368	135	33	28	39	0	0	0	0	0	0	0	0	0	0	0	0	2579867	
954	1	G	6	N	2500	0	40	252	141	41	41	57	0	0	0	0	0	0	0	0	0	0	0	0	2579867	
955	1	G	6	N	2500	0	40	430	177	49	44	62	0	0	0	0	0	0	0	0	0	0	0	0	2579883	
956	1	G	6	N	2500	0	40	415	154	42	38	53	0	0	0	0	0	0	0	0	0	0	0	0	2580008	
957	1	G	6	N	2500	0	40	408	159	44	40	55	0	0	0	0	0	0	0	0	0	0	0	0	2580023	
958	1	G	6	N	2500	0	40	478	188	47	46	64	0	0	0	0	0	0	0	0	0	0	0	0	2580023	
959	1	G	6	N	2500	0	40	386	173	45	45	64	0	0	0	0	0	0	0	0	0	0	0	0	2580039	
960	1	G	6	N	2500	0	1	231	90	22	17	26	0	0	0	0	0	0	0	0	0	0	0	0	2580117	
961	1	G	6	N	2500	0	40	396	148	42	36	53	0	0	0	0	0	0	0	0	0	0	0	0	2580304	
962	1	G	6	N	2500	0	40	237	133	45	42	60	0	0	0	0	0	0	0	0	0	0	0	0	2580351	
963	1	G	6	N	2500	0	40	411	144	42	30	49	0	0	0	0	0	0	0	0	0	0	0	0	2580351	
964	1	G	6	N	2500	0	40	328	128	33	27	39	0	0	0	0	0	0	0	0	0	0	0	0	2580429	
965	1	G	6	N	2500	0	40	405	165	45	42	61	0	0	0	0	0	0	0	0	0	0	0	0	2580460	
966	1	G	6	N	2500	0	40	312	104	26	19	25	0	0	0	0	0	0	0	0	0	0	0	0	2580476	
967	1	G	6	N	2500	0	40	367	129	31	28	39	0	0	0	0	0	0	0	0	0	0	0	0	2580491	
968	1	G	6	N	2500	0	1	167	53	11	12	24	0	0	0	0	0	0	0	0	0	0	0	0	2580538	
969	1	G	6	N	2500	0	40	453	159	40	36	60	0	0	0	0	0	0	0	0	0	0	0	0	2580647	
970	1	G	6	N	2500	0	40	397	181	52	51	78	0	0	0	0	0	0	0	0	0	0	0	0	2580710	
971	1	G	6	N	2500	0	40	224	134	32	31	43	0	0	0	0	0	0	0	0	0	0	0	0	2580788	
972	1	G	6	N	2500	0	40	483	178	46	39	53	0	0	0	0	0	0	0	0	0	0	0	0	2580834	
973	1	G	6	N	2500	0	40	456	192	56	49	68	0	0	0	0	0	0	0	0	0	0	0	0	2580866	
974	1	G	6	N	2500	0	40	245	126	28	23	34	0	0	0	0	0	0	0	0	0	0	0	0	2580912	
975	1	G	6	N	2500	0	40	355	127	32	28	45	0	0	0	0	0	0	0	0	0	0	0	0	2580975	
976	1	G	6	N	2500	0	40	473	201	53	45	65	0	0	0	0	0	0	0	0	0	0	0	0	2581224	
977	1	G	6	N	2500	0	40	315	177	54	53	90	0	0	0	0	0	0	0	0	0	0	0	0	2581396	
978	1	G	6	N	2500	0	40	396	138	36	32	43	0	0	0	0	0	0	0	0	0	0	0	0	2581536	
979	1	G	6	N	2500	0	40	259	153	42	39	54	0	0	0	0	0	0	0	0	0	0	0	0	2581692	
980	1	G	6	N	2500	0	40	322	156	41	31	44	0	0	0	0	0	0	0	0	0	0	0	0	2582036	
981	1	G	7	N	2500	6	40	259	159	42	36	49	0	0	0	0	0	0	0	0	0	0	0	0	2596076	
982	1	G	8	N	2500	2	1	237	74	18	14	18	0	0	0	0	0	0	0	0	0	0	0	0	2603985	
983	1	G	8	N	2500	6	40	311	114	27	21	31	0	0	0	0	0	0	0	0	0	0	0	0	2604484	
984	1	G	8	N	2500	6	40	402	167	39	35	51	0	0	0	0	0	0	0	0	0	0	0	0	2605170	
985	1	G	8	N	2500	6	40	364	148	40	34	48	0	0	0	0	0	0	0	0	0	0	0	0	2605748	
986	1	G	8	N	2500	0	40	330	138	33	27	38	0	0	0	0	0	0	0	0	0	0	0	0	2605826	
987	1	G	8	N	2500	0	1	93	35	75	109	134	0	0	0	0	0	0	0	0	0	0	0	0	2606309	
988	1	G	8	N	2500	0	40	253	122	28	25	36	0	0	0	0	0	0	0	0	0	0	0	0	2606621	
989	1	G	8	N	2500	0	40	399	148	44	34	50	0	0	0	0	0	0	0	0	0	0	0	0	2608368	
990	1	G	8	N	2500	0	40	407	155	41	34	51	0	0	0	0	0	0	0	0	0	0	0	0	2608946	
991	1	G	8	N	2500	0	40	225	109	32	26	34	0	0	0	0	0	0	0	0	0	0	0	0	2609601	
992	1	G	8	N	2500	0	40	400	155	41	32	46	0	0	0	0	0	0	0	0	0	0	0	0	2609632	
993	1	G	10	N	2500	6	40	348	146	33	31	42	0	0	0	0	0	0	0	0	0	0	0	0	2632502	
994	1	G	10	N	2500	6	40	356	124	28	23	35	0	0	0	0	0	0	0	0	0	0	0	0	2632673	
995	1	G	10	N	2500	2	1	157	85	27	22	33	0	0	0	0	0	0	0	0	0	0	0	0	2633687	
996	1	G	10	N	2500	6	40	394	155	45	35	48	0	0	0	0	0	0	0	0	0	0	0	0	2633719	
997	1	G	10	N	2500	0	40	331	117	30	23	35	0	0	0	0	0	0	0	0	0	0	0	0	2633937	
998	1	G	10	N	2500	0	1	124	29	4	4	6	0	0	0	0	0	0	0	0	0	0	0	0	2633984	
999	1	G	10	N	2500	0	40	247	142	45	32	43	0	0	0	0	0	0	0	0	0	0	0	0	2634233	
1000	1	G	10	N	2500	0	40	411	140	32	26	37	0	0	0	0	0	0	0	0	0	0	0	0	2634327	
1001	1	G	10	N	2500	0	1	92	34	8	9	12	0	0	0	0	0	0	0	0	0	0	0	0	2634421	
1002	1	G	10	N	2500	0	1	203	86	20	16	23	0	0	0	0	0	0	0	0	0	0	0	0	2634421	
1003	1	G	10	N	2500	0	40	429	158	38	32	43	0	0	0	0	0	0	0	0	0	0	0	0	2634530	
1004	1	G	10	N	2500	0	40	354	161	42	33	46	0	0	0	0	0	0	0	0	0	0	0	0	2634826	
1005	1	G	10	N	2500	0	40	228	137	35	26	37	0	0	0	0	0	0	0	0	0	0	0	0	2634826	
1006	1	G	10	N	2500	0	40	345	116	29	23	31	0	0	0	0	0	0	0	0	0	0	0	0	2635045	
1007	1	G	10	N	2500	0	40	440	180	49	37	57	0	0	0	0	0	0	0	0	0	0	0	0	2635107	
1008	1	G	10	N	2500	0	40	284	158	40	38	54	0	0	0	0	0	0	0	0	0	0	0	0	2635154	
1009	1	G	10	N	2500	0	40	292	96	25	20	25	0	0	0	0	0	0	0	0	0	0	0	0	2635310	
1010	1	G	10	N	2500	0	1	109	30	5	4	8	0	0	0	0	0	0	0	0	0	0	0	0	2635325	
1011	1	G	10	N	2500	0	40	358	128	32	25	38	0	0	0	0	0	0	0	0	0	0	0	0	2635481	
1012	1	G	10	N	2500	0	40	367	137	31	26	35	0	0	0	0	0	0	0	0	0	0	0	0	2635981	
1013	1	G	10	N	2500	0	40	307	115	27	22	35	0	0	0	0	0	0	0	0	0	0	0	0	2636012	
1014	1	G	10	N	2500	0	40	385	135	31	25	36	0	0	0	0	0	0	0	0	0	0	0	0	2636324	
1015	1	G	10	N	2500	0	40	390	125	31	24	38	0	0	0	0	0	0	0	0	0	0	0	0	2636417	
1016	1	G	10	N	2500	0	40	291	114	26	23	34	0	0	0	0	0	0	0	0	0	0	0	0	2636558	
1017	1	G	10	N	2500	0	40	330	117	29	23	30	0	0	0	0	0	0	0	0	0	0	0	0	2637135	
1018	1	G	10	N	2500	0	40	292	129	30	26	37	0	0	0	0	0	0	0	0	0	0	0	0	2637915	
1019	1	G	10	N	2500	0	40	279	141	31	27	37	0	0	0	0	0	0	0	0	0	0	0	0	2638211	
1020	1	G	10	N	2500	0	1	509	173	46	35	53	0	0	0	0	0	0	0	0	0	0	0	0	2638445	
1021	1	G	10	N	2500	0	40	362	147	34	30	44	0	0	0	0	0	0	0	0	0	0	0	0	2638586	
1022	1	G	10	N	2500	0	40	311	140	40	31	42	0	0	0	0	0	0	0	0	0	0	0	0	2638664	
1023	1	G	10	N	2500	0	40	379	130	36	27	42	0	0	0	0	0	0	0	0	0	0	0	0	2638679	
1024	1	G	10	N	2500	0	1	158	107	25	18	29	0	0	0	0	0	0	0	0	0	0	0	0	2638867	
1025	1	G	10	N	2500	0	40	352	116	29	21	35	0	0	0	0	0	0	0	0	0	0	0	0	2638991	
1026	1	G	10	N	2500	0	40	260	106	25	19	28	0	0	0	0	0	0	0	0	0	0	0	0	2639069	
1027	1	G	10	N	2500	0	40	337	114	28	20	28	0	0	0	0	0	0	0	0	0	0	0	0	2639132	
1028	1	G	10	N	2500	0	40	307	164	45	38	55	0	0	0	0	0	0	0	0	0	0	0	0	2639179	
1029	1	G	10	N	2500	0	40	310	137	38	28	37	0	0	0	0	0	0	0	0	0	0	0	0	2639257	
1030	1	G	10	N	2500	0	40	380	135	34	26	34	0	0	0	0	0	0	0	0	0	0	0	0	2639319	
1031	1	G	11	N	2500	2	1	534	144	36	25	36	0	0	0	0	0	0	0	0	0	0	0	0	2649365	
1032	1	G	11	N	2500	6	40	279	135	34	27	38	0	0	0	0	0	0	0	0	0	0	0	0	2652251	
1033	1	G	12	N	2500	6	40	349	142	36	34	44	0	0	0	0	0	0	0	0	0	0	0	0	2661019	
1034	1	G	12	N	2500	6	40	246	111	31	30	46	0	0	0	0	0	0	0	0	0	0	0	0	2661050	
1035	1	G	12	N	2500	6	40	294	118	35	30	44	0	0	0	0	0	0	0	0	0	0	0	0	2661237	
1036	1	G	12	N	2500	0	40	317	159	42	43	60	0	0	0	0	0	0	0	0	0	0	0	0	2661377	
1037	1	G	12	N	2500	0	40	379	147	35	33	53	0	0	0	0	0	0	0	0	0	0	0	0	2661424	
1038	1	G	12	N	2500	0	40	396	163	44	40	58	0	0	0	0	0	0	0	0	0	0	0	0	2661861	
1039	1	G	12	N	2500	0	40	236	126	38	34	48	0	0	0	0	0	0	0	0	0	0	0	0	2662220	
1040	1	G	12	N	2500	0	40	203	123	36	34	49	0	0	0	0	0	0	0	0	0	0	0	0	2662313	
1041	1	G	12	N	2500	0	40	400	149	35	33	44	0	0	0	0	0	0	0	0	0	0	0	0	2662407	
1042	1	G	12	N	2500	0	40	319	126	31	28	43	0	0	0	0	0	0	0	0	0	0	0	0	2662579	
1043	1	G	12	N	2500	0	40	230	134	41	39	52	0	0	0	0	0	0	0	0	0	0	0	0	2662657	
1044	1	G	12	N	2500	0	40	318	117	27	26	38	0	0	0	0	0	0	0	0	0	0	0	0	2663078	
1045	1	G	12	N	2500	0	40	291	125	32	29	40	0	0	0	0	0	0	0	0	0	0	0	0	2663093	
1046	1	G	12	N	2500	0	40	277	186	50	48	69	0	0	0	0	0	0	0	0	0	0	0	0	2663499	
1047	1	G	12	N	2500	0	40	316	112	31	27	36	0	0	0	0	0	0	0	0	0	0	0	0	2663624	
1048	1	G	12	N	2500	0	40	351	121	33	29	43	0	0	0	0	0	0	0	0	0	0	0	0	2663733	
1049	1	G	12	N	2500	0	1	152	52	26	29	78	0	0	0	0	0	0	0	0	0	0	0	0	2663811	
1050	1	G	12	N	2500	0	40	373	144	40	35	52	0	0	0	0	0	0	0	0	0	0	0	0	2663827	
1051	1	G	12	N	2500	0	40	348	116	31	26	43	0	0	0	0	0	0	0	0	0	0	0	0	2664263	
1052	1	G	12	N	2500	0	40	344	139	37	35	53	0	0	0	0	0	0	0	0	0	0	0	0	2664295	
1053	1	G	12	N	2500	0	40	196	132	44	37	47	0	0	0	0	0	0	0	0	0	0	0	0	2664310	
1054	1	G	12	N	2500	0	1	187	112	31	30	42	0	0	0	0	0	0	0	0	0	0	0	0	2664326	
1055	1	G	12	N	2500	0	40	256	127	38	30	41	0	0	0	0	0	0	0	0	0	0	0	0	2664341	
1056	1	G	12	N	2500	0	40	337	111	27	25	38	0	0	0	0	0	0	0	0	0	0	0	0	2664497	
1057	1	G	12	N	2500	0	40	183	129	45	42	60	0	0	0	0	0	0	0	0	0	0	0	0	2664497	
1058	1	G	12	N	2500	0	40	339	133	35	34	55	0	0	0	0	0	0	0	0	0	0	0	0	2664809	
1059	1	G	12	N	2500	0	40	293	120	37	32	43	0	0	0	0	0	0	0	0	0	0	0	0	2664950	
1060	1	G	12	N	2500	0	40	401	169	47	43	65	0	0	0	0	0	0	0	0	0	0	0	0	2665012	
1061	1	G	12	N	2500	0	40	206	128	34	34	44	0	0	0	0	0	0	0	0	0	0	0	0	2665090	
1062	1	G	12	N	2500	0	40	219	121	34	24	33	0	0	0	0	0	0	0	0	0	0	0	0	2665215	
1063	1	G	12	N	2500	0	40	371	138	37	35	47	0	0	0	0	0	0	0	0	0	0	0	0	2665277	
1064	1	G	12	N	2500	0	40	387	148	41	33	52	0	0	0	0	0	0	0	0	0	0	0	0	2665761	
1065	1	G	12	N	2500	0	40	250	146	38	38	55	0	0	0	0	0	0	0	0	0	0	0	0	2665808	
1066	1	G	12	N	2500	0	40	355	138	40	36	51	0	0	0	0	0	0	0	0	0	0	0	0	2665948	
1067	1	G	12	N	2500	0	40	330	143	39	32	45	0	0	0	0	0	0	0	0	0	0	0	0	2665979	
1068	1	G	12	N	2500	0	40	362	138	38	31	46	0	0	0	0	0	0	0	0	0	0	0	0	2666167	
1069	1	G	12	N	2500	0	40	362	124	33	30	46	0	0	0	0	0	0	0	0	0	0	0	0	2666198	
1070	1	G	12	N	2500	0	40	330	132	39	29	47	0	0	0	0	0	0	0	0	0	0	0	0	2666229	
1071	1	G	12	N	2500	0	40	410	162	40	38	53	0	0	0	0	0	0	0	0	0	0	0	0	2666276	
1072	1	G	12	N	2500	0	40	400	165	47	46	78	0	0	0	0	0	0	0	0	0	0	0	0	2666307	
1073	1	G	12	N	2500	0	40	388	137	38	37	52	0	0	0	0	0	0	0	0	0	0	0	0	2666369	
1074	1	G	12	N	2500	0	40	382	155	42	39	65	0	0	0	0	0	0	0	0	0	0	0	0	2666385	
1075	1	G	12	N	2500	0	40	279	146	40	37	55	0	0	0	0	0	0	0	0	0	0	0	0	2666447	
1076	1	G	12	N	2500	0	40	284	116	30	27	40	0	0	0	0	0	0	0	0	0	0	0	0	2666479	
1077	1	G	12	N	2500	0	40	327	134	36	33	47	0	0	0	0	0	0	0	0	0	0	0	0	2666494	
1078	1	G	12	N	2500	0	40	418	165	46	40	60	0	0	0	0	0	0	0	0	0	0	0	0	2666666	
1079	1	G	12	N	2500	0	40	369	137	34	30	46	0	0	0	0	0	0	0	0	0	0	0	0	2666681	
1080	1	G	12	N	2500	0	40	340	126	32	31	45	0	0	0	0	0	0	0	0	0	0	0	0	2666697	
1081	1	G	12	N	2500	0	40	375	157	45	40	61	0	0	0	0	0	0	0	0	0	0	0	0	2666791	
1082	1	G	12	N	2500	0	40	344	127	32	30	40	0	0	0	0	0	0	0	0	0	0	0	0	2666822	
1083	1	G	12	N	2500	0	40	333	138	35	33	50	0	0	0	0	0	0	0	0	0	0	0	0	2666837	
1084	1	G	12	N	2500	0	40	220	127	36	31	44	0	0	0	0	0	0	0	0	0	0	0	0	2666993	
1085	1	G	12	N	2500	0	40	264	140	38	35	52	0	0	0	0	0	0	0	0	0	0	0	0	2667009	
1086	1	G	12	N	2500	0	40	345	126	35	31	47	0	0	0	0	0	0	0	0	0	0	0	0	2667071	
1087	1	G	12	N	2500	0	40	383	142	41	37	57	0	0	0	0	0	0	0	0	0	0	0	0	2667321	
1088	1	G	12	N	2500	0	40	370	119	29	29	43	0	0	0	0	0	0	0	0	0	0	0	0	2667539	
1089	1	G	12	N	2500	0	40	399	147	37	36	46	0	0	0	0	0	0	0	0	0	0	0	0	2667633	
1090	1	G	12	N	2500	0	40	391	155	46	44	65	0	0	0	0	0	0	0	0	0	0	0	0	2668085	
1091	1	G	12	N	2500	0	40	374	146	36	33	55	0	0	0	0	0	0	0	0	0	0	0	0	2668101	
1092	1	G	12	N	2500	0	40	205	111	28	26	35	0	0	0	0	0	0	0	0	0	0	0	0	2668210	
1093	1	H	1	N	2500	6	40	348	139	34	32	50	0	0	0	0	0	0	0	0	0	0	0	0	2677617	
1094	1	H	1	N	2500	2	1	60	28	20	2	4	0	0	0	0	0	0	0	0	0	0	0	0	2679692	
1095	1	H	1	N	2500	6	40	385	162	52	43	59	0	0	0	0	0	0	0	0	0	0	0	0	2681673	
1096	1	H	2	N	2500	6	40	387	173	44	38	57	0	0	0	0	0	0	0	0	0	0	0	0	2691501	
1097	1	H	2	N	2500	6	40	232	109	33	26	36	0	0	0	0	0	0	0	0	0	0	0	0	2691813	
1098	1	H	2	N	2500	6	40	242	149	40	35	47	0	0	0	0	0	0	0	0	0	0	0	0	2692359	
1099	1	H	2	N	2500	0	1	93	23	8	11	25	0	0	0	0	0	0	0	0	0	0	0	0	2693357	
1100	1	H	2	N	2500	0	40	369	157	42	36	54	0	0	0	0	0	0	0	0	0	0	0	0	2693451	
1101	1	H	2	N	2500	0	40	363	131	32	25	35	0	0	0	0	0	0	0	0	0	0	0	0	2693498	
1102	1	H	2	N	2500	0	40	315	121	30	29	45	0	0	0	0	0	0	0	0	0	0	0	0	2693654	
1103	1	H	2	N	2500	0	40	282	119	33	30	46	0	0	0	0	0	0	0	0	0	0	0	0	2693732	
1104	1	H	2	N	2500	0	40	400	173	53	44	63	0	0	0	0	0	0	0	0	0	0	0	0	2693779	
1105	1	H	2	N	2500	0	40	357	164	45	38	65	0	0	0	0	0	0	0	0	0	0	0	0	2693841	
1106	1	H	2	N	2500	0	40	369	149	38	34	52	0	0	0	0	0	0	0	0	0	0	0	0	2693919	
1107	1	H	2	N	2500	0	40	242	104	31	27	41	0	0	0	0	0	0	0	0	0	0	0	0	2694184	
1108	1	H	2	N	2500	0	40	318	140	37	34	51	0	0	0	0	0	0	0	0	0	0	0	0	2694184	
1109	1	H	2	N	2500	0	40	324	124	33	30	40	0	0	0	0	0	0	0	0	0	0	0	0	2694730	
1110	1	H	2	N	2500	0	40	235	137	33	27	40	0	0	0	0	0	0	0	0	0	0	0	0	2695307	
1111	1	H	2	N	2500	0	40	244	118	32	26	38	0	0	0	0	0	0	0	0	0	0	0	0	2695370	
1112	1	H	2	N	2500	0	40	262	142	38	35	52	0	0	0	0	0	0	0	0	0	0	0	0	2695385	
1113	1	H	2	N	2500	0	40	369	144	37	35	49	0	0	0	0	0	0	0	0	0	0	0	0	2695401	
1114	1	H	2	N	2500	0	1	88	21	7	4	7	0	0	0	0	0	0	0	0	0	0	0	0	2695744	
1115	1	H	2	N	2500	0	40	363	160	48	38	55	0	0	0	0	0	0	0	0	0	0	0	0	2696150	
1116	1	H	2	N	2500	0	40	203	124	39	30	43	0	0	0	0	0	0	0	0	0	0	0	0	2696228	
1117	1	H	2	N	2500	0	40	405	166	43	38	57	0	0	0	0	0	0	0	0	0	0	0	0	2696743	
1118	1	H	2	N	2500	0	1	74	16	4	2	7	0	0	0	0	0	0	0	0	0	0	0	0	2697429	
1119	1	H	2	N	2500	0	1	161	106	23	19	29	0	0	0	0	0	0	0	0	0	0	0	0	2698037	
1120	1	H	2	N	2500	0	1	52	8	1	2	5	0	0	0	0	0	0	0	0	0	0	0	0	2698178	
1121	1	H	4	N	2500	2	1	125	30	8	8	16	0	0	0	0	0	0	0	0	0	0	0	0	2720314	
1122	1	H	4	N	2500	6	40	317	168	42	38	49	0	0	0	0	0	0	0	0	0	0	0	0	2720361	
1123	1	H	4	N	2500	6	40	251	129	32	29	39	0	0	0	0	0	0	0	0	0	0	0	0	2720595	
1124	1	H	4	N	2500	6	40	222	139	42	33	53	0	0	0	0	0	0	0	0	0	0	0	0	2720689	
1125	1	H	4	N	2500	0	40	281	114	32	30	41	0	0	0	0	0	0	0	0	0	0	0	0	2720985	
1126	1	H	4	N	2500	0	40	300	134	31	28	37	0	0	0	0	0	0	0	0	0	0	0	0	2720985	
1127	1	H	4	N	2500	0	1	158	115	39	32	49	0	0	0	0	0	0	0	0	0	0	0	0	2721531	
1128	1	H	4	N	2500	0	40	292	209	64	53	79	0	0	0	0	0	0	0	0	0	0	0	0	2721578	
1129	1	H	4	N	2500	0	40	351	142	34	30	40	0	0	0	0	0	0	0	0	0	0	0	0	2721796	
1130	1	H	4	N	2500	0	40	380	143	34	29	44	0	0	0	0	0	0	0	0	0	0	0	0	2722763	
1131	1	H	4	N	2500	0	40	396	170	46	37	53	0	0	0	0	0	0	0	0	0	0	0	0	2722888	
1132	1	H	4	N	2500	0	1	178	55	11	12	24	0	0	0	0	0	0	0	0	0	0	0	0	2723200	
1133	1	H	4	N	2500	0	40	373	139	34	29	43	0	0	0	0	0	0	0	0	0	0	0	0	2723387	
1134	1	H	4	N	2500	0	40	347	155	37	32	46	0	0	0	0	0	0	0	0	0	0	0	0	2723606	
1135	1	H	4	N	2500	0	40	267	139	38	34	44	0	0	0	0	0	0	0	0	0	0	0	0	2723684	
1136	1	H	4	N	2500	0	40	336	166	50	43	65	0	0	0	0	0	0	0	0	0	0	0	0	2723840	
1137	1	H	4	N	2500	0	40	409	171	44	37	49	0	0	0	0	0	0	0	0	0	0	0	0	2724074	
1138	1	H	4	N	2500	0	1	252	85	20	15	21	0	0	0	0	0	0	0	0	0	0	0	0	2724869	
1139	1	H	4	N	2500	0	40	369	153	38	34	44	0	0	0	0	0	0	0	0	0	0	0	0	2724979	
1140	1	H	4	N	2500	0	40	305	132	39	28	45	0	0	0	0	0	0	0	0	0	0	0	0	2725400	
1141	1	H	4	N	2500	0	1	52	8	2	3	9	0	0	0	0	0	0	0	0	0	0	0	0	2725431	
1142	1	H	4	N	2500	0	40	216	107	32	27	38	0	0	0	0	0	0	0	0	0	0	0	0	2725509	
1143	1	H	4	N	2500	0	40	322	167	50	39	57	0	0	0	0	0	0	0	0	0	0	0	0	2725525	
1144	1	H	4	N	2500	0	40	338	140	35	29	45	0	0	0	0	0	0	0	0	0	0	0	0	2725525	
1145	1	H	4	N	2500	0	40	303	161	48	46	72	0	0	0	0	0	0	0	0	0	0	0	0	2725665	
1146	1	H	4	N	2500	0	1	87	16	6	9	22	0	0	0	0	0	0	0	0	0	0	0	0	2726242	
1147	1	H	4	N	2500	0	40	407	151	40	32	50	0	0	0	0	0	0	0	0	0	0	0	0	2726242	
1148	1	H	4	N	2500	0	40	357	135	35	27	44	0	0	0	0	0	0	0	0	0	0	0	0	2726320	
1149	1	H	4	N	2500	0	40	373	169	44	44	65	0	0	0	0	0	0	0	0	0	0	0	0	2726367	
1150	1	H	4	N	2500	0	40	366	142	36	30	44	0	0	0	0	0	0	0	0	0	0	0	0	2727350	
1151	1	H	5	N	2500	6	40	413	175	44	34	54	0	0	0	0	0	0	0	0	0	0	0	0	2734526	
1152	1	H	5	N	2500	6	40	382	157	42	36	57	0	0	0	0	0	0	0	0	0	0	0	0	2735056	
1153	1	H	5	N	2500	6	40	204	145	35	32	44	0	0	0	0	0	0	0	0	0	0	0	0	2735212	
1154	1	H	5	N	2500	0	1	195	106	23	22	32	0	0	0	0	0	0	0	0	0	0	0	0	2736086	
1155	1	H	6	N	2500	6	40	285	118	35	27	33	0	0	0	0	0	0	0	0	0	0	0	0	2748613	
1156	1	H	6	N	2500	6	40	309	129	39	31	36	0	0	0	0	0	0	0	0	0	0	0	0	2749798	
1157	1	H	6	N	2500	2	1	98	17	3	3	6	0	0	0	0	0	0	0	0	0	0	0	0	2751702	
1158	1	H	6	N	2500	6	40	340	127	31	27	38	0	0	0	0	0	0	0	0	0	0	0	0	2752201	
1159	1	H	6	N	2500	0	40	223	117	34	25	36	0	0	0	0	0	0	0	0	0	0	0	0	2753433	
1160	1	H	6	N	2500	0	1	53	9	1	1	1	0	0	0	0	0	0	0	0	0	0	0	0	2753480	
1161	1	H	6	N	2500	0	1	92	46	10	9	14	0	0	0	0	0	0	0	0	0	0	0	0	2753480	
1162	1	H	6	N	2500	0	40	328	94	20	16	27	0	0	0	0	0	0	0	0	0	0	0	0	2753979	
1163	1	H	6	N	2500	0	40	322	123	30	24	35	0	0	0	0	0	0	0	0	0	0	0	0	2755742	
1164	1	H	8	N	2500	6	40	278	109	30	25	40	0	0	0	0	0	0	0	0	0	0	0	0	2777520	
1165	1	H	8	N	2500	2	1	77	15	2	1	4	0	0	0	0	0	0	0	0	0	0	0	0	2777676	
1166	1	H	8	N	2500	2	1	65	17	3	2	4	0	0	0	0	0	0	0	0	0	0	0	0	2778019	
1167	1	H	8	N	2500	2	1	205	49	11	9	17	0	0	0	0	0	0	0	0	0	0	0	0	2778658	
1168	1	H	8	N	2500	6	40	310	114	27	22	29	0	0	0	0	0	0	0	0	0	0	0	0	2779204	
1169	1	H	8	N	2500	6	40	320	113	24	19	32	0	0	0	0	0	0	0	0	0	0	0	0	2779392	
1170	1	H	8	N	2500	0	1	277	87	18	14	22	0	0	0	0	0	0	0	0	0	0	0	0	2779548	
1171	1	H	8	N	2500	0	1	120	41	8	4	6	0	0	0	0	0	0	0	0	0	0	0	0	2779969	
1172	1	H	8	N	2500	0	1	196	74	20	13	19	0	0	0	0	0	0	0	0	0	0	0	0	2780062	
1173	1	H	8	N	2500	0	1	238	65	12	10	17	0	0	0	0	0	0	0	0	0	0	0	0	2780203	
1174	1	H	8	N	2500	0	1	56	17	3	4	8	0	0	0	0	0	0	0	0	0	0	0	0	2780421	
1175	1	H	8	N	2500	0	1	179	74	17	13	20	0	0	0	0	0	0	0	0	0	0	0	0	2780686	
1176	1	H	8	N	2500	0	1	58	18	4	5	8	0	0	0	0	0	0	0	0	0	0	0	0	2780764	
1177	1	H	8	N	2500	0	1	148	96	23	20	27	0	0	0	0	0	0	0	0	0	0	0	0	2780905	
1178	1	H	8	N	2500	0	1	58	17	3	3	4	0	0	0	0	0	0	0	0	0	0	0	0	2781092	
1179	1	H	8	N	2500	0	1	140	53	11	8	12	0	0	0	0	0	0	0	0	0	0	0	0	2781092	
1180	1	H	8	N	2500	0	1	85	17	3	4	10	0	0	0	0	0	0	0	0	0	0	0	0	2781544	
1181	1	H	8	N	2500	0	40	342	130	30	24	37	0	0	0	0	0	0	0	0	0	0	0	0	2782449	
1182	1	H	8	N	2500	0	1	177	98	28	20	28	0	0	0	0	0	0	0	0	0	0	0	0	2782792	
1183	1	H	8	N	2500	0	1	84	25	5	4	7	0	0	0	0	0	0	0	0	0	0	0	0	2783853	
1184	1	H	8	N	2500	0	1	181	100	32	23	30	0	0	0	0	0	0	0	0	0	0	0	0	2783978	
1185	1	H	9	N	2500	2	1	93	29	3	3	6	0	0	0	0	0	0	0	0	0	0	0	0	2792527	
1186	1	H	9	N	2500	2	1	212	88	24	16	24	0	0	0	0	0	0	0	0	0	0	0	0	2797550	
1187	1	H	10	N	2500	2	1	192	69	21	17	24	0	0	0	0	0	0	0	0	0	0	0	0	2807316	
1188	1	H	10	N	2500	2	1	80	19	3	3	6	0	0	0	0	0	0	0	0	0	0	0	0	2809016	
1189	1	H	10	N	2500	33	1	140	69	15	13	19	0	0	0	0	0	0	0	0	0	0	0	0	2809016	
1190	1	H	10	N	2500	2	1	76	13	2	2	3	0	0	0	0	0	0	0	0	0	0	0	0	2809359	
1191	1	H	10	N	2500	2	1	246	77	17	12	17	0	0	0	0	0	0	0	0	0	0	0	0	2809359	
1192	1	H	10	N	2500	6	40	373	140	31	23	35	0	0	0	0	0	0	0	0	0	0	0	0	2811699	
1193	1	H	10	N	2500	6	40	337	122	28	20	33	0	0	0	0	0	0	0	0	0	0	0	0	2811746	
1194	1	H	10	N	2500	6	40	294	113	34	27	36	0	0	0	0	0	0	0	0	0	0	0	0	2811840	
1195	1	H	12	N	2500	6	40	330	118	30	23	35	0	0	0	0	0	0	0	0	0	0	0	0	2835505	
1196	1	H	12	N	2500	2	1	233	97	30	25	37	0	0	0	0	0	0	0	0	0	0	0	0	2835676	
1197	1	H	12	N	2500	2	1	74	21	9	1	3	0	0	0	0	0	0	0	0	0	0	0	0	2835676	
1198	1	H	12	N	2500	6	40	274	106	28	24	35	0	0	0	0	0	0	0	0	0	0	0	0	2835848	
1199	1	H	12	N	2500	6	40	301	102	22	19	29	0	0	0	0	0	0	0	0	0	0	0	0	2836113	
1200	1	H	12	N	2500	0	1	197	91	23	16	28	0	0	0	0	0	0	0	0	0	0	0	0	2836176	
1201	1	H	12	N	2500	0	1	175	104	29	25	34	0	0	0	0	0	0	0	0	0	0	0	0	2836753	
1202	1	H	12	N	2500	0	40	302	106	25	23	34	0	0	0	0	0	0	0	0	0	0	0	0	2837049	
1203	1	H	12	N	2500	0	1	171	73	18	18	28	0	0	0	0	0	0	0	0	0	0	0	0	2837346	
1204	1	H	12	N	2500	0	1	99	33	9	5	7	0	0	0	0	0	0	0	0	0	0	0	0	2837439	
1205	1	H	12	N	2500	0	1	62	18	4	3	5	0	0	0	0	0	0	0	0	0	0	0	0	2837736	
1206	1	H	12	N	2500	0	1	123	27	4	4	9	0	0	0	0	0	0	0	0	0	0	0	0	2838375	
1207	1	H	12	N	2500	0	40	277	103	25	20	28	0	0	0	0	0	0	0	0	0	0	0	0	2838796	
1208	1	H	12	N	2500	0	1	161	85	27	24	32	0	0	0	0	0	0	0	0	0	0	0	0	2838874	
1209	1	H	12	N	2500	0	40	379	142	36	30	44	0	0	0	0	0	0	0	0	0	0	0	0	2839233	
1210	1	H	12	N	2500	0	40	356	137	31	28	43	0	0	0	0	0	0	0	0	0	0	0	0	2839249	
1211	1	H	12	N	2500	0	1	160	107	26	24	36	0	0	0	0	0	0	0	0	0	0	0	0	2839264	
1212	1	H	12	N	2500	0	40	328	116	29	21	30	0	0	0	0	0	0	0	0	0	0	0	0	2840481	
1213	1	H	12	N	2500	0	40	316	108	26	22	34	0	0	0	0	0	0	0	0	0	0	0	0	2840590	


Threshold source: EXT,  value 50
Min TOF = 50
EXT signal gain 1.6
Green signal gain 3.0
Yellow signal gain 3.0
Red signal gain 3.0
Green PMT voltage 700
Yellow PMT voltage 700
Red PMT voltage 900
Signal multipliers: 1.0,1.0,1.0,1.0
C:\Users\unionbio\Desktop\COPAS Templates\USE for L4 dispense4.csv