Id	Plate	Row	Column	Clog	Scan rate	Status sort	Status sel	TOF	EXT	Green	Yellow	Red	PH Ext	PW Ext	PC Ext	PH Green	PW Green	PCGreen	PH Yellow	PW Yellow	PCYellow	PH Red	PW Red	PCRed	Time Stamp	
0	1	A	1	N	2500	2	1	91	18	1	1	3	0	0	0	0	0	0	0	0	0	0	0	0	6251271	
1	1	A	1	N	2500	2	1	50	10	4	1	1	0	0	0	0	0	0	0	0	0	0	0	0	6255514	
2	1	A	1	N	2500	2	1	57	16	2	0	2	0	0	0	0	0	0	0	0	0	0	0	0	6255717	
3	1	A	1	N	2500	2	1	61	17	5	4	8	0	0	0	0	0	0	0	0	0	0	0	0	6257636	
4	1	A	2	N	2500	2	1	104	22	11	14	30	0	0	0	0	0	0	0	0	0	0	0	0	6264968	
5	1	A	2	N	2500	6	40	244	163	65	66	107	0	0	0	0	0	0	0	0	0	0	0	0	6265499	
6	1	A	2	N	2500	6	40	204	165	50	37	43	0	0	0	0	0	0	0	0	0	0	0	0	6265514	
7	1	A	2	N	2500	6	40	337	130	32	29	42	0	0	0	0	0	0	0	0	0	0	0	0	6265935	
8	1	A	2	N	2500	0	40	277	132	31	25	42	0	0	0	0	0	0	0	0	0	0	0	0	6266279	
9	1	A	2	N	2500	0	40	412	165	42	34	51	0	0	0	0	0	0	0	0	0	0	0	0	6266544	
10	1	A	2	N	2500	0	40	297	112	26	21	33	0	0	0	0	0	0	0	0	0	0	0	0	6266622	
11	1	A	2	N	2500	0	40	394	143	36	30	44	0	0	0	0	0	0	0	0	0	0	0	0	6267121	
12	1	A	2	N	2500	0	40	360	158	42	33	48	0	0	0	0	0	0	0	0	0	0	0	0	6267776	
13	1	A	2	N	2500	0	40	342	118	27	22	32	0	0	0	0	0	0	0	0	0	0	0	0	6267917	
14	1	A	2	N	2500	0	1	556	245	68	52	73	0	0	0	0	0	0	0	0	0	0	0	0	6267917	
15	1	A	2	N	2500	0	40	267	155	47	33	41	0	0	0	0	0	0	0	0	0	0	0	0	6268119	
16	1	A	2	N	2500	0	40	315	112	25	21	34	0	0	0	0	0	0	0	0	0	0	0	0	6268634	
17	1	A	2	N	2500	0	40	250	129	26	22	32	0	0	0	0	0	0	0	0	0	0	0	0	6269040	
18	1	A	2	N	2500	0	40	429	166	43	34	48	0	0	0	0	0	0	0	0	0	0	0	0	6269071	
19	1	A	2	N	2500	0	1	56	16	7	9	23	0	0	0	0	0	0	0	0	0	0	0	0	6269196	
20	1	A	2	N	2500	0	40	250	148	46	45	70	0	0	0	0	0	0	0	0	0	0	0	0	6269399	
21	1	A	2	N	2500	0	40	369	164	41	32	48	0	0	0	0	0	0	0	0	0	0	0	0	6269570	
22	1	A	2	N	2500	0	40	219	135	40	33	42	0	0	0	0	0	0	0	0	0	0	0	0	6269789	
23	1	A	2	N	2500	0	1	85	23	9	13	30	0	0	0	0	0	0	0	0	0	0	0	0	6270194	
24	1	A	2	N	2500	0	40	422	179	44	36	44	0	0	0	0	0	0	0	0	0	0	0	0	6270506	
25	1	A	2	N	2500	0	40	379	158	42	38	54	0	0	0	0	0	0	0	0	0	0	0	0	6270522	
26	1	A	2	N	2500	0	40	432	201	50	39	59	0	0	0	0	0	0	0	0	0	0	0	0	6270818	
27	1	A	2	N	2500	0	40	328	127	26	20	29	0	0	0	0	0	0	0	0	0	0	0	0	6271739	
28	1	A	3	N	2500	6	40	319	118	26	23	32	0	0	0	0	0	0	0	0	0	0	0	0	6286247	
29	1	A	4	N	2500	2	1	147	97	23	22	33	0	0	0	0	0	0	0	0	0	0	0	0	6294437	
30	1	A	4	N	2500	6	40	311	103	26	19	31	0	0	0	0	0	0	0	0	0	0	0	0	6295014	
31	1	A	4	N	2500	2	1	53	9	2	2	6	0	0	0	0	0	0	0	0	0	0	0	0	6295575	
32	1	A	4	N	2500	6	40	281	126	32	27	36	0	0	0	0	0	0	0	0	0	0	0	0	6295731	
33	1	A	4	N	2500	6	40	285	89	23	16	24	0	0	0	0	0	0	0	0	0	0	0	0	6295747	
34	1	A	4	N	2500	0	1	81	14	2	2	4	0	0	0	0	0	0	0	0	0	0	0	0	6297167	
35	1	A	4	N	2500	0	1	53	13	6	7	16	0	0	0	0	0	0	0	0	0	0	0	0	6297447	
36	1	A	4	N	2500	0	1	276	82	19	16	22	0	0	0	0	0	0	0	0	0	0	0	0	6297541	
37	1	A	4	N	2500	0	40	363	158	43	37	56	0	0	0	0	0	0	0	0	0	0	0	0	6297572	
38	1	A	4	N	2500	0	40	317	90	20	15	22	0	0	0	0	0	0	0	0	0	0	0	0	6297681	
39	1	A	4	N	2500	0	40	367	148	38	34	55	0	0	0	0	0	0	0	0	0	0	0	0	6298103	
40	1	A	4	N	2500	0	1	122	82	23	16	23	0	0	0	0	0	0	0	0	0	0	0	0	6298446	
41	1	A	4	N	2500	0	1	62	10	1	2	6	0	0	0	0	0	0	0	0	0	0	0	0	6298477	
42	1	A	4	N	2500	0	1	279	84	21	17	24	0	0	0	0	0	0	0	0	0	0	0	0	6298695	
43	1	A	4	N	2500	0	40	449	150	42	38	69	0	0	0	0	0	0	0	0	0	0	0	0	6298805	
44	1	A	4	N	2500	0	1	134	29	5	4	7	0	0	0	0	0	0	0	0	0	0	0	0	6299148	
45	1	A	4	N	2500	0	1	228	84	21	14	20	0	0	0	0	0	0	0	0	0	0	0	0	6299382	
46	1	A	4	N	2500	0	1	258	88	20	16	17	0	0	0	0	0	0	0	0	0	0	0	0	6299553	
47	1	A	4	N	2500	0	40	408	171	43	36	47	0	0	0	0	0	0	0	0	0	0	0	0	6299881	
48	1	A	4	N	2500	0	1	78	17	5	5	9	0	0	0	0	0	0	0	0	0	0	0	0	6300583	
49	1	A	6	N	2500	2	1	55	13	4	0	1	0	0	0	0	0	0	0	0	0	0	0	0	6322314	
50	1	A	6	N	2500	2	1	204	95	27	19	28	0	0	0	0	0	0	0	0	0	0	0	0	6323141	
51	1	A	6	N	2500	6	40	292	119	31	25	45	0	0	0	0	0	0	0	0	0	0	0	0	6323359	
52	1	A	6	N	2500	2	1	72	46	3	0	3	0	0	0	0	0	0	0	0	0	0	0	0	6323921	
53	1	A	6	N	2500	6	40	397	138	33	28	43	0	0	0	0	0	0	0	0	0	0	0	0	6324123	
54	1	A	6	N	2500	6	40	198	111	25	23	36	0	0	0	0	0	0	0	0	0	0	0	0	6324560	
55	1	A	6	N	2500	0	1	60	29	2	0	1	0	0	0	0	0	0	0	0	0	0	0	0	6325044	
56	1	A	6	N	2500	0	40	263	127	33	24	40	0	0	0	0	0	0	0	0	0	0	0	0	6325746	
57	1	A	6	N	2500	0	40	302	132	35	27	37	0	0	0	0	0	0	0	0	0	0	0	0	6326136	
58	1	A	6	N	2500	0	40	342	106	25	22	31	0	0	0	0	0	0	0	0	0	0	0	0	6326261	
59	1	A	6	N	2500	0	40	298	149	34	31	50	0	0	0	0	0	0	0	0	0	0	0	0	6326448	
60	1	A	6	N	2500	0	40	191	119	29	25	34	0	0	0	0	0	0	0	0	0	0	0	0	6326619	
61	1	A	6	N	2500	0	40	393	135	33	30	50	0	0	0	0	0	0	0	0	0	0	0	0	6326963	
62	1	A	6	N	2500	0	40	211	128	33	24	33	0	0	0	0	0	0	0	0	0	0	0	0	6327399	
63	1	A	6	N	2500	0	40	330	119	32	24	34	0	0	0	0	0	0	0	0	0	0	0	0	6327649	
64	1	A	6	N	2500	0	1	187	90	28	23	32	0	0	0	0	0	0	0	0	0	0	0	0	6328070	
65	1	A	6	N	2500	0	1	156	86	27	20	33	0	0	0	0	0	0	0	0	0	0	0	0	6328086	
66	1	A	6	N	2500	0	40	181	124	34	26	36	0	0	0	0	0	0	0	0	0	0	0	0	6328367	
67	1	A	8	N	2500	6	40	282	103	25	19	26	0	0	0	0	0	0	0	0	0	0	0	0	6352266	
68	1	A	8	N	2500	6	40	187	122	33	29	38	0	0	0	0	0	0	0	0	0	0	0	0	6352266	
69	1	A	8	N	2500	6	40	249	148	42	33	48	0	0	0	0	0	0	0	0	0	0	0	0	6353873	
70	1	A	8	N	2500	0	40	345	113	27	20	33	0	0	0	0	0	0	0	0	0	0	0	0	6353997	
71	1	A	8	N	2500	0	40	435	168	47	42	63	0	0	0	0	0	0	0	0	0	0	0	0	6354372	
72	1	A	8	N	2500	0	40	197	128	29	24	34	0	0	0	0	0	0	0	0	0	0	0	0	6355464	
73	1	A	8	N	2500	0	40	230	115	32	24	32	0	0	0	0	0	0	0	0	0	0	0	0	6355994	
74	1	A	8	N	2500	0	1	94	40	10	11	17	0	0	0	0	0	0	0	0	0	0	0	0	6356181	
75	1	A	8	N	2500	0	1	143	80	18	17	28	0	0	0	0	0	0	0	0	0	0	0	0	6356181	
76	1	A	8	N	2500	0	40	391	132	35	34	54	0	0	0	0	0	0	0	0	0	0	0	0	6356244	
77	1	A	8	N	2500	0	40	336	113	24	19	30	0	0	0	0	0	0	0	0	0	0	0	0	6356259	
78	1	A	8	N	2500	0	40	337	116	28	21	31	0	0	0	0	0	0	0	0	0	0	0	0	6356431	
79	1	A	9	N	2500	6	40	319	121	28	20	29	0	0	0	0	0	0	0	0	0	0	0	0	6372140	
80	1	A	10	N	2500	6	40	274	137	39	32	46	0	0	0	0	0	0	0	0	0	0	0	0	6380065	
81	1	A	10	N	2500	6	40	257	116	29	23	32	0	0	0	0	0	0	0	0	0	0	0	0	6380221	
82	1	A	10	N	2500	6	40	278	112	32	29	40	0	0	0	0	0	0	0	0	0	0	0	0	6380221	
83	1	A	10	N	2500	0	40	332	129	31	28	37	0	0	0	0	0	0	0	0	0	0	0	0	6380362	
84	1	A	10	N	2500	0	40	254	146	40	29	39	0	0	0	0	0	0	0	0	0	0	0	0	6380502	
85	1	A	10	N	2500	0	40	379	133	35	30	43	0	0	0	0	0	0	0	0	0	0	0	0	6380580	
86	1	A	10	N	2500	0	40	409	151	36	30	39	0	0	0	0	0	0	0	0	0	0	0	0	6381142	
87	1	A	10	N	2500	0	40	341	149	44	33	46	0	0	0	0	0	0	0	0	0	0	0	0	6381719	
88	1	A	10	N	2500	0	40	378	138	34	26	34	0	0	0	0	0	0	0	0	0	0	0	0	6381875	
89	1	A	10	N	2500	0	40	340	122	31	24	36	0	0	0	0	0	0	0	0	0	0	0	0	6382124	
90	1	A	10	N	2500	0	40	328	153	45	35	53	0	0	0	0	0	0	0	0	0	0	0	0	6382842	
91	1	A	10	N	2500	0	40	347	131	30	25	38	0	0	0	0	0	0	0	0	0	0	0	0	6382858	
92	1	A	10	N	2500	0	1	192	63	20	16	24	0	0	0	0	0	0	0	0	0	0	0	0	6383248	
93	1	A	10	N	2500	0	1	537	182	40	34	54	0	0	0	0	0	0	0	0	0	0	0	0	6384028	
94	1	A	10	N	2500	0	40	338	120	30	23	34	0	0	0	0	0	0	0	0	0	0	0	0	6384074	
95	1	A	10	N	2500	0	40	253	126	34	25	33	0	0	0	0	0	0	0	0	0	0	0	0	6384262	
96	1	A	10	N	2500	0	40	358	131	32	26	41	0	0	0	0	0	0	0	0	0	0	0	0	6384355	
97	1	A	10	N	2500	0	40	285	126	29	23	33	0	0	0	0	0	0	0	0	0	0	0	0	6384449	
98	1	A	10	N	2500	0	40	361	138	34	28	43	0	0	0	0	0	0	0	0	0	0	0	0	6384558	
99	1	A	10	N	2500	0	40	344	122	28	21	31	0	0	0	0	0	0	0	0	0	0	0	0	6384667	
100	1	A	10	N	2500	0	40	452	170	37	34	51	0	0	0	0	0	0	0	0	0	0	0	0	6384901	
101	1	A	10	N	2500	0	40	362	120	27	22	31	0	0	0	0	0	0	0	0	0	0	0	0	6384948	
102	1	A	10	N	2500	0	40	363	145	35	30	45	0	0	0	0	0	0	0	0	0	0	0	0	6385010	
103	1	A	10	N	2500	0	40	323	106	24	18	26	0	0	0	0	0	0	0	0	0	0	0	0	6385104	
104	1	A	10	N	2500	0	40	349	151	40	35	53	0	0	0	0	0	0	0	0	0	0	0	0	6385151	
105	1	A	10	N	2500	0	40	271	150	37	33	44	0	0	0	0	0	0	0	0	0	0	0	0	6385213	
106	1	A	10	N	2500	0	40	396	153	34	31	46	0	0	0	0	0	0	0	0	0	0	0	0	6385354	
107	1	A	10	N	2500	0	40	329	117	30	23	33	0	0	0	0	0	0	0	0	0	0	0	0	6385416	
108	1	A	10	N	2500	0	40	302	104	26	21	27	0	0	0	0	0	0	0	0	0	0	0	0	6385634	
109	1	A	10	N	2500	0	40	273	129	28	26	38	0	0	0	0	0	0	0	0	0	0	0	0	6385822	
110	1	A	10	N	2500	0	40	360	139	34	28	40	0	0	0	0	0	0	0	0	0	0	0	0	6385884	
111	1	A	11	N	2500	6	40	331	118	29	23	36	0	0	0	0	0	0	0	0	0	0	0	0	6394994	
112	1	A	11	N	2500	2	1	62	37	1	0	1	0	0	0	0	0	0	0	0	0	0	0	0	6397537	
113	1	A	12	N	2500	6	40	219	149	48	43	60	0	0	0	0	0	0	0	0	0	0	0	0	6408800	
114	1	A	12	N	2500	6	40	338	133	37	28	39	0	0	0	0	0	0	0	0	0	0	0	0	6409190	
115	1	A	12	N	2500	6	40	205	144	43	39	55	0	0	0	0	0	0	0	0	0	0	0	0	6409814	
116	1	A	12	N	2500	0	40	352	134	37	30	46	0	0	0	0	0	0	0	0	0	0	0	0	6409861	
117	1	A	12	N	2500	0	40	312	124	31	26	37	0	0	0	0	0	0	0	0	0	0	0	0	6410220	
118	1	A	12	N	2500	0	40	352	147	40	34	44	0	0	0	0	0	0	0	0	0	0	0	0	6410298	
119	1	A	12	N	2500	0	40	431	150	34	29	39	0	0	0	0	0	0	0	0	0	0	0	0	6410376	
120	1	A	12	N	2500	0	40	385	143	41	32	45	0	0	0	0	0	0	0	0	0	0	0	0	6410610	
121	1	A	12	N	2500	0	40	330	126	34	29	47	0	0	0	0	0	0	0	0	0	0	0	0	6410704	
122	1	A	12	N	2500	0	40	211	137	34	33	48	0	0	0	0	0	0	0	0	0	0	0	0	6411016	
123	1	A	12	N	2500	0	40	278	128	34	31	43	0	0	0	0	0	0	0	0	0	0	0	0	6411140	
124	1	A	12	N	2500	0	40	191	130	40	31	42	0	0	0	0	0	0	0	0	0	0	0	0	6411359	
125	1	A	12	N	2500	0	40	341	164	43	41	65	0	0	0	0	0	0	0	0	0	0	0	0	6411390	
126	1	A	12	N	2500	0	40	353	169	51	47	62	0	0	0	0	0	0	0	0	0	0	0	0	6411452	
127	1	A	12	N	2500	0	40	337	151	42	35	51	0	0	0	0	0	0	0	0	0	0	0	0	6411515	
128	1	A	12	N	2500	0	40	392	154	43	37	55	0	0	0	0	0	0	0	0	0	0	0	0	6411624	
129	1	A	12	N	2500	0	40	223	161	54	40	56	0	0	0	0	0	0	0	0	0	0	0	0	6411827	
130	1	A	12	N	2500	0	40	272	125	30	24	33	0	0	0	0	0	0	0	0	0	0	0	0	6412841	
131	1	A	12	N	2500	0	40	342	123	31	27	42	0	0	0	0	0	0	0	0	0	0	0	0	6412903	
132	1	A	12	N	2500	0	40	351	131	32	23	30	0	0	0	0	0	0	0	0	0	0	0	0	6412950	
133	1	A	12	N	2500	0	40	345	128	31	27	41	0	0	0	0	0	0	0	0	0	0	0	0	6412966	
134	1	A	12	N	2500	0	40	234	140	52	42	68	0	0	0	0	0	0	0	0	0	0	0	0	6413137	
135	1	A	12	N	2500	0	40	281	165	56	57	90	0	0	0	0	0	0	0	0	0	0	0	0	6413231	
136	1	A	12	N	2500	0	40	355	137	40	30	36	0	0	0	0	0	0	0	0	0	0	0	0	6413246	
137	1	A	12	N	2500	0	40	373	145	36	32	48	0	0	0	0	0	0	0	0	0	0	0	0	6413262	
138	1	A	12	N	2500	0	40	270	184	64	59	99	0	0	0	0	0	0	0	0	0	0	0	0	6413340	
139	1	A	12	N	2500	0	40	416	154	43	33	51	0	0	0	0	0	0	0	0	0	0	0	0	6413465	
140	1	A	12	N	2500	0	40	373	152	41	33	46	0	0	0	0	0	0	0	0	0	0	0	0	6413496	
141	1	A	12	N	2500	0	40	312	131	36	30	39	0	0	0	0	0	0	0	0	0	0	0	0	6413590	
142	1	A	12	N	2500	0	40	399	150	41	33	47	0	0	0	0	0	0	0	0	0	0	0	0	6413917	
143	1	A	12	N	2500	0	40	362	145	37	38	54	0	0	0	0	0	0	0	0	0	0	0	0	6414026	
144	1	A	12	N	2500	0	40	340	129	32	27	42	0	0	0	0	0	0	0	0	0	0	0	0	6414104	
145	1	A	12	N	2500	0	40	319	121	33	25	36	0	0	0	0	0	0	0	0	0	0	0	0	6414448	
146	1	A	12	N	2500	0	40	397	145	41	31	41	0	0	0	0	0	0	0	0	0	0	0	0	6414806	
147	1	A	12	N	2500	0	40	360	129	31	28	41	0	0	0	0	0	0	0	0	0	0	0	0	6415165	
148	1	A	12	N	2500	0	40	237	117	32	27	36	0	0	0	0	0	0	0	0	0	0	0	0	6415836	
149	1	B	2	N	2500	6	40	308	138	35	27	38	0	0	0	0	0	0	0	0	0	0	0	0	6439361	
150	1	B	2	N	2500	2	1	93	38	61	91	121	0	0	0	0	0	0	0	0	0	0	0	0	6439564	
151	1	B	2	N	2500	2	1	176	103	27	19	26	0	0	0	0	0	0	0	0	0	0	0	0	6440593	
152	1	B	2	N	2500	6	40	334	124	32	25	36	0	0	0	0	0	0	0	0	0	0	0	0	6440687	
153	1	B	2	N	2500	6	40	324	115	29	21	32	0	0	0	0	0	0	0	0	0	0	0	0	6441810	
154	1	B	2	N	2500	0	40	364	132	29	25	34	0	0	0	0	0	0	0	0	0	0	0	0	6442044	
155	1	B	2	N	2500	0	40	330	112	29	19	31	0	0	0	0	0	0	0	0	0	0	0	0	6442153	
156	1	B	2	N	2500	0	40	231	124	32	25	36	0	0	0	0	0	0	0	0	0	0	0	0	6442153	
157	1	B	2	N	2500	0	40	325	106	23	20	27	0	0	0	0	0	0	0	0	0	0	0	0	6442200	
158	1	B	2	N	2500	0	40	244	128	34	29	38	0	0	0	0	0	0	0	0	0	0	0	0	6442465	
159	1	B	2	N	2500	0	40	377	138	33	26	41	0	0	0	0	0	0	0	0	0	0	0	0	6442481	
160	1	B	2	N	2500	0	40	421	158	39	30	44	0	0	0	0	0	0	0	0	0	0	0	0	6442574	
161	1	B	2	N	2500	0	40	302	146	38	28	39	0	0	0	0	0	0	0	0	0	0	0	0	6442730	
162	1	B	2	N	2500	0	40	199	138	34	30	37	0	0	0	0	0	0	0	0	0	0	0	0	6442808	
163	1	B	2	N	2500	0	40	342	121	31	25	36	0	0	0	0	0	0	0	0	0	0	0	0	6442980	
164	1	B	2	N	2500	0	40	428	139	32	30	43	0	0	0	0	0	0	0	0	0	0	0	0	6443370	
165	1	B	2	N	2500	0	40	305	122	28	23	31	0	0	0	0	0	0	0	0	0	0	0	0	6443479	
166	1	B	2	N	2500	0	1	186	50	8	6	8	0	0	0	0	0	0	0	0	0	0	0	0	6444556	
167	1	B	2	N	2500	0	40	220	138	35	23	31	0	0	0	0	0	0	0	0	0	0	0	0	6444883	
168	1	B	2	N	2500	0	1	209	88	22	15	21	0	0	0	0	0	0	0	0	0	0	0	0	6445570	
169	1	B	2	N	2500	0	1	116	38	57	78	138	0	0	0	0	0	0	0	0	0	0	0	0	6446506	
170	1	B	4	N	2500	6	40	388	136	33	27	37	0	0	0	0	0	0	0	0	0	0	0	0	6468283	
171	1	B	4	N	2500	2	1	112	38	22	29	74	0	0	0	0	0	0	0	0	0	0	0	0	6468439	
172	1	B	4	N	2500	6	40	370	167	42	34	50	0	0	0	0	0	0	0	0	0	0	0	0	6468860	
173	1	B	4	N	2500	6	40	399	168	45	37	52	0	0	0	0	0	0	0	0	0	0	0	0	6469001	
174	1	B	4	N	2500	0	40	403	156	34	30	47	0	0	0	0	0	0	0	0	0	0	0	0	6469110	
175	1	B	4	N	2500	0	40	393	148	39	31	43	0	0	0	0	0	0	0	0	0	0	0	0	6469188	
176	1	B	4	N	2500	0	40	484	216	52	42	58	0	0	0	0	0	0	0	0	0	0	0	0	6469562	
177	1	B	4	N	2500	0	40	373	144	34	29	47	0	0	0	0	0	0	0	0	0	0	0	0	6469609	
178	1	B	4	N	2500	0	40	359	155	44	37	51	0	0	0	0	0	0	0	0	0	0	0	0	6469718	
179	1	B	4	N	2500	0	40	255	168	48	35	46	0	0	0	0	0	0	0	0	0	0	0	0	6469843	
180	1	B	4	N	2500	0	40	407	152	41	36	56	0	0	0	0	0	0	0	0	0	0	0	0	6470389	
181	1	B	4	N	2500	0	40	281	122	30	27	38	0	0	0	0	0	0	0	0	0	0	0	0	6470405	
182	1	B	4	N	2500	0	40	352	133	33	26	42	0	0	0	0	0	0	0	0	0	0	0	0	6470530	
183	1	B	4	N	2500	0	40	430	203	57	47	56	0	0	0	0	0	0	0	0	0	0	0	0	6470654	
184	1	B	4	N	2500	0	40	396	133	32	29	43	0	0	0	0	0	0	0	0	0	0	0	0	6470701	
185	1	B	4	N	2500	0	40	364	124	32	27	40	0	0	0	0	0	0	0	0	0	0	0	0	6470810	
186	1	B	4	N	2500	0	1	179	101	28	20	25	0	0	0	0	0	0	0	0	0	0	0	0	6470920	
187	1	B	4	N	2500	0	40	355	148	42	37	50	0	0	0	0	0	0	0	0	0	0	0	0	6470951	
188	1	B	4	N	2500	0	1	107	25	14	19	41	0	0	0	0	0	0	0	0	0	0	0	0	6471122	
189	1	B	4	N	2500	0	40	383	152	41	34	43	0	0	0	0	0	0	0	0	0	0	0	0	6471247	
190	1	B	4	N	2500	0	40	422	198	58	43	55	0	0	0	0	0	0	0	0	0	0	0	0	6471388	
191	1	B	4	N	2500	0	40	295	110	30	22	31	0	0	0	0	0	0	0	0	0	0	0	0	6471590	
192	1	B	4	N	2500	0	40	335	124	36	26	39	0	0	0	0	0	0	0	0	0	0	0	0	6472105	
193	1	B	4	N	2500	0	2	167	129	33	30	37	0	0	0	0	0	0	0	0	0	0	0	0	6472214	
194	1	B	4	N	2500	0	40	403	159	47	44	71	0	0	0	0	0	0	0	0	0	0	0	0	6472355	
195	1	B	4	N	2500	0	40	429	174	49	40	57	0	0	0	0	0	0	0	0	0	0	0	0	6472417	
196	1	B	4	N	2500	0	40	218	139	44	40	55	0	0	0	0	0	0	0	0	0	0	0	0	6472480	
197	1	B	4	N	2500	0	40	288	170	40	37	51	0	0	0	0	0	0	0	0	0	0	0	0	6472480	
198	1	B	4	N	2500	0	1	59	10	3	4	8	0	0	0	0	0	0	0	0	0	0	0	0	6472667	
199	1	B	4	N	2500	0	40	424	160	39	33	49	0	0	0	0	0	0	0	0	0	0	0	0	6472682	
200	1	B	4	N	2500	0	40	220	124	35	28	39	0	0	0	0	0	0	0	0	0	0	0	0	6472776	
201	1	B	4	N	2500	0	40	436	190	49	42	59	0	0	0	0	0	0	0	0	0	0	0	0	6472823	
202	1	B	4	N	2500	0	1	562	193	42	37	51	0	0	0	0	0	0	0	0	0	0	0	0	6472838	
203	1	B	4	N	2500	0	40	428	180	49	42	51	0	0	0	0	0	0	0	0	0	0	0	0	6472854	
204	1	B	4	N	2500	0	40	317	142	40	31	41	0	0	0	0	0	0	0	0	0	0	0	0	6472870	
205	1	B	4	N	2500	0	40	245	120	30	25	36	0	0	0	0	0	0	0	0	0	0	0	0	6472901	
206	1	B	4	N	2500	0	40	367	141	39	32	52	0	0	0	0	0	0	0	0	0	0	0	0	6473774	
207	1	B	4	N	2500	0	1	68	14	6	9	20	0	0	0	0	0	0	0	0	0	0	0	0	6473868	
208	1	B	4	N	2500	0	1	71	18	3	3	6	0	0	0	0	0	0	0	0	0	0	0	0	6473946	
209	1	B	4	N	2500	0	40	405	173	52	39	48	0	0	0	0	0	0	0	0	0	0	0	0	6473946	
210	1	B	4	N	2500	0	40	395	181	45	36	47	0	0	0	0	0	0	0	0	0	0	0	0	6474055	
211	1	B	4	N	2500	0	40	385	144	34	28	37	0	0	0	0	0	0	0	0	0	0	0	0	6474071	
212	1	B	4	N	2500	0	40	375	161	52	40	55	0	0	0	0	0	0	0	0	0	0	0	0	6474710	
213	1	B	4	N	2500	0	40	439	200	49	43	64	0	0	0	0	0	0	0	0	0	0	0	0	6474788	
214	1	B	5	N	2500	6	40	294	136	38	32	44	0	0	0	0	0	0	0	0	0	0	0	0	6483181	
215	1	B	5	N	2500	6	40	290	146	39	36	50	0	0	0	0	0	0	0	0	0	0	0	0	6483836	
216	1	B	5	N	2500	2	1	54	13	5	7	17	0	0	0	0	0	0	0	0	0	0	0	0	6486395	
217	1	B	6	N	2500	6	40	304	134	35	31	43	0	0	0	0	0	0	0	0	0	0	0	0	6497346	
218	1	B	6	N	2500	2	1	120	43	48	69	127	0	0	0	0	0	0	0	0	0	0	0	0	6497596	
219	1	B	6	N	2500	6	40	391	150	40	36	52	0	0	0	0	0	0	0	0	0	0	0	0	6497908	
220	1	B	6	N	2500	2	1	184	110	34	24	32	0	0	0	0	0	0	0	0	0	0	0	0	6501340	
221	1	B	6	N	2500	6	40	314	113	27	21	27	0	0	0	0	0	0	0	0	0	0	0	0	6501995	
222	1	B	6	N	2500	0	40	351	157	48	37	48	0	0	0	0	0	0	0	0	0	0	0	0	6502416	
223	1	B	8	N	2500	6	40	230	123	34	26	36	0	0	0	0	0	0	0	0	0	0	0	0	6528047	
224	1	B	8	N	2500	6	40	388	149	40	32	41	0	0	0	0	0	0	0	0	0	0	0	0	6528187	
225	1	B	8	N	2500	6	40	396	141	34	26	40	0	0	0	0	0	0	0	0	0	0	0	0	6529451	
226	1	B	8	N	2500	0	40	332	132	34	27	37	0	0	0	0	0	0	0	0	0	0	0	0	6529872	
227	1	B	8	N	2500	0	40	204	122	40	30	43	0	0	0	0	0	0	0	0	0	0	0	0	6529950	
228	1	B	8	N	2500	0	40	214	125	33	29	37	0	0	0	0	0	0	0	0	0	0	0	0	6530013	
229	1	B	8	N	2500	0	40	271	128	43	29	37	0	0	0	0	0	0	0	0	0	0	0	0	6530917	
230	1	B	8	N	2500	0	40	387	149	40	34	48	0	0	0	0	0	0	0	0	0	0	0	0	6532758	
231	1	B	9	N	2500	2	1	173	52	9	8	13	0	0	0	0	0	0	0	0	0	0	0	0	6546190	
232	1	B	9	N	2500	6	40	201	119	22	19	29	0	0	0	0	0	0	0	0	0	0	0	0	6546517	
233	1	B	10	N	2500	2	1	129	41	6	5	8	0	0	0	0	0	0	0	0	0	0	0	0	6554645	
234	1	B	10	N	2500	2	1	129	31	5	6	12	0	0	0	0	0	0	0	0	0	0	0	0	6554754	
235	1	B	10	N	2500	2	1	94	89	7	1	2	0	0	0	0	0	0	0	0	0	0	0	0	6554817	
236	1	B	10	N	2500	6	40	306	131	36	30	37	0	0	0	0	0	0	0	0	0	0	0	0	6555066	
237	1	B	10	N	2500	6	40	183	120	30	21	26	0	0	0	0	0	0	0	0	0	0	0	0	6555394	
238	1	B	10	N	2500	2	1	52	37	7	0	1	0	0	0	0	0	0	0	0	0	0	0	0	6555706	
239	1	B	10	N	2500	6	40	350	132	33	28	38	0	0	0	0	0	0	0	0	0	0	0	0	6557656	
240	1	B	10	N	2500	0	40	341	122	29	24	29	0	0	0	0	0	0	0	0	0	0	0	0	6558576	
241	1	B	10	N	2500	0	1	182	113	29	25	37	0	0	0	0	0	0	0	0	0	0	0	0	6558779	
242	1	B	10	N	2500	0	40	278	92	19	16	20	0	0	0	0	0	0	0	0	0	0	0	0	6559512	
243	1	B	10	N	2500	0	40	364	131	31	27	39	0	0	0	0	0	0	0	0	0	0	0	0	6559543	
244	1	B	10	N	2500	0	1	170	92	25	18	25	0	0	0	0	0	0	0	0	0	0	0	0	6560885	
245	1	B	12	N	2500	2	1	206	49	8	7	12	0	0	0	0	0	0	0	0	0	0	0	0	6584145	
246	1	B	12	N	2500	2	1	79	17	2	3	4	0	0	0	0	0	0	0	0	0	0	0	0	6585190	
247	1	B	12	N	2500	33	1	142	67	15	14	17	0	0	0	0	0	0	0	0	0	0	0	0	6585190	
248	1	B	12	N	2500	2	1	163	45	7	5	13	0	0	0	0	0	0	0	0	0	0	0	0	6585330	
249	1	B	12	N	2500	2	1	62	21	4	5	8	0	0	0	0	0	0	0	0	0	0	0	0	6586126	
250	1	B	12	N	2500	2	1	112	22	4	5	7	0	0	0	0	0	0	0	0	0	0	0	0	6587483	
251	1	B	12	N	2500	2	1	178	99	22	16	22	0	0	0	0	0	0	0	0	0	0	0	0	6588060	
252	1	B	12	N	2500	2	1	162	80	17	13	18	0	0	0	0	0	0	0	0	0	0	0	0	6588185	
253	1	B	12	N	2500	6	40	364	120	27	19	28	0	0	0	0	0	0	0	0	0	0	0	0	6588528	
254	1	B	12	N	2500	2	1	151	81	14	11	18	0	0	0	0	0	0	0	0	0	0	0	0	6590135	
255	1	C	2	N	2500	6	40	346	135	36	34	44	0	0	0	0	0	0	0	0	0	0	0	0	6614565	
256	1	C	2	N	2500	2	1	181	104	25	19	27	0	0	0	0	0	0	0	0	0	0	0	0	6614721	
257	1	C	2	N	2500	6	40	390	149	40	32	47	0	0	0	0	0	0	0	0	0	0	0	0	6614861	
258	1	C	2	N	2500	6	40	385	153	42	36	50	0	0	0	0	0	0	0	0	0	0	0	0	6615002	
259	1	C	2	N	2500	0	40	349	128	33	30	48	0	0	0	0	0	0	0	0	0	0	0	0	6615485	
260	1	C	2	N	2500	0	40	248	119	40	33	43	0	0	0	0	0	0	0	0	0	0	0	0	6616905	
261	1	C	2	N	2500	0	40	400	196	57	44	61	0	0	0	0	0	0	0	0	0	0	0	0	6617451	
262	1	C	2	N	2500	0	1	87	17	7	10	24	0	0	0	0	0	0	0	0	0	0	0	0	6617669	
263	1	C	2	N	2500	0	40	307	113	27	25	34	0	0	0	0	0	0	0	0	0	0	0	0	6618418	
264	1	C	2	N	2500	0	40	323	115	30	22	33	0	0	0	0	0	0	0	0	0	0	0	0	6618855	
265	1	C	2	N	2500	0	40	315	122	31	26	38	0	0	0	0	0	0	0	0	0	0	0	0	6619292	
266	1	C	2	N	2500	0	40	317	117	26	21	27	0	0	0	0	0	0	0	0	0	0	0	0	6619307	
267	1	C	3	N	2500	2	1	119	33	4	2	4	0	0	0	0	0	0	0	0	0	0	0	0	6633924	
268	1	C	4	N	2500	6	40	291	110	27	23	34	0	0	0	0	0	0	0	0	0	0	0	0	6643082	
269	1	C	4	N	2500	6	40	273	122	33	30	48	0	0	0	0	0	0	0	0	0	0	0	0	6644595	
270	1	C	4	N	2500	6	40	347	130	34	32	41	0	0	0	0	0	0	0	0	0	0	0	0	6645125	
271	1	C	4	N	2500	0	40	278	118	34	28	33	0	0	0	0	0	0	0	0	0	0	0	0	6645219	
272	1	C	4	N	2500	0	40	442	161	42	42	67	0	0	0	0	0	0	0	0	0	0	0	0	6645406	
273	1	C	4	N	2500	0	1	83	26	10	13	32	0	0	0	0	0	0	0	0	0	0	0	0	6645593	
274	1	C	4	N	2500	0	40	284	143	38	34	52	0	0	0	0	0	0	0	0	0	0	0	0	6645609	
275	1	C	4	N	2500	0	40	331	117	26	25	34	0	0	0	0	0	0	0	0	0	0	0	0	6645765	
276	1	C	4	N	2500	0	40	445	153	45	42	74	0	0	0	0	0	0	0	0	0	0	0	0	6645812	
277	1	C	4	N	2500	0	40	421	164	54	46	73	0	0	0	0	0	0	0	0	0	0	0	0	6646030	
278	1	C	4	N	2500	0	40	314	109	28	22	33	0	0	0	0	0	0	0	0	0	0	0	0	6646233	
279	1	C	4	N	2500	0	40	257	100	29	26	39	0	0	0	0	0	0	0	0	0	0	0	0	6646280	
280	1	C	4	N	2500	0	40	309	100	27	19	29	0	0	0	0	0	0	0	0	0	0	0	0	6646373	
281	1	C	4	N	2500	0	40	251	137	37	31	43	0	0	0	0	0	0	0	0	0	0	0	0	6646420	
282	1	C	4	N	2500	0	40	359	126	34	26	35	0	0	0	0	0	0	0	0	0	0	0	0	6646716	
283	1	C	4	N	2500	0	1	233	83	25	22	37	0	0	0	0	0	0	0	0	0	0	0	0	6646763	
284	1	C	4	N	2500	0	40	287	145	43	40	63	0	0	0	0	0	0	0	0	0	0	0	0	6646888	
285	1	C	4	N	2500	0	1	575	217	58	52	66	0	0	0	0	0	0	0	0	0	0	0	0	6647138	
286	1	C	4	N	2500	0	40	346	151	48	44	73	0	0	0	0	0	0	0	0	0	0	0	0	6647528	
287	1	C	4	N	2500	0	40	331	175	57	45	64	0	0	0	0	0	0	0	0	0	0	0	0	6647996	
288	1	C	4	N	2500	0	40	307	120	30	27	39	0	0	0	0	0	0	0	0	0	0	0	0	6648245	
289	1	C	4	N	2500	0	1	199	102	25	22	29	0	0	0	0	0	0	0	0	0	0	0	0	6648417	
290	1	C	6	N	2500	6	40	285	98	23	18	22	0	0	0	0	0	0	0	0	0	0	0	0	6671708	
291	1	C	6	N	2500	2	1	183	85	28	22	29	0	0	0	0	0	0	0	0	0	0	0	0	6673127	
292	1	C	6	N	2500	2	1	185	102	27	19	27	0	0	0	0	0	0	0	0	0	0	0	0	6675015	
293	1	C	6	N	2500	6	40	326	113	30	22	31	0	0	0	0	0	0	0	0	0	0	0	0	6675327	
294	1	C	6	N	2500	6	40	317	107	29	21	28	0	0	0	0	0	0	0	0	0	0	0	0	6677090	
295	1	C	6	N	2500	0	40	324	112	26	20	27	0	0	0	0	0	0	0	0	0	0	0	0	6677324	
296	1	C	8	N	2500	6	40	221	129	30	25	38	0	0	0	0	0	0	0	0	0	0	0	0	6700068	
297	1	C	8	N	2500	6	40	326	114	29	27	39	0	0	0	0	0	0	0	0	0	0	0	0	6700146	
298	1	C	8	N	2500	6	40	414	157	40	38	56	0	0	0	0	0	0	0	0	0	0	0	0	6701660	
299	1	C	8	N	2500	0	40	427	169	46	35	51	0	0	0	0	0	0	0	0	0	0	0	0	6701894	
300	1	C	8	N	2500	0	40	273	153	49	42	63	0	0	0	0	0	0	0	0	0	0	0	0	6702096	
301	1	C	8	N	2500	0	1	108	20	12	17	37	0	0	0	0	0	0	0	0	0	0	0	0	6702549	
302	1	C	8	N	2500	0	40	329	127	32	26	33	0	0	0	0	0	0	0	0	0	0	0	0	6702564	
303	1	C	8	N	2500	0	40	382	148	41	39	58	0	0	0	0	0	0	0	0	0	0	0	0	6702642	
304	1	C	8	N	2500	0	40	337	120	33	26	38	0	0	0	0	0	0	0	0	0	0	0	0	6702861	
305	1	C	8	N	2500	0	40	380	154	44	36	47	0	0	0	0	0	0	0	0	0	0	0	0	6702954	
306	1	C	8	N	2500	0	40	394	172	49	38	53	0	0	0	0	0	0	0	0	0	0	0	0	6703110	
307	1	C	8	N	2500	0	40	394	148	42	36	65	0	0	0	0	0	0	0	0	0	0	0	0	6703422	
308	1	C	8	N	2500	0	40	346	148	44	36	50	0	0	0	0	0	0	0	0	0	0	0	0	6703578	
309	1	C	8	N	2500	0	40	348	126	33	29	46	0	0	0	0	0	0	0	0	0	0	0	0	6703750	
310	1	C	8	N	2500	0	40	207	122	29	27	39	0	0	0	0	0	0	0	0	0	0	0	0	6703922	
311	1	C	8	N	2500	0	1	149	31	14	19	47	0	0	0	0	0	0	0	0	0	0	0	0	6704015	
312	1	C	8	N	2500	0	40	421	166	43	37	55	0	0	0	0	0	0	0	0	0	0	0	0	6704078	
313	1	C	8	N	2500	0	40	400	184	59	58	105	0	0	0	0	0	0	0	0	0	0	0	0	6704140	
314	1	C	8	N	2500	0	40	423	153	36	32	51	0	0	0	0	0	0	0	0	0	0	0	0	6704187	
315	1	C	8	N	2500	0	40	279	160	47	38	52	0	0	0	0	0	0	0	0	0	0	0	0	6704280	
316	1	C	8	N	2500	0	1	77	15	7	9	22	0	0	0	0	0	0	0	0	0	0	0	0	6704280	
317	1	C	8	N	2500	0	40	375	141	37	37	55	0	0	0	0	0	0	0	0	0	0	0	0	6704327	
318	1	C	8	N	2500	0	40	273	120	35	33	43	0	0	0	0	0	0	0	0	0	0	0	0	6704577	
319	1	C	8	N	2500	0	40	302	108	27	25	38	0	0	0	0	0	0	0	0	0	0	0	0	6704608	
320	1	C	8	N	2500	0	40	174	124	47	37	52	0	0	0	0	0	0	0	0	0	0	0	0	6704670	
321	1	C	8	N	2500	0	40	413	164	44	44	70	0	0	0	0	0	0	0	0	0	0	0	0	6704717	
322	1	C	8	N	2500	0	40	383	166	47	38	53	0	0	0	0	0	0	0	0	0	0	0	0	6704733	
323	1	C	8	N	2500	0	40	378	171	46	43	68	0	0	0	0	0	0	0	0	0	0	0	0	6704764	
324	1	C	8	N	2500	0	40	243	135	44	42	58	0	0	0	0	0	0	0	0	0	0	0	0	6704936	
325	1	C	8	N	2500	0	40	270	153	48	44	70	0	0	0	0	0	0	0	0	0	0	0	0	6704936	
326	1	C	8	N	2500	0	1	219	102	33	27	34	0	0	0	0	0	0	0	0	0	0	0	0	6705170	
327	1	C	8	N	2500	0	40	355	122	30	26	40	0	0	0	0	0	0	0	0	0	0	0	0	6706886	
328	1	C	8	N	2500	0	1	74	16	9	13	31	0	0	0	0	0	0	0	0	0	0	0	0	6707291	
329	1	C	9	N	2500	2	1	148	116	28	23	32	0	0	0	0	0	0	0	0	0	0	0	0	6716573	
330	1	C	9	N	2500	6	40	367	125	31	27	42	0	0	0	0	0	0	0	0	0	0	0	0	6717572	
331	1	C	9	N	2500	6	40	356	175	48	43	69	0	0	0	0	0	0	0	0	0	0	0	0	6718274	
332	1	C	9	N	2500	2	1	75	16	8	12	28	0	0	0	0	0	0	0	0	0	0	0	0	6719257	
333	1	C	10	N	2500	2	1	275	75	14	10	13	0	0	0	0	0	0	0	0	0	0	0	0	6730161	
334	1	C	10	N	2500	2	1	216	83	19	14	18	0	0	0	0	0	0	0	0	0	0	0	0	6730301	
335	1	C	10	N	2500	2	1	96	31	6	5	10	0	0	0	0	0	0	0	0	0	0	0	0	6732267	
336	1	C	10	N	2500	2	1	67	24	3	4	6	0	0	0	0	0	0	0	0	0	0	0	0	6732267	
337	1	C	10	N	2500	6	40	302	95	20	16	21	0	0	0	0	0	0	0	0	0	0	0	0	6732688	
338	1	C	10	N	2500	2	1	218	90	17	14	21	0	0	0	0	0	0	0	0	0	0	0	0	6732953	
339	1	C	10	N	2500	6	40	300	84	16	12	22	0	0	0	0	0	0	0	0	0	0	0	0	6733000	
340	1	C	10	N	2500	6	40	317	97	18	14	23	0	0	0	0	0	0	0	0	0	0	0	0	6734888	
341	1	C	10	N	2500	0	40	237	118	24	20	27	0	0	0	0	0	0	0	0	0	0	0	0	6735044	
342	1	C	10	N	2500	0	1	119	53	10	7	14	0	0	0	0	0	0	0	0	0	0	0	0	6735543	
343	1	C	10	N	2500	0	40	287	91	17	12	21	0	0	0	0	0	0	0	0	0	0	0	0	6735621	
344	1	C	10	N	2500	0	1	245	57	10	7	16	0	0	0	0	0	0	0	0	0	0	0	0	6735746	
345	1	C	12	N	2500	6	40	199	129	30	27	43	0	0	0	0	0	0	0	0	0	0	0	0	6758069	
346	1	C	12	N	2500	6	40	314	121	32	28	37	0	0	0	0	0	0	0	0	0	0	0	0	6759099	
347	1	C	12	N	2500	6	40	308	98	22	19	25	0	0	0	0	0	0	0	0	0	0	0	0	6762047	
348	1	C	12	N	2500	0	40	402	118	26	20	33	0	0	0	0	0	0	0	0	0	0	0	0	6762531	
349	1	C	12	N	2500	0	40	321	113	24	20	28	0	0	0	0	0	0	0	0	0	0	0	0	6762547	
350	1	C	12	N	2500	0	40	364	120	30	25	37	0	0	0	0	0	0	0	0	0	0	0	0	6763529	
351	1	D	2	N	2500	6	40	376	159	47	40	58	0	0	0	0	0	0	0	0	0	0	0	0	6788443	
352	1	D	2	N	2500	6	40	336	130	36	28	37	0	0	0	0	0	0	0	0	0	0	0	0	6788645	
353	1	D	2	N	2500	6	40	277	154	40	36	47	0	0	0	0	0	0	0	0	0	0	0	0	6789176	
354	1	D	2	N	2500	0	40	439	146	36	30	42	0	0	0	0	0	0	0	0	0	0	0	0	6789457	
355	1	D	2	N	2500	0	1	103	70	19	18	26	0	0	0	0	0	0	0	0	0	0	0	0	6789457	
356	1	D	2	N	2500	0	1	83	55	16	13	18	0	0	0	0	0	0	0	0	0	0	0	0	6789457	
357	1	D	2	N	2500	0	40	384	168	46	41	63	0	0	0	0	0	0	0	0	0	0	0	0	6790003	
358	1	D	2	N	2500	0	40	332	142	42	37	46	0	0	0	0	0	0	0	0	0	0	0	0	6790127	
359	1	D	2	N	2500	0	40	480	188	53	44	65	0	0	0	0	0	0	0	0	0	0	0	0	6790424	
360	1	D	2	N	2500	0	40	365	142	31	26	40	0	0	0	0	0	0	0	0	0	0	0	0	6790439	
361	1	D	2	N	2500	0	40	240	130	41	36	46	0	0	0	0	0	0	0	0	0	0	0	0	6790627	
362	1	D	2	N	2500	0	1	99	27	7	7	14	0	0	0	0	0	0	0	0	0	0	0	0	6790845	
363	1	D	2	N	2500	0	40	373	146	39	34	44	0	0	0	0	0	0	0	0	0	0	0	0	6790923	
364	1	D	2	N	2500	0	1	132	29	7	6	11	0	0	0	0	0	0	0	0	0	0	0	0	6790923	
365	1	D	2	N	2500	0	40	258	158	50	38	43	0	0	0	0	0	0	0	0	0	0	0	0	6790970	
366	1	D	2	N	2500	0	40	349	161	46	41	59	0	0	0	0	0	0	0	0	0	0	0	0	6791266	
367	1	D	2	N	2500	0	40	317	145	37	35	47	0	0	0	0	0	0	0	0	0	0	0	0	6791329	
368	1	D	2	N	2500	0	40	383	155	43	32	46	0	0	0	0	0	0	0	0	0	0	0	0	6791485	
369	1	D	2	N	2500	0	40	275	160	48	33	50	0	0	0	0	0	0	0	0	0	0	0	0	6791875	
370	1	D	2	N	2500	0	40	330	120	27	23	33	0	0	0	0	0	0	0	0	0	0	0	0	6791984	
371	1	D	2	N	2500	0	1	112	20	11	15	30	0	0	0	0	0	0	0	0	0	0	0	0	6792124	
372	1	D	2	N	2500	0	40	349	127	31	24	31	0	0	0	0	0	0	0	0	0	0	0	0	6792124	
373	1	D	2	N	2500	0	40	265	146	44	33	43	0	0	0	0	0	0	0	0	0	0	0	0	6792327	
374	1	D	2	N	2500	0	1	50	16	3	5	7	0	0	0	0	0	0	0	0	0	0	0	0	6792327	
375	1	D	2	N	2500	0	40	222	164	53	43	59	0	0	0	0	0	0	0	0	0	0	0	0	6792561	
376	1	D	2	N	2500	0	40	323	146	43	35	54	0	0	0	0	0	0	0	0	0	0	0	0	6792592	
377	1	D	2	N	2500	0	1	50	11	1	1	2	0	0	0	0	0	0	0	0	0	0	0	0	6792623	
378	1	D	2	N	2500	0	40	402	157	40	31	43	0	0	0	0	0	0	0	0	0	0	0	0	6792982	
379	1	D	2	N	2500	0	40	232	151	42	35	42	0	0	0	0	0	0	0	0	0	0	0	0	6793091	
380	1	D	2	N	2500	0	40	382	162	49	46	65	0	0	0	0	0	0	0	0	0	0	0	0	6793154	
381	1	D	2	N	2500	0	40	434	176	48	42	62	0	0	0	0	0	0	0	0	0	0	0	0	6793294	
382	1	D	2	N	2500	0	40	219	151	43	29	38	0	0	0	0	0	0	0	0	0	0	0	0	6793450	
383	1	D	2	N	2500	0	40	342	131	32	28	39	0	0	0	0	0	0	0	0	0	0	0	0	6793466	
384	1	D	2	N	2500	0	40	215	149	46	37	58	0	0	0	0	0	0	0	0	0	0	0	0	6794152	
385	1	D	2	N	2500	0	40	443	193	53	44	62	0	0	0	0	0	0	0	0	0	0	0	0	6794417	
386	1	D	3	N	2500	6	40	301	153	47	37	51	0	0	0	0	0	0	0	0	0	0	0	0	6805197	
387	1	D	4	N	2500	6	40	194	114	34	25	35	0	0	0	0	0	0	0	0	0	0	0	0	6817006	
388	1	D	4	N	2500	6	40	364	132	31	23	37	0	0	0	0	0	0	0	0	0	0	0	0	6817147	
389	1	D	4	N	2500	6	40	340	123	31	22	35	0	0	0	0	0	0	0	0	0	0	0	0	6818114	
390	1	D	4	N	2500	0	40	381	131	33	25	35	0	0	0	0	0	0	0	0	0	0	0	0	6818239	
391	1	D	4	N	2500	0	1	420	115	29	20	31	0	0	0	0	0	0	0	0	0	0	0	0	6818348	
392	1	D	4	N	2500	0	40	409	120	29	24	27	0	0	0	0	0	0	0	0	0	0	0	0	6818551	
393	1	D	4	N	2500	0	1	108	47	10	8	13	0	0	0	0	0	0	0	0	0	0	0	0	6819237	
394	1	D	4	N	2500	0	40	298	100	22	18	26	0	0	0	0	0	0	0	0	0	0	0	0	6819315	
395	1	D	4	N	2500	0	40	316	123	30	24	27	0	0	0	0	0	0	0	0	0	0	0	0	6819362	
396	1	D	4	N	2500	0	40	192	142	38	30	42	0	0	0	0	0	0	0	0	0	0	0	0	6819424	
397	1	D	4	N	2500	0	40	195	118	34	24	30	0	0	0	0	0	0	0	0	0	0	0	0	6819455	
398	1	D	4	N	2500	0	40	378	123	30	23	33	0	0	0	0	0	0	0	0	0	0	0	0	6819674	
399	1	D	4	N	2500	0	40	344	124	28	22	34	0	0	0	0	0	0	0	0	0	0	0	0	6819845	
400	1	D	4	N	2500	0	40	307	149	40	32	44	0	0	0	0	0	0	0	0	0	0	0	0	6819877	
401	1	D	4	N	2500	0	40	358	129	30	24	30	0	0	0	0	0	0	0	0	0	0	0	0	6820345	
402	1	D	4	N	2500	0	40	318	113	25	21	31	0	0	0	0	0	0	0	0	0	0	0	0	6820407	
403	1	D	4	N	2500	0	40	326	115	28	21	23	0	0	0	0	0	0	0	0	0	0	0	0	6820532	
404	1	D	4	N	2500	0	40	222	145	30	23	32	0	0	0	0	0	0	0	0	0	0	0	0	6820672	
405	1	D	4	N	2500	0	40	237	110	30	24	33	0	0	0	0	0	0	0	0	0	0	0	0	6820703	
406	1	D	4	N	2500	0	40	329	93	17	15	26	0	0	0	0	0	0	0	0	0	0	0	0	6821031	
407	1	D	4	N	2500	0	40	360	125	29	22	32	0	0	0	0	0	0	0	0	0	0	0	0	6821140	
408	1	D	4	N	2500	0	40	317	110	29	22	28	0	0	0	0	0	0	0	0	0	0	0	0	6821187	
409	1	D	4	N	2500	0	1	208	101	25	22	31	0	0	0	0	0	0	0	0	0	0	0	0	6821218	
410	1	D	4	N	2500	0	40	175	125	33	29	38	0	0	0	0	0	0	0	0	0	0	0	0	6821421	
411	1	D	4	N	2500	0	40	422	156	36	26	36	0	0	0	0	0	0	0	0	0	0	0	0	6822201	
412	1	D	4	N	2500	0	40	300	100	23	18	29	0	0	0	0	0	0	0	0	0	0	0	0	6822295	
413	1	D	6	N	2500	6	40	340	157	41	39	57	0	0	0	0	0	0	0	0	0	0	0	0	6845882	
414	1	D	6	N	2500	6	40	232	133	35	31	43	0	0	0	0	0	0	0	0	0	0	0	0	6847972	
415	1	D	6	N	2500	6	40	346	142	34	33	47	0	0	0	0	0	0	0	0	0	0	0	0	6848066	
416	1	D	6	N	2500	0	40	308	122	34	31	45	0	0	0	0	0	0	0	0	0	0	0	0	6848331	
417	1	D	6	N	2500	0	40	266	126	34	33	52	0	0	0	0	0	0	0	0	0	0	0	0	6848550	
418	1	D	6	N	2500	0	40	411	155	38	33	44	0	0	0	0	0	0	0	0	0	0	0	0	6848581	
419	1	D	6	N	2500	0	40	324	126	30	23	39	0	0	0	0	0	0	0	0	0	0	0	0	6848706	
420	1	D	6	N	2500	0	40	381	143	41	38	52	0	0	0	0	0	0	0	0	0	0	0	0	6848815	
421	1	D	6	N	2500	0	40	327	114	25	23	39	0	0	0	0	0	0	0	0	0	0	0	0	6848846	
422	1	D	6	N	2500	0	40	354	132	31	31	49	0	0	0	0	0	0	0	0	0	0	0	0	6848862	
423	1	D	6	N	2500	0	40	316	139	40	31	50	0	0	0	0	0	0	0	0	0	0	0	0	6848877	
424	1	D	6	N	2500	0	40	354	121	29	24	35	0	0	0	0	0	0	0	0	0	0	0	0	6849049	
425	1	D	6	N	2500	0	40	345	137	33	29	44	0	0	0	0	0	0	0	0	0	0	0	0	6849111	
426	1	D	6	N	2500	0	40	337	140	38	32	50	0	0	0	0	0	0	0	0	0	0	0	0	6849267	
427	1	D	6	N	2500	0	40	419	170	50	40	56	0	0	0	0	0	0	0	0	0	0	0	0	6849376	
428	1	D	6	N	2500	0	40	230	141	39	34	51	0	0	0	0	0	0	0	0	0	0	0	0	6850078	
429	1	D	6	N	2500	0	40	338	142	37	32	49	0	0	0	0	0	0	0	0	0	0	0	0	6850515	
430	1	D	6	N	2500	0	40	294	124	32	28	38	0	0	0	0	0	0	0	0	0	0	0	0	6850609	
431	1	D	6	N	2500	0	40	376	142	41	36	51	0	0	0	0	0	0	0	0	0	0	0	0	6851030	
432	1	D	6	N	2500	0	1	620	243	63	51	68	0	0	0	0	0	0	0	0	0	0	0	0	6851170	
433	1	D	6	N	2500	0	40	332	122	32	28	42	0	0	0	0	0	0	0	0	0	0	0	0	6851280	
434	1	D	6	N	2500	0	40	259	161	42	33	45	0	0	0	0	0	0	0	0	0	0	0	0	6851514	
435	1	D	6	N	2500	0	40	389	152	41	34	51	0	0	0	0	0	0	0	0	0	0	0	0	6851841	
436	1	D	6	N	2500	0	40	351	125	29	26	38	0	0	0	0	0	0	0	0	0	0	0	0	6852091	
437	1	D	6	N	2500	0	40	377	147	33	28	38	0	0	0	0	0	0	0	0	0	0	0	0	6852372	
438	1	D	6	N	2500	0	1	74	27	37	51	88	0	0	0	0	0	0	0	0	0	0	0	0	6852621	
439	1	D	7	N	2500	6	40	169	133	39	34	45	0	0	0	0	0	0	0	0	0	0	0	0	6860874	
440	1	D	7	N	2500	6	40	355	141	32	30	46	0	0	0	0	0	0	0	0	0	0	0	0	6860967	
441	1	D	7	N	2500	6	40	392	168	45	41	54	0	0	0	0	0	0	0	0	0	0	0	0	6865694	
442	1	D	8	N	2500	6	40	395	142	33	33	49	0	0	0	0	0	0	0	0	0	0	0	0	6873790	
443	1	D	8	N	2500	2	2	389	263	265	547	635	0	0	0	0	0	0	0	0	0	0	0	0	6873978	
444	1	D	8	N	2500	6	40	427	153	37	29	41	0	0	0	0	0	0	0	0	0	0	0	0	6874461	
445	1	D	8	N	2500	6	40	440	169	39	35	51	0	0	0	0	0	0	0	0	0	0	0	0	6875272	
446	1	D	8	N	2500	0	40	219	145	41	36	50	0	0	0	0	0	0	0	0	0	0	0	0	6876162	
447	1	D	8	N	2500	0	40	246	146	37	34	46	0	0	0	0	0	0	0	0	0	0	0	0	6876255	
448	1	D	8	N	2500	0	40	354	136	34	30	48	0	0	0	0	0	0	0	0	0	0	0	0	6876302	
449	1	D	8	N	2500	0	40	311	129	39	31	45	0	0	0	0	0	0	0	0	0	0	0	0	6876458	
450	1	D	8	N	2500	0	40	385	188	55	41	62	0	0	0	0	0	0	0	0	0	0	0	0	6876520	
451	1	D	8	N	2500	0	40	428	155	39	35	56	0	0	0	0	0	0	0	0	0	0	0	0	6876583	
452	1	D	8	N	2500	0	1	52	9	3	5	11	0	0	0	0	0	0	0	0	0	0	0	0	6876832	
453	1	D	8	N	2500	0	40	363	139	35	30	50	0	0	0	0	0	0	0	0	0	0	0	0	6876832	
454	1	D	8	N	2500	0	40	497	178	44	40	59	0	0	0	0	0	0	0	0	0	0	0	0	6876988	
455	1	D	8	N	2500	0	40	348	129	32	29	46	0	0	0	0	0	0	0	0	0	0	0	0	6877176	
456	1	D	8	N	2500	0	40	438	157	40	39	65	0	0	0	0	0	0	0	0	0	0	0	0	6877300	
457	1	D	8	N	2500	0	40	263	114	28	22	35	0	0	0	0	0	0	0	0	0	0	0	0	6877909	
458	1	D	8	N	2500	0	40	286	150	36	34	48	0	0	0	0	0	0	0	0	0	0	0	0	6877909	
459	1	D	8	N	2500	0	1	67	16	6	8	22	0	0	0	0	0	0	0	0	0	0	0	0	6877971	
460	1	D	8	N	2500	0	40	346	133	31	29	40	0	0	0	0	0	0	0	0	0	0	0	0	6878720	
461	1	D	8	N	2500	0	40	280	122	31	26	39	0	0	0	0	0	0	0	0	0	0	0	0	6878938	
462	1	D	8	N	2500	0	40	319	113	26	24	37	0	0	0	0	0	0	0	0	0	0	0	0	6879609	
463	1	D	8	N	2500	0	40	412	155	42	35	54	0	0	0	0	0	0	0	0	0	0	0	0	6879906	
464	1	D	8	N	2500	0	40	398	145	33	33	51	0	0	0	0	0	0	0	0	0	0	0	0	6880608	
465	1	D	8	N	2500	0	40	368	138	35	30	45	0	0	0	0	0	0	0	0	0	0	0	0	6880686	
466	1	D	9	N	2500	2	1	67	54	5	5	14	0	0	0	0	0	0	0	0	0	0	0	0	6894398	
467	1	D	10	N	2500	6	40	307	124	30	28	43	0	0	0	0	0	0	0	0	0	0	0	0	6902744	
468	1	D	10	N	2500	6	40	359	133	30	26	37	0	0	0	0	0	0	0	0	0	0	0	0	6903477	
469	1	D	10	N	2500	6	40	387	162	39	33	48	0	0	0	0	0	0	0	0	0	0	0	0	6903618	
470	1	D	10	N	2500	0	40	321	126	30	26	38	0	0	0	0	0	0	0	0	0	0	0	0	6903664	
471	1	D	10	N	2500	0	1	133	32	7	7	12	0	0	0	0	0	0	0	0	0	0	0	0	6904195	
472	1	D	10	N	2500	0	1	200	83	20	18	26	0	0	0	0	0	0	0	0	0	0	0	0	6904195	
473	1	D	10	N	2500	0	40	334	135	31	28	41	0	0	0	0	0	0	0	0	0	0	0	0	6905240	
474	1	D	10	N	2500	0	40	375	150	38	36	54	0	0	0	0	0	0	0	0	0	0	0	0	6905365	
475	1	D	10	N	2500	0	40	353	130	31	24	35	0	0	0	0	0	0	0	0	0	0	0	0	6905599	
476	1	D	10	N	2500	0	40	335	114	27	23	37	0	0	0	0	0	0	0	0	0	0	0	0	6906020	
477	1	D	10	N	2500	0	40	340	116	26	20	32	0	0	0	0	0	0	0	0	0	0	0	0	6906628	
478	1	D	10	N	2500	0	1	70	13	2	2	3	0	0	0	0	0	0	0	0	0	0	0	0	6906706	
479	1	D	10	N	2500	0	1	135	47	10	9	12	0	0	0	0	0	0	0	0	0	0	0	0	6906706	
480	1	D	10	N	2500	0	1	101	20	8	11	29	0	0	0	0	0	0	0	0	0	0	0	0	6906894	
481	1	D	10	N	2500	0	40	320	122	32	26	37	0	0	0	0	0	0	0	0	0	0	0	0	6907018	
482	1	D	10	N	2500	0	1	59	30	8	11	24	0	0	0	0	0	0	0	0	0	0	0	0	6907112	
483	1	D	10	N	2500	0	40	304	108	26	21	32	0	0	0	0	0	0	0	0	0	0	0	0	6908454	
484	1	D	10	N	2500	0	40	332	121	31	25	37	0	0	0	0	0	0	0	0	0	0	0	0	6909000	
485	1	D	10	N	2500	0	40	396	141	34	31	44	0	0	0	0	0	0	0	0	0	0	0	0	6909062	
486	1	D	12	N	2500	6	40	215	125	33	25	33	0	0	0	0	0	0	0	0	0	0	0	0	6931432	
487	1	D	12	N	2500	2	1	110	25	5	6	14	0	0	0	0	0	0	0	0	0	0	0	0	6934178	
488	1	D	12	N	2500	6	40	276	103	26	21	29	0	0	0	0	0	0	0	0	0	0	0	0	6935364	
489	1	D	12	N	2500	2	1	168	90	18	14	19	0	0	0	0	0	0	0	0	0	0	0	0	6935660	
490	1	D	12	N	2500	2	1	59	28	9	9	20	0	0	0	0	0	0	0	0	0	0	0	0	6935878	
491	1	D	12	N	2500	2	1	505	248	65	54	75	0	0	0	0	0	0	0	0	0	0	0	0	6936658	
492	1	D	12	N	2500	6	40	402	125	28	22	34	0	0	0	0	0	0	0	0	0	0	0	0	6936690	
493	1	D	12	N	2500	0	1	51	17	4	6	14	0	0	0	0	0	0	0	0	0	0	0	0	6938842	
494	1	E	2	N	2500	6	40	293	110	29	25	34	0	0	0	0	0	0	0	0	0	0	0	0	6962633	
495	1	E	2	N	2500	2	1	190	90	43	42	90	0	0	0	0	0	0	0	0	0	0	0	0	6963288	
496	1	E	2	N	2500	2	1	52	13	7	9	22	0	0	0	0	0	0	0	0	0	0	0	0	6965940	
497	1	E	2	N	2500	6	40	367	131	34	28	41	0	0	0	0	0	0	0	0	0	0	0	0	6966283	
498	1	E	3	N	2500	2	1	86	80	16	18	38	0	0	0	0	0	0	0	0	0	0	0	0	6978264	
499	1	E	4	N	2500	6	40	312	118	25	23	31	0	0	0	0	0	0	0	0	0	0	0	0	6991305	
500	1	E	4	N	2500	6	40	268	115	27	22	33	0	0	0	0	0	0	0	0	0	0	0	0	6992288	
501	1	E	4	N	2500	6	40	307	107	28	19	31	0	0	0	0	0	0	0	0	0	0	0	0	6993396	
502	1	E	4	N	2500	0	40	341	113	25	21	34	0	0	0	0	0	0	0	0	0	0	0	0	6993630	
503	1	E	4	N	2500	0	40	301	107	24	20	29	0	0	0	0	0	0	0	0	0	0	0	0	6994207	
504	1	E	4	N	2500	0	1	51	12	1	2	5	0	0	0	0	0	0	0	0	0	0	0	0	6995393	
505	1	E	4	N	2500	0	40	312	111	25	21	30	0	0	0	0	0	0	0	0	0	0	0	0	6996032	
506	1	E	4	N	2500	0	1	186	90	22	17	25	0	0	0	0	0	0	0	0	0	0	0	0	6997764	
507	1	E	5	N	2500	6	40	251	119	29	27	40	0	0	0	0	0	0	0	0	0	0	0	0	7010322	
508	1	E	6	N	2500	6	40	347	140	40	34	44	0	0	0	0	0	0	0	0	0	0	0	0	7019775	
509	1	E	6	N	2500	6	40	343	147	38	36	55	0	0	0	0	0	0	0	0	0	0	0	0	7020836	
510	1	E	6	N	2500	6	40	320	116	30	26	38	0	0	0	0	0	0	0	0	0	0	0	0	7020883	
511	1	E	6	N	2500	0	40	256	147	41	42	62	0	0	0	0	0	0	0	0	0	0	0	0	7020977	
512	1	E	6	N	2500	0	40	298	97	22	19	28	0	0	0	0	0	0	0	0	0	0	0	0	7022115	
513	1	E	6	N	2500	0	40	296	132	40	34	45	0	0	0	0	0	0	0	0	0	0	0	0	7022381	
514	1	E	6	N	2500	0	1	167	103	33	27	40	0	0	0	0	0	0	0	0	0	0	0	0	7022661	
515	1	E	6	N	2500	0	40	317	121	28	23	36	0	0	0	0	0	0	0	0	0	0	0	0	7022755	
516	1	E	6	N	2500	0	40	256	136	35	31	49	0	0	0	0	0	0	0	0	0	0	0	0	7022864	
517	1	E	6	N	2500	0	1	152	56	13	10	13	0	0	0	0	0	0	0	0	0	0	0	0	7022864	
518	1	E	6	N	2500	0	40	203	126	34	31	44	0	0	0	0	0	0	0	0	0	0	0	0	7023129	
519	1	E	6	N	2500	0	40	221	139	34	30	35	0	0	0	0	0	0	0	0	0	0	0	0	7023239	
520	1	E	6	N	2500	0	40	374	135	33	29	44	0	0	0	0	0	0	0	0	0	0	0	0	7023332	
521	1	E	6	N	2500	0	40	271	127	32	28	36	0	0	0	0	0	0	0	0	0	0	0	0	7023457	
522	1	E	6	N	2500	0	40	220	109	28	20	31	0	0	0	0	0	0	0	0	0	0	0	0	7023847	
523	1	E	6	N	2500	0	40	330	127	31	27	36	0	0	0	0	0	0	0	0	0	0	0	0	7024143	
524	1	E	6	N	2500	0	40	223	124	35	29	38	0	0	0	0	0	0	0	0	0	0	0	0	7024284	
525	1	E	6	N	2500	0	1	79	20	8	10	23	0	0	0	0	0	0	0	0	0	0	0	0	7025017	
526	1	E	6	N	2500	0	40	377	140	36	31	48	0	0	0	0	0	0	0	0	0	0	0	0	7025079	
527	1	E	6	N	2500	0	40	313	121	29	26	37	0	0	0	0	0	0	0	0	0	0	0	0	7025220	
528	1	E	6	N	2500	0	40	203	131	39	29	43	0	0	0	0	0	0	0	0	0	0	0	0	7025235	
529	1	E	6	N	2500	0	40	248	144	41	33	51	0	0	0	0	0	0	0	0	0	0	0	0	7025282	
530	1	E	6	N	2500	0	40	284	160	46	43	70	0	0	0	0	0	0	0	0	0	0	0	0	7025345	
531	1	E	6	N	2500	0	1	191	111	27	25	36	0	0	0	0	0	0	0	0	0	0	0	0	7025438	
532	1	E	6	N	2500	0	40	299	107	28	22	31	0	0	0	0	0	0	0	0	0	0	0	0	7025516	
533	1	E	6	N	2500	0	1	168	112	27	24	33	0	0	0	0	0	0	0	0	0	0	0	0	7025750	
534	1	E	6	N	2500	0	40	254	128	29	25	37	0	0	0	0	0	0	0	0	0	0	0	0	7025844	
535	1	E	6	N	2500	0	40	293	118	33	30	42	0	0	0	0	0	0	0	0	0	0	0	0	7025953	
536	1	E	6	N	2500	0	40	335	119	29	24	35	0	0	0	0	0	0	0	0	0	0	0	0	7026031	
537	1	E	6	N	2500	0	1	189	95	29	21	28	0	0	0	0	0	0	0	0	0	0	0	0	7026390	
538	1	E	6	N	2500	0	40	362	136	37	30	46	0	0	0	0	0	0	0	0	0	0	0	0	7026624	
539	1	E	7	N	2500	6	40	227	120	30	27	42	0	0	0	0	0	0	0	0	0	0	0	0	7040695	
540	1	E	8	N	2500	6	40	233	137	34	34	43	0	0	0	0	0	0	0	0	0	0	0	0	7049088	
541	1	E	8	N	2500	6	40	234	131	34	31	44	0	0	0	0	0	0	0	0	0	0	0	0	7049244	
542	1	E	8	N	2500	6	40	232	153	52	45	63	0	0	0	0	0	0	0	0	0	0	0	0	7049322	
543	1	E	8	N	2500	0	40	228	123	34	32	42	0	0	0	0	0	0	0	0	0	0	0	0	7050320	
544	1	E	8	N	2500	0	40	335	149	44	35	46	0	0	0	0	0	0	0	0	0	0	0	0	7050897	
545	1	E	8	N	2500	0	40	387	150	38	37	53	0	0	0	0	0	0	0	0	0	0	0	0	7051085	
546	1	E	8	N	2500	0	40	297	129	32	32	43	0	0	0	0	0	0	0	0	0	0	0	0	7051787	
547	1	E	8	N	2500	0	40	321	128	30	30	44	0	0	0	0	0	0	0	0	0	0	0	0	7053253	
548	1	E	8	N	2500	0	1	71	19	4	4	5	0	0	0	0	0	0	0	0	0	0	0	0	7053830	
549	1	E	8	N	2500	0	1	182	91	23	26	32	0	0	0	0	0	0	0	0	0	0	0	0	7053830	
550	1	E	8	N	2500	0	40	378	159	41	40	53	0	0	0	0	0	0	0	0	0	0	0	0	7054033	
551	1	E	8	N	2500	0	40	314	114	28	25	34	0	0	0	0	0	0	0	0	0	0	0	0	7054236	
552	1	E	8	N	2500	0	40	367	158	38	38	65	0	0	0	0	0	0	0	0	0	0	0	0	7054470	
553	1	E	8	N	2500	0	40	183	125	41	40	56	0	0	0	0	0	0	0	0	0	0	0	0	7054985	
554	1	E	9	N	2500	2	1	76	25	4	5	11	0	0	0	0	0	0	0	0	0	0	0	0	7063705	
555	1	E	10	N	2500	6	40	431	177	47	44	59	0	0	0	0	0	0	0	0	0	0	0	0	7078135	
556	1	E	10	N	2500	6	40	364	163	51	38	47	0	0	0	0	0	0	0	0	0	0	0	0	7079134	
557	1	E	10	N	2500	2	1	104	28	15	21	48	0	0	0	0	0	0	0	0	0	0	0	0	7079804	
558	1	E	10	N	2500	6	40	276	109	27	20	31	0	0	0	0	0	0	0	0	0	0	0	0	7080288	
559	1	E	10	N	2500	0	40	282	152	34	31	50	0	0	0	0	0	0	0	0	0	0	0	0	7081723	
560	1	E	10	N	2500	0	40	338	115	29	21	29	0	0	0	0	0	0	0	0	0	0	0	0	7081817	
561	1	E	10	N	2500	0	1	73	41	7	8	15	0	0	0	0	0	0	0	0	0	0	0	0	7082035	
562	1	E	10	N	2500	0	40	316	144	33	28	41	0	0	0	0	0	0	0	0	0	0	0	0	7082051	
563	1	E	10	N	2500	0	40	290	125	38	32	45	0	0	0	0	0	0	0	0	0	0	0	0	7082160	
564	1	E	10	N	2500	0	40	312	109	25	23	27	0	0	0	0	0	0	0	0	0	0	0	0	7082222	
565	1	E	10	N	2500	0	40	425	152	37	34	55	0	0	0	0	0	0	0	0	0	0	0	0	7082846	
566	1	E	10	N	2500	0	40	262	158	49	39	52	0	0	0	0	0	0	0	0	0	0	0	0	7083673	
567	1	E	10	N	2500	0	1	51	12	2	2	5	0	0	0	0	0	0	0	0	0	0	0	0	7084562	
568	1	E	10	N	2500	0	1	51	14	3	3	7	0	0	0	0	0	0	0	0	0	0	0	0	7084890	
569	1	E	12	N	2500	6	40	297	143	42	34	47	0	0	0	0	0	0	0	0	0	0	0	0	7106558	
570	1	E	12	N	2500	2	1	157	96	25	21	27	0	0	0	0	0	0	0	0	0	0	0	0	7107214	
571	1	E	12	N	2500	2	1	73	55	19	20	37	0	0	0	0	0	0	0	0	0	0	0	0	7108836	
572	1	E	12	N	2500	2	1	66	13	3	3	6	0	0	0	0	0	0	0	0	0	0	0	0	7108976	
573	1	E	12	N	2500	6	40	316	113	31	21	28	0	0	0	0	0	0	0	0	0	0	0	0	7110053	
574	1	E	12	N	2500	6	40	381	129	34	24	34	0	0	0	0	0	0	0	0	0	0	0	0	7110178	
575	1	E	12	N	2500	0	40	332	147	36	30	44	0	0	0	0	0	0	0	0	0	0	0	0	7110458	
576	1	E	12	N	2500	0	1	72	52	6	6	15	0	0	0	0	0	0	0	0	0	0	0	0	7111176	
577	1	E	12	N	2500	0	1	78	27	8	9	15	0	0	0	0	0	0	0	0	0	0	0	0	7112252	
578	1	E	12	N	2500	0	1	177	53	9	9	16	0	0	0	0	0	0	0	0	0	0	0	0	7113376	
579	1	E	12	N	2500	0	40	341	116	30	20	25	0	0	0	0	0	0	0	0	0	0	0	0	7113469	
580	1	F	2	N	2500	2	1	52	12	3	2	4	0	0	0	0	0	0	0	0	0	0	0	0	7136479	
581	1	F	2	N	2500	2	1	52	10	1	1	2	0	0	0	0	0	0	0	0	0	0	0	0	7136776	
582	1	F	2	N	2500	6	40	410	166	38	31	41	0	0	0	0	0	0	0	0	0	0	0	0	7137852	
583	1	F	2	N	2500	2	1	86	84	49	46	92	0	0	0	0	0	0	0	0	0	0	0	0	7139474	
584	1	F	2	N	2500	6	40	207	126	31	30	37	0	0	0	0	0	0	0	0	0	0	0	0	7141362	
585	1	F	2	N	2500	2	1	187	103	24	17	24	0	0	0	0	0	0	0	0	0	0	0	0	7141643	
586	1	F	2	N	2500	6	40	384	181	40	35	51	0	0	0	0	0	0	0	0	0	0	0	0	7141814	
587	1	F	2	N	2500	0	40	343	141	34	26	42	0	0	0	0	0	0	0	0	0	0	0	0	7142267	
588	1	F	3	N	2500	2	1	64	30	9	9	17	0	0	0	0	0	0	0	0	0	0	0	0	7152282	
589	1	F	4	N	2500	2	1	117	69	25	7	10	0	0	0	0	0	0	0	0	0	0	0	0	7166696	
590	1	F	4	N	2500	2	1	80	28	19	2	4	0	0	0	0	0	0	0	0	0	0	0	0	7166696	
591	1	F	4	N	2500	6	40	308	113	32	21	29	0	0	0	0	0	0	0	0	0	0	0	0	7166790	
592	1	F	4	N	2500	6	40	460	196	59	56	85	0	0	0	0	0	0	0	0	0	0	0	0	7166837	
593	1	F	4	N	2500	2	1	140	35	7	7	11	0	0	0	0	0	0	0	0	0	0	0	0	7168350	
594	1	F	4	N	2500	2	1	143	56	13	11	15	0	0	0	0	0	0	0	0	0	0	0	0	7168350	
595	1	F	4	N	2500	6	40	367	143	33	26	38	0	0	0	0	0	0	0	0	0	0	0	0	7168553	
596	1	F	4	N	2500	0	40	325	116	32	23	39	0	0	0	0	0	0	0	0	0	0	0	0	7170035	
597	1	F	4	N	2500	0	40	341	121	27	22	30	0	0	0	0	0	0	0	0	0	0	0	0	7170752	
598	1	F	4	N	2500	0	40	393	141	39	33	51	0	0	0	0	0	0	0	0	0	0	0	0	7170940	
599	1	F	4	N	2500	0	40	253	115	23	19	30	0	0	0	0	0	0	0	0	0	0	0	0	7171096	
600	1	F	6	N	2500	2	1	89	21	5	5	11	0	0	0	0	0	0	0	0	0	0	0	0	7194277	
601	1	F	6	N	2500	2	1	195	104	28	24	34	0	0	0	0	0	0	0	0	0	0	0	0	7194995	
602	1	F	6	N	2500	2	1	63	13	2	2	4	0	0	0	0	0	0	0	0	0	0	0	0	7195120	
603	1	F	6	N	2500	6	40	305	90	18	16	27	0	0	0	0	0	0	0	0	0	0	0	0	7197444	
604	1	F	6	N	2500	2	1	104	46	12	12	22	0	0	0	0	0	0	0	0	0	0	0	0	7197865	
605	1	F	6	N	2500	6	40	300	95	24	20	30	0	0	0	0	0	0	0	0	0	0	0	0	7198474	
606	1	F	6	N	2500	6	40	309	91	20	17	25	0	0	0	0	0	0	0	0	0	0	0	0	7198911	
607	1	F	6	N	2500	0	40	337	114	27	24	34	0	0	0	0	0	0	0	0	0	0	0	0	7199129	
608	1	F	6	N	2500	0	40	273	103	22	17	27	0	0	0	0	0	0	0	0	0	0	0	0	7199285	
609	1	F	6	N	2500	0	40	318	107	22	20	32	0	0	0	0	0	0	0	0	0	0	0	0	7199550	
610	1	F	6	N	2500	0	1	216	101	24	21	30	0	0	0	0	0	0	0	0	0	0	0	0	7200736	
611	1	F	6	N	2500	0	1	102	42	10	11	17	0	0	0	0	0	0	0	0	0	0	0	0	7200939	
612	1	F	7	N	2500	2	1	193	100	33	28	41	0	0	0	0	0	0	0	0	0	0	0	0	7208302	
613	1	F	7	N	2500	2	1	59	46	9	8	20	0	0	0	0	0	0	0	0	0	0	0	0	7208629	
614	1	F	8	N	2500	2	1	53	31	5	5	10	0	0	0	0	0	0	0	0	0	0	0	0	7222919	
615	1	F	8	N	2500	6	40	180	120	34	28	33	0	0	0	0	0	0	0	0	0	0	0	0	7223059	
616	1	F	8	N	2500	2	1	190	92	20	16	20	0	0	0	0	0	0	0	0	0	0	0	0	7223605	
617	1	F	8	N	2500	6	40	322	117	25	23	34	0	0	0	0	0	0	0	0	0	0	0	0	7223824	
618	1	F	8	N	2500	2	1	203	108	25	18	23	0	0	0	0	0	0	0	0	0	0	0	0	7223871	
619	1	F	8	N	2500	2	1	182	87	21	15	23	0	0	0	0	0	0	0	0	0	0	0	0	7224120	
620	1	F	8	N	2500	6	40	322	113	27	21	30	0	0	0	0	0	0	0	0	0	0	0	0	7224479	
621	1	F	8	N	2500	0	40	347	134	32	26	36	0	0	0	0	0	0	0	0	0	0	0	0	7224651	
622	1	F	8	N	2500	0	40	344	119	26	21	33	0	0	0	0	0	0	0	0	0	0	0	0	7224682	
623	1	F	8	N	2500	0	40	331	109	29	24	29	0	0	0	0	0	0	0	0	0	0	0	0	7224697	
624	1	F	8	N	2500	0	40	307	111	26	23	33	0	0	0	0	0	0	0	0	0	0	0	0	7225212	
625	1	F	8	N	2500	0	40	342	139	36	28	43	0	0	0	0	0	0	0	0	0	0	0	0	7225477	
626	1	F	8	N	2500	0	1	131	30	7	5	9	0	0	0	0	0	0	0	0	0	0	0	0	7225493	
627	1	F	8	N	2500	0	1	183	73	20	15	22	0	0	0	0	0	0	0	0	0	0	0	0	7225493	
628	1	F	8	N	2500	0	40	316	124	34	26	35	0	0	0	0	0	0	0	0	0	0	0	0	7225633	
629	1	F	8	N	2500	0	40	320	117	25	22	34	0	0	0	0	0	0	0	0	0	0	0	0	7225649	
630	1	F	8	N	2500	0	40	216	125	31	27	34	0	0	0	0	0	0	0	0	0	0	0	0	7225649	
631	1	F	8	N	2500	0	40	280	102	23	19	25	0	0	0	0	0	0	0	0	0	0	0	0	7225696	
632	1	F	8	N	2500	0	40	282	122	32	25	36	0	0	0	0	0	0	0	0	0	0	0	0	7225805	
633	1	F	8	N	2500	0	40	236	126	28	24	37	0	0	0	0	0	0	0	0	0	0	0	0	7225930	
634	1	F	8	N	2500	0	40	338	117	26	21	32	0	0	0	0	0	0	0	0	0	0	0	0	7226008	
635	1	F	8	N	2500	0	40	243	116	31	22	29	0	0	0	0	0	0	0	0	0	0	0	0	7226148	
636	1	F	8	N	2500	0	40	345	124	27	20	31	0	0	0	0	0	0	0	0	0	0	0	0	7226367	
637	1	F	8	N	2500	0	40	201	111	27	20	32	0	0	0	0	0	0	0	0	0	0	0	0	7226476	
638	1	F	8	N	2500	0	40	327	117	28	20	30	0	0	0	0	0	0	0	0	0	0	0	0	7226569	
639	1	F	8	N	2500	0	40	321	104	23	16	25	0	0	0	0	0	0	0	0	0	0	0	0	7226647	
640	1	F	8	N	2500	0	40	364	144	34	29	39	0	0	0	0	0	0	0	0	0	0	0	0	7227084	
641	1	F	8	N	2500	0	1	263	75	14	12	22	0	0	0	0	0	0	0	0	0	0	0	0	7227100	
642	1	F	8	N	2500	0	40	184	130	34	25	31	0	0	0	0	0	0	0	0	0	0	0	0	7227131	
643	1	F	8	N	2500	0	40	339	110	26	20	28	0	0	0	0	0	0	0	0	0	0	0	0	7227209	
644	1	F	8	N	2500	0	40	252	100	28	22	30	0	0	0	0	0	0	0	0	0	0	0	0	7227225	
645	1	F	8	N	2500	0	40	299	105	22	20	29	0	0	0	0	0	0	0	0	0	0	0	0	7227349	
646	1	F	8	N	2500	0	40	209	107	30	24	33	0	0	0	0	0	0	0	0	0	0	0	0	7227365	
647	1	F	8	N	2500	0	40	321	146	33	32	50	0	0	0	0	0	0	0	0	0	0	0	0	7227521	
648	1	F	8	N	2500	0	1	208	91	19	17	26	0	0	0	0	0	0	0	0	0	0	0	0	7227833	
649	1	F	8	N	2500	0	40	305	97	18	15	25	0	0	0	0	0	0	0	0	0	0	0	0	7227833	
650	1	F	8	N	2500	0	40	303	125	32	26	37	0	0	0	0	0	0	0	0	0	0	0	0	7227927	
651	1	F	8	N	2500	0	40	341	123	27	21	34	0	0	0	0	0	0	0	0	0	0	0	0	7227958	
652	1	F	8	N	2500	0	40	301	132	34	31	45	0	0	0	0	0	0	0	0	0	0	0	0	7228005	
653	1	F	8	N	2500	0	40	368	140	30	26	32	0	0	0	0	0	0	0	0	0	0	0	0	7228098	
654	1	F	8	N	2500	0	40	337	127	27	25	31	0	0	0	0	0	0	0	0	0	0	0	0	7228114	
655	1	F	8	N	2500	0	40	353	131	30	25	35	0	0	0	0	0	0	0	0	0	0	0	0	7228207	
656	1	F	8	N	2500	0	40	363	132	30	24	37	0	0	0	0	0	0	0	0	0	0	0	0	7228207	
657	1	F	8	N	2500	0	40	344	113	26	21	28	0	0	0	0	0	0	0	0	0	0	0	0	7228207	
658	1	F	8	N	2500	0	2	165	127	36	31	43	0	0	0	0	0	0	0	0	0	0	0	0	7228207	
659	1	F	8	N	2500	0	1	157	78	18	14	22	0	0	0	0	0	0	0	0	0	0	0	0	7228223	
660	1	F	8	N	2500	0	1	116	24	6	7	15	0	0	0	0	0	0	0	0	0	0	0	0	7228722	
661	1	F	8	N	2500	0	1	82	23	4	3	5	0	0	0	0	0	0	0	0	0	0	0	0	7229674	
662	1	F	8	N	2500	0	40	385	157	35	26	40	0	0	0	0	0	0	0	0	0	0	0	0	7229674	
663	1	F	8	N	2500	0	1	224	80	19	15	24	0	0	0	0	0	0	0	0	0	0	0	0	7229830	
664	1	F	8	N	2500	0	40	278	118	31	23	34	0	0	0	0	0	0	0	0	0	0	0	0	7230111	
665	1	F	8	N	2500	0	1	182	63	14	12	17	0	0	0	0	0	0	0	0	0	0	0	0	7230267	
666	1	F	9	N	2500	2	1	55	22	8	0	1	0	0	0	0	0	0	0	0	0	0	0	0	7237177	
667	1	F	9	N	2500	6	40	210	114	26	22	27	0	0	0	0	0	0	0	0	0	0	0	0	7241483	
668	1	F	10	N	2500	6	40	417	162	40	37	51	0	0	0	0	0	0	0	0	0	0	0	0	7251592	
669	1	F	10	N	2500	6	40	412	157	38	35	56	0	0	0	0	0	0	0	0	0	0	0	0	7251685	
670	1	F	10	N	2500	6	40	350	148	37	34	48	0	0	0	0	0	0	0	0	0	0	0	0	7251763	
671	1	F	10	N	2500	0	40	398	161	42	36	51	0	0	0	0	0	0	0	0	0	0	0	0	7251997	
672	1	F	10	N	2500	0	40	352	145	34	32	53	0	0	0	0	0	0	0	0	0	0	0	0	7252309	
673	1	F	10	N	2500	0	40	255	139	36	31	37	0	0	0	0	0	0	0	0	0	0	0	0	7253074	
674	1	F	10	N	2500	0	40	354	141	37	31	46	0	0	0	0	0	0	0	0	0	0	0	0	7254369	
675	1	F	10	N	2500	0	40	218	129	39	33	46	0	0	0	0	0	0	0	0	0	0	0	0	7254837	
676	1	F	10	N	2500	0	40	251	117	28	27	44	0	0	0	0	0	0	0	0	0	0	0	0	7254993	
677	1	F	10	N	2500	0	40	217	147	39	37	56	0	0	0	0	0	0	0	0	0	0	0	0	7255117	
678	1	F	10	N	2500	0	40	298	156	37	34	54	0	0	0	0	0	0	0	0	0	0	0	0	7255211	
679	1	F	10	N	2500	0	40	343	132	33	29	43	0	0	0	0	0	0	0	0	0	0	0	0	7255554	
680	1	F	10	N	2500	0	40	335	124	28	22	34	0	0	0	0	0	0	0	0	0	0	0	0	7255570	
681	1	F	10	N	2500	0	40	225	126	32	28	40	0	0	0	0	0	0	0	0	0	0	0	0	7257145	
682	1	F	10	N	2500	0	40	177	124	38	33	47	0	0	0	0	0	0	0	0	0	0	0	0	7257676	
683	1	F	10	N	2500	0	40	357	148	41	31	42	0	0	0	0	0	0	0	0	0	0	0	0	7258549	
684	1	F	10	N	2500	0	40	293	94	19	15	21	0	0	0	0	0	0	0	0	0	0	0	0	7258815	
685	1	F	11	N	2500	2	1	65	14	2	1	2	0	0	0	0	0	0	0	0	0	0	0	0	7268689	
686	1	F	11	N	2500	6	40	371	132	31	27	40	0	0	0	0	0	0	0	0	0	0	0	0	7271029	
687	1	F	12	N	2500	6	40	255	108	32	27	40	0	0	0	0	0	0	0	0	0	0	0	0	7280545	
688	1	F	12	N	2500	6	40	363	122	30	25	36	0	0	0	0	0	0	0	0	0	0	0	0	7282792	
689	1	F	12	N	2500	6	40	326	113	29	23	35	0	0	0	0	0	0	0	0	0	0	0	0	7282839	
690	1	F	12	N	2500	0	1	179	106	29	19	26	0	0	0	0	0	0	0	0	0	0	0	0	7284133	
691	1	F	12	N	2500	0	1	247	95	27	18	28	0	0	0	0	0	0	0	0	0	0	0	0	7284289	
692	1	F	12	N	2500	0	1	249	61	11	9	12	0	0	0	0	0	0	0	0	0	0	0	0	7284648	
693	1	F	12	N	2500	0	40	295	111	30	22	30	0	0	0	0	0	0	0	0	0	0	0	0	7285007	
694	1	F	12	N	2500	0	1	72	14	5	8	17	0	0	0	0	0	0	0	0	0	0	0	0	7285225	
695	1	F	12	N	2500	0	40	345	164	46	40	53	0	0	0	0	0	0	0	0	0	0	0	0	7285225	
696	1	F	12	N	2500	0	1	50	9	0	0	0	0	0	0	0	0	0	0	0	0	0	0	0	7285818	
697	1	F	12	N	2500	0	40	310	107	24	21	31	0	0	0	0	0	0	0	0	0	0	0	0	7285943	
698	1	F	12	N	2500	0	40	262	121	29	27	40	0	0	0	0	0	0	0	0	0	0	0	0	7287488	
699	1	G	2	N	2500	2	1	102	38	6	7	9	0	0	0	0	0	0	0	0	0	0	0	0	7312370	
700	1	G	2	N	2500	6	40	339	128	34	28	36	0	0	0	0	0	0	0	0	0	0	0	0	7313087	
701	1	G	2	N	2500	6	40	321	135	35	27	30	0	0	0	0	0	0	0	0	0	0	0	0	7313618	
702	1	G	2	N	2500	6	40	346	109	23	17	25	0	0	0	0	0	0	0	0	0	0	0	0	7313633	
703	1	G	2	N	2500	0	40	328	136	37	28	31	0	0	0	0	0	0	0	0	0	0	0	0	7313976	
704	1	G	2	N	2500	0	40	339	122	29	21	27	0	0	0	0	0	0	0	0	0	0	0	0	7314070	
705	1	G	2	N	2500	0	40	332	113	26	20	26	0	0	0	0	0	0	0	0	0	0	0	0	7314476	
706	1	G	2	N	2500	0	40	314	137	32	27	33	0	0	0	0	0	0	0	0	0	0	0	0	7314569	
707	1	G	2	N	2500	0	40	250	131	31	26	28	0	0	0	0	0	0	0	0	0	0	0	0	7314585	
708	1	G	2	N	2500	0	1	173	110	26	21	29	0	0	0	0	0	0	0	0	0	0	0	0	7315287	
709	1	G	2	N	2500	0	40	320	116	32	22	30	0	0	0	0	0	0	0	0	0	0	0	0	7315630	
710	1	G	2	N	2500	0	40	433	166	37	27	28	0	0	0	0	0	0	0	0	0	0	0	0	7315942	
711	1	G	2	N	2500	0	1	57	35	13	13	25	0	0	0	0	0	0	0	0	0	0	0	0	7316379	
712	1	G	3	N	2500	2	1	189	92	20	15	24	0	0	0	0	0	0	0	0	0	0	0	0	7328391	
713	1	G	4	N	2500	2	1	468	148	38	33	56	0	0	0	0	0	0	0	0	0	0	0	0	7344818	
714	1	G	4	N	2500	2	1	117	87	51	51	93	0	0	0	0	0	0	0	0	0	0	0	0	7346643	
715	1	G	6	N	2500	6	40	321	121	30	30	39	0	0	0	0	0	0	0	0	0	0	0	0	7369013	
716	1	G	6	N	2500	6	40	220	104	25	19	30	0	0	0	0	0	0	0	0	0	0	0	0	7369076	
717	1	G	6	N	2500	6	40	301	123	35	31	42	0	0	0	0	0	0	0	0	0	0	0	0	7369169	
718	1	G	6	N	2500	0	40	385	148	41	36	55	0	0	0	0	0	0	0	0	0	0	0	0	7369185	
719	1	G	6	N	2500	0	40	397	148	44	38	52	0	0	0	0	0	0	0	0	0	0	0	0	7369419	
720	1	G	6	N	2500	0	1	111	110	86	87	144	0	0	0	0	0	0	0	0	0	0	0	0	7369544	
721	1	G	6	N	2500	0	40	390	136	37	31	48	0	0	0	0	0	0	0	0	0	0	0	0	7369731	
722	1	G	6	N	2500	0	40	376	149	44	39	57	0	0	0	0	0	0	0	0	0	0	0	0	7369746	
723	1	G	6	N	2500	0	40	364	158	41	35	54	0	0	0	0	0	0	0	0	0	0	0	0	7369980	
724	1	G	6	N	2500	0	40	233	104	36	27	42	0	0	0	0	0	0	0	0	0	0	0	0	7370168	
725	1	G	6	N	2500	0	40	228	115	36	34	50	0	0	0	0	0	0	0	0	0	0	0	0	7370230	
726	1	G	6	N	2500	0	40	311	111	27	20	32	0	0	0	0	0	0	0	0	0	0	0	0	7370308	
727	1	G	6	N	2500	0	40	403	156	40	35	55	0	0	0	0	0	0	0	0	0	0	0	0	7370386	
728	1	G	6	N	2500	0	40	317	163	46	41	59	0	0	0	0	0	0	0	0	0	0	0	0	7370464	
729	1	G	6	N	2500	0	40	314	137	38	34	43	0	0	0	0	0	0	0	0	0	0	0	0	7370511	
730	1	G	6	N	2500	0	40	259	124	28	24	37	0	0	0	0	0	0	0	0	0	0	0	0	7370714	
731	1	G	6	N	2500	0	40	384	143	37	33	49	0	0	0	0	0	0	0	0	0	0	0	0	7370979	
732	1	G	6	N	2500	0	40	334	126	33	29	41	0	0	0	0	0	0	0	0	0	0	0	0	7371041	
733	1	G	6	N	2500	0	1	171	69	11	11	18	0	0	0	0	0	0	0	0	0	0	0	0	7371104	
734	1	G	6	N	2500	0	40	311	146	33	31	51	0	0	0	0	0	0	0	0	0	0	0	0	7371104	
735	1	G	6	N	2500	0	40	378	154	45	37	46	0	0	0	0	0	0	0	0	0	0	0	0	7371182	
736	1	G	6	N	2500	0	40	271	161	49	41	62	0	0	0	0	0	0	0	0	0	0	0	0	7371306	
737	1	G	6	N	2500	0	40	372	140	36	34	44	0	0	0	0	0	0	0	0	0	0	0	0	7371353	
738	1	G	6	N	2500	0	40	321	137	34	30	40	0	0	0	0	0	0	0	0	0	0	0	0	7371400	
739	1	G	6	N	2500	0	40	360	133	36	30	39	0	0	0	0	0	0	0	0	0	0	0	0	7371431	
740	1	G	6	N	2500	0	40	355	169	47	37	53	0	0	0	0	0	0	0	0	0	0	0	0	7371447	
741	1	G	6	N	2500	0	40	327	165	44	42	60	0	0	0	0	0	0	0	0	0	0	0	0	7371494	
742	1	G	6	N	2500	0	40	309	142	49	39	53	0	0	0	0	0	0	0	0	0	0	0	0	7371603	
743	1	G	6	N	2500	0	40	368	139	34	30	38	0	0	0	0	0	0	0	0	0	0	0	0	7371681	
744	1	G	6	N	2500	0	40	386	155	39	36	61	0	0	0	0	0	0	0	0	0	0	0	0	7371728	
745	1	G	6	N	2500	0	40	401	150	38	32	48	0	0	0	0	0	0	0	0	0	0	0	0	7371728	
746	1	G	6	N	2500	0	40	256	110	28	25	34	0	0	0	0	0	0	0	0	0	0	0	0	7371774	
747	1	G	6	N	2500	0	40	268	124	32	30	43	0	0	0	0	0	0	0	0	0	0	0	0	7371884	
748	1	G	6	N	2500	0	40	174	160	59	48	65	0	0	0	0	0	0	0	0	0	0	0	0	7371899	
749	1	G	6	N	2500	0	40	395	180	54	51	66	0	0	0	0	0	0	0	0	0	0	0	0	7371962	
750	1	G	6	N	2500	0	40	423	159	35	32	42	0	0	0	0	0	0	0	0	0	0	0	0	7372055	
751	1	G	6	N	2500	0	40	316	122	31	27	37	0	0	0	0	0	0	0	0	0	0	0	0	7372071	
752	1	G	6	N	2500	0	1	153	102	25	21	29	0	0	0	0	0	0	0	0	0	0	0	0	7372086	
753	1	G	6	N	2500	0	40	339	137	36	30	38	0	0	0	0	0	0	0	0	0	0	0	0	7372102	
754	1	G	6	N	2500	0	40	420	161	43	35	47	0	0	0	0	0	0	0	0	0	0	0	0	7372149	
755	1	G	6	N	2500	0	40	373	145	37	33	47	0	0	0	0	0	0	0	0	0	0	0	0	7372320	
756	1	G	6	N	2500	0	1	102	90	28	25	57	0	0	0	0	0	0	0	0	0	0	0	0	7372336	
757	1	G	6	N	2500	0	40	421	174	49	42	59	0	0	0	0	0	0	0	0	0	0	0	0	7372742	
758	1	G	6	N	2500	0	40	404	157	43	38	55	0	0	0	0	0	0	0	0	0	0	0	0	7372757	
759	1	G	6	N	2500	0	1	51	9	1	1	3	0	0	0	0	0	0	0	0	0	0	0	0	7372820	
760	1	G	6	N	2500	0	1	52	10	4	6	16	0	0	0	0	0	0	0	0	0	0	0	0	7372851	
761	1	G	6	N	2500	0	40	368	144	43	33	48	0	0	0	0	0	0	0	0	0	0	0	0	7372851	
762	1	G	6	N	2500	0	40	278	178	50	40	51	0	0	0	0	0	0	0	0	0	0	0	0	7372866	
763	1	G	6	N	2500	0	40	381	174	46	42	60	0	0	0	0	0	0	0	0	0	0	0	0	7372882	
764	1	G	6	N	2500	0	40	388	140	32	24	37	0	0	0	0	0	0	0	0	0	0	0	0	7372898	
765	1	G	6	N	2500	0	1	221	101	30	31	45	0	0	0	0	0	0	0	0	0	0	0	0	7372960	
766	1	G	6	N	2500	0	1	106	19	6	5	9	0	0	0	0	0	0	0	0	0	0	0	0	7372960	
767	1	G	6	N	2500	0	40	219	120	31	30	39	0	0	0	0	0	0	0	0	0	0	0	0	7372960	
768	1	G	6	N	2500	0	1	139	67	12	12	19	0	0	0	0	0	0	0	0	0	0	0	0	7372976	
769	1	G	6	N	2500	0	40	362	143	39	35	46	0	0	0	0	0	0	0	0	0	0	0	0	7373022	
770	1	G	6	N	2500	0	40	291	179	53	49	68	0	0	0	0	0	0	0	0	0	0	0	0	7373022	
771	1	G	6	N	2500	0	40	306	114	30	23	30	0	0	0	0	0	0	0	0	0	0	0	0	7373054	
772	1	G	6	N	2500	0	40	374	179	56	44	59	0	0	0	0	0	0	0	0	0	0	0	0	7373100	
773	1	G	6	N	2500	0	40	326	135	36	31	45	0	0	0	0	0	0	0	0	0	0	0	0	7373132	
774	1	G	6	N	2500	0	40	370	223	65	51	66	0	0	0	0	0	0	0	0	0	0	0	0	7373132	
775	1	G	6	N	2500	0	40	299	133	38	31	44	0	0	0	0	0	0	0	0	0	0	0	0	7373163	
776	1	G	6	N	2500	0	40	361	135	39	31	44	0	0	0	0	0	0	0	0	0	0	0	0	7373272	
777	1	G	6	N	2500	0	40	432	174	44	37	51	0	0	0	0	0	0	0	0	0	0	0	0	7373288	
778	1	G	6	N	2500	0	40	353	124	29	25	38	0	0	0	0	0	0	0	0	0	0	0	0	7373334	
779	1	G	6	N	2500	0	40	406	165	48	40	55	0	0	0	0	0	0	0	0	0	0	0	0	7373334	
780	1	G	6	N	2500	0	40	486	174	50	46	83	0	0	0	0	0	0	0	0	0	0	0	0	7373334	
781	1	G	6	N	2500	0	40	378	144	43	35	47	0	0	0	0	0	0	0	0	0	0	0	0	7373397	
782	1	G	6	N	2500	0	40	418	160	42	35	51	0	0	0	0	0	0	0	0	0	0	0	0	7373428	
783	1	G	6	N	2500	0	40	196	122	39	32	43	0	0	0	0	0	0	0	0	0	0	0	0	7373444	
784	1	G	6	N	2500	0	40	206	113	36	32	42	0	0	0	0	0	0	0	0	0	0	0	0	7373444	
785	1	G	6	N	2500	0	40	273	155	43	38	47	0	0	0	0	0	0	0	0	0	0	0	0	7373459	
786	1	G	6	N	2500	0	40	285	90	16	15	23	0	0	0	0	0	0	0	0	0	0	0	0	7373490	
787	1	G	6	N	2500	0	40	379	149	41	32	51	0	0	0	0	0	0	0	0	0	0	0	0	7373522	
788	1	G	6	N	2500	0	40	414	144	37	31	41	0	0	0	0	0	0	0	0	0	0	0	0	7373537	
789	1	G	6	N	2500	0	40	360	135	32	29	37	0	0	0	0	0	0	0	0	0	0	0	0	7373678	
790	1	G	6	N	2500	0	40	362	136	32	30	45	0	0	0	0	0	0	0	0	0	0	0	0	7373724	
791	1	G	6	N	2500	0	40	322	139	42	32	50	0	0	0	0	0	0	0	0	0	0	0	0	7373740	
792	1	G	6	N	2500	0	40	387	151	36	33	45	0	0	0	0	0	0	0	0	0	0	0	0	7373740	
793	1	G	6	N	2500	0	40	281	131	32	28	43	0	0	0	0	0	0	0	0	0	0	0	0	7373787	
794	1	G	6	N	2500	0	40	203	128	33	29	44	0	0	0	0	0	0	0	0	0	0	0	0	7373802	
795	1	G	6	N	2500	0	40	372	134	39	32	45	0	0	0	0	0	0	0	0	0	0	0	0	7373834	
796	1	G	6	N	2500	0	40	264	168	49	37	51	0	0	0	0	0	0	0	0	0	0	0	0	7373943	
797	1	G	6	N	2500	0	40	233	140	41	41	62	0	0	0	0	0	0	0	0	0	0	0	0	7373958	
798	1	G	6	N	2500	0	40	313	144	43	35	48	0	0	0	0	0	0	0	0	0	0	0	0	7373958	
799	1	G	6	N	2500	0	40	376	169	48	45	61	0	0	0	0	0	0	0	0	0	0	0	0	7374036	
800	1	G	6	N	2500	0	40	477	184	43	38	53	0	0	0	0	0	0	0	0	0	0	0	0	7374192	
801	1	G	6	N	2500	0	40	356	138	34	30	44	0	0	0	0	0	0	0	0	0	0	0	0	7374426	
802	1	G	6	N	2500	0	40	401	160	38	35	46	0	0	0	0	0	0	0	0	0	0	0	0	7374582	
803	1	G	6	N	2500	0	40	386	161	48	38	53	0	0	0	0	0	0	0	0	0	0	0	0	7374598	
804	1	G	6	N	2500	0	1	173	64	14	12	18	0	0	0	0	0	0	0	0	0	0	0	0	7374848	
805	1	G	6	N	2500	0	1	77	59	16	17	22	0	0	0	0	0	0	0	0	0	0	0	0	7374848	
806	1	G	6	N	2500	0	40	382	140	43	35	50	0	0	0	0	0	0	0	0	0	0	0	0	7374910	
807	1	G	6	N	2500	0	40	361	137	33	27	44	0	0	0	0	0	0	0	0	0	0	0	0	7374972	
808	1	G	6	N	2500	0	40	230	138	36	29	38	0	0	0	0	0	0	0	0	0	0	0	0	7375066	
809	1	G	6	N	2500	0	40	226	136	39	35	49	0	0	0	0	0	0	0	0	0	0	0	0	7375160	
810	1	G	6	N	2500	0	1	205	83	28	24	33	0	0	0	0	0	0	0	0	0	0	0	0	7375269	
811	1	G	6	N	2500	0	40	390	157	41	38	50	0	0	0	0	0	0	0	0	0	0	0	0	7375331	
812	1	G	6	N	2500	0	1	200	88	30	28	40	0	0	0	0	0	0	0	0	0	0	0	0	7375456	
813	1	G	6	N	2500	0	40	312	125	31	26	40	0	0	0	0	0	0	0	0	0	0	0	0	7375534	
814	1	G	6	N	2500	0	40	298	117	33	30	38	0	0	0	0	0	0	0	0	0	0	0	0	7375721	
815	1	G	6	N	2500	0	40	334	132	33	28	38	0	0	0	0	0	0	0	0	0	0	0	0	7376002	
816	1	G	6	N	2500	0	40	415	164	47	42	62	0	0	0	0	0	0	0	0	0	0	0	0	7376096	
817	1	G	6	N	2500	0	40	331	122	31	25	38	0	0	0	0	0	0	0	0	0	0	0	0	7376096	
818	1	G	7	N	2500	2	1	67	39	14	0	0	0	0	0	0	0	0	0	0	0	0	0	0	7383178	
819	1	G	7	N	2500	2	1	66	16	3	1	4	0	0	0	0	0	0	0	0	0	0	0	0	7384785	
820	1	G	7	N	2500	2	1	89	83	4	1	2	0	0	0	0	0	0	0	0	0	0	0	0	7384832	
821	1	G	7	N	2500	6	40	451	175	48	40	57	0	0	0	0	0	0	0	0	0	0	0	0	7385206	
822	1	G	7	N	2500	6	40	382	147	35	30	39	0	0	0	0	0	0	0	0	0	0	0	0	7385643	
823	1	G	7	N	2500	6	40	261	120	53	44	55	0	0	0	0	0	0	0	0	0	0	0	0	7385955	
824	1	G	8	N	2500	6	40	403	164	43	37	56	0	0	0	0	0	0	0	0	0	0	0	0	7397702	
825	1	G	8	N	2500	6	40	442	196	61	47	67	0	0	0	0	0	0	0	0	0	0	0	0	7398060	
826	1	G	8	N	2500	6	40	424	172	47	41	60	0	0	0	0	0	0	0	0	0	0	0	0	7398404	
827	1	G	8	N	2500	0	40	258	130	31	27	35	0	0	0	0	0	0	0	0	0	0	0	0	7399230	
828	1	G	8	N	2500	0	40	340	125	32	30	43	0	0	0	0	0	0	0	0	0	0	0	0	7399262	
829	1	G	8	N	2500	0	2	153	137	39	34	44	0	0	0	0	0	0	0	0	0	0	0	0	7399464	
830	1	G	8	N	2500	0	40	214	121	29	26	35	0	0	0	0	0	0	0	0	0	0	0	0	7399527	
831	1	G	8	N	2500	0	40	321	127	30	23	34	0	0	0	0	0	0	0	0	0	0	0	0	7399698	
832	1	G	8	N	2500	0	40	401	153	35	27	36	0	0	0	0	0	0	0	0	0	0	0	0	7400276	
833	1	G	8	N	2500	0	40	351	139	33	26	35	0	0	0	0	0	0	0	0	0	0	0	0	7400322	
834	1	G	8	N	2500	0	40	320	129	34	31	41	0	0	0	0	0	0	0	0	0	0	0	0	7400619	
835	1	G	8	N	2500	0	40	276	128	31	28	41	0	0	0	0	0	0	0	0	0	0	0	0	7402663	
836	1	G	8	N	2500	0	40	388	161	40	35	52	0	0	0	0	0	0	0	0	0	0	0	0	7402678	
837	1	G	9	N	2500	2	1	64	35	11	7	18	0	0	0	0	0	0	0	0	0	0	0	0	7414628	
838	1	G	9	N	2500	2	1	53	30	9	6	14	0	0	0	0	0	0	0	0	0	0	0	0	7414862	
839	1	G	9	N	2500	2	1	57	30	10	7	18	0	0	0	0	0	0	0	0	0	0	0	0	7415377	
840	1	G	10	N	2500	6	40	248	140	43	31	39	0	0	0	0	0	0	0	0	0	0	0	0	7426281	
841	1	G	10	N	2500	6	40	303	146	38	32	45	0	0	0	0	0	0	0	0	0	0	0	0	7426796	
842	1	G	10	N	2500	6	40	328	144	41	34	40	0	0	0	0	0	0	0	0	0	0	0	0	7427623	
843	1	G	10	N	2500	0	40	400	135	30	26	33	0	0	0	0	0	0	0	0	0	0	0	0	7427763	
844	1	G	10	N	2500	0	40	346	137	33	25	35	0	0	0	0	0	0	0	0	0	0	0	0	7427950	
845	1	G	10	N	2500	0	40	249	135	35	28	43	0	0	0	0	0	0	0	0	0	0	0	0	7428059	
846	1	G	10	N	2500	0	1	247	90	21	18	28	0	0	0	0	0	0	0	0	0	0	0	0	7428200	
847	1	G	10	N	2500	0	40	341	108	27	19	29	0	0	0	0	0	0	0	0	0	0	0	0	7428418	
848	1	G	10	N	2500	0	40	377	143	39	28	37	0	0	0	0	0	0	0	0	0	0	0	0	7428871	
849	1	G	10	N	2500	0	40	409	143	32	23	38	0	0	0	0	0	0	0	0	0	0	0	0	7428949	
850	1	G	10	N	2500	0	40	362	147	37	29	43	0	0	0	0	0	0	0	0	0	0	0	0	7429167	
851	1	G	10	N	2500	0	40	364	145	39	30	41	0	0	0	0	0	0	0	0	0	0	0	0	7429245	
852	1	G	10	N	2500	0	40	348	125	32	23	32	0	0	0	0	0	0	0	0	0	0	0	0	7429339	
853	1	G	10	N	2500	0	40	328	104	22	17	27	0	0	0	0	0	0	0	0	0	0	0	0	7429401	
854	1	G	10	N	2500	0	40	376	141	36	27	36	0	0	0	0	0	0	0	0	0	0	0	0	7429931	
855	1	G	10	N	2500	0	40	319	139	39	28	41	0	0	0	0	0	0	0	0	0	0	0	0	7430103	
856	1	G	10	N	2500	0	40	398	148	33	29	41	0	0	0	0	0	0	0	0	0	0	0	0	7430181	
857	1	G	10	N	2500	0	40	412	147	37	30	43	0	0	0	0	0	0	0	0	0	0	0	0	7430399	
858	1	G	10	N	2500	0	1	55	9	1	0	2	0	0	0	0	0	0	0	0	0	0	0	0	7430633	
859	1	G	10	N	2500	0	40	389	137	32	24	38	0	0	0	0	0	0	0	0	0	0	0	0	7430665	
860	1	G	10	N	2500	0	40	367	130	27	24	39	0	0	0	0	0	0	0	0	0	0	0	0	7430914	
861	1	G	10	N	2500	0	40	396	127	29	23	38	0	0	0	0	0	0	0	0	0	0	0	0	7431304	
862	1	G	10	N	2500	0	40	460	174	45	35	47	0	0	0	0	0	0	0	0	0	0	0	0	7431320	
863	1	G	10	N	2500	0	40	393	139	36	26	38	0	0	0	0	0	0	0	0	0	0	0	0	7431523	
864	1	G	10	N	2500	0	1	94	22	4	5	10	0	0	0	0	0	0	0	0	0	0	0	0	7431710	
865	1	G	10	N	2500	0	40	343	126	30	27	32	0	0	0	0	0	0	0	0	0	0	0	0	7432131	
866	1	G	10	N	2500	0	40	425	149	32	27	40	0	0	0	0	0	0	0	0	0	0	0	0	7432334	
867	1	G	10	N	2500	0	40	262	140	33	25	39	0	0	0	0	0	0	0	0	0	0	0	0	7432490	
868	1	G	10	N	2500	0	1	143	65	18	16	21	0	0	0	0	0	0	0	0	0	0	0	0	7432630	
869	1	G	10	N	2500	0	40	371	136	31	24	36	0	0	0	0	0	0	0	0	0	0	0	0	7432911	
870	1	G	11	N	2500	2	1	55	12	1	1	4	0	0	0	0	0	0	0	0	0	0	0	0	7444237	
871	1	G	12	N	2500	6	40	328	150	48	45	67	0	0	0	0	0	0	0	0	0	0	0	0	7455375	
872	1	G	12	N	2500	6	40	230	118	32	30	47	0	0	0	0	0	0	0	0	0	0	0	0	7455640	
873	1	G	12	N	2500	6	40	256	128	33	31	46	0	0	0	0	0	0	0	0	0	0	0	0	7455843	
874	1	G	12	N	2500	0	40	254	165	47	40	62	0	0	0	0	0	0	0	0	0	0	0	0	7455859	
875	1	G	12	N	2500	0	40	308	124	37	31	47	0	0	0	0	0	0	0	0	0	0	0	0	7455859	
876	1	G	12	N	2500	0	40	232	100	40	34	49	0	0	0	0	0	0	0	0	0	0	0	0	7456061	
877	1	G	12	N	2500	0	40	310	125	31	26	41	0	0	0	0	0	0	0	0	0	0	0	0	7456093	
878	1	G	12	N	2500	0	40	345	122	29	27	38	0	0	0	0	0	0	0	0	0	0	0	0	7456139	
879	1	G	12	N	2500	0	40	314	129	32	27	43	0	0	0	0	0	0	0	0	0	0	0	0	7456139	
880	1	G	12	N	2500	0	40	251	127	35	32	41	0	0	0	0	0	0	0	0	0	0	0	0	7456155	
881	1	G	12	N	2500	0	40	207	136	50	40	57	0	0	0	0	0	0	0	0	0	0	0	0	7456186	
882	1	G	12	N	2500	0	40	197	137	39	38	55	0	0	0	0	0	0	0	0	0	0	0	0	7456233	
883	1	G	12	N	2500	0	40	402	154	43	37	56	0	0	0	0	0	0	0	0	0	0	0	0	7456467	
884	1	G	12	N	2500	0	40	403	174	58	47	63	0	0	0	0	0	0	0	0	0	0	0	0	7456483	
885	1	G	12	N	2500	0	40	366	137	40	34	50	0	0	0	0	0	0	0	0	0	0	0	0	7456529	
886	1	G	12	N	2500	0	40	414	187	58	50	70	0	0	0	0	0	0	0	0	0	0	0	0	7456654	
887	1	G	12	N	2500	0	40	365	144	41	36	54	0	0	0	0	0	0	0	0	0	0	0	0	7456763	
888	1	G	12	N	2500	0	40	361	149	40	36	50	0	0	0	0	0	0	0	0	0	0	0	0	7456763	
889	1	G	12	N	2500	0	1	73	13	6	8	21	0	0	0	0	0	0	0	0	0	0	0	0	7456795	
890	1	G	12	N	2500	0	40	216	149	41	38	51	0	0	0	0	0	0	0	0	0	0	0	0	7456810	
891	1	G	12	N	2500	0	40	360	146	39	35	53	0	0	0	0	0	0	0	0	0	0	0	0	7456873	
892	1	G	12	N	2500	0	40	191	136	40	33	44	0	0	0	0	0	0	0	0	0	0	0	0	7456888	
893	1	G	12	N	2500	0	40	352	176	50	46	62	0	0	0	0	0	0	0	0	0	0	0	0	7457013	
894	1	G	12	N	2500	0	40	397	166	54	42	61	0	0	0	0	0	0	0	0	0	0	0	0	7457185	
895	1	G	12	N	2500	0	1	89	21	11	16	36	0	0	0	0	0	0	0	0	0	0	0	0	7457185	
896	1	G	12	N	2500	0	40	298	122	41	35	50	0	0	0	0	0	0	0	0	0	0	0	0	7457341	
897	1	G	12	N	2500	0	1	80	15	9	12	28	0	0	0	0	0	0	0	0	0	0	0	0	7457372	
898	1	G	12	N	2500	0	40	234	126	40	37	47	0	0	0	0	0	0	0	0	0	0	0	0	7457387	
899	1	G	12	N	2500	0	40	389	143	39	34	51	0	0	0	0	0	0	0	0	0	0	0	0	7457543	
900	1	G	12	N	2500	0	40	216	123	34	31	47	0	0	0	0	0	0	0	0	0	0	0	0	7457793	
901	1	G	12	N	2500	0	40	323	111	31	25	37	0	0	0	0	0	0	0	0	0	0	0	0	7458089	
902	1	G	12	N	2500	0	1	109	58	14	11	16	0	0	0	0	0	0	0	0	0	0	0	0	7458214	
903	1	G	12	N	2500	0	40	290	173	42	39	64	0	0	0	0	0	0	0	0	0	0	0	0	7458557	
904	1	G	12	N	2500	0	40	371	168	53	45	62	0	0	0	0	0	0	0	0	0	0	0	0	7458885	
905	1	G	12	N	2500	0	40	327	136	43	37	48	0	0	0	0	0	0	0	0	0	0	0	0	7459025	
906	1	G	12	N	2500	0	40	360	144	42	38	52	0	0	0	0	0	0	0	0	0	0	0	0	7459415	
907	1	G	12	N	2500	0	40	204	121	31	30	44	0	0	0	0	0	0	0	0	0	0	0	0	7459462	
908	1	G	12	N	2500	0	40	318	118	31	25	37	0	0	0	0	0	0	0	0	0	0	0	0	7459556	
909	1	G	12	N	2500	0	2	378	192	68	64	102	0	0	0	0	0	0	0	0	0	0	0	0	7459790	
910	1	G	12	N	2500	0	40	232	163	44	39	56	0	0	0	0	0	0	0	0	0	0	0	0	7459883	
911	1	G	12	N	2500	0	1	56	10	1	2	2	0	0	0	0	0	0	0	0	0	0	0	0	7459899	
912	1	G	12	N	2500	0	40	338	158	45	39	53	0	0	0	0	0	0	0	0	0	0	0	0	7459899	
913	1	G	12	N	2500	0	40	390	161	45	38	55	0	0	0	0	0	0	0	0	0	0	0	0	7459946	
914	1	G	12	N	2500	0	40	351	138	42	36	53	0	0	0	0	0	0	0	0	0	0	0	0	7459993	
915	1	G	12	N	2500	0	1	183	67	12	11	20	0	0	0	0	0	0	0	0	0	0	0	0	7460071	
916	1	G	12	N	2500	0	1	189	107	37	30	42	0	0	0	0	0	0	0	0	0	0	0	0	7460102	
917	1	G	12	N	2500	0	1	69	19	2	1	2	0	0	0	0	0	0	0	0	0	0	0	0	7460149	
918	1	G	12	N	2500	0	40	246	179	57	48	62	0	0	0	0	0	0	0	0	0	0	0	0	7460149	
919	1	G	12	N	2500	0	1	93	19	9	12	33	0	0	0	0	0	0	0	0	0	0	0	0	7460180	
920	1	G	12	N	2500	0	40	308	140	36	34	46	0	0	0	0	0	0	0	0	0	0	0	0	7460195	
921	1	G	12	N	2500	0	40	390	152	48	44	66	0	0	0	0	0	0	0	0	0	0	0	0	7460305	
922	1	G	12	N	2500	0	40	355	138	41	36	47	0	0	0	0	0	0	0	0	0	0	0	0	7460461	
923	1	G	12	N	2500	0	40	341	136	36	31	53	0	0	0	0	0	0	0	0	0	0	0	0	7460476	
924	1	G	12	N	2500	0	40	306	160	52	42	63	0	0	0	0	0	0	0	0	0	0	0	0	7460710	
925	1	G	12	N	2500	0	40	406	155	48	38	53	0	0	0	0	0	0	0	0	0	0	0	0	7460788	
926	1	G	12	N	2500	0	40	396	146	41	35	55	0	0	0	0	0	0	0	0	0	0	0	0	7460835	
927	1	G	12	N	2500	0	40	312	127	32	30	45	0	0	0	0	0	0	0	0	0	0	0	0	7460991	
928	1	G	12	N	2500	0	1	65	20	1	0	1	0	0	0	0	0	0	0	0	0	0	0	0	7461256	
929	1	G	12	N	2500	0	40	346	144	41	35	50	0	0	0	0	0	0	0	0	0	0	0	0	7461662	
930	1	H	1	N	2500	2	1	176	98	21	22	47	0	0	0	0	0	0	0	0	0	0	0	0	7473237	
931	1	H	2	N	2500	6	40	253	135	37	34	43	0	0	0	0	0	0	0	0	0	0	0	0	7486294	
932	1	H	2	N	2500	6	40	354	141	43	39	57	0	0	0	0	0	0	0	0	0	0	0	0	7486294	
933	1	H	2	N	2500	2	1	274	76	16	13	19	0	0	0	0	0	0	0	0	0	0	0	0	7486403	
934	1	H	2	N	2500	6	40	309	102	23	19	26	0	0	0	0	0	0	0	0	0	0	0	0	7487090	
935	1	H	2	N	2500	0	40	318	127	36	28	42	0	0	0	0	0	0	0	0	0	0	0	0	7487183	
936	1	H	2	N	2500	0	40	344	141	44	39	51	0	0	0	0	0	0	0	0	0	0	0	0	7487558	
937	1	H	2	N	2500	0	40	249	104	31	20	28	0	0	0	0	0	0	0	0	0	0	0	0	7487839	
938	1	H	2	N	2500	0	40	215	131	40	35	43	0	0	0	0	0	0	0	0	0	0	0	0	7488151	
939	1	H	2	N	2500	0	40	284	131	40	35	49	0	0	0	0	0	0	0	0	0	0	0	0	7488650	
940	1	H	2	N	2500	0	40	316	134	35	32	47	0	0	0	0	0	0	0	0	0	0	0	0	7488681	
941	1	H	2	N	2500	0	1	188	90	31	22	33	0	0	0	0	0	0	0	0	0	0	0	0	7488915	
942	1	H	2	N	2500	0	40	180	121	43	35	51	0	0	0	0	0	0	0	0	0	0	0	0	7489211	
943	1	H	2	N	2500	0	40	350	134	34	28	41	0	0	0	0	0	0	0	0	0	0	0	0	7490522	
944	1	H	2	N	2500	0	40	309	105	29	22	35	0	0	0	0	0	0	0	0	0	0	0	0	7490615	
945	1	H	2	N	2500	0	40	270	127	33	30	41	0	0	0	0	0	0	0	0	0	0	0	0	7491239	
946	1	H	2	N	2500	0	40	313	135	32	27	38	0	0	0	0	0	0	0	0	0	0	0	0	7491707	
947	1	H	3	N	2500	6	40	292	114	27	23	34	0	0	0	0	0	0	0	0	0	0	0	0	7500007	
948	1	H	3	N	2500	2	1	51	9	1	1	4	0	0	0	0	0	0	0	0	0	0	0	0	7500365	
949	1	H	3	N	2500	2	1	92	36	20	31	79	0	0	0	0	0	0	0	0	0	0	0	0	7501863	
950	1	H	4	N	2500	6	40	319	135	41	30	42	0	0	0	0	0	0	0	0	0	0	0	0	7514327	
951	1	H	4	N	2500	2	1	163	48	10	9	15	0	0	0	0	0	0	0	0	0	0	0	0	7514749	
952	1	H	4	N	2500	6	40	324	139	33	29	38	0	0	0	0	0	0	0	0	0	0	0	0	7515107	
953	1	H	4	N	2500	6	40	357	143	41	35	52	0	0	0	0	0	0	0	0	0	0	0	0	7515638	
954	1	H	4	N	2500	0	40	352	127	31	25	34	0	0	0	0	0	0	0	0	0	0	0	0	7516075	
955	1	H	4	N	2500	0	40	343	142	40	35	50	0	0	0	0	0	0	0	0	0	0	0	0	7516090	
956	1	H	4	N	2500	0	40	348	150	38	31	47	0	0	0	0	0	0	0	0	0	0	0	0	7516262	
957	1	H	4	N	2500	0	40	382	145	37	35	51	0	0	0	0	0	0	0	0	0	0	0	0	7516465	
958	1	H	4	N	2500	0	1	164	103	36	24	36	0	0	0	0	0	0	0	0	0	0	0	0	7516496	
959	1	H	4	N	2500	0	40	378	159	42	33	48	0	0	0	0	0	0	0	0	0	0	0	0	7516605	
960	1	H	4	N	2500	0	40	342	141	35	32	45	0	0	0	0	0	0	0	0	0	0	0	0	7516870	
961	1	H	4	N	2500	0	40	380	151	40	33	47	0	0	0	0	0	0	0	0	0	0	0	0	7517151	
962	1	H	4	N	2500	0	40	212	135	33	31	44	0	0	0	0	0	0	0	0	0	0	0	0	7517167	
963	1	H	4	N	2500	0	40	261	123	40	36	59	0	0	0	0	0	0	0	0	0	0	0	0	7517276	
964	1	H	4	N	2500	0	1	180	100	33	23	31	0	0	0	0	0	0	0	0	0	0	0	0	7517744	
965	1	H	4	N	2500	0	1	127	60	111	139	171	0	0	0	0	0	0	0	0	0	0	0	0	7519242	
966	1	H	4	N	2500	0	40	299	160	44	40	55	0	0	0	0	0	0	0	0	0	0	0	0	7519694	
967	1	H	4	N	2500	0	40	213	135	32	28	37	0	0	0	0	0	0	0	0	0	0	0	0	7519725	
968	1	H	5	N	2500	6	40	294	99	19	16	28	0	0	0	0	0	0	0	0	0	0	0	0	7530942	
969	1	H	6	N	2500	6	40	230	106	30	24	36	0	0	0	0	0	0	0	0	0	0	0	0	7543032	
970	1	H	6	N	2500	6	40	213	118	35	26	37	0	0	0	0	0	0	0	0	0	0	0	0	7544155	
971	1	H	6	N	2500	6	40	305	99	27	17	26	0	0	0	0	0	0	0	0	0	0	0	0	7544935	
972	1	H	6	N	2500	0	40	330	118	30	23	35	0	0	0	0	0	0	0	0	0	0	0	0	7545028	
973	1	H	6	N	2500	0	40	284	104	28	19	27	0	0	0	0	0	0	0	0	0	0	0	0	7545559	
974	1	H	6	N	2500	0	40	191	115	27	24	28	0	0	0	0	0	0	0	0	0	0	0	0	7546089	
975	1	H	6	N	2500	0	40	250	113	29	23	35	0	0	0	0	0	0	0	0	0	0	0	0	7546214	
976	1	H	6	N	2500	0	40	233	113	24	21	33	0	0	0	0	0	0	0	0	0	0	0	0	7547244	
977	1	H	6	N	2500	0	40	385	119	25	21	34	0	0	0	0	0	0	0	0	0	0	0	0	7548429	
978	1	H	6	N	2500	0	40	313	112	29	23	32	0	0	0	0	0	0	0	0	0	0	0	0	7549584	
979	1	H	7	N	2500	6	40	279	124	27	25	36	0	0	0	0	0	0	0	0	0	0	0	0	7561159	
980	1	H	8	N	2500	2	1	143	61	23	17	26	0	0	0	0	0	0	0	0	0	0	0	0	7572578	
981	1	H	8	N	2500	2	1	52	12	2	3	6	0	0	0	0	0	0	0	0	0	0	0	0	7573342	
982	1	H	8	N	2500	6	40	304	117	27	23	34	0	0	0	0	0	0	0	0	0	0	0	0	7573888	
983	1	H	8	N	2500	2	1	75	14	1	1	1	0	0	0	0	0	0	0	0	0	0	0	0	7575043	
984	1	H	8	N	2500	6	40	324	114	27	20	28	0	0	0	0	0	0	0	0	0	0	0	0	7575324	
985	1	H	8	N	2500	8	40	342	116	24	19	24	0	0	0	0	0	0	0	0	0	0	0	0	7575620	
986	1	H	8	N	2500	8	40	291	101	22	17	25	0	0	0	0	0	0	0	0	0	0	0	0	7575620	
987	1	H	8	N	2500	2	1	259	78	13	10	14	0	0	0	0	0	0	0	0	0	0	0	0	7575682	
988	1	H	8	N	2500	6	40	277	104	30	19	31	0	0	0	0	0	0	0	0	0	0	0	0	7575714	
989	1	H	8	N	2500	0	1	154	33	4	3	7	0	0	0	0	0	0	0	0	0	0	0	0	7575994	
990	1	H	8	N	2500	0	40	362	129	32	21	29	0	0	0	0	0	0	0	0	0	0	0	0	7576041	
991	1	H	8	N	2500	0	1	79	19	5	6	9	0	0	0	0	0	0	0	0	0	0	0	0	7576135	
992	1	H	8	N	2500	0	40	212	109	26	21	30	0	0	0	0	0	0	0	0	0	0	0	0	7576478	
993	1	H	8	N	2500	0	40	289	99	19	13	22	0	0	0	0	0	0	0	0	0	0	0	0	7576494	
994	1	H	8	N	2500	0	1	97	32	4	3	5	0	0	0	0	0	0	0	0	0	0	0	0	7576587	
995	1	H	8	N	2500	0	40	215	113	25	18	28	0	0	0	0	0	0	0	0	0	0	0	0	7577118	
996	1	H	9	N	2500	6	40	306	114	29	19	26	0	0	0	0	0	0	0	0	0	0	0	0	7588131	
997	1	H	9	N	2500	2	1	75	15	4	4	11	0	0	0	0	0	0	0	0	0	0	0	0	7590081	
998	1	H	10	N	2500	6	40	301	107	25	21	29	0	0	0	0	0	0	0	0	0	0	0	0	7601313	
999	1	H	10	N	2500	6	40	276	103	23	19	25	0	0	0	0	0	0	0	0	0	0	0	0	7602265	
1000	1	H	10	N	2500	2	1	51	11	1	1	3	0	0	0	0	0	0	0	0	0	0	0	0	7602764	
1001	1	H	10	N	2500	6	40	247	142	37	25	32	0	0	0	0	0	0	0	0	0	0	0	0	7603014	
1002	1	H	10	N	2500	0	40	325	130	34	22	29	0	0	0	0	0	0	0	0	0	0	0	0	7604698	
1003	1	H	10	N	2500	0	1	179	98	24	18	26	0	0	0	0	0	0	0	0	0	0	0	0	7604979	
1004	1	H	10	N	2500	0	40	186	114	27	20	29	0	0	0	0	0	0	0	0	0	0	0	0	7605432	
1005	1	H	12	N	2500	6	40	301	109	28	25	38	0	0	0	0	0	0	0	0	0	0	0	0	7629269	
1006	1	H	12	N	2500	6	40	266	117	33	27	34	0	0	0	0	0	0	0	0	0	0	0	0	7629315	
1007	1	H	12	N	2500	6	40	326	110	27	23	32	0	0	0	0	0	0	0	0	0	0	0	0	7630298	
1008	1	H	12	N	2500	0	1	205	101	26	19	27	0	0	0	0	0	0	0	0	0	0	0	0	7630423	
1009	1	H	12	N	2500	0	40	281	109	30	22	31	0	0	0	0	0	0	0	0	0	0	0	0	7631312	
1010	1	H	12	N	2500	0	40	324	120	35	26	34	0	0	0	0	0	0	0	0	0	0	0	0	7631453	
1011	1	H	12	N	2500	0	1	64	12	2	2	2	0	0	0	0	0	0	0	0	0	0	0	0	7633746	
1012	1	H	12	N	2500	0	40	256	108	33	29	41	0	0	0	0	0	0	0	0	0	0	0	0	7634229	
1013	1	H	12	N	2500	0	40	285	106	29	23	30	0	0	0	0	0	0	0	0	0	0	0	0	7634292	
1014	1	H	12	N	2500	0	40	313	107	25	20	29	0	0	0	0	0	0	0	0	0	0	0	0	7634292	
1015	1	H	12	N	2500	0	40	318	118	32	27	39	0	0	0	0	0	0	0	0	0	0	0	0	7634354	
1016	1	H	12	N	2500	0	1	127	33	7	6	6	0	0	0	0	0	0	0	0	0	0	0	0	7635852	
1017	1	H	12	N	2500	0	1	197	54	12	10	20	0	0	0	0	0	0	0	0	0	0	0	0	7635852	


Threshold source: EXT,  value 50
Min TOF = 50
EXT signal gain 1.6
Green signal gain 3.0
Yellow signal gain 3.0
Red signal gain 3.0
Green PMT voltage 700
Yellow PMT voltage 700
Red PMT voltage 900
Signal multipliers: 1.0,1.0,1.0,1.0
C:\Users\unionbio\Desktop\COPAS Templates\USE for L4 dispense4.csv