Id	Plate	Row	Column	Clog	Scan rate	Status sort	Status sel	TOF	EXT	Green	Yellow	Red	PH Ext	PW Ext	PC Ext	PH Green	PW Green	PCGreen	PH Yellow	PW Yellow	PCYellow	PH Red	PW Red	PCRed	Time Stamp	
0	1	A	1	N	2500	6	40	375	134	36	28	43	0	0	0	0	0	0	0	0	0	0	0	0	26498175	
1	1	A	1	N	2500	6	40	445	167	43	38	64	0	0	0	0	0	0	0	0	0	0	0	0	26501326	
2	1	A	2	N	2500	6	40	319	135	33	34	53	0	0	0	0	0	0	0	0	0	0	0	0	26510982	
3	1	A	2	N	2500	6	40	396	170	46	35	48	0	0	0	0	0	0	0	0	0	0	0	0	26511060	
4	1	A	2	N	2500	6	40	276	174	50	50	82	0	0	0	0	0	0	0	0	0	0	0	0	26511809	
5	1	A	2	N	2500	0	40	310	142	45	41	65	0	0	0	0	0	0	0	0	0	0	0	0	26511887	
6	1	A	2	N	2500	0	40	300	144	32	29	41	0	0	0	0	0	0	0	0	0	0	0	0	26511965	
7	1	A	2	N	2500	0	40	302	112	27	21	34	0	0	0	0	0	0	0	0	0	0	0	0	26512012	
8	1	A	2	N	2500	0	1	52	17	8	1	2	0	0	0	0	0	0	0	0	0	0	0	0	26512230	
9	1	A	2	N	2500	0	40	369	132	31	27	40	0	0	0	0	0	0	0	0	0	0	0	0	26512246	
10	1	A	2	N	2500	0	1	60	12	6	8	18	0	0	0	0	0	0	0	0	0	0	0	0	26512355	
11	1	A	2	N	2500	0	1	50	8	5	6	15	0	0	0	0	0	0	0	0	0	0	0	0	26512355	
12	1	A	2	N	2500	0	40	414	164	42	32	46	0	0	0	0	0	0	0	0	0	0	0	0	26512418	
13	1	A	2	N	2500	0	40	350	137	32	26	39	0	0	0	0	0	0	0	0	0	0	0	0	26512433	
14	1	A	2	N	2500	0	40	228	146	38	29	39	0	0	0	0	0	0	0	0	0	0	0	0	26512589	
15	1	A	2	N	2500	0	40	337	116	26	23	30	0	0	0	0	0	0	0	0	0	0	0	0	26512652	
16	1	A	2	N	2500	0	1	70	15	6	8	22	0	0	0	0	0	0	0	0	0	0	0	0	26512870	
17	1	A	2	N	2500	0	40	367	144	35	26	39	0	0	0	0	0	0	0	0	0	0	0	0	26513120	
18	1	A	2	N	2500	0	1	51	21	8	10	19	0	0	0	0	0	0	0	0	0	0	0	0	26513229	
19	1	A	2	N	2500	0	40	388	139	35	30	49	0	0	0	0	0	0	0	0	0	0	0	0	26513354	
20	1	A	2	N	2500	0	1	79	19	9	12	30	0	0	0	0	0	0	0	0	0	0	0	0	26513728	
21	1	A	2	N	2500	0	40	405	139	33	33	47	0	0	0	0	0	0	0	0	0	0	0	0	26513728	
22	1	A	2	N	2500	0	40	352	136	28	24	33	0	0	0	0	0	0	0	0	0	0	0	0	26513837	
23	1	A	2	N	2500	0	1	202	101	20	17	26	0	0	0	0	0	0	0	0	0	0	0	0	26514009	
24	1	A	2	N	2500	0	40	332	109	25	21	31	0	0	0	0	0	0	0	0	0	0	0	0	26514430	
25	1	A	2	N	2500	0	1	164	38	18	23	50	0	0	0	0	0	0	0	0	0	0	0	0	26514477	
26	1	A	2	N	2500	0	40	199	130	34	26	36	0	0	0	0	0	0	0	0	0	0	0	0	26514586	
27	1	A	2	N	2500	0	40	424	184	51	35	47	0	0	0	0	0	0	0	0	0	0	0	0	26514726	
28	1	A	2	N	2500	0	40	290	117	31	25	34	0	0	0	0	0	0	0	0	0	0	0	0	26514758	
29	1	A	2	N	2500	0	40	255	152	46	41	61	0	0	0	0	0	0	0	0	0	0	0	0	26514758	
30	1	A	2	N	2500	0	40	234	112	33	23	32	0	0	0	0	0	0	0	0	0	0	0	0	26515085	
31	1	A	2	N	2500	0	40	392	215	60	46	59	0	0	0	0	0	0	0	0	0	0	0	0	26515241	
32	1	A	2	N	2500	0	1	179	96	23	20	30	0	0	0	0	0	0	0	0	0	0	0	0	26515272	
33	1	A	2	N	2500	0	1	226	99	23	19	22	0	0	0	0	0	0	0	0	0	0	0	0	26515335	
34	1	A	2	N	2500	0	40	407	162	39	31	42	0	0	0	0	0	0	0	0	0	0	0	0	26515366	
35	1	A	2	N	2500	0	40	180	119	32	26	33	0	0	0	0	0	0	0	0	0	0	0	0	26515584	
36	1	A	2	N	2500	0	1	68	16	1	2	5	0	0	0	0	0	0	0	0	0	0	0	0	26515662	
37	1	A	2	N	2500	0	40	421	161	46	33	49	0	0	0	0	0	0	0	0	0	0	0	0	26515756	
38	1	A	2	N	2500	0	40	488	190	42	33	52	0	0	0	0	0	0	0	0	0	0	0	0	26515803	
39	1	A	2	N	2500	0	1	108	62	35	40	60	0	0	0	0	0	0	0	0	0	0	0	0	26515881	
40	1	A	2	N	2500	0	1	223	57	10	8	15	0	0	0	0	0	0	0	0	0	0	0	0	26515912	
41	1	A	2	N	2500	0	40	368	142	38	33	47	0	0	0	0	0	0	0	0	0	0	0	0	26515974	
42	1	A	2	N	2500	0	40	215	121	30	24	29	0	0	0	0	0	0	0	0	0	0	0	0	26516052	
43	1	A	2	N	2500	0	40	444	168	41	35	48	0	0	0	0	0	0	0	0	0	0	0	0	26516240	
44	1	A	2	N	2500	0	1	63	14	7	9	22	0	0	0	0	0	0	0	0	0	0	0	0	26516364	
45	1	A	2	N	2500	0	40	381	194	56	47	62	0	0	0	0	0	0	0	0	0	0	0	0	26516708	
46	1	A	2	N	2500	0	40	293	105	23	21	25	0	0	0	0	0	0	0	0	0	0	0	0	26516723	
47	1	A	2	N	2500	0	1	79	17	9	10	23	0	0	0	0	0	0	0	0	0	0	0	0	26516754	
48	1	A	2	N	2500	0	1	196	90	16	14	17	0	0	0	0	0	0	0	0	0	0	0	0	26516957	
49	1	A	2	N	2500	0	1	143	34	5	5	9	0	0	0	0	0	0	0	0	0	0	0	0	26517066	
50	1	A	2	N	2500	0	40	455	199	57	42	52	0	0	0	0	0	0	0	0	0	0	0	0	26517410	
51	1	A	3	N	2500	6	40	369	138	35	32	47	0	0	0	0	0	0	0	0	0	0	0	0	26530888	
52	1	A	3	N	2500	2	1	133	34	13	14	34	0	0	0	0	0	0	0	0	0	0	0	0	26530950	
53	1	A	4	N	2500	6	40	229	128	35	32	38	0	0	0	0	0	0	0	0	0	0	0	0	26539999	
54	1	A	4	N	2500	6	40	301	102	24	18	28	0	0	0	0	0	0	0	0	0	0	0	0	26540389	
55	1	A	4	N	2500	6	40	268	137	46	32	43	0	0	0	0	0	0	0	0	0	0	0	0	26540467	
56	1	A	4	N	2500	0	1	90	18	11	15	34	0	0	0	0	0	0	0	0	0	0	0	0	26541637	
57	1	A	4	N	2500	0	1	185	112	26	20	26	0	0	0	0	0	0	0	0	0	0	0	0	26543056	
58	1	A	4	N	2500	0	40	333	118	29	23	37	0	0	0	0	0	0	0	0	0	0	0	0	26543914	
59	1	A	4	N	2500	0	1	87	15	3	3	7	0	0	0	0	0	0	0	0	0	0	0	0	26544117	
60	1	A	4	N	2500	0	1	58	12	1	2	5	0	0	0	0	0	0	0	0	0	0	0	0	26544647	
61	1	A	4	N	2500	0	1	59	11	3	3	6	0	0	0	0	0	0	0	0	0	0	0	0	26544663	
62	1	A	4	N	2500	0	40	344	142	37	35	49	0	0	0	0	0	0	0	0	0	0	0	0	26545396	
63	1	A	4	N	2500	0	1	205	54	10	7	10	0	0	0	0	0	0	0	0	0	0	0	0	26545459	
64	1	A	4	N	2500	0	40	342	168	48	38	48	0	0	0	0	0	0	0	0	0	0	0	0	26545459	
65	1	A	4	N	2500	0	40	297	110	23	18	32	0	0	0	0	0	0	0	0	0	0	0	0	26545459	
66	1	A	4	N	2500	0	1	206	90	21	16	21	0	0	0	0	0	0	0	0	0	0	0	0	26546207	
67	1	A	6	N	2500	2	1	223	82	18	14	21	0	0	0	0	0	0	0	0	0	0	0	0	26569046	
68	1	A	6	N	2500	6	40	238	119	33	27	30	0	0	0	0	0	0	0	0	0	0	0	0	26569873	
69	1	A	6	N	2500	6	40	235	102	25	22	29	0	0	0	0	0	0	0	0	0	0	0	0	26569935	
70	1	A	6	N	2500	6	40	333	116	30	23	34	0	0	0	0	0	0	0	0	0	0	0	0	26569997	
71	1	A	6	N	2500	0	40	308	104	28	22	35	0	0	0	0	0	0	0	0	0	0	0	0	26570122	
72	1	A	6	N	2500	0	1	184	96	31	25	36	0	0	0	0	0	0	0	0	0	0	0	0	26570138	
73	1	A	6	N	2500	0	40	304	110	27	25	37	0	0	0	0	0	0	0	0	0	0	0	0	26570434	
74	1	A	6	N	2500	0	1	265	91	21	19	27	0	0	0	0	0	0	0	0	0	0	0	0	26570575	
75	1	A	6	N	2500	0	40	331	113	26	20	33	0	0	0	0	0	0	0	0	0	0	0	0	26570590	
76	1	A	6	N	2500	0	1	174	76	33	31	39	0	0	0	0	0	0	0	0	0	0	0	0	26570840	
77	1	A	6	N	2500	0	1	170	33	4	3	6	0	0	0	0	0	0	0	0	0	0	0	0	26570902	
78	1	A	6	N	2500	0	40	270	106	26	25	35	0	0	0	0	0	0	0	0	0	0	0	0	26571526	
79	1	A	6	N	2500	0	40	278	99	23	18	23	0	0	0	0	0	0	0	0	0	0	0	0	26571526	
80	1	A	6	N	2500	0	1	132	42	6	6	8	0	0	0	0	0	0	0	0	0	0	0	0	26571589	
81	1	A	6	N	2500	0	40	322	122	37	25	36	0	0	0	0	0	0	0	0	0	0	0	0	26571589	
82	1	A	6	N	2500	0	40	356	125	32	27	46	0	0	0	0	0	0	0	0	0	0	0	0	26572618	
83	1	A	6	N	2500	0	40	271	115	26	20	31	0	0	0	0	0	0	0	0	0	0	0	0	26572774	
84	1	A	6	N	2500	0	40	320	114	29	22	34	0	0	0	0	0	0	0	0	0	0	0	0	26573039	
85	1	A	6	N	2500	0	40	315	106	25	19	26	0	0	0	0	0	0	0	0	0	0	0	0	26573227	
86	1	A	6	N	2500	0	40	326	112	31	22	33	0	0	0	0	0	0	0	0	0	0	0	0	26573398	
87	1	A	6	N	2500	0	40	281	123	30	23	38	0	0	0	0	0	0	0	0	0	0	0	0	26573445	
88	1	A	6	N	2500	0	40	336	116	27	25	36	0	0	0	0	0	0	0	0	0	0	0	0	26573663	
89	1	A	6	N	2500	0	40	306	102	25	20	33	0	0	0	0	0	0	0	0	0	0	0	0	26574381	
90	1	A	8	N	2500	6	40	256	96	25	20	29	0	0	0	0	0	0	0	0	0	0	0	0	26598171	
91	1	A	8	N	2500	6	40	369	150	38	31	39	0	0	0	0	0	0	0	0	0	0	0	0	26598935	
92	1	A	8	N	2500	6	40	312	104	25	18	28	0	0	0	0	0	0	0	0	0	0	0	0	26599232	
93	1	A	8	N	2500	0	1	91	31	42	59	105	0	0	0	0	0	0	0	0	0	0	0	0	26599513	
94	1	A	8	N	2500	0	40	241	99	24	22	32	0	0	0	0	0	0	0	0	0	0	0	0	26599887	
95	1	A	8	N	2500	0	1	188	107	27	21	31	0	0	0	0	0	0	0	0	0	0	0	0	26600168	
96	1	A	8	N	2500	0	40	341	113	26	21	32	0	0	0	0	0	0	0	0	0	0	0	0	26600511	
97	1	A	8	N	2500	0	1	77	21	12	15	36	0	0	0	0	0	0	0	0	0	0	0	0	26600589	
98	1	A	8	N	2500	0	40	375	134	38	26	36	0	0	0	0	0	0	0	0	0	0	0	0	26600620	
99	1	A	8	N	2500	0	40	400	147	41	30	41	0	0	0	0	0	0	0	0	0	0	0	0	26600714	
100	1	A	8	N	2500	0	40	348	134	36	24	31	0	0	0	0	0	0	0	0	0	0	0	0	26600932	
101	1	A	8	N	2500	0	40	338	123	34	23	34	0	0	0	0	0	0	0	0	0	0	0	0	26600948	
102	1	A	8	N	2500	0	40	389	144	39	28	36	0	0	0	0	0	0	0	0	0	0	0	0	26601213	
103	1	A	8	N	2500	0	40	299	108	29	21	29	0	0	0	0	0	0	0	0	0	0	0	0	26601478	
104	1	A	8	N	2500	0	1	152	108	32	27	36	0	0	0	0	0	0	0	0	0	0	0	0	26601541	
105	1	A	8	N	2500	0	40	296	103	24	21	30	0	0	0	0	0	0	0	0	0	0	0	0	26601556	
106	1	A	8	N	2500	0	40	379	109	26	20	30	0	0	0	0	0	0	0	0	0	0	0	0	26601603	
107	1	A	8	N	2500	0	40	375	139	38	35	53	0	0	0	0	0	0	0	0	0	0	0	0	26601619	
108	1	A	8	N	2500	0	40	309	111	26	22	29	0	0	0	0	0	0	0	0	0	0	0	0	26602009	
109	1	A	8	N	2500	0	40	312	159	50	46	70	0	0	0	0	0	0	0	0	0	0	0	0	26602102	
110	1	A	8	N	2500	0	1	98	19	9	12	23	0	0	0	0	0	0	0	0	0	0	0	0	26602165	
111	1	A	8	N	2500	0	40	324	165	50	43	58	0	0	0	0	0	0	0	0	0	0	0	0	26602165	
112	1	A	8	N	2500	0	40	307	107	27	24	31	0	0	0	0	0	0	0	0	0	0	0	0	26602305	
113	1	A	8	N	2500	0	40	348	121	30	24	28	0	0	0	0	0	0	0	0	0	0	0	0	26602305	
114	1	A	8	N	2500	0	1	85	17	4	5	9	0	0	0	0	0	0	0	0	0	0	0	0	26602399	
115	1	A	8	N	2500	0	40	209	135	33	28	38	0	0	0	0	0	0	0	0	0	0	0	0	26602586	
116	1	A	8	N	2500	0	1	190	108	26	23	33	0	0	0	0	0	0	0	0	0	0	0	0	26603116	
117	1	A	9	N	2500	6	40	324	103	24	18	29	0	0	0	0	0	0	0	0	0	0	0	0	26611649	
118	1	A	9	N	2500	2	1	62	13	1	2	4	0	0	0	0	0	0	0	0	0	0	0	0	26615877	
119	1	A	9	N	2500	2	1	85	18	2	1	3	0	0	0	0	0	0	0	0	0	0	0	0	26618420	
120	1	A	10	N	2500	6	40	231	146	40	34	44	0	0	0	0	0	0	0	0	0	0	0	0	26626298	
121	1	A	10	N	2500	6	40	228	131	36	29	44	0	0	0	0	0	0	0	0	0	0	0	0	26626579	
122	1	A	10	N	2500	6	40	234	136	37	29	43	0	0	0	0	0	0	0	0	0	0	0	0	26626750	
123	1	A	10	N	2500	0	40	365	146	38	32	47	0	0	0	0	0	0	0	0	0	0	0	0	26627249	
124	1	A	10	N	2500	0	40	316	194	61	48	59	0	0	0	0	0	0	0	0	0	0	0	0	26627639	
125	1	A	10	N	2500	0	40	343	140	35	28	38	0	0	0	0	0	0	0	0	0	0	0	0	26627733	
126	1	A	10	N	2500	0	40	346	142	37	28	37	0	0	0	0	0	0	0	0	0	0	0	0	26628185	
127	1	A	10	N	2500	0	40	428	159	45	38	54	0	0	0	0	0	0	0	0	0	0	0	0	26628622	
128	1	A	10	N	2500	0	40	361	146	37	34	42	0	0	0	0	0	0	0	0	0	0	0	0	26628700	
129	1	A	10	N	2500	0	40	203	113	29	23	33	0	0	0	0	0	0	0	0	0	0	0	0	26628825	
130	1	A	10	N	2500	0	40	396	152	40	33	45	0	0	0	0	0	0	0	0	0	0	0	0	26628825	
131	1	A	10	N	2500	0	40	256	151	47	40	61	0	0	0	0	0	0	0	0	0	0	0	0	26629090	
132	1	A	10	N	2500	0	40	357	151	44	35	42	0	0	0	0	0	0	0	0	0	0	0	0	26629153	
133	1	A	10	N	2500	0	1	60	14	7	9	23	0	0	0	0	0	0	0	0	0	0	0	0	26629574	
134	1	A	10	N	2500	0	2	152	122	37	32	42	0	0	0	0	0	0	0	0	0	0	0	0	26629652	
135	1	A	10	N	2500	0	40	344	133	37	25	31	0	0	0	0	0	0	0	0	0	0	0	0	26629699	
136	1	A	10	N	2500	0	40	408	146	38	32	50	0	0	0	0	0	0	0	0	0	0	0	0	26629886	
137	1	A	10	N	2500	0	1	105	42	66	93	142	0	0	0	0	0	0	0	0	0	0	0	0	26629917	
138	1	A	10	N	2500	0	40	329	152	42	34	55	0	0	0	0	0	0	0	0	0	0	0	0	26630042	
139	1	A	10	N	2500	0	40	278	126	34	23	33	0	0	0	0	0	0	0	0	0	0	0	0	26630057	
140	1	A	10	N	2500	0	40	218	136	38	35	51	0	0	0	0	0	0	0	0	0	0	0	0	26630089	
141	1	A	10	N	2500	0	40	232	130	37	25	37	0	0	0	0	0	0	0	0	0	0	0	0	26630120	
142	1	A	10	N	2500	0	40	359	136	37	26	38	0	0	0	0	0	0	0	0	0	0	0	0	26630276	
143	1	A	10	N	2500	0	40	347	152	46	38	49	0	0	0	0	0	0	0	0	0	0	0	0	26630323	
144	1	A	10	N	2500	0	40	402	150	35	26	31	0	0	0	0	0	0	0	0	0	0	0	0	26630447	
145	1	A	10	N	2500	0	40	364	135	35	26	36	0	0	0	0	0	0	0	0	0	0	0	0	26630494	
146	1	A	10	N	2500	0	40	322	113	27	20	31	0	0	0	0	0	0	0	0	0	0	0	0	26630557	
147	1	A	10	N	2500	0	40	209	136	42	32	44	0	0	0	0	0	0	0	0	0	0	0	0	26630635	
148	1	A	10	N	2500	0	40	356	138	33	29	38	0	0	0	0	0	0	0	0	0	0	0	0	26630635	
149	1	A	10	N	2500	0	40	291	123	26	24	29	0	0	0	0	0	0	0	0	0	0	0	0	26630806	
150	1	A	10	N	2500	0	40	303	134	35	33	44	0	0	0	0	0	0	0	0	0	0	0	0	26631056	
151	1	A	10	N	2500	0	40	231	115	39	36	50	0	0	0	0	0	0	0	0	0	0	0	0	26631087	
152	1	A	10	N	2500	0	1	134	73	15	12	18	0	0	0	0	0	0	0	0	0	0	0	0	26631711	
153	1	A	10	N	2500	0	40	377	139	36	29	39	0	0	0	0	0	0	0	0	0	0	0	0	26631711	
154	1	A	10	N	2500	0	40	256	123	27	25	38	0	0	0	0	0	0	0	0	0	0	0	0	26631883	
155	1	A	10	N	2500	0	40	367	153	39	35	55	0	0	0	0	0	0	0	0	0	0	0	0	26632273	
156	1	A	10	N	2500	0	40	277	155	40	36	55	0	0	0	0	0	0	0	0	0	0	0	0	26632397	
157	1	A	10	N	2500	0	1	79	33	48	63	101	0	0	0	0	0	0	0	0	0	0	0	0	26633084	
158	1	A	10	N	2500	0	40	323	112	29	20	27	0	0	0	0	0	0	0	0	0	0	0	0	26633427	
159	1	A	11	N	2500	6	40	197	120	37	27	38	0	0	0	0	0	0	0	0	0	0	0	0	26640806	
160	1	A	11	N	2500	6	40	317	112	28	19	28	0	0	0	0	0	0	0	0	0	0	0	0	26642787	
161	1	A	12	N	2500	6	40	338	142	46	46	76	0	0	0	0	0	0	0	0	0	0	0	0	26655267	
162	1	A	12	N	2500	6	40	292	97	23	19	25	0	0	0	0	0	0	0	0	0	0	0	0	26655486	
163	1	A	12	N	2500	6	40	313	125	34	33	49	0	0	0	0	0	0	0	0	0	0	0	0	26655954	
164	1	A	12	N	2500	0	40	366	151	42	36	49	0	0	0	0	0	0	0	0	0	0	0	0	26656032	
165	1	A	12	N	2500	0	40	240	112	27	20	27	0	0	0	0	0	0	0	0	0	0	0	0	26656219	
166	1	A	12	N	2500	0	40	297	116	30	25	37	0	0	0	0	0	0	0	0	0	0	0	0	26656312	
167	1	A	12	N	2500	0	40	264	106	32	28	36	0	0	0	0	0	0	0	0	0	0	0	0	26656468	
168	1	A	12	N	2500	0	40	307	98	25	23	35	0	0	0	0	0	0	0	0	0	0	0	0	26656656	
169	1	A	12	N	2500	0	40	214	115	32	30	38	0	0	0	0	0	0	0	0	0	0	0	0	26656968	
170	1	A	12	N	2500	0	40	207	118	34	29	41	0	0	0	0	0	0	0	0	0	0	0	0	26657108	
171	1	A	12	N	2500	0	40	300	110	30	22	34	0	0	0	0	0	0	0	0	0	0	0	0	26657186	
172	1	A	12	N	2500	0	1	95	22	5	5	9	0	0	0	0	0	0	0	0	0	0	0	0	26657233	
173	1	A	12	N	2500	0	1	208	96	25	24	34	0	0	0	0	0	0	0	0	0	0	0	0	26657233	
174	1	A	12	N	2500	0	40	398	168	44	39	55	0	0	0	0	0	0	0	0	0	0	0	0	26657311	
175	1	A	12	N	2500	0	40	191	124	37	31	37	0	0	0	0	0	0	0	0	0	0	0	0	26657498	
176	1	A	12	N	2500	0	40	417	174	50	37	48	0	0	0	0	0	0	0	0	0	0	0	0	26657529	
177	1	A	12	N	2500	0	40	318	106	25	22	32	0	0	0	0	0	0	0	0	0	0	0	0	26657592	
178	1	A	12	N	2500	0	40	328	112	30	23	36	0	0	0	0	0	0	0	0	0	0	0	0	26657748	
179	1	A	12	N	2500	0	40	336	132	39	32	52	0	0	0	0	0	0	0	0	0	0	0	0	26658044	
180	1	A	12	N	2500	0	40	330	107	23	19	31	0	0	0	0	0	0	0	0	0	0	0	0	26658044	
181	1	A	12	N	2500	0	40	317	115	32	23	32	0	0	0	0	0	0	0	0	0	0	0	0	26658106	
182	1	A	12	N	2500	0	40	429	162	49	48	75	0	0	0	0	0	0	0	0	0	0	0	0	26658184	
183	1	A	12	N	2500	0	40	331	137	36	32	45	0	0	0	0	0	0	0	0	0	0	0	0	26658200	
184	1	A	12	N	2500	0	40	192	114	33	30	42	0	0	0	0	0	0	0	0	0	0	0	0	26658309	
185	1	A	12	N	2500	0	40	273	119	33	23	33	0	0	0	0	0	0	0	0	0	0	0	0	26658559	
186	1	A	12	N	2500	0	40	394	136	41	38	61	0	0	0	0	0	0	0	0	0	0	0	0	26658590	
187	1	A	12	N	2500	0	40	309	122	33	28	40	0	0	0	0	0	0	0	0	0	0	0	0	26659089	
188	1	A	12	N	2500	0	1	434	118	29	25	30	0	0	0	0	0	0	0	0	0	0	0	0	26659198	
189	1	A	12	N	2500	0	40	421	159	44	43	66	0	0	0	0	0	0	0	0	0	0	0	0	26659214	
190	1	A	12	N	2500	0	40	288	117	32	29	41	0	0	0	0	0	0	0	0	0	0	0	0	26659245	
191	1	A	12	N	2500	0	40	331	129	33	24	34	0	0	0	0	0	0	0	0	0	0	0	0	26659276	
192	1	A	12	N	2500	0	40	320	114	29	24	38	0	0	0	0	0	0	0	0	0	0	0	0	26659479	
193	1	A	12	N	2500	0	1	90	22	5	5	6	0	0	0	0	0	0	0	0	0	0	0	0	26659495	
194	1	A	12	N	2500	0	1	192	94	25	25	37	0	0	0	0	0	0	0	0	0	0	0	0	26659495	
195	1	A	12	N	2500	0	40	300	119	35	30	38	0	0	0	0	0	0	0	0	0	0	0	0	26659791	
196	1	A	12	N	2500	0	40	206	123	35	32	43	0	0	0	0	0	0	0	0	0	0	0	0	26659807	
197	1	A	12	N	2500	0	40	383	138	38	33	52	0	0	0	0	0	0	0	0	0	0	0	0	26659869	
198	1	A	12	N	2500	0	40	297	117	34	27	37	0	0	0	0	0	0	0	0	0	0	0	0	26659932	
199	1	A	12	N	2500	0	40	318	106	25	21	31	0	0	0	0	0	0	0	0	0	0	0	0	26660025	
200	1	A	12	N	2500	0	40	313	113	33	27	40	0	0	0	0	0	0	0	0	0	0	0	0	26660088	
201	1	A	12	N	2500	0	1	72	26	4	4	6	0	0	0	0	0	0	0	0	0	0	0	0	26660181	
202	1	A	12	N	2500	0	1	210	58	9	8	13	0	0	0	0	0	0	0	0	0	0	0	0	26660322	
203	1	A	12	N	2500	0	40	344	130	40	34	42	0	0	0	0	0	0	0	0	0	0	0	0	26660571	
204	1	A	12	N	2500	0	40	263	92	26	23	31	0	0	0	0	0	0	0	0	0	0	0	0	26660587	
205	1	A	12	N	2500	0	40	260	122	37	30	41	0	0	0	0	0	0	0	0	0	0	0	0	26660727	
206	1	A	12	N	2500	0	1	65	14	6	10	23	0	0	0	0	0	0	0	0	0	0	0	0	26660946	
207	1	A	12	N	2500	0	40	326	133	40	32	49	0	0	0	0	0	0	0	0	0	0	0	0	26661242	
208	1	B	1	N	2500	6	40	317	116	30	23	28	0	0	0	0	0	0	0	0	0	0	0	0	26670508	
209	1	B	2	N	2500	6	40	260	117	29	25	35	0	0	0	0	0	0	0	0	0	0	0	0	26686124	
210	1	B	2	N	2500	2	1	268	89	20	17	23	0	0	0	0	0	0	0	0	0	0	0	0	26686452	
211	1	B	2	N	2500	8	40	316	103	27	17	25	0	0	0	0	0	0	0	0	0	0	0	0	26686452	
212	1	B	2	N	2500	2	1	198	90	30	21	31	0	0	0	0	0	0	0	0	0	0	0	0	26687622	
213	1	B	2	N	2500	6	40	337	149	37	29	43	0	0	0	0	0	0	0	0	0	0	0	0	26687856	
214	1	B	2	N	2500	6	40	343	136	38	33	49	0	0	0	0	0	0	0	0	0	0	0	0	26687918	
215	1	B	2	N	2500	0	1	174	62	17	14	23	0	0	0	0	0	0	0	0	0	0	0	0	26687918	
216	1	B	2	N	2500	0	40	394	125	31	22	32	0	0	0	0	0	0	0	0	0	0	0	0	26687934	
217	1	B	2	N	2500	0	1	166	116	34	22	31	0	0	0	0	0	0	0	0	0	0	0	0	26688105	
218	1	B	2	N	2500	0	40	261	133	33	24	37	0	0	0	0	0	0	0	0	0	0	0	0	26688121	
219	1	B	2	N	2500	0	1	57	16	10	14	25	0	0	0	0	0	0	0	0	0	0	0	0	26688636	
220	1	B	2	N	2500	0	40	341	133	28	23	31	0	0	0	0	0	0	0	0	0	0	0	0	26689416	
221	1	B	2	N	2500	0	40	356	125	29	24	34	0	0	0	0	0	0	0	0	0	0	0	0	26689930	
222	1	B	2	N	2500	0	40	334	128	28	21	27	0	0	0	0	0	0	0	0	0	0	0	0	26690367	
223	1	B	2	N	2500	0	40	392	139	34	24	36	0	0	0	0	0	0	0	0	0	0	0	0	26691381	
224	1	B	2	N	2500	0	40	277	124	32	25	35	0	0	0	0	0	0	0	0	0	0	0	0	26691553	
225	1	B	2	N	2500	0	1	51	21	14	19	36	0	0	0	0	0	0	0	0	0	0	0	0	26691678	
226	1	B	2	N	2500	0	1	55	27	9	9	19	0	0	0	0	0	0	0	0	0	0	0	0	26691678	
227	1	B	2	N	2500	0	40	296	92	20	16	22	0	0	0	0	0	0	0	0	0	0	0	0	26691693	
228	1	B	3	N	2500	2	1	116	29	9	11	25	0	0	0	0	0	0	0	0	0	0	0	0	26700086	
229	1	B	3	N	2500	6	40	300	90	20	14	24	0	0	0	0	0	0	0	0	0	0	0	0	26701100	
230	1	B	4	N	2500	6	40	432	163	36	35	53	0	0	0	0	0	0	0	0	0	0	0	0	26714204	
231	1	B	4	N	2500	6	40	277	196	54	46	63	0	0	0	0	0	0	0	0	0	0	0	0	26714220	
232	1	B	4	N	2500	6	40	341	113	27	20	26	0	0	0	0	0	0	0	0	0	0	0	0	26714298	
233	1	B	4	N	2500	0	40	448	179	51	42	59	0	0	0	0	0	0	0	0	0	0	0	0	26714407	
234	1	B	4	N	2500	0	1	80	24	11	14	33	0	0	0	0	0	0	0	0	0	0	0	0	26714703	
235	1	B	4	N	2500	0	1	76	17	8	11	24	0	0	0	0	0	0	0	0	0	0	0	0	26714968	
236	1	B	4	N	2500	0	1	92	23	7	8	13	0	0	0	0	0	0	0	0	0	0	0	0	26715140	
237	1	B	4	N	2500	0	40	364	123	30	24	39	0	0	0	0	0	0	0	0	0	0	0	0	26715171	
238	1	B	4	N	2500	0	40	272	115	31	27	38	0	0	0	0	0	0	0	0	0	0	0	0	26715171	
239	1	B	4	N	2500	0	40	316	151	31	29	42	0	0	0	0	0	0	0	0	0	0	0	0	26715374	
240	1	B	4	N	2500	0	40	326	126	31	28	40	0	0	0	0	0	0	0	0	0	0	0	0	26715639	
241	1	B	4	N	2500	0	1	235	93	34	27	37	0	0	0	0	0	0	0	0	0	0	0	0	26715920	
242	1	B	4	N	2500	0	40	318	126	32	27	39	0	0	0	0	0	0	0	0	0	0	0	0	26716092	
243	1	B	4	N	2500	0	40	214	128	54	38	49	0	0	0	0	0	0	0	0	0	0	0	0	26716341	
244	1	B	4	N	2500	0	40	349	112	27	22	36	0	0	0	0	0	0	0	0	0	0	0	0	26716404	
245	1	B	4	N	2500	0	40	243	117	32	27	42	0	0	0	0	0	0	0	0	0	0	0	0	26716560	
246	1	B	4	N	2500	0	40	190	130	36	29	42	0	0	0	0	0	0	0	0	0	0	0	0	26716622	
247	1	B	4	N	2500	0	40	252	129	40	31	41	0	0	0	0	0	0	0	0	0	0	0	0	26716638	
248	1	B	4	N	2500	0	40	268	118	34	28	36	0	0	0	0	0	0	0	0	0	0	0	0	26716684	
249	1	B	4	N	2500	0	40	430	155	34	28	42	0	0	0	0	0	0	0	0	0	0	0	0	26716762	
250	1	B	4	N	2500	0	40	413	163	44	42	73	0	0	0	0	0	0	0	0	0	0	0	0	26716856	
251	1	B	4	N	2500	0	40	272	130	36	31	43	0	0	0	0	0	0	0	0	0	0	0	0	26716965	
252	1	B	4	N	2500	0	1	102	27	11	15	32	0	0	0	0	0	0	0	0	0	0	0	0	26717121	
253	1	B	4	N	2500	0	40	418	164	48	41	58	0	0	0	0	0	0	0	0	0	0	0	0	26717215	
254	1	B	4	N	2500	0	40	387	129	34	27	41	0	0	0	0	0	0	0	0	0	0	0	0	26717277	
255	1	B	4	N	2500	0	40	396	170	39	32	47	0	0	0	0	0	0	0	0	0	0	0	0	26717386	
256	1	B	4	N	2500	0	1	64	12	5	6	18	0	0	0	0	0	0	0	0	0	0	0	0	26717558	
257	1	B	4	N	2500	0	40	434	155	39	31	45	0	0	0	0	0	0	0	0	0	0	0	0	26717558	
258	1	B	4	N	2500	0	40	430	143	40	34	49	0	0	0	0	0	0	0	0	0	0	0	0	26717605	
259	1	B	4	N	2500	0	1	107	22	11	14	28	0	0	0	0	0	0	0	0	0	0	0	0	26717605	
260	1	B	4	N	2500	0	1	72	12	6	8	20	0	0	0	0	0	0	0	0	0	0	0	0	26717652	
261	1	B	4	N	2500	0	40	361	129	34	33	52	0	0	0	0	0	0	0	0	0	0	0	0	26717839	
262	1	B	4	N	2500	0	40	242	123	38	31	41	0	0	0	0	0	0	0	0	0	0	0	0	26718073	
263	1	B	4	N	2500	0	40	441	143	40	37	63	0	0	0	0	0	0	0	0	0	0	0	0	26718260	
264	1	B	4	N	2500	0	40	423	179	46	38	51	0	0	0	0	0	0	0	0	0	0	0	0	26718338	
265	1	B	4	N	2500	0	40	229	153	40	31	40	0	0	0	0	0	0	0	0	0	0	0	0	26718369	
266	1	B	4	N	2500	0	40	378	134	34	35	50	0	0	0	0	0	0	0	0	0	0	0	0	26718525	
267	1	B	4	N	2500	0	1	175	85	31	26	36	0	0	0	0	0	0	0	0	0	0	0	0	26718541	
268	1	B	4	N	2500	0	1	75	13	5	7	16	0	0	0	0	0	0	0	0	0	0	0	0	26718619	
269	1	B	4	N	2500	0	1	52	9	1	1	2	0	0	0	0	0	0	0	0	0	0	0	0	26718650	
270	1	B	4	N	2500	0	40	345	117	28	23	31	0	0	0	0	0	0	0	0	0	0	0	0	26718712	
271	1	B	4	N	2500	0	40	418	160	42	34	42	0	0	0	0	0	0	0	0	0	0	0	0	26718775	
272	1	B	4	N	2500	0	40	392	163	44	33	43	0	0	0	0	0	0	0	0	0	0	0	0	26718837	
273	1	B	4	N	2500	0	40	404	148	39	31	42	0	0	0	0	0	0	0	0	0	0	0	0	26718868	
274	1	B	4	N	2500	0	40	417	183	52	51	97	0	0	0	0	0	0	0	0	0	0	0	0	26718884	
275	1	B	4	N	2500	0	2	487	208	77	73	128	0	0	0	0	0	0	0	0	0	0	0	0	26718946	
276	1	B	4	N	2500	0	40	361	130	35	26	35	0	0	0	0	0	0	0	0	0	0	0	0	26718978	
277	1	B	4	N	2500	0	40	441	171	51	42	53	0	0	0	0	0	0	0	0	0	0	0	0	26719180	
278	1	B	4	N	2500	0	40	271	160	51	41	57	0	0	0	0	0	0	0	0	0	0	0	0	26719180	
279	1	B	4	N	2500	0	40	318	137	35	31	43	0	0	0	0	0	0	0	0	0	0	0	0	26719196	
280	1	B	4	N	2500	0	40	298	108	26	22	32	0	0	0	0	0	0	0	0	0	0	0	0	26719227	
281	1	B	4	N	2500	0	40	319	196	45	37	52	0	0	0	0	0	0	0	0	0	0	0	0	26719274	
282	1	B	4	N	2500	0	1	134	28	12	17	36	0	0	0	0	0	0	0	0	0	0	0	0	26719274	
283	1	B	4	N	2500	0	40	384	165	47	45	69	0	0	0	0	0	0	0	0	0	0	0	0	26719290	
284	1	B	4	N	2500	0	40	370	128	33	30	42	0	0	0	0	0	0	0	0	0	0	0	0	26719461	
285	1	B	4	N	2500	0	40	356	131	30	27	35	0	0	0	0	0	0	0	0	0	0	0	0	26719477	
286	1	B	4	N	2500	0	40	346	130	38	33	43	0	0	0	0	0	0	0	0	0	0	0	0	26719539	
287	1	B	4	N	2500	0	40	318	112	30	24	32	0	0	0	0	0	0	0	0	0	0	0	0	26719586	
288	1	B	4	N	2500	0	1	104	23	13	16	32	0	0	0	0	0	0	0	0	0	0	0	0	26719711	
289	1	B	4	N	2500	0	40	245	154	36	33	51	0	0	0	0	0	0	0	0	0	0	0	0	26719804	
290	1	B	4	N	2500	0	40	296	173	53	36	45	0	0	0	0	0	0	0	0	0	0	0	0	26719914	
291	1	B	4	N	2500	0	40	296	104	26	21	34	0	0	0	0	0	0	0	0	0	0	0	0	26719945	
292	1	B	4	N	2500	0	40	298	122	30	25	33	0	0	0	0	0	0	0	0	0	0	0	0	26719992	
293	1	B	4	N	2500	0	40	276	128	39	30	42	0	0	0	0	0	0	0	0	0	0	0	0	26719992	
294	1	B	4	N	2500	0	1	65	21	8	12	31	0	0	0	0	0	0	0	0	0	0	0	0	26720210	
295	1	B	4	N	2500	0	40	252	121	29	23	32	0	0	0	0	0	0	0	0	0	0	0	0	26720226	
296	1	B	4	N	2500	0	1	63	11	3	3	7	0	0	0	0	0	0	0	0	0	0	0	0	26720366	
297	1	B	4	N	2500	0	1	87	17	9	13	29	0	0	0	0	0	0	0	0	0	0	0	0	26721474	
298	1	B	6	N	2500	6	40	335	121	30	26	37	0	0	0	0	0	0	0	0	0	0	0	0	26743407	
299	1	B	6	N	2500	2	1	210	100	26	22	30	0	0	0	0	0	0	0	0	0	0	0	0	26743797	
300	1	B	6	N	2500	6	40	299	138	46	39	53	0	0	0	0	0	0	0	0	0	0	0	0	26743860	
301	1	B	6	N	2500	6	40	352	117	29	24	31	0	0	0	0	0	0	0	0	0	0	0	0	26743860	
302	1	B	6	N	2500	0	1	260	66	11	11	18	0	0	0	0	0	0	0	0	0	0	0	0	26744234	
303	1	B	6	N	2500	0	40	230	137	34	29	36	0	0	0	0	0	0	0	0	0	0	0	0	26744499	
304	1	B	6	N	2500	0	40	332	162	47	44	70	0	0	0	0	0	0	0	0	0	0	0	0	26744640	
305	1	B	6	N	2500	0	40	364	117	26	21	34	0	0	0	0	0	0	0	0	0	0	0	0	26745092	
306	1	B	6	N	2500	0	1	56	19	9	2	3	0	0	0	0	0	0	0	0	0	0	0	0	26745201	
307	1	B	6	N	2500	0	40	254	123	33	30	49	0	0	0	0	0	0	0	0	0	0	0	0	26745420	
308	1	B	6	N	2500	0	1	160	117	33	23	32	0	0	0	0	0	0	0	0	0	0	0	0	26745732	
309	1	B	6	N	2500	0	1	160	90	25	20	24	0	0	0	0	0	0	0	0	0	0	0	0	26745919	
310	1	B	6	N	2500	0	40	216	148	37	33	47	0	0	0	0	0	0	0	0	0	0	0	0	26745966	
311	1	B	6	N	2500	0	1	153	78	19	13	18	0	0	0	0	0	0	0	0	0	0	0	0	26746761	
312	1	B	6	N	2500	0	40	261	165	49	43	63	0	0	0	0	0	0	0	0	0	0	0	0	26747370	
313	1	B	6	N	2500	0	40	401	150	35	31	40	0	0	0	0	0	0	0	0	0	0	0	0	26747931	
314	1	B	6	N	2500	0	1	102	23	10	14	32	0	0	0	0	0	0	0	0	0	0	0	0	26747994	
315	1	B	6	N	2500	0	1	172	105	34	26	37	0	0	0	0	0	0	0	0	0	0	0	0	26748025	
316	1	B	6	N	2500	0	40	263	116	29	25	35	0	0	0	0	0	0	0	0	0	0	0	0	26748087	
317	1	B	6	N	2500	0	1	123	65	15	11	15	0	0	0	0	0	0	0	0	0	0	0	0	26748134	
318	1	B	6	N	2500	0	40	365	133	33	25	35	0	0	0	0	0	0	0	0	0	0	0	0	26748384	
319	1	B	6	N	2500	0	40	395	150	39	35	56	0	0	0	0	0	0	0	0	0	0	0	0	26748680	
320	1	B	6	N	2500	0	40	195	132	40	33	43	0	0	0	0	0	0	0	0	0	0	0	0	26748867	
321	1	B	6	N	2500	0	40	329	100	23	16	25	0	0	0	0	0	0	0	0	0	0	0	0	26748898	
322	1	B	6	N	2500	0	1	106	36	78	109	143	0	0	0	0	0	0	0	0	0	0	0	0	26749132	
323	1	B	6	N	2500	0	1	128	60	149	177	197	0	0	0	0	0	0	0	0	0	0	0	0	26749304	
324	1	B	6	N	2500	0	40	227	122	34	25	33	0	0	0	0	0	0	0	0	0	0	0	0	26749710	
325	1	B	6	N	2500	0	1	523	157	35	29	52	0	0	0	0	0	0	0	0	0	0	0	0	26749990	
326	1	B	8	N	2500	6	40	329	132	37	30	43	0	0	0	0	0	0	0	0	0	0	0	0	26772299	
327	1	B	8	N	2500	6	40	234	125	33	29	38	0	0	0	0	0	0	0	0	0	0	0	0	26773250	
328	1	B	8	N	2500	6	40	356	125	31	24	34	0	0	0	0	0	0	0	0	0	0	0	0	26774077	
329	1	B	8	N	2500	0	40	300	108	27	21	28	0	0	0	0	0	0	0	0	0	0	0	0	26774295	
330	1	B	8	N	2500	0	1	110	22	13	17	37	0	0	0	0	0	0	0	0	0	0	0	0	26775044	
331	1	B	8	N	2500	0	40	324	161	48	39	50	0	0	0	0	0	0	0	0	0	0	0	0	26775044	
332	1	B	8	N	2500	0	40	341	111	31	26	37	0	0	0	0	0	0	0	0	0	0	0	0	26775621	
333	1	B	8	N	2500	0	40	300	107	27	21	29	0	0	0	0	0	0	0	0	0	0	0	0	26775809	
334	1	B	8	N	2500	0	40	203	110	28	24	32	0	0	0	0	0	0	0	0	0	0	0	0	26776183	
335	1	B	8	N	2500	0	40	324	104	28	20	29	0	0	0	0	0	0	0	0	0	0	0	0	26776526	
336	1	B	8	N	2500	0	40	251	121	31	27	36	0	0	0	0	0	0	0	0	0	0	0	0	26776542	
337	1	B	8	N	2500	0	40	204	122	35	28	36	0	0	0	0	0	0	0	0	0	0	0	0	26776620	
338	1	B	8	N	2500	0	40	360	134	39	31	41	0	0	0	0	0	0	0	0	0	0	0	0	26776963	
339	1	B	9	N	2500	2	1	58	12	2	2	4	0	0	0	0	0	0	0	0	0	0	0	0	26786947	
340	1	B	9	N	2500	6	40	358	121	31	24	36	0	0	0	0	0	0	0	0	0	0	0	0	26789677	
341	1	B	10	N	2500	6	40	361	114	25	17	26	0	0	0	0	0	0	0	0	0	0	0	0	26800659	
342	1	B	10	N	2500	2	1	158	78	23	15	21	0	0	0	0	0	0	0	0	0	0	0	0	26801143	
343	1	B	10	N	2500	6	40	298	99	26	17	24	0	0	0	0	0	0	0	0	0	0	0	0	26802157	
344	1	B	10	N	2500	6	40	301	89	17	12	20	0	0	0	0	0	0	0	0	0	0	0	0	26802251	
345	1	B	10	N	2500	0	1	157	74	19	15	19	0	0	0	0	0	0	0	0	0	0	0	0	26802438	
346	1	B	10	N	2500	0	40	238	104	24	21	27	0	0	0	0	0	0	0	0	0	0	0	0	26802641	
347	1	B	10	N	2500	0	40	296	87	17	13	21	0	0	0	0	0	0	0	0	0	0	0	0	26802828	
348	1	B	10	N	2500	0	1	179	94	21	15	22	0	0	0	0	0	0	0	0	0	0	0	0	26803031	
349	1	B	10	N	2500	0	40	315	99	19	16	21	0	0	0	0	0	0	0	0	0	0	0	0	26803421	
350	1	B	10	N	2500	0	40	311	104	22	19	32	0	0	0	0	0	0	0	0	0	0	0	0	26803514	
351	1	B	10	N	2500	0	1	66	24	4	5	10	0	0	0	0	0	0	0	0	0	0	0	0	26804450	
352	1	B	10	N	2500	0	40	294	108	23	20	23	0	0	0	0	0	0	0	0	0	0	0	0	26804481	
353	1	B	10	N	2500	0	1	206	106	21	17	22	0	0	0	0	0	0	0	0	0	0	0	0	26804622	
354	1	B	10	N	2500	0	1	166	85	23	17	22	0	0	0	0	0	0	0	0	0	0	0	0	26804793	
355	1	B	10	N	2500	0	40	252	106	26	20	27	0	0	0	0	0	0	0	0	0	0	0	0	26805027	
356	1	B	10	N	2500	0	1	57	9	1	1	2	0	0	0	0	0	0	0	0	0	0	0	0	26806494	
357	1	B	10	N	2500	0	1	194	71	15	12	15	0	0	0	0	0	0	0	0	0	0	0	0	26806494	
358	1	B	10	N	2500	0	40	297	99	21	16	21	0	0	0	0	0	0	0	0	0	0	0	0	26807773	
359	1	B	12	N	2500	2	1	164	87	18	13	18	0	0	0	0	0	0	0	0	0	0	0	0	26830377	
360	1	B	12	N	2500	6	40	307	108	24	18	23	0	0	0	0	0	0	0	0	0	0	0	0	26831157	
361	1	B	12	N	2500	2	1	277	79	17	11	18	0	0	0	0	0	0	0	0	0	0	0	0	26833341	
362	1	B	12	N	2500	6	40	317	96	21	14	23	0	0	0	0	0	0	0	0	0	0	0	0	26834012	
363	1	B	12	N	2500	6	40	332	84	17	12	20	0	0	0	0	0	0	0	0	0	0	0	0	26834511	
364	1	C	2	N	2500	6	40	369	143	40	38	53	0	0	0	0	0	0	0	0	0	0	0	0	26859581	
365	1	C	2	N	2500	2	1	91	19	4	4	6	0	0	0	0	0	0	0	0	0	0	0	0	26859752	
366	1	C	2	N	2500	33	1	204	81	26	22	27	0	0	0	0	0	0	0	0	0	0	0	0	26859752	
367	1	C	2	N	2500	6	40	380	140	37	30	44	0	0	0	0	0	0	0	0	0	0	0	0	26860860	
368	1	C	2	N	2500	2	1	114	23	4	5	8	0	0	0	0	0	0	0	0	0	0	0	0	26861312	
369	1	C	2	N	2500	2	1	157	54	12	11	16	0	0	0	0	0	0	0	0	0	0	0	0	26861312	
370	1	C	2	N	2500	6	40	311	114	29	24	29	0	0	0	0	0	0	0	0	0	0	0	0	26861484	
371	1	C	2	N	2500	0	40	334	124	34	30	38	0	0	0	0	0	0	0	0	0	0	0	0	26862389	
372	1	C	2	N	2500	0	40	380	163	51	39	58	0	0	0	0	0	0	0	0	0	0	0	0	26864573	
373	1	C	2	N	2500	0	1	71	28	9	9	14	0	0	0	0	0	0	0	0	0	0	0	0	26865680	
374	1	C	2	N	2500	0	40	195	119	28	24	34	0	0	0	0	0	0	0	0	0	0	0	0	26865883	
375	1	C	2	N	2500	0	40	341	120	27	21	33	0	0	0	0	0	0	0	0	0	0	0	0	26866179	
376	1	C	4	N	2500	6	40	346	150	35	31	44	0	0	0	0	0	0	0	0	0	0	0	0	26888628	
377	1	C	4	N	2500	2	1	144	79	29	21	27	0	0	0	0	0	0	0	0	0	0	0	0	26888862	
378	1	C	4	N	2500	2	1	73	41	15	6	8	0	0	0	0	0	0	0	0	0	0	0	0	26888987	
379	1	C	4	N	2500	6	40	353	132	40	39	58	0	0	0	0	0	0	0	0	0	0	0	0	26889221	
380	1	C	4	N	2500	2	1	277	87	17	13	19	0	0	0	0	0	0	0	0	0	0	0	0	26889346	
381	1	C	4	N	2500	6	40	345	128	30	26	41	0	0	0	0	0	0	0	0	0	0	0	0	26889736	
382	1	C	4	N	2500	0	40	348	130	38	32	47	0	0	0	0	0	0	0	0	0	0	0	0	26889798	
383	1	C	4	N	2500	0	40	238	123	34	30	49	0	0	0	0	0	0	0	0	0	0	0	0	26889829	
384	1	C	4	N	2500	0	40	262	154	43	38	52	0	0	0	0	0	0	0	0	0	0	0	0	26890032	
385	1	C	4	N	2500	0	40	273	144	43	34	47	0	0	0	0	0	0	0	0	0	0	0	0	26890360	
386	1	C	4	N	2500	0	1	173	81	28	25	36	0	0	0	0	0	0	0	0	0	0	0	0	26890874	
387	1	C	4	N	2500	0	40	297	102	22	20	32	0	0	0	0	0	0	0	0	0	0	0	0	26890890	
388	1	C	4	N	2500	0	40	211	117	32	26	38	0	0	0	0	0	0	0	0	0	0	0	0	26891108	
389	1	C	4	N	2500	0	40	347	110	25	18	26	0	0	0	0	0	0	0	0	0	0	0	0	26891108	
390	1	C	4	N	2500	0	40	238	142	41	34	42	0	0	0	0	0	0	0	0	0	0	0	0	26891171	
391	1	C	4	N	2500	0	40	338	167	53	44	57	0	0	0	0	0	0	0	0	0	0	0	0	26891296	
392	1	C	4	N	2500	0	40	371	154	42	37	53	0	0	0	0	0	0	0	0	0	0	0	0	26891296	
393	1	C	4	N	2500	0	40	240	109	32	27	37	0	0	0	0	0	0	0	0	0	0	0	0	26891483	
394	1	C	4	N	2500	0	40	242	107	27	22	26	0	0	0	0	0	0	0	0	0	0	0	0	26891514	
395	1	C	4	N	2500	0	40	346	123	31	21	32	0	0	0	0	0	0	0	0	0	0	0	0	26891623	
396	1	C	4	N	2500	0	40	280	112	27	24	29	0	0	0	0	0	0	0	0	0	0	0	0	26891826	
397	1	C	4	N	2500	0	40	320	112	30	22	29	0	0	0	0	0	0	0	0	0	0	0	0	26892091	
398	1	C	4	N	2500	0	40	450	203	62	50	65	0	0	0	0	0	0	0	0	0	0	0	0	26892216	
399	1	C	4	N	2500	0	40	274	93	21	15	23	0	0	0	0	0	0	0	0	0	0	0	0	26892232	
400	1	C	4	N	2500	0	40	242	174	60	56	85	0	0	0	0	0	0	0	0	0	0	0	0	26892278	
401	1	C	4	N	2500	0	1	71	18	11	13	27	0	0	0	0	0	0	0	0	0	0	0	0	26892341	
402	1	C	4	N	2500	0	40	352	137	40	31	43	0	0	0	0	0	0	0	0	0	0	0	0	26892512	
403	1	C	4	N	2500	0	40	194	112	28	23	28	0	0	0	0	0	0	0	0	0	0	0	0	26892778	
404	1	C	4	N	2500	0	40	383	160	52	37	52	0	0	0	0	0	0	0	0	0	0	0	0	26892934	
405	1	C	4	N	2500	0	40	383	138	37	36	54	0	0	0	0	0	0	0	0	0	0	0	0	26893214	
406	1	C	4	N	2500	0	40	298	101	24	19	27	0	0	0	0	0	0	0	0	0	0	0	0	26893261	
407	1	C	4	N	2500	0	40	299	93	19	15	22	0	0	0	0	0	0	0	0	0	0	0	0	26893277	
408	1	C	4	N	2500	0	40	373	150	36	32	44	0	0	0	0	0	0	0	0	0	0	0	0	26893433	
409	1	C	4	N	2500	0	40	381	114	26	22	31	0	0	0	0	0	0	0	0	0	0	0	0	26893464	
410	1	C	4	N	2500	0	40	371	145	45	39	59	0	0	0	0	0	0	0	0	0	0	0	0	26894041	
411	1	C	4	N	2500	0	1	243	69	16	13	19	0	0	0	0	0	0	0	0	0	0	0	0	26894400	
412	1	C	4	N	2500	0	40	377	145	36	31	46	0	0	0	0	0	0	0	0	0	0	0	0	26894416	
413	1	C	4	N	2500	0	1	100	34	19	24	48	0	0	0	0	0	0	0	0	0	0	0	0	26895024	
414	1	C	5	N	2500	2	1	50	12	7	10	21	0	0	0	0	0	0	0	0	0	0	0	0	26903432	
415	1	C	6	N	2500	2	1	175	72	26	19	26	0	0	0	0	0	0	0	0	0	0	0	0	26918876	
416	1	C	6	N	2500	6	40	284	92	24	16	20	0	0	0	0	0	0	0	0	0	0	0	0	26919812	
417	1	C	6	N	2500	2	1	68	28	6	7	14	0	0	0	0	0	0	0	0	0	0	0	0	26920140	
418	1	C	6	N	2500	2	1	54	23	8	9	19	0	0	0	0	0	0	0	0	0	0	0	0	26920140	
419	1	C	6	N	2500	6	40	309	99	23	17	25	0	0	0	0	0	0	0	0	0	0	0	0	26921903	
420	1	C	6	N	2500	2	1	181	90	21	14	21	0	0	0	0	0	0	0	0	0	0	0	0	26922246	
421	1	C	6	N	2500	6	40	336	116	33	23	27	0	0	0	0	0	0	0	0	0	0	0	0	26923338	
422	1	C	6	N	2500	0	1	276	80	17	13	17	0	0	0	0	0	0	0	0	0	0	0	0	26923946	
423	1	C	7	N	2500	6	40	244	133	36	32	47	0	0	0	0	0	0	0	0	0	0	0	0	26935958	
424	1	C	8	N	2500	6	40	328	145	39	39	56	0	0	0	0	0	0	0	0	0	0	0	0	26946254	
425	1	C	8	N	2500	6	40	380	144	41	34	51	0	0	0	0	0	0	0	0	0	0	0	0	26946442	
426	1	C	8	N	2500	2	1	125	29	15	18	39	0	0	0	0	0	0	0	0	0	0	0	0	26946582	
427	1	C	8	N	2500	6	40	359	132	33	32	44	0	0	0	0	0	0	0	0	0	0	0	0	26946644	
428	1	C	8	N	2500	0	1	124	26	16	19	37	0	0	0	0	0	0	0	0	0	0	0	0	26946660	
429	1	C	8	N	2500	0	1	119	33	22	27	56	0	0	0	0	0	0	0	0	0	0	0	0	26946722	
430	1	C	8	N	2500	0	40	517	184	51	49	80	0	0	0	0	0	0	0	0	0	0	0	0	26946769	
431	1	C	8	N	2500	0	1	119	24	14	19	45	0	0	0	0	0	0	0	0	0	0	0	0	26947034	
432	1	C	8	N	2500	0	1	162	112	40	34	48	0	0	0	0	0	0	0	0	0	0	0	0	26947362	
433	1	C	8	N	2500	0	40	408	154	41	36	53	0	0	0	0	0	0	0	0	0	0	0	0	26947378	
434	1	C	8	N	2500	0	40	362	142	41	32	52	0	0	0	0	0	0	0	0	0	0	0	0	26947378	
435	1	C	8	N	2500	0	40	265	161	53	41	53	0	0	0	0	0	0	0	0	0	0	0	0	26947565	
436	1	C	8	N	2500	0	40	369	139	38	37	59	0	0	0	0	0	0	0	0	0	0	0	0	26947643	
437	1	C	8	N	2500	0	40	321	118	32	25	32	0	0	0	0	0	0	0	0	0	0	0	0	26947690	
438	1	C	8	N	2500	0	40	392	165	50	41	55	0	0	0	0	0	0	0	0	0	0	0	0	26947783	
439	1	C	8	N	2500	0	40	428	163	56	50	73	0	0	0	0	0	0	0	0	0	0	0	0	26947861	
440	1	C	8	N	2500	0	40	211	143	44	45	71	0	0	0	0	0	0	0	0	0	0	0	0	26948048	
441	1	C	8	N	2500	0	40	239	150	43	35	49	0	0	0	0	0	0	0	0	0	0	0	0	26948189	
442	1	C	8	N	2500	0	40	367	140	40	34	49	0	0	0	0	0	0	0	0	0	0	0	0	26948204	
443	1	C	8	N	2500	0	40	234	130	49	42	54	0	0	0	0	0	0	0	0	0	0	0	0	26948298	
444	1	C	8	N	2500	0	40	343	152	45	39	55	0	0	0	0	0	0	0	0	0	0	0	0	26948516	
445	1	C	8	N	2500	0	1	104	23	13	19	42	0	0	0	0	0	0	0	0	0	0	0	0	26948610	
446	1	C	8	N	2500	0	40	281	145	47	40	55	0	0	0	0	0	0	0	0	0	0	0	0	26948735	
447	1	C	8	N	2500	0	40	378	135	40	34	48	0	0	0	0	0	0	0	0	0	0	0	0	26948750	
448	1	C	8	N	2500	0	40	233	152	44	41	66	0	0	0	0	0	0	0	0	0	0	0	0	26949000	
449	1	C	8	N	2500	0	1	98	21	10	13	24	0	0	0	0	0	0	0	0	0	0	0	0	26949000	
450	1	C	8	N	2500	0	1	63	12	6	8	16	0	0	0	0	0	0	0	0	0	0	0	0	26949031	
451	1	C	8	N	2500	0	40	275	173	59	46	61	0	0	0	0	0	0	0	0	0	0	0	0	26949047	
452	1	C	8	N	2500	0	1	96	21	13	19	43	0	0	0	0	0	0	0	0	0	0	0	0	26949328	
453	1	C	8	N	2500	0	1	115	32	20	24	48	0	0	0	0	0	0	0	0	0	0	0	0	26949390	
454	1	C	8	N	2500	0	40	341	144	42	35	44	0	0	0	0	0	0	0	0	0	0	0	0	26949437	
455	1	C	8	N	2500	0	40	406	176	56	47	64	0	0	0	0	0	0	0	0	0	0	0	0	26949468	
456	1	C	8	N	2500	0	40	227	123	36	30	40	0	0	0	0	0	0	0	0	0	0	0	0	26949499	
457	1	C	8	N	2500	0	40	320	143	45	36	43	0	0	0	0	0	0	0	0	0	0	0	0	26949577	
458	1	C	8	N	2500	0	40	322	103	23	19	25	0	0	0	0	0	0	0	0	0	0	0	0	26949608	
459	1	C	8	N	2500	0	1	128	30	22	29	52	0	0	0	0	0	0	0	0	0	0	0	0	26949624	
460	1	C	8	N	2500	0	1	75	12	6	8	19	0	0	0	0	0	0	0	0	0	0	0	0	26949811	
461	1	C	8	N	2500	0	40	189	140	45	44	65	0	0	0	0	0	0	0	0	0	0	0	0	26949874	
462	1	C	8	N	2500	0	1	157	33	17	22	43	0	0	0	0	0	0	0	0	0	0	0	0	26950045	
463	1	C	8	N	2500	0	1	135	31	17	24	48	0	0	0	0	0	0	0	0	0	0	0	0	26950061	
464	1	C	8	N	2500	0	40	439	192	64	58	93	0	0	0	0	0	0	0	0	0	0	0	0	26950092	
465	1	C	8	N	2500	0	1	448	136	37	32	50	0	0	0	0	0	0	0	0	0	0	0	0	26950186	
466	1	C	8	N	2500	0	1	161	118	37	28	38	0	0	0	0	0	0	0	0	0	0	0	0	26950232	
467	1	C	8	N	2500	0	1	133	26	19	25	50	0	0	0	0	0	0	0	0	0	0	0	0	26950232	
468	1	C	8	N	2500	0	40	414	179	54	52	85	0	0	0	0	0	0	0	0	0	0	0	0	26950466	
469	1	C	8	N	2500	0	40	420	173	55	43	58	0	0	0	0	0	0	0	0	0	0	0	0	26950498	
470	1	C	8	N	2500	0	1	123	26	14	18	39	0	0	0	0	0	0	0	0	0	0	0	0	26950513	
471	1	C	8	N	2500	0	40	295	120	30	27	32	0	0	0	0	0	0	0	0	0	0	0	0	26950544	
472	1	C	8	N	2500	0	1	186	112	31	25	38	0	0	0	0	0	0	0	0	0	0	0	0	26950591	
473	1	C	8	N	2500	0	40	230	161	48	41	49	0	0	0	0	0	0	0	0	0	0	0	0	26950669	
474	1	C	8	N	2500	0	40	250	153	48	45	71	0	0	0	0	0	0	0	0	0	0	0	0	26950685	
475	1	C	8	N	2500	0	40	302	106	24	19	27	0	0	0	0	0	0	0	0	0	0	0	0	26950841	
476	1	C	8	N	2500	0	40	462	166	48	43	73	0	0	0	0	0	0	0	0	0	0	0	0	26951044	
477	1	C	8	N	2500	0	1	120	24	14	18	32	0	0	0	0	0	0	0	0	0	0	0	0	26951137	
478	1	C	8	N	2500	0	40	366	159	50	43	60	0	0	0	0	0	0	0	0	0	0	0	0	26951137	
479	1	C	8	N	2500	0	40	292	178	68	64	100	0	0	0	0	0	0	0	0	0	0	0	0	26951293	
480	1	C	8	N	2500	0	40	422	193	48	43	63	0	0	0	0	0	0	0	0	0	0	0	0	26951418	
481	1	C	8	N	2500	0	40	382	144	39	33	53	0	0	0	0	0	0	0	0	0	0	0	0	26951449	
482	1	C	8	N	2500	0	1	51	11	1	1	5	0	0	0	0	0	0	0	0	0	0	0	0	26951574	
483	1	C	8	N	2500	0	40	367	140	44	36	46	0	0	0	0	0	0	0	0	0	0	0	0	26951730	
484	1	C	8	N	2500	0	40	389	140	39	26	35	0	0	0	0	0	0	0	0	0	0	0	0	26952510	
485	1	C	10	N	2500	2	1	206	90	17	14	18	0	0	0	0	0	0	0	0	0	0	0	0	26974912	
486	1	C	10	N	2500	2	1	131	55	10	9	11	0	0	0	0	0	0	0	0	0	0	0	0	26975286	
487	1	C	10	N	2500	2	1	270	72	13	10	16	0	0	0	0	0	0	0	0	0	0	0	0	26975676	
488	1	C	10	N	2500	2	1	230	79	19	15	23	0	0	0	0	0	0	0	0	0	0	0	0	26976097	
489	1	C	10	N	2500	6	40	318	120	26	22	36	0	0	0	0	0	0	0	0	0	0	0	0	26976534	
490	1	C	10	N	2500	2	1	164	80	12	11	15	0	0	0	0	0	0	0	0	0	0	0	0	26977220	
491	1	C	10	N	2500	6	40	311	110	24	20	28	0	0	0	0	0	0	0	0	0	0	0	0	26977595	
492	1	C	10	N	2500	2	1	155	82	21	15	19	0	0	0	0	0	0	0	0	0	0	0	0	26977595	
493	1	C	10	N	2500	2	1	215	94	17	14	26	0	0	0	0	0	0	0	0	0	0	0	0	26977626	
494	1	C	10	N	2500	2	1	188	78	18	12	18	0	0	0	0	0	0	0	0	0	0	0	0	26977673	
495	1	C	10	N	2500	6	40	324	113	24	19	26	0	0	0	0	0	0	0	0	0	0	0	0	26977798	
496	1	C	10	N	2500	0	40	304	98	21	18	26	0	0	0	0	0	0	0	0	0	0	0	0	26978110	
497	1	C	10	N	2500	0	1	85	19	4	5	12	0	0	0	0	0	0	0	0	0	0	0	0	26978156	
498	1	C	10	N	2500	0	40	279	89	18	15	23	0	0	0	0	0	0	0	0	0	0	0	0	26978484	
499	1	C	10	N	2500	0	40	306	91	21	14	22	0	0	0	0	0	0	0	0	0	0	0	0	26978546	
500	1	C	10	N	2500	0	1	240	57	11	8	19	0	0	0	0	0	0	0	0	0	0	0	0	26978968	
501	1	C	10	N	2500	0	1	134	69	15	12	15	0	0	0	0	0	0	0	0	0	0	0	0	26979155	
502	1	C	10	N	2500	0	1	56	22	4	4	7	0	0	0	0	0	0	0	0	0	0	0	0	26979155	
503	1	C	10	N	2500	0	1	193	85	13	12	19	0	0	0	0	0	0	0	0	0	0	0	0	26979170	
504	1	C	10	N	2500	0	1	219	68	12	9	15	0	0	0	0	0	0	0	0	0	0	0	0	26979233	
505	1	C	10	N	2500	0	40	255	128	30	23	38	0	0	0	0	0	0	0	0	0	0	0	0	26979264	
506	1	C	10	N	2500	0	40	310	84	17	13	22	0	0	0	0	0	0	0	0	0	0	0	0	26979716	
507	1	C	10	N	2500	0	40	310	100	19	15	23	0	0	0	0	0	0	0	0	0	0	0	0	26980231	
508	1	C	10	N	2500	0	1	189	64	11	8	15	0	0	0	0	0	0	0	0	0	0	0	0	26980980	
509	1	C	10	N	2500	0	1	238	91	20	15	24	0	0	0	0	0	0	0	0	0	0	0	0	26981089	
510	1	C	12	N	2500	6	40	326	107	24	18	31	0	0	0	0	0	0	0	0	0	0	0	0	27003085	
511	1	C	12	N	2500	6	40	325	108	24	18	25	0	0	0	0	0	0	0	0	0	0	0	0	27003678	
512	1	C	12	N	2500	6	40	311	113	32	26	35	0	0	0	0	0	0	0	0	0	0	0	0	27004006	
513	1	C	12	N	2500	0	1	62	28	10	10	20	0	0	0	0	0	0	0	0	0	0	0	0	27004380	
514	1	C	12	N	2500	0	40	211	111	27	22	34	0	0	0	0	0	0	0	0	0	0	0	0	27005207	
515	1	C	12	N	2500	0	40	209	106	26	22	32	0	0	0	0	0	0	0	0	0	0	0	0	27005425	
516	1	C	12	N	2500	0	1	184	106	29	23	31	0	0	0	0	0	0	0	0	0	0	0	0	27005457	
517	1	C	12	N	2500	0	40	243	105	28	26	40	0	0	0	0	0	0	0	0	0	0	0	0	27006330	
518	1	C	12	N	2500	0	1	132	95	23	21	29	0	0	0	0	0	0	0	0	0	0	0	0	27006720	
519	1	C	12	N	2500	0	1	214	93	26	25	33	0	0	0	0	0	0	0	0	0	0	0	0	27007391	
520	1	C	12	N	2500	0	1	51	9	1	1	1	0	0	0	0	0	0	0	0	0	0	0	0	27007594	
521	1	C	12	N	2500	0	40	263	101	23	20	26	0	0	0	0	0	0	0	0	0	0	0	0	27007594	
522	1	C	12	N	2500	0	1	197	105	26	23	31	0	0	0	0	0	0	0	0	0	0	0	0	27007641	
523	1	C	12	N	2500	0	40	206	111	38	33	52	0	0	0	0	0	0	0	0	0	0	0	0	27007687	
524	1	C	12	N	2500	0	1	167	88	24	17	20	0	0	0	0	0	0	0	0	0	0	0	0	27008046	
525	1	C	12	N	2500	0	1	173	93	22	19	27	0	0	0	0	0	0	0	0	0	0	0	0	27008608	
526	1	C	12	N	2500	0	40	298	108	27	25	33	0	0	0	0	0	0	0	0	0	0	0	0	27009965	
527	1	C	12	N	2500	0	1	50	18	4	5	9	0	0	0	0	0	0	0	0	0	0	0	0	27010012	
528	1	D	2	N	2500	6	40	169	124	38	24	30	0	0	0	0	0	0	0	0	0	0	0	0	27033568	
529	1	D	2	N	2500	6	40	257	122	37	29	41	0	0	0	0	0	0	0	0	0	0	0	0	27033583	
530	1	D	2	N	2500	6	40	510	196	56	47	63	0	0	0	0	0	0	0	0	0	0	0	0	27034020	
531	1	D	2	N	2500	0	40	250	109	40	32	46	0	0	0	0	0	0	0	0	0	0	0	0	27034083	
532	1	D	2	N	2500	0	40	342	125	33	29	44	0	0	0	0	0	0	0	0	0	0	0	0	27034239	
533	1	D	2	N	2500	0	40	235	115	34	24	38	0	0	0	0	0	0	0	0	0	0	0	0	27034317	
534	1	D	2	N	2500	0	1	215	51	11	10	19	0	0	0	0	0	0	0	0	0	0	0	0	27034504	
535	1	D	2	N	2500	0	40	366	147	38	32	49	0	0	0	0	0	0	0	0	0	0	0	0	27034878	
536	1	D	2	N	2500	0	40	293	128	34	31	41	0	0	0	0	0	0	0	0	0	0	0	0	27034925	
537	1	D	2	N	2500	0	1	313	77	14	10	16	0	0	0	0	0	0	0	0	0	0	0	0	27035019	
538	1	D	2	N	2500	0	40	385	140	36	32	46	0	0	0	0	0	0	0	0	0	0	0	0	27035221	
539	1	D	2	N	2500	0	40	331	128	34	28	44	0	0	0	0	0	0	0	0	0	0	0	0	27035362	
540	1	D	2	N	2500	0	40	343	121	35	29	39	0	0	0	0	0	0	0	0	0	0	0	0	27035471	
541	1	D	2	N	2500	0	40	369	137	37	30	38	0	0	0	0	0	0	0	0	0	0	0	0	27035580	
542	1	D	2	N	2500	0	40	379	157	46	37	49	0	0	0	0	0	0	0	0	0	0	0	0	27035830	
543	1	D	2	N	2500	0	1	160	100	32	23	30	0	0	0	0	0	0	0	0	0	0	0	0	27035908	
544	1	D	2	N	2500	0	40	278	135	41	37	50	0	0	0	0	0	0	0	0	0	0	0	0	27036251	
545	1	D	2	N	2500	0	40	278	114	37	35	48	0	0	0	0	0	0	0	0	0	0	0	0	27036267	
546	1	D	2	N	2500	0	40	451	179	50	38	50	0	0	0	0	0	0	0	0	0	0	0	0	27036360	
547	1	D	2	N	2500	0	40	206	148	44	37	49	0	0	0	0	0	0	0	0	0	0	0	0	27036594	
548	1	D	2	N	2500	0	40	233	145	47	39	55	0	0	0	0	0	0	0	0	0	0	0	0	27036594	
549	1	D	2	N	2500	0	1	72	40	72	91	102	0	0	0	0	0	0	0	0	0	0	0	0	27036688	
550	1	D	2	N	2500	0	40	459	172	41	37	50	0	0	0	0	0	0	0	0	0	0	0	0	27036719	
551	1	D	2	N	2500	0	40	294	129	36	28	36	0	0	0	0	0	0	0	0	0	0	0	0	27036735	
552	1	D	2	N	2500	0	40	360	134	34	28	41	0	0	0	0	0	0	0	0	0	0	0	0	27036984	
553	1	D	2	N	2500	0	40	217	130	41	31	41	0	0	0	0	0	0	0	0	0	0	0	0	27037140	
554	1	D	2	N	2500	0	40	331	127	30	26	43	0	0	0	0	0	0	0	0	0	0	0	0	27037281	
555	1	D	2	N	2500	0	40	191	139	44	33	40	0	0	0	0	0	0	0	0	0	0	0	0	27037312	
556	1	D	2	N	2500	0	40	371	139	35	29	45	0	0	0	0	0	0	0	0	0	0	0	0	27037374	
557	1	D	2	N	2500	0	40	246	134	35	28	40	0	0	0	0	0	0	0	0	0	0	0	0	27037546	
558	1	D	2	N	2500	0	1	155	58	13	11	23	0	0	0	0	0	0	0	0	0	0	0	0	27037593	
559	1	D	2	N	2500	0	40	267	123	31	29	38	0	0	0	0	0	0	0	0	0	0	0	0	27037686	
560	1	D	2	N	2500	0	40	264	157	46	40	52	0	0	0	0	0	0	0	0	0	0	0	0	27037702	
561	1	D	2	N	2500	0	40	369	150	41	37	48	0	0	0	0	0	0	0	0	0	0	0	0	27037936	
562	1	D	2	N	2500	0	40	413	145	35	26	38	0	0	0	0	0	0	0	0	0	0	0	0	27037967	
563	1	D	2	N	2500	0	40	291	152	47	40	46	0	0	0	0	0	0	0	0	0	0	0	0	27037983	
564	1	D	2	N	2500	0	40	371	159	43	37	54	0	0	0	0	0	0	0	0	0	0	0	0	27038061	
565	1	D	2	N	2500	0	40	340	163	56	54	83	0	0	0	0	0	0	0	0	0	0	0	0	27038201	
566	1	D	2	N	2500	0	1	112	53	15	12	16	0	0	0	0	0	0	0	0	0	0	0	0	27038279	
567	1	D	2	N	2500	0	1	207	70	17	15	22	0	0	0	0	0	0	0	0	0	0	0	0	27038279	
568	1	D	2	N	2500	0	40	372	135	33	29	44	0	0	0	0	0	0	0	0	0	0	0	0	27038482	
569	1	D	2	N	2500	0	40	345	133	35	27	32	0	0	0	0	0	0	0	0	0	0	0	0	27038544	
570	1	D	2	N	2500	0	40	373	177	48	41	63	0	0	0	0	0	0	0	0	0	0	0	0	27038669	
571	1	D	2	N	2500	0	40	220	125	40	30	40	0	0	0	0	0	0	0	0	0	0	0	0	27039059	
572	1	D	2	N	2500	0	40	243	114	32	28	38	0	0	0	0	0	0	0	0	0	0	0	0	27039543	
573	1	D	2	N	2500	0	40	370	144	38	32	48	0	0	0	0	0	0	0	0	0	0	0	0	27039605	
574	1	D	2	N	2500	0	1	279	66	16	13	24	0	0	0	0	0	0	0	0	0	0	0	0	27039730	
575	1	D	2	N	2500	0	1	208	47	12	9	16	0	0	0	0	0	0	0	0	0	0	0	0	27040057	
576	1	D	2	N	2500	0	40	393	156	35	32	46	0	0	0	0	0	0	0	0	0	0	0	0	27040401	
577	1	D	2	N	2500	0	40	327	130	33	28	36	0	0	0	0	0	0	0	0	0	0	0	0	27040494	
578	1	D	3	N	2500	6	40	376	144	36	32	45	0	0	0	0	0	0	0	0	0	0	0	0	27048684	
579	1	D	4	N	2500	6	40	287	128	32	28	40	0	0	0	0	0	0	0	0	0	0	0	0	27063941	
580	1	D	4	N	2500	6	40	317	114	24	19	28	0	0	0	0	0	0	0	0	0	0	0	0	27064081	
581	1	D	4	N	2500	6	40	209	116	34	22	30	0	0	0	0	0	0	0	0	0	0	0	0	27064378	
582	1	D	4	N	2500	0	1	96	22	11	15	34	0	0	0	0	0	0	0	0	0	0	0	0	27065236	
583	1	D	4	N	2500	0	40	397	144	38	33	52	0	0	0	0	0	0	0	0	0	0	0	0	27065267	
584	1	D	4	N	2500	0	1	170	102	23	19	23	0	0	0	0	0	0	0	0	0	0	0	0	27065579	
585	1	D	4	N	2500	0	40	323	118	28	22	36	0	0	0	0	0	0	0	0	0	0	0	0	27065922	
586	1	D	4	N	2500	0	40	324	113	26	18	27	0	0	0	0	0	0	0	0	0	0	0	0	27066328	
587	1	D	4	N	2500	0	1	186	67	13	8	13	0	0	0	0	0	0	0	0	0	0	0	0	27066359	
588	1	D	4	N	2500	0	40	315	101	27	17	27	0	0	0	0	0	0	0	0	0	0	0	0	27066421	
589	1	D	4	N	2500	0	40	207	127	34	24	31	0	0	0	0	0	0	0	0	0	0	0	0	27066468	
590	1	D	4	N	2500	0	40	207	129	34	25	30	0	0	0	0	0	0	0	0	0	0	0	0	27066484	
591	1	D	4	N	2500	0	1	187	112	27	21	29	0	0	0	0	0	0	0	0	0	0	0	0	27066484	
592	1	D	4	N	2500	0	40	284	106	30	22	27	0	0	0	0	0	0	0	0	0	0	0	0	27066765	
593	1	D	4	N	2500	0	1	270	82	21	14	23	0	0	0	0	0	0	0	0	0	0	0	0	27066780	
594	1	D	4	N	2500	0	40	222	122	33	22	27	0	0	0	0	0	0	0	0	0	0	0	0	27066874	
595	1	D	4	N	2500	0	40	321	118	30	20	30	0	0	0	0	0	0	0	0	0	0	0	0	27067139	
596	1	D	4	N	2500	0	40	252	108	26	18	23	0	0	0	0	0	0	0	0	0	0	0	0	27067170	
597	1	D	4	N	2500	0	1	194	91	29	23	31	0	0	0	0	0	0	0	0	0	0	0	0	27067295	
598	1	D	4	N	2500	0	1	261	74	16	12	18	0	0	0	0	0	0	0	0	0	0	0	0	27067326	
599	1	D	4	N	2500	0	40	384	146	36	28	39	0	0	0	0	0	0	0	0	0	0	0	0	27067404	
600	1	D	4	N	2500	0	40	292	103	23	16	24	0	0	0	0	0	0	0	0	0	0	0	0	27067467	
601	1	D	4	N	2500	0	40	190	119	32	23	29	0	0	0	0	0	0	0	0	0	0	0	0	27067966	
602	1	D	4	N	2500	0	40	316	128	32	24	27	0	0	0	0	0	0	0	0	0	0	0	0	27068044	
603	1	D	4	N	2500	0	1	278	75	14	10	20	0	0	0	0	0	0	0	0	0	0	0	0	27068075	
604	1	D	4	N	2500	0	40	390	146	37	32	47	0	0	0	0	0	0	0	0	0	0	0	0	27068590	
605	1	D	4	N	2500	0	40	330	119	27	18	28	0	0	0	0	0	0	0	0	0	0	0	0	27069635	
606	1	D	6	N	2500	6	40	235	126	42	36	49	0	0	0	0	0	0	0	0	0	0	0	0	27091210	
607	1	D	6	N	2500	6	40	309	106	25	23	38	0	0	0	0	0	0	0	0	0	0	0	0	27091475	
608	1	D	6	N	2500	6	40	286	123	32	32	43	0	0	0	0	0	0	0	0	0	0	0	0	27091678	
609	1	D	6	N	2500	0	40	383	151	39	37	55	0	0	0	0	0	0	0	0	0	0	0	0	27091818	
610	1	D	6	N	2500	0	40	307	103	27	26	36	0	0	0	0	0	0	0	0	0	0	0	0	27092286	
611	1	D	6	N	2500	0	40	342	121	29	27	36	0	0	0	0	0	0	0	0	0	0	0	0	27092302	
612	1	D	6	N	2500	0	40	194	125	36	32	41	0	0	0	0	0	0	0	0	0	0	0	0	27092754	
613	1	D	6	N	2500	0	1	250	86	25	21	34	0	0	0	0	0	0	0	0	0	0	0	0	27093768	
614	1	D	6	N	2500	0	40	313	111	29	23	30	0	0	0	0	0	0	0	0	0	0	0	0	27093924	
615	1	D	6	N	2500	0	1	134	58	22	20	28	0	0	0	0	0	0	0	0	0	0	0	0	27093940	
616	1	D	6	N	2500	0	40	300	103	24	23	34	0	0	0	0	0	0	0	0	0	0	0	0	27093987	
617	1	D	6	N	2500	0	40	478	177	43	41	54	0	0	0	0	0	0	0	0	0	0	0	0	27094221	
618	1	D	6	N	2500	0	40	310	105	26	21	34	0	0	0	0	0	0	0	0	0	0	0	0	27094236	
619	1	D	6	N	2500	0	40	301	102	24	21	32	0	0	0	0	0	0	0	0	0	0	0	0	27094252	
620	1	D	6	N	2500	0	1	171	91	20	20	26	0	0	0	0	0	0	0	0	0	0	0	0	27094517	
621	1	D	6	N	2500	0	40	257	113	35	29	40	0	0	0	0	0	0	0	0	0	0	0	0	27094533	
622	1	D	6	N	2500	0	40	322	137	36	37	57	0	0	0	0	0	0	0	0	0	0	0	0	27094735	
623	1	D	6	N	2500	0	40	255	109	29	26	35	0	0	0	0	0	0	0	0	0	0	0	0	27094876	
624	1	D	6	N	2500	0	1	156	87	19	18	25	0	0	0	0	0	0	0	0	0	0	0	0	27094985	
625	1	D	6	N	2500	0	1	190	75	23	19	29	0	0	0	0	0	0	0	0	0	0	0	0	27095032	
626	1	D	6	N	2500	0	1	179	102	26	26	36	0	0	0	0	0	0	0	0	0	0	0	0	27095141	
627	1	D	6	N	2500	0	40	340	114	25	23	35	0	0	0	0	0	0	0	0	0	0	0	0	27095188	
628	1	D	6	N	2500	0	40	256	134	31	29	43	0	0	0	0	0	0	0	0	0	0	0	0	27095359	
629	1	D	6	N	2500	0	40	238	131	34	35	49	0	0	0	0	0	0	0	0	0	0	0	0	27095593	
630	1	D	6	N	2500	0	1	154	44	8	8	13	0	0	0	0	0	0	0	0	0	0	0	0	27095968	
631	1	D	6	N	2500	0	40	252	116	33	32	45	0	0	0	0	0	0	0	0	0	0	0	0	27096046	
632	1	D	6	N	2500	0	40	298	115	31	28	40	0	0	0	0	0	0	0	0	0	0	0	0	27096264	
633	1	D	6	N	2500	0	40	232	162	46	49	85	0	0	0	0	0	0	0	0	0	0	0	0	27096467	
634	1	D	6	N	2500	0	1	223	103	31	26	37	0	0	0	0	0	0	0	0	0	0	0	0	27097793	
635	1	D	6	N	2500	0	40	295	130	38	31	43	0	0	0	0	0	0	0	0	0	0	0	0	27098121	
636	1	D	8	N	2500	6	40	208	108	25	23	28	0	0	0	0	0	0	0	0	0	0	0	0	27119930	
637	1	D	8	N	2500	6	40	340	119	33	28	45	0	0	0	0	0	0	0	0	0	0	0	0	27120429	
638	1	D	8	N	2500	2	1	75	18	9	11	26	0	0	0	0	0	0	0	0	0	0	0	0	27120444	
639	1	D	8	N	2500	6	40	357	132	36	29	40	0	0	0	0	0	0	0	0	0	0	0	0	27121146	
640	1	D	8	N	2500	0	40	344	191	56	45	62	0	0	0	0	0	0	0	0	0	0	0	0	27121412	
641	1	D	8	N	2500	0	1	106	19	11	15	36	0	0	0	0	0	0	0	0	0	0	0	0	27122020	
642	1	D	8	N	2500	0	40	207	124	36	30	38	0	0	0	0	0	0	0	0	0	0	0	0	27122223	
643	1	D	8	N	2500	0	40	314	171	54	44	59	0	0	0	0	0	0	0	0	0	0	0	0	27122597	
644	1	D	8	N	2500	0	40	234	114	27	25	38	0	0	0	0	0	0	0	0	0	0	0	0	27122613	
645	1	D	8	N	2500	0	40	309	207	58	49	68	0	0	0	0	0	0	0	0	0	0	0	0	27123174	
646	1	D	8	N	2500	0	40	354	132	32	27	38	0	0	0	0	0	0	0	0	0	0	0	0	27123174	
647	1	D	8	N	2500	0	1	93	19	8	11	26	0	0	0	0	0	0	0	0	0	0	0	0	27123408	
648	1	D	8	N	2500	0	40	437	177	47	41	59	0	0	0	0	0	0	0	0	0	0	0	0	27123408	
649	1	D	8	N	2500	0	40	292	137	38	32	51	0	0	0	0	0	0	0	0	0	0	0	0	27123564	
650	1	D	8	N	2500	0	1	86	36	60	82	111	0	0	0	0	0	0	0	0	0	0	0	0	27123767	
651	1	D	8	N	2500	0	40	275	123	30	27	39	0	0	0	0	0	0	0	0	0	0	0	0	27124001	
652	1	D	8	N	2500	0	40	342	121	29	26	37	0	0	0	0	0	0	0	0	0	0	0	0	27124157	
653	1	D	8	N	2500	0	40	384	169	45	37	60	0	0	0	0	0	0	0	0	0	0	0	0	27124235	
654	1	D	8	N	2500	0	40	311	126	32	30	43	0	0	0	0	0	0	0	0	0	0	0	0	27124251	
655	1	D	8	N	2500	0	40	377	144	34	27	40	0	0	0	0	0	0	0	0	0	0	0	0	27124391	
656	1	D	8	N	2500	0	40	354	147	43	40	57	0	0	0	0	0	0	0	0	0	0	0	0	27124407	
657	1	D	8	N	2500	0	40	415	154	39	39	69	0	0	0	0	0	0	0	0	0	0	0	0	27124485	
658	1	D	8	N	2500	0	40	309	117	29	25	39	0	0	0	0	0	0	0	0	0	0	0	0	27124656	
659	1	D	8	N	2500	0	40	354	135	32	27	40	0	0	0	0	0	0	0	0	0	0	0	0	27124719	
660	1	D	8	N	2500	0	40	302	144	43	39	52	0	0	0	0	0	0	0	0	0	0	0	0	27124766	
661	1	D	8	N	2500	0	40	382	148	40	40	60	0	0	0	0	0	0	0	0	0	0	0	0	27124859	
662	1	D	8	N	2500	0	40	234	164	49	47	67	0	0	0	0	0	0	0	0	0	0	0	0	27124922	
663	1	D	8	N	2500	0	40	388	148	36	34	56	0	0	0	0	0	0	0	0	0	0	0	0	27125062	
664	1	D	8	N	2500	0	1	97	19	6	7	17	0	0	0	0	0	0	0	0	0	0	0	0	27125078	
665	1	D	8	N	2500	0	40	282	121	29	29	40	0	0	0	0	0	0	0	0	0	0	0	0	27125078	
666	1	D	8	N	2500	0	40	439	178	51	44	68	0	0	0	0	0	0	0	0	0	0	0	0	27125171	
667	1	D	8	N	2500	0	40	215	143	45	41	63	0	0	0	0	0	0	0	0	0	0	0	0	27125249	
668	1	D	8	N	2500	0	40	423	151	40	39	61	0	0	0	0	0	0	0	0	0	0	0	0	27125296	
669	1	D	8	N	2500	0	40	314	114	27	24	40	0	0	0	0	0	0	0	0	0	0	0	0	27125468	
670	1	D	8	N	2500	0	1	74	14	6	8	20	0	0	0	0	0	0	0	0	0	0	0	0	27125483	
671	1	D	8	N	2500	0	40	454	186	49	43	61	0	0	0	0	0	0	0	0	0	0	0	0	27125483	
672	1	D	8	N	2500	0	1	58	10	5	6	15	0	0	0	0	0	0	0	0	0	0	0	0	27125624	
673	1	D	8	N	2500	0	40	301	106	24	18	31	0	0	0	0	0	0	0	0	0	0	0	0	27125639	
674	1	D	8	N	2500	0	40	330	143	35	32	45	0	0	0	0	0	0	0	0	0	0	0	0	27125858	
675	1	D	8	N	2500	0	40	224	130	33	31	42	0	0	0	0	0	0	0	0	0	0	0	0	27126076	
676	1	D	10	N	2500	6	40	290	116	28	26	39	0	0	0	0	0	0	0	0	0	0	0	0	27148431	
677	1	D	10	N	2500	6	40	368	145	41	34	50	0	0	0	0	0	0	0	0	0	0	0	0	27148587	
678	1	D	10	N	2500	6	40	349	132	37	28	47	0	0	0	0	0	0	0	0	0	0	0	0	27148634	
679	1	D	10	N	2500	0	40	339	125	34	25	36	0	0	0	0	0	0	0	0	0	0	0	0	27148852	
680	1	D	10	N	2500	0	40	276	114	27	22	32	0	0	0	0	0	0	0	0	0	0	0	0	27148992	
681	1	D	10	N	2500	0	40	391	144	42	36	61	0	0	0	0	0	0	0	0	0	0	0	0	27149554	
682	1	D	10	N	2500	0	40	351	152	48	35	46	0	0	0	0	0	0	0	0	0	0	0	0	27150240	
683	1	D	10	N	2500	0	40	349	142	35	32	50	0	0	0	0	0	0	0	0	0	0	0	0	27150459	
684	1	D	10	N	2500	0	40	212	143	46	35	42	0	0	0	0	0	0	0	0	0	0	0	0	27150537	
685	1	D	10	N	2500	0	40	384	179	54	50	73	0	0	0	0	0	0	0	0	0	0	0	0	27151551	
686	1	D	10	N	2500	0	40	387	155	42	39	59	0	0	0	0	0	0	0	0	0	0	0	0	27151660	
687	1	D	10	N	2500	0	40	433	159	45	41	57	0	0	0	0	0	0	0	0	0	0	0	0	27151738	
688	1	D	10	N	2500	0	1	84	24	12	16	35	0	0	0	0	0	0	0	0	0	0	0	0	27152144	
689	1	D	10	N	2500	0	40	378	135	33	27	40	0	0	0	0	0	0	0	0	0	0	0	0	27152596	
690	1	D	10	N	2500	0	1	54	12	2	1	3	0	0	0	0	0	0	0	0	0	0	0	0	27152768	
691	1	D	10	N	2500	0	1	166	70	16	15	21	0	0	0	0	0	0	0	0	0	0	0	0	27152768	
692	1	D	10	N	2500	0	40	260	117	34	25	31	0	0	0	0	0	0	0	0	0	0	0	0	27153314	
693	1	D	10	N	2500	0	40	213	118	32	30	38	0	0	0	0	0	0	0	0	0	0	0	0	27153548	
694	1	D	10	N	2500	0	40	324	108	24	19	27	0	0	0	0	0	0	0	0	0	0	0	0	27154718	
695	1	D	11	N	2500	2	1	63	24	4	6	11	0	0	0	0	0	0	0	0	0	0	0	0	27166886	
696	1	D	12	N	2500	2	1	56	31	16	17	39	0	0	0	0	0	0	0	0	0	0	0	0	27177650	
697	1	D	12	N	2500	6	40	303	91	23	16	21	0	0	0	0	0	0	0	0	0	0	0	0	27179350	
698	1	D	12	N	2500	2	1	74	63	52	54	90	0	0	0	0	0	0	0	0	0	0	0	0	27179958	
699	1	D	12	N	2500	6	40	398	146	29	23	38	0	0	0	0	0	0	0	0	0	0	0	0	27180941	
700	1	D	12	N	2500	6	40	432	155	38	27	46	0	0	0	0	0	0	0	0	0	0	0	0	27181674	
701	1	D	12	N	2500	0	1	79	18	5	5	11	0	0	0	0	0	0	0	0	0	0	0	0	27181893	
702	1	D	12	N	2500	0	40	334	120	29	24	34	0	0	0	0	0	0	0	0	0	0	0	0	27182267	
703	1	D	12	N	2500	0	1	186	54	16	22	42	0	0	0	0	0	0	0	0	0	0	0	0	27183375	
704	1	D	12	N	2500	0	1	67	12	2	4	9	0	0	0	0	0	0	0	0	0	0	0	0	27183874	
705	1	E	1	N	2500	2	1	55	32	14	14	26	0	0	0	0	0	0	0	0	0	0	0	0	27195059	
706	1	E	1	N	2500	6	40	344	134	36	28	40	0	0	0	0	0	0	0	0	0	0	0	0	27197415	
707	1	E	2	N	2500	2	1	175	106	27	24	40	0	0	0	0	0	0	0	0	0	0	0	0	27207804	
708	1	E	2	N	2500	6	40	313	105	29	23	34	0	0	0	0	0	0	0	0	0	0	0	0	27210753	
709	1	E	2	N	2500	6	40	320	104	25	20	28	0	0	0	0	0	0	0	0	0	0	0	0	27212297	
710	1	E	2	N	2500	6	40	286	96	26	17	32	0	0	0	0	0	0	0	0	0	0	0	0	27212750	
711	1	E	4	N	2500	2	1	81	18	8	1	2	0	0	0	0	0	0	0	0	0	0	0	0	27236524	
712	1	E	4	N	2500	6	40	327	120	26	18	32	0	0	0	0	0	0	0	0	0	0	0	0	27237632	
713	1	E	4	N	2500	6	40	326	117	26	18	31	0	0	0	0	0	0	0	0	0	0	0	0	27238053	
714	1	E	4	N	2500	6	40	299	107	22	19	24	0	0	0	0	0	0	0	0	0	0	0	0	27238958	
715	1	E	4	N	2500	0	40	322	111	23	19	28	0	0	0	0	0	0	0	0	0	0	0	0	27240892	
716	1	E	6	N	2500	2	1	174	109	28	29	40	0	0	0	0	0	0	0	0	0	0	0	0	27265197	
717	1	E	6	N	2500	6	40	206	124	41	33	47	0	0	0	0	0	0	0	0	0	0	0	0	27265244	
718	1	E	6	N	2500	2	1	66	14	5	7	16	0	0	0	0	0	0	0	0	0	0	0	0	27265306	
719	1	E	6	N	2500	6	40	314	111	27	20	30	0	0	0	0	0	0	0	0	0	0	0	0	27265712	
720	1	E	6	N	2500	2	1	181	102	23	20	30	0	0	0	0	0	0	0	0	0	0	0	0	27265821	
721	1	E	6	N	2500	6	40	231	129	37	34	46	0	0	0	0	0	0	0	0	0	0	0	0	27265899	
722	1	E	6	N	2500	0	40	284	99	27	24	34	0	0	0	0	0	0	0	0	0	0	0	0	27266570	
723	1	E	6	N	2500	0	1	191	104	25	22	30	0	0	0	0	0	0	0	0	0	0	0	0	27266695	
724	1	E	6	N	2500	0	40	299	100	21	17	24	0	0	0	0	0	0	0	0	0	0	0	0	27267209	
725	1	E	6	N	2500	0	40	328	112	30	25	39	0	0	0	0	0	0	0	0	0	0	0	0	27267350	
726	1	E	6	N	2500	0	40	311	118	30	26	35	0	0	0	0	0	0	0	0	0	0	0	0	27267428	
727	1	E	6	N	2500	0	1	200	75	20	15	20	0	0	0	0	0	0	0	0	0	0	0	0	27267537	
728	1	E	6	N	2500	0	1	123	97	32	23	29	0	0	0	0	0	0	0	0	0	0	0	0	27267568	
729	1	E	6	N	2500	0	40	234	138	37	31	37	0	0	0	0	0	0	0	0	0	0	0	0	27267631	
730	1	E	6	N	2500	0	40	339	136	35	28	42	0	0	0	0	0	0	0	0	0	0	0	0	27267865	
731	1	E	6	N	2500	0	40	221	137	41	33	42	0	0	0	0	0	0	0	0	0	0	0	0	27267880	
732	1	E	6	N	2500	0	40	374	135	37	31	45	0	0	0	0	0	0	0	0	0	0	0	0	27268457	
733	1	E	6	N	2500	0	40	342	134	35	31	41	0	0	0	0	0	0	0	0	0	0	0	0	27268754	
734	1	E	6	N	2500	0	1	70	15	8	10	20	0	0	0	0	0	0	0	0	0	0	0	0	27269050	
735	1	E	6	N	2500	0	40	418	140	41	36	61	0	0	0	0	0	0	0	0	0	0	0	0	27269097	
736	1	E	6	N	2500	0	40	383	103	30	25	35	0	0	0	0	0	0	0	0	0	0	0	0	27269269	
737	1	E	6	N	2500	0	40	241	111	29	25	37	0	0	0	0	0	0	0	0	0	0	0	0	27269549	
738	1	E	6	N	2500	0	40	318	123	32	28	37	0	0	0	0	0	0	0	0	0	0	0	0	27269737	
739	1	E	6	N	2500	0	40	331	124	35	27	41	0	0	0	0	0	0	0	0	0	0	0	0	27269737	
740	1	E	6	N	2500	0	40	237	98	28	21	28	0	0	0	0	0	0	0	0	0	0	0	0	27269752	
741	1	E	6	N	2500	0	40	288	149	41	35	50	0	0	0	0	0	0	0	0	0	0	0	0	27269799	
742	1	E	6	N	2500	0	40	229	118	31	28	37	0	0	0	0	0	0	0	0	0	0	0	0	27270002	
743	1	E	6	N	2500	0	40	204	128	38	30	36	0	0	0	0	0	0	0	0	0	0	0	0	27270236	
744	1	E	6	N	2500	0	40	364	132	35	27	37	0	0	0	0	0	0	0	0	0	0	0	0	27270407	
745	1	E	6	N	2500	0	40	294	93	19	16	24	0	0	0	0	0	0	0	0	0	0	0	0	27270485	
746	1	E	6	N	2500	0	40	329	136	38	28	37	0	0	0	0	0	0	0	0	0	0	0	0	27270563	
747	1	E	6	N	2500	0	1	189	87	24	18	23	0	0	0	0	0	0	0	0	0	0	0	0	27270563	
748	1	E	6	N	2500	0	40	274	88	21	16	25	0	0	0	0	0	0	0	0	0	0	0	0	27271406	
749	1	E	6	N	2500	0	40	277	109	27	24	39	0	0	0	0	0	0	0	0	0	0	0	0	27272482	
750	1	E	8	N	2500	6	40	353	164	54	54	86	0	0	0	0	0	0	0	0	0	0	0	0	27294010	
751	1	E	8	N	2500	6	40	315	119	28	25	39	0	0	0	0	0	0	0	0	0	0	0	0	27294010	
752	1	E	8	N	2500	6	40	350	130	36	31	44	0	0	0	0	0	0	0	0	0	0	0	0	27295477	
753	1	E	8	N	2500	0	40	322	129	35	31	44	0	0	0	0	0	0	0	0	0	0	0	0	27296132	
754	1	E	8	N	2500	0	40	404	162	44	41	69	0	0	0	0	0	0	0	0	0	0	0	0	27296506	
755	1	E	8	N	2500	0	40	289	105	26	26	37	0	0	0	0	0	0	0	0	0	0	0	0	27296834	
756	1	E	8	N	2500	0	40	306	124	29	27	40	0	0	0	0	0	0	0	0	0	0	0	0	27296974	
757	1	E	8	N	2500	0	40	328	138	34	32	43	0	0	0	0	0	0	0	0	0	0	0	0	27297473	
758	1	E	8	N	2500	0	40	238	145	37	32	41	0	0	0	0	0	0	0	0	0	0	0	0	27297754	
759	1	E	8	N	2500	0	40	315	109	31	21	33	0	0	0	0	0	0	0	0	0	0	0	0	27298425	
760	1	E	8	N	2500	0	40	336	138	36	33	49	0	0	0	0	0	0	0	0	0	0	0	0	27298487	
761	1	E	8	N	2500	0	40	326	111	27	23	35	0	0	0	0	0	0	0	0	0	0	0	0	27298753	
762	1	E	8	N	2500	0	40	348	159	47	48	78	0	0	0	0	0	0	0	0	0	0	0	0	27298955	
763	1	E	8	N	2500	0	40	405	156	48	43	73	0	0	0	0	0	0	0	0	0	0	0	0	27299345	
764	1	E	9	N	2500	6	40	202	138	44	38	57	0	0	0	0	0	0	0	0	0	0	0	0	27312683	
765	1	E	10	N	2500	2	1	57	34	7	8	18	0	0	0	0	0	0	0	0	0	0	0	0	27322511	
766	1	E	10	N	2500	6	40	438	169	44	37	45	0	0	0	0	0	0	0	0	0	0	0	0	27323416	
767	1	E	10	N	2500	6	40	391	168	43	38	60	0	0	0	0	0	0	0	0	0	0	0	0	27323822	
768	1	E	10	N	2500	6	40	364	149	44	38	57	0	0	0	0	0	0	0	0	0	0	0	0	27324025	
769	1	E	10	N	2500	0	40	321	121	31	24	38	0	0	0	0	0	0	0	0	0	0	0	0	27324071	
770	1	E	10	N	2500	0	1	93	24	14	18	38	0	0	0	0	0	0	0	0	0	0	0	0	27324149	
771	1	E	10	N	2500	0	40	208	131	32	27	39	0	0	0	0	0	0	0	0	0	0	0	0	27324165	
772	1	E	10	N	2500	0	1	70	12	3	5	8	0	0	0	0	0	0	0	0	0	0	0	0	27324477	
773	1	E	10	N	2500	0	1	260	77	18	17	25	0	0	0	0	0	0	0	0	0	0	0	0	27325351	
774	1	E	10	N	2500	0	1	193	104	30	25	34	0	0	0	0	0	0	0	0	0	0	0	0	27325538	
775	1	E	10	N	2500	0	1	77	15	2	2	4	0	0	0	0	0	0	0	0	0	0	0	0	27325553	
776	1	E	10	N	2500	0	40	257	129	40	34	49	0	0	0	0	0	0	0	0	0	0	0	0	27325553	
777	1	E	10	N	2500	0	40	316	142	40	34	46	0	0	0	0	0	0	0	0	0	0	0	0	27325819	
778	1	E	10	N	2500	0	40	237	120	29	22	33	0	0	0	0	0	0	0	0	0	0	0	0	27325943	
779	1	E	10	N	2500	0	1	79	17	12	15	33	0	0	0	0	0	0	0	0	0	0	0	0	27326723	
780	1	E	10	N	2500	0	40	388	186	58	44	59	0	0	0	0	0	0	0	0	0	0	0	0	27326770	
781	1	E	10	N	2500	0	40	391	130	34	29	46	0	0	0	0	0	0	0	0	0	0	0	0	27327207	
782	1	E	10	N	2500	0	40	384	152	41	36	46	0	0	0	0	0	0	0	0	0	0	0	0	27327238	
783	1	E	10	N	2500	0	40	200	144	47	39	57	0	0	0	0	0	0	0	0	0	0	0	0	27327238	
784	1	E	10	N	2500	0	40	330	126	35	29	44	0	0	0	0	0	0	0	0	0	0	0	0	27327597	
785	1	E	10	N	2500	0	40	382	166	46	37	50	0	0	0	0	0	0	0	0	0	0	0	0	27327659	
786	1	E	10	N	2500	0	40	415	187	60	45	52	0	0	0	0	0	0	0	0	0	0	0	0	27327706	
787	1	E	10	N	2500	0	40	269	156	37	35	50	0	0	0	0	0	0	0	0	0	0	0	0	27327722	
788	1	E	10	N	2500	0	40	300	108	27	22	34	0	0	0	0	0	0	0	0	0	0	0	0	27327815	
789	1	E	10	N	2500	0	1	161	34	22	28	56	0	0	0	0	0	0	0	0	0	0	0	0	27328783	
790	1	E	10	N	2500	0	1	161	52	10	9	14	0	0	0	0	0	0	0	0	0	0	0	0	27329313	
791	1	E	11	N	2500	2	1	81	64	17	20	41	0	0	0	0	0	0	0	0	0	0	0	0	27339968	
792	1	E	11	N	2500	2	1	70	29	11	14	32	0	0	0	0	0	0	0	0	0	0	0	0	27341263	
793	1	E	12	N	2500	6	40	225	113	27	20	28	0	0	0	0	0	0	0	0	0	0	0	0	27351871	
794	1	E	12	N	2500	6	40	233	114	29	22	25	0	0	0	0	0	0	0	0	0	0	0	0	27352042	
795	1	E	12	N	2500	2	1	73	14	4	5	13	0	0	0	0	0	0	0	0	0	0	0	0	27353836	
796	1	E	12	N	2500	8	40	371	140	36	28	36	0	0	0	0	0	0	0	0	0	0	0	0	27353836	
797	1	E	12	N	2500	6	40	314	113	29	25	36	0	0	0	0	0	0	0	0	0	0	0	0	27353946	
798	1	E	12	N	2500	0	1	177	100	28	19	21	0	0	0	0	0	0	0	0	0	0	0	0	27353992	
799	1	E	12	N	2500	0	40	318	134	37	37	57	0	0	0	0	0	0	0	0	0	0	0	0	27354351	
800	1	E	12	N	2500	0	1	174	95	23	18	23	0	0	0	0	0	0	0	0	0	0	0	0	27354554	
801	1	E	12	N	2500	0	40	321	130	41	32	47	0	0	0	0	0	0	0	0	0	0	0	0	27355053	
802	1	E	12	N	2500	0	40	300	107	25	21	26	0	0	0	0	0	0	0	0	0	0	0	0	27355162	
803	1	E	12	N	2500	0	40	294	94	21	16	22	0	0	0	0	0	0	0	0	0	0	0	0	27356083	
804	1	E	12	N	2500	0	40	320	113	31	25	37	0	0	0	0	0	0	0	0	0	0	0	0	27356410	
805	1	E	12	N	2500	0	40	404	150	40	33	46	0	0	0	0	0	0	0	0	0	0	0	0	27356442	
806	1	E	12	N	2500	0	40	291	107	26	21	28	0	0	0	0	0	0	0	0	0	0	0	0	27356488	
807	1	E	12	N	2500	0	1	143	37	10	7	13	0	0	0	0	0	0	0	0	0	0	0	0	27356785	
808	1	E	12	N	2500	0	1	243	94	25	17	24	0	0	0	0	0	0	0	0	0	0	0	0	27357050	
809	1	E	12	N	2500	0	1	164	89	22	15	17	0	0	0	0	0	0	0	0	0	0	0	0	27357268	
810	1	E	12	N	2500	0	1	90	33	40	53	108	0	0	0	0	0	0	0	0	0	0	0	0	27357502	
811	1	E	12	N	2500	0	1	103	75	95	102	119	0	0	0	0	0	0	0	0	0	0	0	0	27358813	
812	1	E	12	N	2500	0	1	96	46	22	27	50	0	0	0	0	0	0	0	0	0	0	0	0	27358813	
813	1	F	2	N	2500	6	40	352	144	34	25	31	0	0	0	0	0	0	0	0	0	0	0	0	27381916	
814	1	F	2	N	2500	2	1	76	64	44	44	76	0	0	0	0	0	0	0	0	0	0	0	0	27383086	
815	1	F	2	N	2500	2	1	182	109	26	20	25	0	0	0	0	0	0	0	0	0	0	0	0	27383445	
816	1	F	2	N	2500	6	40	334	103	28	19	31	0	0	0	0	0	0	0	0	0	0	0	0	27385614	
817	1	F	2	N	2500	2	1	60	23	9	10	19	0	0	0	0	0	0	0	0	0	0	0	0	27387954	
818	1	F	2	N	2500	6	40	212	146	40	34	45	0	0	0	0	0	0	0	0	0	0	0	0	27388312	
819	1	F	4	N	2500	6	40	328	103	25	21	35	0	0	0	0	0	0	0	0	0	0	0	0	27411151	
820	1	F	4	N	2500	6	40	305	116	29	22	30	0	0	0	0	0	0	0	0	0	0	0	0	27411291	
821	1	F	4	N	2500	6	40	306	105	25	21	28	0	0	0	0	0	0	0	0	0	0	0	0	27412976	
822	1	F	4	N	2500	0	40	331	117	27	21	30	0	0	0	0	0	0	0	0	0	0	0	0	27413787	
823	1	F	4	N	2500	0	40	326	129	36	26	32	0	0	0	0	0	0	0	0	0	0	0	0	27414614	
824	1	F	4	N	2500	0	1	205	104	26	19	27	0	0	0	0	0	0	0	0	0	0	0	0	27414848	
825	1	F	4	N	2500	0	1	203	96	24	20	28	0	0	0	0	0	0	0	0	0	0	0	0	27415332	
826	1	F	4	N	2500	0	1	160	82	22	17	26	0	0	0	0	0	0	0	0	0	0	0	0	27415815	
827	1	F	4	N	2500	0	40	363	133	32	24	37	0	0	0	0	0	0	0	0	0	0	0	0	27416236	
828	1	F	4	N	2500	0	40	314	120	29	23	36	0	0	0	0	0	0	0	0	0	0	0	0	27416439	
829	1	F	4	N	2500	0	1	212	92	32	29	40	0	0	0	0	0	0	0	0	0	0	0	0	27416907	
830	1	F	4	N	2500	0	1	178	94	23	16	23	0	0	0	0	0	0	0	0	0	0	0	0	27416938	
831	1	F	5	N	2500	6	40	287	94	25	17	22	0	0	0	0	0	0	0	0	0	0	0	0	27424676	
832	1	F	6	N	2500	2	1	168	91	23	18	28	0	0	0	0	0	0	0	0	0	0	0	0	27440214	
833	1	F	6	N	2500	2	1	200	50	8	7	12	0	0	0	0	0	0	0	0	0	0	0	0	27440338	
834	1	F	6	N	2500	2	1	268	79	15	14	23	0	0	0	0	0	0	0	0	0	0	0	0	27440416	
835	1	F	6	N	2500	2	1	233	71	15	13	22	0	0	0	0	0	0	0	0	0	0	0	0	27440463	
836	1	F	6	N	2500	2	1	63	38	16	22	52	0	0	0	0	0	0	0	0	0	0	0	0	27440682	
837	1	F	6	N	2500	6	40	307	96	20	17	31	0	0	0	0	0	0	0	0	0	0	0	0	27440697	
838	1	F	6	N	2500	2	1	239	89	20	19	27	0	0	0	0	0	0	0	0	0	0	0	0	27441290	
839	1	F	6	N	2500	2	1	129	62	11	11	16	0	0	0	0	0	0	0	0	0	0	0	0	27441415	
840	1	F	6	N	2500	2	1	246	65	12	12	19	0	0	0	0	0	0	0	0	0	0	0	0	27442086	
841	1	F	6	N	2500	2	1	256	74	15	13	21	0	0	0	0	0	0	0	0	0	0	0	0	27442179	
842	1	F	6	N	2500	2	1	59	31	6	5	9	0	0	0	0	0	0	0	0	0	0	0	0	27442289	
843	1	F	6	N	2500	6	40	372	150	43	41	59	0	0	0	0	0	0	0	0	0	0	0	0	27442554	
844	1	F	6	N	2500	2	1	268	78	16	15	26	0	0	0	0	0	0	0	0	0	0	0	0	27442741	
845	1	F	6	N	2500	6	40	275	105	24	23	34	0	0	0	0	0	0	0	0	0	0	0	0	27442835	
846	1	F	6	N	2500	0	40	366	121	28	25	42	0	0	0	0	0	0	0	0	0	0	0	0	27443490	
847	1	F	6	N	2500	0	1	72	42	25	27	48	0	0	0	0	0	0	0	0	0	0	0	0	27443724	
848	1	F	6	N	2500	0	1	60	32	15	19	37	0	0	0	0	0	0	0	0	0	0	0	0	27443927	
849	1	F	6	N	2500	0	40	353	117	25	24	30	0	0	0	0	0	0	0	0	0	0	0	0	27444083	
850	1	F	6	N	2500	0	1	256	69	17	12	21	0	0	0	0	0	0	0	0	0	0	0	0	27444161	
851	1	F	6	N	2500	0	1	143	44	10	9	14	0	0	0	0	0	0	0	0	0	0	0	0	27444285	
852	1	F	6	N	2500	0	40	309	104	28	22	34	0	0	0	0	0	0	0	0	0	0	0	0	27444504	
853	1	F	6	N	2500	0	1	142	43	8	9	15	0	0	0	0	0	0	0	0	0	0	0	0	27445502	
854	1	F	6	N	2500	0	40	304	96	22	17	29	0	0	0	0	0	0	0	0	0	0	0	0	27445752	
855	1	F	6	N	2500	0	1	158	75	16	14	24	0	0	0	0	0	0	0	0	0	0	0	0	27445814	
856	1	F	8	N	2500	6	40	310	118	30	23	34	0	0	0	0	0	0	0	0	0	0	0	0	27468559	
857	1	F	8	N	2500	2	1	191	96	27	23	32	0	0	0	0	0	0	0	0	0	0	0	0	27469043	
858	1	F	8	N	2500	6	40	189	119	29	21	28	0	0	0	0	0	0	0	0	0	0	0	0	27469277	
859	1	F	8	N	2500	6	40	407	157	37	34	52	0	0	0	0	0	0	0	0	0	0	0	0	27469448	
860	1	F	8	N	2500	0	40	298	119	31	27	39	0	0	0	0	0	0	0	0	0	0	0	0	27469869	
861	1	F	8	N	2500	0	40	215	115	30	26	36	0	0	0	0	0	0	0	0	0	0	0	0	27470072	
862	1	F	8	N	2500	0	40	300	116	27	25	33	0	0	0	0	0	0	0	0	0	0	0	0	27470166	
863	1	F	8	N	2500	0	1	241	96	23	22	33	0	0	0	0	0	0	0	0	0	0	0	0	27470166	
864	1	F	8	N	2500	0	1	82	21	5	7	12	0	0	0	0	0	0	0	0	0	0	0	0	27470166	
865	1	F	8	N	2500	0	1	184	107	31	22	30	0	0	0	0	0	0	0	0	0	0	0	0	27470244	
866	1	F	8	N	2500	0	40	332	113	24	19	27	0	0	0	0	0	0	0	0	0	0	0	0	27470337	
867	1	F	8	N	2500	0	40	208	140	36	30	41	0	0	0	0	0	0	0	0	0	0	0	0	27470384	
868	1	F	8	N	2500	0	1	242	97	23	19	29	0	0	0	0	0	0	0	0	0	0	0	0	27470525	
869	1	F	8	N	2500	0	40	296	103	25	19	26	0	0	0	0	0	0	0	0	0	0	0	0	27470618	
870	1	F	8	N	2500	0	40	347	130	28	24	35	0	0	0	0	0	0	0	0	0	0	0	0	27470696	
871	1	F	8	N	2500	0	1	105	43	82	114	142	0	0	0	0	0	0	0	0	0	0	0	0	27470961	
872	1	F	8	N	2500	0	40	257	97	20	17	26	0	0	0	0	0	0	0	0	0	0	0	0	27471164	
873	1	F	8	N	2500	0	1	267	70	13	10	16	0	0	0	0	0	0	0	0	0	0	0	0	27471195	
874	1	F	8	N	2500	0	40	358	131	28	24	34	0	0	0	0	0	0	0	0	0	0	0	0	27471445	
875	1	F	8	N	2500	0	40	321	119	30	24	35	0	0	0	0	0	0	0	0	0	0	0	0	27471476	
876	1	F	8	N	2500	0	40	243	146	47	38	57	0	0	0	0	0	0	0	0	0	0	0	0	27471492	
877	1	F	8	N	2500	0	1	175	51	9	11	20	0	0	0	0	0	0	0	0	0	0	0	0	27471539	
878	1	F	8	N	2500	0	1	75	45	12	9	11	0	0	0	0	0	0	0	0	0	0	0	0	27471601	
879	1	F	8	N	2500	0	1	56	29	6	5	8	0	0	0	0	0	0	0	0	0	0	0	0	27471601	
880	1	F	8	N	2500	0	40	191	112	27	21	32	0	0	0	0	0	0	0	0	0	0	0	0	27471679	
881	1	F	8	N	2500	0	1	108	27	6	7	13	0	0	0	0	0	0	0	0	0	0	0	0	27471819	
882	1	F	8	N	2500	0	1	146	106	27	22	28	0	0	0	0	0	0	0	0	0	0	0	0	27471866	
883	1	F	8	N	2500	0	40	209	109	29	20	27	0	0	0	0	0	0	0	0	0	0	0	0	27471866	
884	1	F	8	N	2500	0	1	76	14	4	4	9	0	0	0	0	0	0	0	0	0	0	0	0	27472038	
885	1	F	8	N	2500	0	40	248	119	26	21	32	0	0	0	0	0	0	0	0	0	0	0	0	27472131	
886	1	F	8	N	2500	0	40	341	125	30	23	36	0	0	0	0	0	0	0	0	0	0	0	0	27472350	
887	1	F	8	N	2500	0	40	386	152	44	33	51	0	0	0	0	0	0	0	0	0	0	0	0	27472381	
888	1	F	8	N	2500	0	40	258	115	30	24	34	0	0	0	0	0	0	0	0	0	0	0	0	27472662	
889	1	F	8	N	2500	0	40	300	113	28	23	32	0	0	0	0	0	0	0	0	0	0	0	0	27472662	
890	1	F	8	N	2500	0	40	357	134	35	24	38	0	0	0	0	0	0	0	0	0	0	0	0	27472724	
891	1	F	8	N	2500	0	1	91	25	5	5	10	0	0	0	0	0	0	0	0	0	0	0	0	27472724	
892	1	F	8	N	2500	0	1	205	103	23	23	33	0	0	0	0	0	0	0	0	0	0	0	0	27472724	
893	1	F	8	N	2500	0	40	353	139	36	29	39	0	0	0	0	0	0	0	0	0	0	0	0	27472865	
894	1	F	8	N	2500	0	40	341	167	53	44	62	0	0	0	0	0	0	0	0	0	0	0	0	27473021	
895	1	F	8	N	2500	0	1	180	50	9	9	14	0	0	0	0	0	0	0	0	0	0	0	0	27473099	
896	1	F	8	N	2500	0	1	89	46	12	11	18	0	0	0	0	0	0	0	0	0	0	0	0	27473099	
897	1	F	8	N	2500	0	40	314	120	28	21	32	0	0	0	0	0	0	0	0	0	0	0	0	27473395	
898	1	F	8	N	2500	0	1	264	76	14	12	18	0	0	0	0	0	0	0	0	0	0	0	0	27473567	
899	1	F	8	N	2500	0	40	379	144	38	29	41	0	0	0	0	0	0	0	0	0	0	0	0	27473645	
900	1	F	8	N	2500	0	1	141	82	21	17	24	0	0	0	0	0	0	0	0	0	0	0	0	27473723	
901	1	F	8	N	2500	0	40	262	132	34	28	41	0	0	0	0	0	0	0	0	0	0	0	0	27473738	
902	1	F	8	N	2500	0	40	292	120	32	23	32	0	0	0	0	0	0	0	0	0	0	0	0	27473801	
903	1	F	8	N	2500	0	40	342	130	30	26	37	0	0	0	0	0	0	0	0	0	0	0	0	27473816	
904	1	F	8	N	2500	0	40	324	109	24	19	31	0	0	0	0	0	0	0	0	0	0	0	0	27474159	
905	1	F	8	N	2500	0	1	62	14	4	4	6	0	0	0	0	0	0	0	0	0	0	0	0	27474393	
906	1	F	8	N	2500	0	1	135	33	8	6	7	0	0	0	0	0	0	0	0	0	0	0	0	27474456	
907	1	F	8	N	2500	0	1	162	53	12	11	17	0	0	0	0	0	0	0	0	0	0	0	0	27474456	
908	1	F	8	N	2500	0	1	72	12	2	3	5	0	0	0	0	0	0	0	0	0	0	0	0	27475267	
909	1	F	9	N	2500	6	40	239	118	25	22	32	0	0	0	0	0	0	0	0	0	0	0	0	27487045	
910	1	F	9	N	2500	6	40	362	132	29	25	39	0	0	0	0	0	0	0	0	0	0	0	0	27489354	
911	1	F	10	N	2500	6	40	343	121	29	27	39	0	0	0	0	0	0	0	0	0	0	0	0	27497107	
912	1	F	10	N	2500	6	40	328	119	31	26	40	0	0	0	0	0	0	0	0	0	0	0	0	27497154	
913	1	F	10	N	2500	2	1	104	66	18	16	24	0	0	0	0	0	0	0	0	0	0	0	0	27497185	
914	1	F	10	N	2500	2	1	131	34	8	7	12	0	0	0	0	0	0	0	0	0	0	0	0	27497185	
915	1	F	10	N	2500	6	40	285	122	30	25	36	0	0	0	0	0	0	0	0	0	0	0	0	27497279	
916	1	F	10	N	2500	0	40	336	146	38	33	46	0	0	0	0	0	0	0	0	0	0	0	0	27497559	
917	1	F	10	N	2500	0	40	269	143	43	36	48	0	0	0	0	0	0	0	0	0	0	0	0	27497793	
918	1	F	10	N	2500	0	40	287	154	43	44	68	0	0	0	0	0	0	0	0	0	0	0	0	27497965	
919	1	F	10	N	2500	0	40	241	113	38	30	41	0	0	0	0	0	0	0	0	0	0	0	0	27498059	
920	1	F	10	N	2500	0	40	390	153	39	31	43	0	0	0	0	0	0	0	0	0	0	0	0	27498152	
921	1	F	10	N	2500	0	40	308	111	29	26	40	0	0	0	0	0	0	0	0	0	0	0	0	27498963	
922	1	F	10	N	2500	0	40	213	121	31	26	35	0	0	0	0	0	0	0	0	0	0	0	0	27499088	
923	1	F	10	N	2500	0	40	224	113	24	22	32	0	0	0	0	0	0	0	0	0	0	0	0	27499166	
924	1	F	10	N	2500	0	40	200	131	38	29	39	0	0	0	0	0	0	0	0	0	0	0	0	27499229	
925	1	F	10	N	2500	0	40	316	130	34	30	48	0	0	0	0	0	0	0	0	0	0	0	0	27499260	
926	1	F	10	N	2500	0	40	325	126	29	25	37	0	0	0	0	0	0	0	0	0	0	0	0	27499509	
927	1	F	10	N	2500	0	40	349	110	28	22	33	0	0	0	0	0	0	0	0	0	0	0	0	27499603	
928	1	F	10	N	2500	0	40	410	161	40	37	52	0	0	0	0	0	0	0	0	0	0	0	0	27499619	
929	1	F	10	N	2500	0	40	370	140	34	29	44	0	0	0	0	0	0	0	0	0	0	0	0	27499634	
930	1	F	10	N	2500	0	40	423	135	34	30	43	0	0	0	0	0	0	0	0	0	0	0	0	27499665	
931	1	F	10	N	2500	0	40	313	130	35	30	38	0	0	0	0	0	0	0	0	0	0	0	0	27499681	
932	1	F	10	N	2500	0	40	401	134	31	26	42	0	0	0	0	0	0	0	0	0	0	0	0	27499712	
933	1	F	10	N	2500	0	40	370	143	38	30	44	0	0	0	0	0	0	0	0	0	0	0	0	27499853	
934	1	F	10	N	2500	0	40	348	143	41	43	72	0	0	0	0	0	0	0	0	0	0	0	0	27500102	
935	1	F	10	N	2500	0	40	222	118	41	33	48	0	0	0	0	0	0	0	0	0	0	0	0	27500133	
936	1	F	10	N	2500	0	40	318	158	40	39	54	0	0	0	0	0	0	0	0	0	0	0	0	27500289	
937	1	F	10	N	2500	0	40	319	120	34	29	44	0	0	0	0	0	0	0	0	0	0	0	0	27500336	
938	1	F	10	N	2500	0	1	181	60	12	8	11	0	0	0	0	0	0	0	0	0	0	0	0	27500399	
939	1	F	10	N	2500	0	40	322	134	34	33	44	0	0	0	0	0	0	0	0	0	0	0	0	27500664	
940	1	F	10	N	2500	0	40	299	147	41	37	52	0	0	0	0	0	0	0	0	0	0	0	0	27500773	
941	1	F	10	N	2500	0	40	244	123	37	32	46	0	0	0	0	0	0	0	0	0	0	0	0	27500820	
942	1	F	10	N	2500	0	40	369	144	35	30	47	0	0	0	0	0	0	0	0	0	0	0	0	27500976	
943	1	F	10	N	2500	0	1	70	13	5	8	18	0	0	0	0	0	0	0	0	0	0	0	0	27501007	
944	1	F	10	N	2500	0	40	410	151	36	33	50	0	0	0	0	0	0	0	0	0	0	0	0	27501007	
945	1	F	10	N	2500	0	1	53	10	4	6	14	0	0	0	0	0	0	0	0	0	0	0	0	27501069	
946	1	F	10	N	2500	0	40	361	147	38	34	47	0	0	0	0	0	0	0	0	0	0	0	0	27501069	
947	1	F	10	N	2500	0	40	447	169	48	43	61	0	0	0	0	0	0	0	0	0	0	0	0	27501194	
948	1	F	10	N	2500	0	40	376	140	39	31	46	0	0	0	0	0	0	0	0	0	0	0	0	27501335	
949	1	F	10	N	2500	0	40	416	171	43	37	52	0	0	0	0	0	0	0	0	0	0	0	0	27501537	
950	1	F	10	N	2500	0	40	376	122	28	25	39	0	0	0	0	0	0	0	0	0	0	0	0	27501631	
951	1	F	10	N	2500	0	40	344	128	30	28	41	0	0	0	0	0	0	0	0	0	0	0	0	27501647	
952	1	F	10	N	2500	0	40	236	118	32	26	36	0	0	0	0	0	0	0	0	0	0	0	0	27501756	
953	1	F	10	N	2500	0	40	234	126	37	30	42	0	0	0	0	0	0	0	0	0	0	0	0	27501803	
954	1	F	10	N	2500	0	40	355	128	34	29	38	0	0	0	0	0	0	0	0	0	0	0	0	27501818	
955	1	F	10	N	2500	0	40	239	133	42	34	49	0	0	0	0	0	0	0	0	0	0	0	0	27502161	
956	1	F	10	N	2500	0	40	362	132	38	31	46	0	0	0	0	0	0	0	0	0	0	0	0	27502193	
957	1	F	10	N	2500	0	40	300	109	27	23	33	0	0	0	0	0	0	0	0	0	0	0	0	27502832	
958	1	F	10	N	2500	0	40	382	139	33	28	38	0	0	0	0	0	0	0	0	0	0	0	0	27503113	
959	1	F	12	N	2500	2	1	472	125	28	22	33	0	0	0	0	0	0	0	0	0	0	0	0	27526435	
960	1	F	12	N	2500	2	1	165	90	21	15	19	0	0	0	0	0	0	0	0	0	0	0	0	27526451	
961	1	F	12	N	2500	6	40	186	119	30	23	29	0	0	0	0	0	0	0	0	0	0	0	0	27526716	
962	1	F	12	N	2500	6	40	224	138	38	31	44	0	0	0	0	0	0	0	0	0	0	0	0	27528057	
963	1	F	12	N	2500	6	40	372	142	33	25	36	0	0	0	0	0	0	0	0	0	0	0	0	27528167	
964	1	F	12	N	2500	0	40	292	109	25	22	29	0	0	0	0	0	0	0	0	0	0	0	0	27528494	
965	1	F	12	N	2500	0	1	201	105	27	21	27	0	0	0	0	0	0	0	0	0	0	0	0	27528619	
966	1	F	12	N	2500	0	1	242	97	27	20	28	0	0	0	0	0	0	0	0	0	0	0	0	27529305	
967	1	F	12	N	2500	0	1	386	96	18	16	23	0	0	0	0	0	0	0	0	0	0	0	0	27529758	
968	1	F	12	N	2500	0	1	170	116	34	28	44	0	0	0	0	0	0	0	0	0	0	0	0	27529945	
969	1	G	2	N	2500	6	40	318	126	28	22	31	0	0	0	0	0	0	0	0	0	0	0	0	27556122	
970	1	G	2	N	2500	6	40	387	113	27	18	24	0	0	0	0	0	0	0	0	0	0	0	0	27557245	
971	1	G	2	N	2500	2	1	64	42	23	24	42	0	0	0	0	0	0	0	0	0	0	0	0	27557464	
972	1	G	2	N	2500	6	40	315	129	30	27	36	0	0	0	0	0	0	0	0	0	0	0	0	27557510	
973	1	G	2	N	2500	0	40	305	124	32	28	40	0	0	0	0	0	0	0	0	0	0	0	0	27557682	
974	1	G	2	N	2500	0	1	76	49	32	33	63	0	0	0	0	0	0	0	0	0	0	0	0	27558322	
975	1	G	2	N	2500	0	40	267	179	49	43	59	0	0	0	0	0	0	0	0	0	0	0	0	27559663	
976	1	G	2	N	2500	0	1	56	40	22	21	39	0	0	0	0	0	0	0	0	0	0	0	0	27560708	
977	1	G	2	N	2500	0	40	365	134	35	28	42	0	0	0	0	0	0	0	0	0	0	0	0	27561426	
978	1	G	2	N	2500	0	40	259	137	38	26	26	0	0	0	0	0	0	0	0	0	0	0	0	27562580	
979	1	G	2	N	2500	0	40	342	130	35	26	42	0	0	0	0	0	0	0	0	0	0	0	0	27562612	
980	1	G	2	N	2500	0	1	86	57	32	32	58	0	0	0	0	0	0	0	0	0	0	0	0	27562690	
981	1	G	3	N	2500	2	1	60	22	7	2	4	0	0	0	0	0	0	0	0	0	0	0	0	27570037	
982	1	G	3	N	2500	2	1	57	15	5	1	3	0	0	0	0	0	0	0	0	0	0	0	0	27571457	
983	1	G	3	N	2500	6	40	329	136	33	28	44	0	0	0	0	0	0	0	0	0	0	0	0	27574702	
984	1	G	4	N	2500	2	1	99	49	101	127	148	0	0	0	0	0	0	0	0	0	0	0	0	27585434	
985	1	G	4	N	2500	6	40	250	124	32	29	46	0	0	0	0	0	0	0	0	0	0	0	0	27585544	
986	1	G	4	N	2500	2	1	68	11	5	7	16	0	0	0	0	0	0	0	0	0	0	0	0	27586168	
987	1	G	4	N	2500	8	40	449	166	46	36	53	0	0	0	0	0	0	0	0	0	0	0	0	27586168	
988	1	G	4	N	2500	6	40	298	135	37	29	43	0	0	0	0	0	0	0	0	0	0	0	0	27586402	
989	1	G	4	N	2500	6	40	331	127	31	26	37	0	0	0	0	0	0	0	0	0	0	0	0	27586542	
990	1	G	4	N	2500	0	40	409	143	37	26	42	0	0	0	0	0	0	0	0	0	0	0	0	27586651	
991	1	G	4	N	2500	0	1	200	61	14	14	25	0	0	0	0	0	0	0	0	0	0	0	0	27587790	
992	1	G	4	N	2500	0	40	381	135	38	30	45	0	0	0	0	0	0	0	0	0	0	0	0	27588289	
993	1	G	4	N	2500	0	1	50	20	9	8	18	0	0	0	0	0	0	0	0	0	0	0	0	27589303	
994	1	G	4	N	2500	0	40	411	141	32	27	38	0	0	0	0	0	0	0	0	0	0	0	0	27589880	
995	1	G	4	N	2500	0	1	64	43	18	18	37	0	0	0	0	0	0	0	0	0	0	0	0	27590130	
996	1	G	5	N	2500	6	40	375	127	30	22	36	0	0	0	0	0	0	0	0	0	0	0	0	27599178	
997	1	G	5	N	2500	2	1	83	32	1	1	3	0	0	0	0	0	0	0	0	0	0	0	0	27602360	
998	1	G	6	N	2500	6	40	256	115	31	25	34	0	0	0	0	0	0	0	0	0	0	0	0	27613312	
999	1	G	6	N	2500	6	40	304	138	39	39	58	0	0	0	0	0	0	0	0	0	0	0	0	27613421	
1000	1	G	6	N	2500	4	40	410	141	33	28	38	0	0	0	0	0	0	0	0	0	0	0	0	27613436	
1001	1	G	6	N	2500	2	1	220	85	19	17	22	0	0	0	0	0	0	0	0	0	0	0	0	27613436	
1002	1	G	6	N	2500	6	40	373	172	55	42	57	0	0	0	0	0	0	0	0	0	0	0	0	27613499	
1003	1	G	6	N	2500	0	40	338	109	27	24	33	0	0	0	0	0	0	0	0	0	0	0	0	27613577	
1004	1	G	6	N	2500	0	40	262	127	31	30	42	0	0	0	0	0	0	0	0	0	0	0	0	27613592	
1005	1	G	6	N	2500	0	40	356	153	52	43	55	0	0	0	0	0	0	0	0	0	0	0	0	27613624	
1006	1	G	6	N	2500	0	40	288	143	37	34	53	0	0	0	0	0	0	0	0	0	0	0	0	27613733	
1007	1	G	6	N	2500	0	1	185	102	29	25	32	0	0	0	0	0	0	0	0	0	0	0	0	27613951	
1008	1	G	6	N	2500	0	40	331	121	31	26	36	0	0	0	0	0	0	0	0	0	0	0	0	27613951	
1009	1	G	6	N	2500	0	40	388	149	42	35	48	0	0	0	0	0	0	0	0	0	0	0	0	27614216	
1010	1	G	6	N	2500	0	40	298	97	20	18	24	0	0	0	0	0	0	0	0	0	0	0	0	27614341	
1011	1	G	6	N	2500	0	40	362	119	30	22	37	0	0	0	0	0	0	0	0	0	0	0	0	27614513	
1012	1	G	6	N	2500	0	40	426	156	41	36	53	0	0	0	0	0	0	0	0	0	0	0	0	27614544	
1013	1	G	6	N	2500	0	40	341	137	44	37	48	0	0	0	0	0	0	0	0	0	0	0	0	27614684	
1014	1	G	6	N	2500	0	40	364	139	38	32	43	0	0	0	0	0	0	0	0	0	0	0	0	27614700	
1015	1	G	6	N	2500	0	40	364	128	32	27	38	0	0	0	0	0	0	0	0	0	0	0	0	27614700	
1016	1	G	6	N	2500	0	1	99	23	10	13	28	0	0	0	0	0	0	0	0	0	0	0	0	27614996	
1017	1	G	6	N	2500	0	40	170	121	33	28	43	0	0	0	0	0	0	0	0	0	0	0	0	27614996	
1018	1	G	6	N	2500	0	1	195	110	29	25	34	0	0	0	0	0	0	0	0	0	0	0	0	27615215	
1019	1	G	6	N	2500	0	40	266	109	33	26	40	0	0	0	0	0	0	0	0	0	0	0	0	27615277	
1020	1	G	6	N	2500	0	40	251	113	36	31	41	0	0	0	0	0	0	0	0	0	0	0	0	27615324	
1021	1	G	6	N	2500	0	40	321	116	25	23	33	0	0	0	0	0	0	0	0	0	0	0	0	27615324	
1022	1	G	6	N	2500	0	40	341	127	33	29	41	0	0	0	0	0	0	0	0	0	0	0	0	27615402	
1023	1	G	6	N	2500	0	40	246	98	30	25	29	0	0	0	0	0	0	0	0	0	0	0	0	27615433	
1024	1	G	6	N	2500	0	40	461	173	46	39	56	0	0	0	0	0	0	0	0	0	0	0	0	27615839	
1025	1	G	6	N	2500	0	1	172	96	23	19	27	0	0	0	0	0	0	0	0	0	0	0	0	27616042	
1026	1	G	6	N	2500	0	40	256	131	36	33	47	0	0	0	0	0	0	0	0	0	0	0	0	27616057	
1027	1	G	6	N	2500	0	1	157	81	17	15	19	0	0	0	0	0	0	0	0	0	0	0	0	27616073	
1028	1	G	6	N	2500	0	40	229	162	51	40	56	0	0	0	0	0	0	0	0	0	0	0	0	27616104	
1029	1	G	6	N	2500	0	40	321	121	31	28	42	0	0	0	0	0	0	0	0	0	0	0	0	27616213	
1030	1	G	6	N	2500	0	40	255	107	42	38	43	0	0	0	0	0	0	0	0	0	0	0	0	27616229	
1031	1	G	6	N	2500	0	40	370	134	37	33	48	0	0	0	0	0	0	0	0	0	0	0	0	27616385	
1032	1	G	6	N	2500	0	1	156	103	27	24	31	0	0	0	0	0	0	0	0	0	0	0	0	27616588	
1033	1	G	6	N	2500	0	40	420	146	37	29	44	0	0	0	0	0	0	0	0	0	0	0	0	27616681	
1034	1	G	6	N	2500	0	40	303	152	46	44	61	0	0	0	0	0	0	0	0	0	0	0	0	27616744	
1035	1	G	6	N	2500	0	40	368	140	40	34	46	0	0	0	0	0	0	0	0	0	0	0	0	27616915	
1036	1	G	6	N	2500	0	40	379	158	44	40	66	0	0	0	0	0	0	0	0	0	0	0	0	27616978	
1037	1	G	6	N	2500	0	40	370	124	34	29	39	0	0	0	0	0	0	0	0	0	0	0	0	27616993	
1038	1	G	6	N	2500	0	1	140	87	23	18	22	0	0	0	0	0	0	0	0	0	0	0	0	27616993	
1039	1	G	6	N	2500	0	40	398	148	42	31	43	0	0	0	0	0	0	0	0	0	0	0	0	27617102	
1040	1	G	6	N	2500	0	40	361	131	39	35	44	0	0	0	0	0	0	0	0	0	0	0	0	27617149	
1041	1	G	6	N	2500	0	1	117	42	6	5	10	0	0	0	0	0	0	0	0	0	0	0	0	27617165	
1042	1	G	6	N	2500	0	40	474	178	49	39	50	0	0	0	0	0	0	0	0	0	0	0	0	27617227	
1043	1	G	6	N	2500	0	40	399	148	38	32	50	0	0	0	0	0	0	0	0	0	0	0	0	27617258	
1044	1	G	6	N	2500	0	40	256	145	46	39	52	0	0	0	0	0	0	0	0	0	0	0	0	27617274	
1045	1	G	6	N	2500	0	40	369	148	40	29	44	0	0	0	0	0	0	0	0	0	0	0	0	27617368	
1046	1	G	6	N	2500	0	1	135	40	7	6	8	0	0	0	0	0	0	0	0	0	0	0	0	27617368	
1047	1	G	6	N	2500	0	40	325	146	42	41	53	0	0	0	0	0	0	0	0	0	0	0	0	27617477	
1048	1	G	6	N	2500	0	40	279	93	23	20	32	0	0	0	0	0	0	0	0	0	0	0	0	27617648	
1049	1	G	6	N	2500	0	1	77	12	1	1	1	0	0	0	0	0	0	0	0	0	0	0	0	27617695	
1050	1	G	6	N	2500	0	40	401	146	45	36	52	0	0	0	0	0	0	0	0	0	0	0	0	27617711	
1051	1	G	6	N	2500	0	40	317	118	29	25	36	0	0	0	0	0	0	0	0	0	0	0	0	27617726	
1052	1	G	6	N	2500	0	40	476	158	45	39	67	0	0	0	0	0	0	0	0	0	0	0	0	27617742	
1053	1	G	6	N	2500	0	1	157	86	25	23	28	0	0	0	0	0	0	0	0	0	0	0	0	27617742	
1054	1	G	6	N	2500	0	40	487	175	46	43	69	0	0	0	0	0	0	0	0	0	0	0	0	27617789	
1055	1	G	6	N	2500	0	40	227	134	36	32	45	0	0	0	0	0	0	0	0	0	0	0	0	27617804	
1056	1	G	6	N	2500	0	40	336	127	30	26	43	0	0	0	0	0	0	0	0	0	0	0	0	27617820	
1057	1	G	6	N	2500	0	1	151	99	29	23	31	0	0	0	0	0	0	0	0	0	0	0	0	27617820	
1058	1	G	6	N	2500	0	40	224	133	39	37	50	0	0	0	0	0	0	0	0	0	0	0	0	27617867	
1059	1	G	6	N	2500	0	40	229	129	36	34	46	0	0	0	0	0	0	0	0	0	0	0	0	27617867	
1060	1	G	6	N	2500	0	40	366	129	32	27	39	0	0	0	0	0	0	0	0	0	0	0	0	27617882	
1061	1	G	6	N	2500	0	40	356	131	33	29	39	0	0	0	0	0	0	0	0	0	0	0	0	27617898	
1062	1	G	6	N	2500	0	40	249	128	34	30	46	0	0	0	0	0	0	0	0	0	0	0	0	27617914	
1063	1	G	6	N	2500	0	40	289	108	32	27	33	0	0	0	0	0	0	0	0	0	0	0	0	27617929	
1064	1	G	6	N	2500	0	40	368	143	42	34	45	0	0	0	0	0	0	0	0	0	0	0	0	27617929	
1065	1	G	6	N	2500	0	40	276	142	42	34	48	0	0	0	0	0	0	0	0	0	0	0	0	27618023	
1066	1	G	6	N	2500	0	40	327	161	46	37	48	0	0	0	0	0	0	0	0	0	0	0	0	27618148	
1067	1	G	6	N	2500	0	40	248	175	57	48	58	0	0	0	0	0	0	0	0	0	0	0	0	27618163	
1068	1	G	6	N	2500	0	40	314	123	30	26	34	0	0	0	0	0	0	0	0	0	0	0	0	27618163	
1069	1	G	6	N	2500	0	40	381	135	32	29	37	0	0	0	0	0	0	0	0	0	0	0	0	27618194	
1070	1	G	6	N	2500	0	40	404	137	35	30	39	0	0	0	0	0	0	0	0	0	0	0	0	27618226	
1071	1	G	6	N	2500	0	40	373	122	28	23	36	0	0	0	0	0	0	0	0	0	0	0	0	27618226	
1072	1	G	6	N	2500	0	40	498	204	51	42	61	0	0	0	0	0	0	0	0	0	0	0	0	27618397	
1073	1	G	6	N	2500	0	40	325	162	51	43	54	0	0	0	0	0	0	0	0	0	0	0	0	27618522	
1074	1	G	6	N	2500	0	40	380	134	37	32	44	0	0	0	0	0	0	0	0	0	0	0	0	27618569	
1075	1	G	6	N	2500	0	40	390	132	36	27	39	0	0	0	0	0	0	0	0	0	0	0	0	27618569	
1076	1	G	6	N	2500	0	40	414	167	51	39	55	0	0	0	0	0	0	0	0	0	0	0	0	27618584	
1077	1	G	6	N	2500	0	40	305	102	29	22	32	0	0	0	0	0	0	0	0	0	0	0	0	27618584	
1078	1	G	6	N	2500	0	40	190	120	33	28	36	0	0	0	0	0	0	0	0	0	0	0	0	27618600	
1079	1	G	6	N	2500	0	40	353	128	31	26	34	0	0	0	0	0	0	0	0	0	0	0	0	27618631	
1080	1	G	6	N	2500	0	40	303	95	18	16	24	0	0	0	0	0	0	0	0	0	0	0	0	27618678	
1081	1	G	6	N	2500	0	1	171	78	30	27	37	0	0	0	0	0	0	0	0	0	0	0	0	27618709	
1082	1	G	6	N	2500	0	40	277	144	46	40	63	0	0	0	0	0	0	0	0	0	0	0	0	27618740	
1083	1	G	6	N	2500	0	40	228	117	30	28	37	0	0	0	0	0	0	0	0	0	0	0	0	27618756	
1084	1	G	6	N	2500	0	40	216	109	32	25	37	0	0	0	0	0	0	0	0	0	0	0	0	27618756	
1085	1	G	6	N	2500	0	40	355	127	30	23	31	0	0	0	0	0	0	0	0	0	0	0	0	27618803	
1086	1	G	6	N	2500	0	40	219	138	38	37	53	0	0	0	0	0	0	0	0	0	0	0	0	27618943	
1087	1	G	6	N	2500	0	40	308	97	24	17	23	0	0	0	0	0	0	0	0	0	0	0	0	27618959	
1088	1	G	6	N	2500	0	40	252	127	36	29	41	0	0	0	0	0	0	0	0	0	0	0	0	27619006	
1089	1	G	6	N	2500	0	40	207	126	33	26	39	0	0	0	0	0	0	0	0	0	0	0	0	27619037	
1090	1	G	6	N	2500	0	40	305	96	20	17	24	0	0	0	0	0	0	0	0	0	0	0	0	27619115	
1091	1	G	6	N	2500	0	40	434	165	46	41	56	0	0	0	0	0	0	0	0	0	0	0	0	27619130	
1092	1	G	6	N	2500	0	40	436	155	40	35	45	0	0	0	0	0	0	0	0	0	0	0	0	27619146	
1093	1	G	6	N	2500	0	40	388	149	46	36	54	0	0	0	0	0	0	0	0	0	0	0	0	27619318	
1094	1	G	6	N	2500	0	40	333	123	32	30	48	0	0	0	0	0	0	0	0	0	0	0	0	27619458	
1095	1	G	6	N	2500	0	40	301	123	34	31	42	0	0	0	0	0	0	0	0	0	0	0	0	27619552	
1096	1	G	6	N	2500	0	40	388	157	48	33	41	0	0	0	0	0	0	0	0	0	0	0	0	27620051	
1097	1	G	6	N	2500	0	40	257	130	46	37	50	0	0	0	0	0	0	0	0	0	0	0	0	27620394	
1098	1	G	6	N	2500	0	1	260	81	18	14	18	0	0	0	0	0	0	0	0	0	0	0	0	27620410	
1099	1	G	6	N	2500	0	40	277	122	35	23	34	0	0	0	0	0	0	0	0	0	0	0	0	27620472	
1100	1	G	6	N	2500	0	40	304	110	25	20	31	0	0	0	0	0	0	0	0	0	0	0	0	27620472	
1101	1	G	8	N	2500	2	1	57	40	29	32	61	0	0	0	0	0	0	0	0	0	0	0	0	27642281	
1102	1	G	8	N	2500	2	1	63	16	13	18	38	0	0	0	0	0	0	0	0	0	0	0	0	27642889	
1103	1	G	8	N	2500	6	40	324	112	26	19	30	0	0	0	0	0	0	0	0	0	0	0	0	27644184	
1104	1	G	8	N	2500	6	40	323	145	44	37	53	0	0	0	0	0	0	0	0	0	0	0	0	27644324	
1105	1	G	8	N	2500	2	1	183	64	13	9	12	0	0	0	0	0	0	0	0	0	0	0	0	27644870	
1106	1	G	8	N	2500	6	40	371	137	41	32	45	0	0	0	0	0	0	0	0	0	0	0	0	27645011	
1107	1	G	8	N	2500	0	1	88	23	11	14	34	0	0	0	0	0	0	0	0	0	0	0	0	27645214	
1108	1	G	8	N	2500	0	40	404	160	41	38	53	0	0	0	0	0	0	0	0	0	0	0	0	27645307	
1109	1	G	8	N	2500	0	40	323	135	34	29	44	0	0	0	0	0	0	0	0	0	0	0	0	27645338	
1110	1	G	8	N	2500	0	40	468	202	65	54	76	0	0	0	0	0	0	0	0	0	0	0	0	27645338	
1111	1	G	8	N	2500	0	40	424	169	42	31	43	0	0	0	0	0	0	0	0	0	0	0	0	27645463	
1112	1	G	8	N	2500	0	40	324	168	50	41	52	0	0	0	0	0	0	0	0	0	0	0	0	27645526	
1113	1	G	8	N	2500	0	40	438	177	44	37	54	0	0	0	0	0	0	0	0	0	0	0	0	27645650	
1114	1	G	8	N	2500	0	1	156	62	10	9	12	0	0	0	0	0	0	0	0	0	0	0	0	27645760	
1115	1	G	8	N	2500	0	1	67	34	20	21	37	0	0	0	0	0	0	0	0	0	0	0	0	27645869	
1116	1	G	8	N	2500	0	40	426	171	45	37	50	0	0	0	0	0	0	0	0	0	0	0	0	27646056	
1117	1	G	8	N	2500	0	40	486	179	41	38	53	0	0	0	0	0	0	0	0	0	0	0	0	27646087	
1118	1	G	8	N	2500	0	40	363	173	49	42	57	0	0	0	0	0	0	0	0	0	0	0	0	27646181	
1119	1	G	8	N	2500	0	40	348	125	34	26	39	0	0	0	0	0	0	0	0	0	0	0	0	27646259	
1120	1	G	8	N	2500	0	40	353	126	29	24	37	0	0	0	0	0	0	0	0	0	0	0	0	27646540	
1121	1	G	8	N	2500	0	40	329	129	33	28	43	0	0	0	0	0	0	0	0	0	0	0	0	27646696	
1122	1	G	8	N	2500	0	40	330	127	30	26	36	0	0	0	0	0	0	0	0	0	0	0	0	27647086	
1123	1	G	8	N	2500	0	40	451	176	46	41	61	0	0	0	0	0	0	0	0	0	0	0	0	27647101	
1124	1	G	8	N	2500	0	1	111	34	7	5	8	0	0	0	0	0	0	0	0	0	0	0	0	27647398	
1125	1	G	8	N	2500	0	1	51	18	5	7	13	0	0	0	0	0	0	0	0	0	0	0	0	27647491	
1126	1	G	8	N	2500	0	40	340	130	29	25	41	0	0	0	0	0	0	0	0	0	0	0	0	27647881	
1127	1	G	8	N	2500	0	40	398	170	41	33	47	0	0	0	0	0	0	0	0	0	0	0	0	27648349	
1128	1	G	8	N	2500	0	40	460	193	52	37	51	0	0	0	0	0	0	0	0	0	0	0	0	27648412	
1129	1	G	8	N	2500	0	40	327	114	28	23	31	0	0	0	0	0	0	0	0	0	0	0	0	27648599	
1130	1	G	8	N	2500	0	40	174	125	35	28	36	0	0	0	0	0	0	0	0	0	0	0	0	27648864	
1131	1	G	10	N	2500	6	40	392	139	39	29	46	0	0	0	0	0	0	0	0	0	0	0	0	27671219	
1132	1	G	10	N	2500	6	40	290	141	39	31	42	0	0	0	0	0	0	0	0	0	0	0	0	27671266	
1133	1	G	10	N	2500	6	40	393	143	44	27	39	0	0	0	0	0	0	0	0	0	0	0	0	27671391	
1134	1	G	10	N	2500	0	40	338	123	29	23	31	0	0	0	0	0	0	0	0	0	0	0	0	27671406	
1135	1	G	10	N	2500	0	40	321	127	34	25	35	0	0	0	0	0	0	0	0	0	0	0	0	27672030	
1136	1	G	10	N	2500	0	40	268	115	28	22	33	0	0	0	0	0	0	0	0	0	0	0	0	27672186	
1137	1	G	10	N	2500	0	40	319	102	20	18	29	0	0	0	0	0	0	0	0	0	0	0	0	27672389	
1138	1	G	10	N	2500	0	40	283	133	41	31	38	0	0	0	0	0	0	0	0	0	0	0	0	27672420	
1139	1	G	10	N	2500	0	40	283	156	41	33	47	0	0	0	0	0	0	0	0	0	0	0	0	27672529	
1140	1	G	10	N	2500	0	40	383	132	31	26	38	0	0	0	0	0	0	0	0	0	0	0	0	27672592	
1141	1	G	10	N	2500	0	40	258	148	45	34	47	0	0	0	0	0	0	0	0	0	0	0	0	27672607	
1142	1	G	10	N	2500	0	40	303	139	41	29	36	0	0	0	0	0	0	0	0	0	0	0	0	27672654	
1143	1	G	10	N	2500	0	40	359	132	34	24	36	0	0	0	0	0	0	0	0	0	0	0	0	27672732	
1144	1	G	10	N	2500	0	40	392	152	38	30	37	0	0	0	0	0	0	0	0	0	0	0	0	27673419	
1145	1	G	10	N	2500	0	40	241	133	31	25	39	0	0	0	0	0	0	0	0	0	0	0	0	27673918	
1146	1	G	10	N	2500	0	40	290	135	40	28	40	0	0	0	0	0	0	0	0	0	0	0	0	27673933	
1147	1	G	10	N	2500	0	40	415	157	37	31	44	0	0	0	0	0	0	0	0	0	0	0	0	27673996	
1148	1	G	10	N	2500	0	1	198	81	20	15	19	0	0	0	0	0	0	0	0	0	0	0	0	27674167	
1149	1	G	10	N	2500	0	40	253	130	39	33	50	0	0	0	0	0	0	0	0	0	0	0	0	27674183	
1150	1	G	10	N	2500	0	40	336	122	30	22	27	0	0	0	0	0	0	0	0	0	0	0	0	27674261	
1151	1	G	10	N	2500	0	40	320	97	27	17	24	0	0	0	0	0	0	0	0	0	0	0	0	27674776	
1152	1	G	10	N	2500	0	40	325	113	30	22	28	0	0	0	0	0	0	0	0	0	0	0	0	27674823	
1153	1	G	10	N	2500	0	40	232	126	33	26	39	0	0	0	0	0	0	0	0	0	0	0	0	27675337	
1154	1	G	10	N	2500	0	40	360	131	33	24	37	0	0	0	0	0	0	0	0	0	0	0	0	27675556	
1155	1	G	10	N	2500	0	40	358	124	31	24	35	0	0	0	0	0	0	0	0	0	0	0	0	27675759	
1156	1	G	10	N	2500	0	1	56	9	1	1	2	0	0	0	0	0	0	0	0	0	0	0	0	27675774	
1157	1	G	10	N	2500	0	40	293	95	19	15	27	0	0	0	0	0	0	0	0	0	0	0	0	27675774	
1158	1	G	10	N	2500	0	40	396	129	31	25	32	0	0	0	0	0	0	0	0	0	0	0	0	27675837	
1159	1	G	10	N	2500	0	40	400	144	38	30	38	0	0	0	0	0	0	0	0	0	0	0	0	27675883	
1160	1	G	10	N	2500	0	40	297	132	33	28	44	0	0	0	0	0	0	0	0	0	0	0	0	27675961	
1161	1	G	10	N	2500	0	40	357	135	35	29	36	0	0	0	0	0	0	0	0	0	0	0	0	27676242	
1162	1	G	10	N	2500	0	40	483	169	40	29	45	0	0	0	0	0	0	0	0	0	0	0	0	27676367	
1163	1	G	10	N	2500	0	40	370	131	35	23	35	0	0	0	0	0	0	0	0	0	0	0	0	27676398	
1164	1	G	10	N	2500	0	40	357	150	44	30	36	0	0	0	0	0	0	0	0	0	0	0	0	27676492	
1165	1	G	10	N	2500	0	1	65	37	32	40	63	0	0	0	0	0	0	0	0	0	0	0	0	27676695	
1166	1	G	10	N	2500	0	40	380	131	33	27	34	0	0	0	0	0	0	0	0	0	0	0	0	27676882	
1167	1	G	11	N	2500	2	1	144	55	17	24	48	0	0	0	0	0	0	0	0	0	0	0	0	27686445	
1168	1	G	11	N	2500	6	40	471	173	41	31	42	0	0	0	0	0	0	0	0	0	0	0	0	27687209	
1169	1	G	12	N	2500	6	40	297	105	31	28	36	0	0	0	0	0	0	0	0	0	0	0	0	27700017	
1170	1	G	12	N	2500	6	40	377	165	52	44	59	0	0	0	0	0	0	0	0	0	0	0	0	27700329	
1171	1	G	12	N	2500	2	1	72	16	6	10	22	0	0	0	0	0	0	0	0	0	0	0	0	27700578	
1172	1	G	12	N	2500	6	40	404	161	50	49	65	0	0	0	0	0	0	0	0	0	0	0	0	27700875	
1173	1	G	12	N	2500	0	40	294	97	21	18	24	0	0	0	0	0	0	0	0	0	0	0	0	27700906	
1174	1	G	12	N	2500	0	1	71	16	10	14	35	0	0	0	0	0	0	0	0	0	0	0	0	27700921	
1175	1	G	12	N	2500	0	40	299	115	31	25	41	0	0	0	0	0	0	0	0	0	0	0	0	27701187	
1176	1	G	12	N	2500	0	40	330	133	38	34	47	0	0	0	0	0	0	0	0	0	0	0	0	27701623	
1177	1	G	12	N	2500	0	40	312	117	35	28	42	0	0	0	0	0	0	0	0	0	0	0	0	27701857	
1178	1	G	12	N	2500	0	40	269	161	53	51	68	0	0	0	0	0	0	0	0	0	0	0	0	27701873	
1179	1	G	12	N	2500	0	40	315	117	33	27	41	0	0	0	0	0	0	0	0	0	0	0	0	27702013	
1180	1	G	12	N	2500	0	1	103	20	11	16	36	0	0	0	0	0	0	0	0	0	0	0	0	27702216	
1181	1	G	12	N	2500	0	40	305	118	31	29	45	0	0	0	0	0	0	0	0	0	0	0	0	27702279	
1182	1	G	12	N	2500	0	40	407	170	47	42	59	0	0	0	0	0	0	0	0	0	0	0	0	27702388	
1183	1	G	12	N	2500	0	40	388	147	41	34	44	0	0	0	0	0	0	0	0	0	0	0	0	27702466	
1184	1	G	12	N	2500	0	40	287	109	33	28	38	0	0	0	0	0	0	0	0	0	0	0	0	27702466	
1185	1	G	12	N	2500	0	40	309	126	39	35	49	0	0	0	0	0	0	0	0	0	0	0	0	27702700	
1186	1	G	12	N	2500	0	40	282	104	29	25	33	0	0	0	0	0	0	0	0	0	0	0	0	27702762	
1187	1	G	12	N	2500	0	40	300	111	28	24	34	0	0	0	0	0	0	0	0	0	0	0	0	27702793	
1188	1	G	12	N	2500	0	40	324	121	31	27	41	0	0	0	0	0	0	0	0	0	0	0	0	27702856	
1189	1	G	12	N	2500	0	40	219	132	42	37	56	0	0	0	0	0	0	0	0	0	0	0	0	27702934	
1190	1	G	12	N	2500	0	1	114	23	11	14	36	0	0	0	0	0	0	0	0	0	0	0	0	27703027	
1191	1	G	12	N	2500	0	40	352	140	40	37	55	0	0	0	0	0	0	0	0	0	0	0	0	27703027	
1192	1	G	12	N	2500	0	40	346	141	39	35	56	0	0	0	0	0	0	0	0	0	0	0	0	27703137	
1193	1	G	12	N	2500	0	1	57	10	5	7	14	0	0	0	0	0	0	0	0	0	0	0	0	27703199	
1194	1	G	12	N	2500	0	1	125	27	13	20	46	0	0	0	0	0	0	0	0	0	0	0	0	27703308	
1195	1	G	12	N	2500	0	40	179	120	30	25	36	0	0	0	0	0	0	0	0	0	0	0	0	27703324	
1196	1	G	12	N	2500	0	40	283	92	21	20	31	0	0	0	0	0	0	0	0	0	0	0	0	27703480	
1197	1	G	12	N	2500	0	1	63	12	5	7	18	0	0	0	0	0	0	0	0	0	0	0	0	27703605	
1198	1	G	12	N	2500	0	40	233	116	31	29	39	0	0	0	0	0	0	0	0	0	0	0	0	27703714	
1199	1	G	12	N	2500	0	1	74	13	6	7	17	0	0	0	0	0	0	0	0	0	0	0	0	27704010	
1200	1	G	12	N	2500	0	40	318	97	21	16	26	0	0	0	0	0	0	0	0	0	0	0	0	27704088	
1201	1	G	12	N	2500	0	40	403	155	45	40	54	0	0	0	0	0	0	0	0	0	0	0	0	27704135	
1202	1	G	12	N	2500	0	40	347	131	40	32	48	0	0	0	0	0	0	0	0	0	0	0	0	27704431	
1203	1	G	12	N	2500	0	40	173	140	50	43	57	0	0	0	0	0	0	0	0	0	0	0	0	27704603	
1204	1	G	12	N	2500	0	1	62	11	4	7	17	0	0	0	0	0	0	0	0	0	0	0	0	27704619	
1205	1	G	12	N	2500	0	40	357	133	40	34	46	0	0	0	0	0	0	0	0	0	0	0	0	27704619	
1206	1	G	12	N	2500	0	40	377	156	47	35	54	0	0	0	0	0	0	0	0	0	0	0	0	27704790	
1207	1	G	12	N	2500	0	40	350	110	31	27	40	0	0	0	0	0	0	0	0	0	0	0	0	27704899	
1208	1	G	12	N	2500	0	40	210	112	34	32	44	0	0	0	0	0	0	0	0	0	0	0	0	27705040	
1209	1	G	12	N	2500	0	40	374	149	43	37	58	0	0	0	0	0	0	0	0	0	0	0	0	27705055	
1210	1	G	12	N	2500	0	40	333	119	34	29	44	0	0	0	0	0	0	0	0	0	0	0	0	27705102	
1211	1	G	12	N	2500	0	1	487	142	37	32	53	0	0	0	0	0	0	0	0	0	0	0	0	27705243	
1212	1	G	12	N	2500	0	1	228	92	36	35	46	0	0	0	0	0	0	0	0	0	0	0	0	27705321	
1213	1	G	12	N	2500	0	40	352	133	43	39	58	0	0	0	0	0	0	0	0	0	0	0	0	27705336	
1214	1	G	12	N	2500	0	40	315	116	29	24	35	0	0	0	0	0	0	0	0	0	0	0	0	27705399	
1215	1	G	12	N	2500	0	40	307	159	43	45	73	0	0	0	0	0	0	0	0	0	0	0	0	27705570	
1216	1	G	12	N	2500	0	40	357	140	36	34	44	0	0	0	0	0	0	0	0	0	0	0	0	27705586	
1217	1	G	12	N	2500	0	40	252	143	46	42	60	0	0	0	0	0	0	0	0	0	0	0	0	27705695	
1218	1	G	12	N	2500	0	40	327	164	49	44	55	0	0	0	0	0	0	0	0	0	0	0	0	27705913	
1219	1	G	12	N	2500	0	40	295	146	43	34	45	0	0	0	0	0	0	0	0	0	0	0	0	27706038	
1220	1	G	12	N	2500	0	40	346	120	32	25	38	0	0	0	0	0	0	0	0	0	0	0	0	27706350	
1221	1	G	12	N	2500	0	40	370	146	35	29	40	0	0	0	0	0	0	0	0	0	0	0	0	27706413	
1222	1	G	12	N	2500	0	40	255	145	37	37	49	0	0	0	0	0	0	0	0	0	0	0	0	27706725	
1223	1	H	1	N	2500	6	40	362	135	34	30	50	0	0	0	0	0	0	0	0	0	0	0	0	27718050	
1224	1	H	1	N	2500	6	40	366	123	39	36	56	0	0	0	0	0	0	0	0	0	0	0	0	27719782	
1225	1	H	2	N	2500	6	40	272	104	28	21	30	0	0	0	0	0	0	0	0	0	0	0	0	27731092	
1226	1	H	2	N	2500	2	1	161	88	23	16	26	0	0	0	0	0	0	0	0	0	0	0	0	27731809	
1227	1	H	2	N	2500	6	40	290	117	29	24	32	0	0	0	0	0	0	0	0	0	0	0	0	27731887	
1228	1	H	2	N	2500	6	40	348	162	47	35	46	0	0	0	0	0	0	0	0	0	0	0	0	27731997	
1229	1	H	2	N	2500	0	40	188	131	35	25	34	0	0	0	0	0	0	0	0	0	0	0	0	27732293	
1230	1	H	2	N	2500	0	1	660	266	70	61	87	0	0	0	0	0	0	0	0	0	0	0	0	27732402	
1231	1	H	2	N	2500	0	40	313	97	24	17	25	0	0	0	0	0	0	0	0	0	0	0	0	27732621	
1232	1	H	2	N	2500	0	1	134	97	24	19	28	0	0	0	0	0	0	0	0	0	0	0	0	27732901	
1233	1	H	2	N	2500	0	40	274	103	28	25	35	0	0	0	0	0	0	0	0	0	0	0	0	27733791	
1234	1	H	2	N	2500	0	1	84	19	4	5	10	0	0	0	0	0	0	0	0	0	0	0	0	27733837	
1235	1	H	2	N	2500	0	40	324	105	23	17	25	0	0	0	0	0	0	0	0	0	0	0	0	27733931	
1236	1	H	2	N	2500	0	40	339	133	31	28	38	0	0	0	0	0	0	0	0	0	0	0	0	27734149	
1237	1	H	2	N	2500	0	40	307	114	30	20	28	0	0	0	0	0	0	0	0	0	0	0	0	27734555	
1238	1	H	2	N	2500	0	1	241	97	26	20	27	0	0	0	0	0	0	0	0	0	0	0	0	27734758	
1239	1	H	2	N	2500	0	1	187	86	18	13	20	0	0	0	0	0	0	0	0	0	0	0	0	27734758	
1240	1	H	2	N	2500	0	40	247	121	37	29	35	0	0	0	0	0	0	0	0	0	0	0	0	27734773	
1241	1	H	2	N	2500	0	40	212	137	38	30	37	0	0	0	0	0	0	0	0	0	0	0	0	27735351	
1242	1	H	2	N	2500	0	40	239	145	42	34	43	0	0	0	0	0	0	0	0	0	0	0	0	27735616	
1243	1	H	2	N	2500	0	1	184	54	11	8	16	0	0	0	0	0	0	0	0	0	0	0	0	27735897	
1244	1	H	2	N	2500	0	40	173	128	39	31	40	0	0	0	0	0	0	0	0	0	0	0	0	27735990	
1245	1	H	2	N	2500	0	40	244	129	37	28	45	0	0	0	0	0	0	0	0	0	0	0	0	27736006	
1246	1	H	2	N	2500	0	1	51	16	4	6	13	0	0	0	0	0	0	0	0	0	0	0	0	27736146	
1247	1	H	2	N	2500	0	40	312	125	33	25	35	0	0	0	0	0	0	0	0	0	0	0	0	27736552	
1248	1	H	3	N	2500	6	40	339	122	30	25	36	0	0	0	0	0	0	0	0	0	0	0	0	27745881	
1249	1	H	3	N	2500	6	40	335	121	32	26	37	0	0	0	0	0	0	0	0	0	0	0	0	27745959	
1250	1	H	3	N	2500	6	40	332	112	27	19	36	0	0	0	0	0	0	0	0	0	0	0	0	27750108	
1251	1	H	4	N	2500	2	1	152	33	20	26	53	0	0	0	0	0	0	0	0	0	0	0	0	27758439	
1252	1	H	4	N	2500	2	1	165	106	34	29	38	0	0	0	0	0	0	0	0	0	0	0	0	27758813	
1253	1	H	4	N	2500	6	40	377	170	44	36	47	0	0	0	0	0	0	0	0	0	0	0	0	27759234	
1254	1	H	4	N	2500	6	40	230	150	42	35	50	0	0	0	0	0	0	0	0	0	0	0	0	27759297	
1255	1	H	4	N	2500	6	40	431	171	44	40	61	0	0	0	0	0	0	0	0	0	0	0	0	27759655	
1256	1	H	4	N	2500	0	1	108	21	3	2	4	0	0	0	0	0	0	0	0	0	0	0	0	27759702	
1257	1	H	4	N	2500	0	40	280	137	41	31	43	0	0	0	0	0	0	0	0	0	0	0	0	27759827	
1258	1	H	4	N	2500	0	40	285	114	24	20	33	0	0	0	0	0	0	0	0	0	0	0	0	27759905	
1259	1	H	4	N	2500	0	40	384	166	46	35	46	0	0	0	0	0	0	0	0	0	0	0	0	27759967	
1260	1	H	4	N	2500	0	40	520	214	61	48	61	0	0	0	0	0	0	0	0	0	0	0	0	27760810	
1261	1	H	4	N	2500	0	40	235	111	26	21	31	0	0	0	0	0	0	0	0	0	0	0	0	27761091	
1262	1	H	4	N	2500	0	40	209	124	32	25	34	0	0	0	0	0	0	0	0	0	0	0	0	27761340	
1263	1	H	4	N	2500	0	1	207	97	25	20	25	0	0	0	0	0	0	0	0	0	0	0	0	27761605	
1264	1	H	4	N	2500	0	40	351	203	54	46	60	0	0	0	0	0	0	0	0	0	0	0	0	27761605	
1265	1	H	4	N	2500	0	1	157	99	29	21	31	0	0	0	0	0	0	0	0	0	0	0	0	27761855	
1266	1	H	4	N	2500	0	1	109	31	21	26	52	0	0	0	0	0	0	0	0	0	0	0	0	27761902	
1267	1	H	4	N	2500	0	40	388	130	34	28	40	0	0	0	0	0	0	0	0	0	0	0	0	27761902	
1268	1	H	4	N	2500	0	1	120	48	9	7	9	0	0	0	0	0	0	0	0	0	0	0	0	27761964	
1269	1	H	4	N	2500	0	40	270	118	30	27	39	0	0	0	0	0	0	0	0	0	0	0	0	27762276	
1270	1	H	4	N	2500	0	40	502	194	47	34	48	0	0	0	0	0	0	0	0	0	0	0	0	27762354	
1271	1	H	4	N	2500	0	40	215	147	37	30	42	0	0	0	0	0	0	0	0	0	0	0	0	27762573	
1272	1	H	4	N	2500	0	40	229	117	34	30	41	0	0	0	0	0	0	0	0	0	0	0	0	27762604	
1273	1	H	4	N	2500	0	40	381	168	46	36	44	0	0	0	0	0	0	0	0	0	0	0	0	27762682	
1274	1	H	4	N	2500	0	40	290	118	28	22	30	0	0	0	0	0	0	0	0	0	0	0	0	27762807	
1275	1	H	4	N	2500	0	1	138	27	4	3	5	0	0	0	0	0	0	0	0	0	0	0	0	27762838	
1276	1	H	4	N	2500	0	40	419	136	32	28	39	0	0	0	0	0	0	0	0	0	0	0	0	27762853	
1277	1	H	4	N	2500	0	40	346	138	36	31	42	0	0	0	0	0	0	0	0	0	0	0	0	27763041	
1278	1	H	4	N	2500	0	40	386	155	44	34	54	0	0	0	0	0	0	0	0	0	0	0	0	27763087	
1279	1	H	4	N	2500	0	40	265	142	38	34	48	0	0	0	0	0	0	0	0	0	0	0	0	27763181	
1280	1	H	4	N	2500	0	1	63	11	5	6	14	0	0	0	0	0	0	0	0	0	0	0	0	27763462	
1281	1	H	4	N	2500	0	40	452	206	52	47	69	0	0	0	0	0	0	0	0	0	0	0	0	27763602	
1282	1	H	4	N	2500	0	1	153	48	16	18	36	0	0	0	0	0	0	0	0	0	0	0	0	27763680	
1283	1	H	4	N	2500	0	40	242	104	25	21	28	0	0	0	0	0	0	0	0	0	0	0	0	27763696	
1284	1	H	4	N	2500	0	40	368	118	28	24	34	0	0	0	0	0	0	0	0	0	0	0	0	27765474	
1285	1	H	5	N	2500	2	1	105	20	12	15	35	0	0	0	0	0	0	0	0	0	0	0	0	27777798	
1286	1	H	6	N	2500	6	40	325	112	23	21	29	0	0	0	0	0	0	0	0	0	0	0	0	27787548	
1287	1	H	6	N	2500	2	1	128	69	19	18	24	0	0	0	0	0	0	0	0	0	0	0	0	27788500	
1288	1	H	6	N	2500	2	1	231	80	18	16	19	0	0	0	0	0	0	0	0	0	0	0	0	27788609	
1289	1	H	6	N	2500	6	40	380	134	34	28	44	0	0	0	0	0	0	0	0	0	0	0	0	27788640	
1290	1	H	6	N	2500	6	40	335	122	30	25	29	0	0	0	0	0	0	0	0	0	0	0	0	27789249	
1291	1	H	6	N	2500	0	1	209	88	20	17	22	0	0	0	0	0	0	0	0	0	0	0	0	27789280	
1292	1	H	6	N	2500	0	40	371	136	32	28	44	0	0	0	0	0	0	0	0	0	0	0	0	27790013	
1293	1	H	6	N	2500	0	40	209	119	33	25	36	0	0	0	0	0	0	0	0	0	0	0	0	27790544	
1294	1	H	6	N	2500	0	40	269	137	41	30	37	0	0	0	0	0	0	0	0	0	0	0	0	27790965	
1295	1	H	6	N	2500	0	40	360	138	37	32	46	0	0	0	0	0	0	0	0	0	0	0	0	27792088	
1296	1	H	6	N	2500	0	1	161	97	29	20	27	0	0	0	0	0	0	0	0	0	0	0	0	27792572	
1297	1	H	6	N	2500	0	1	157	78	17	16	22	0	0	0	0	0	0	0	0	0	0	0	0	27794085	
1298	1	H	7	N	2500	2	1	158	109	24	21	33	0	0	0	0	0	0	0	0	0	0	0	0	27802790	
1299	1	H	8	N	2500	2	1	74	15	3	3	6	0	0	0	0	0	0	0	0	0	0	0	0	27817625	
1300	1	H	8	N	2500	2	1	68	16	4	5	7	0	0	0	0	0	0	0	0	0	0	0	0	27817625	
1301	1	H	8	N	2500	2	1	57	16	4	5	9	0	0	0	0	0	0	0	0	0	0	0	0	27819341	
1302	1	H	8	N	2500	2	1	98	27	4	4	5	0	0	0	0	0	0	0	0	0	0	0	0	27819482	
1303	1	H	8	N	2500	2	1	113	37	6	4	6	0	0	0	0	0	0	0	0	0	0	0	0	27820371	
1304	1	H	8	N	2500	2	1	135	97	30	24	33	0	0	0	0	0	0	0	0	0	0	0	0	27820511	
1305	1	H	8	N	2500	2	1	72	23	10	9	13	0	0	0	0	0	0	0	0	0	0	0	0	27821073	
1306	1	H	8	N	2500	2	1	63	12	3	4	7	0	0	0	0	0	0	0	0	0	0	0	0	27821213	
1307	1	H	8	N	2500	6	40	355	128	30	22	30	0	0	0	0	0	0	0	0	0	0	0	0	27821572	
1308	1	H	8	N	2500	2	1	165	50	11	10	14	0	0	0	0	0	0	0	0	0	0	0	0	27821946	
1309	1	H	8	N	2500	2	1	275	84	14	11	18	0	0	0	0	0	0	0	0	0	0	0	0	27822056	
1310	1	H	8	N	2500	2	1	139	26	4	4	6	0	0	0	0	0	0	0	0	0	0	0	0	27822212	
1311	1	H	8	N	2500	2	1	118	53	16	11	14	0	0	0	0	0	0	0	0	0	0	0	0	27822461	
1312	1	H	8	N	2500	2	1	68	34	9	7	8	0	0	0	0	0	0	0	0	0	0	0	0	27822461	
1313	1	H	9	N	2500	2	1	73	22	5	5	9	0	0	0	0	0	0	0	0	0	0	0	0	27833350	
1314	1	H	9	N	2500	2	1	107	26	2	2	5	0	0	0	0	0	0	0	0	0	0	0	0	27834380	
1315	1	H	10	N	2500	2	1	217	96	30	24	29	0	0	0	0	0	0	0	0	0	0	0	0	27845643	
1316	1	H	10	N	2500	6	40	322	110	23	19	29	0	0	0	0	0	0	0	0	0	0	0	0	27845908	
1317	1	H	10	N	2500	2	1	169	93	21	16	21	0	0	0	0	0	0	0	0	0	0	0	0	27846392	
1318	1	H	10	N	2500	6	40	297	102	22	17	23	0	0	0	0	0	0	0	0	0	0	0	0	27846501	
1319	1	H	10	N	2500	6	40	290	124	29	22	32	0	0	0	0	0	0	0	0	0	0	0	0	27847156	
1320	1	H	10	N	2500	0	1	86	26	6	7	14	0	0	0	0	0	0	0	0	0	0	0	0	27847187	
1321	1	H	10	N	2500	0	40	180	114	32	22	32	0	0	0	0	0	0	0	0	0	0	0	0	27847624	
1322	1	H	10	N	2500	0	1	143	56	12	10	13	0	0	0	0	0	0	0	0	0	0	0	0	27849122	
1323	1	H	10	N	2500	0	1	261	74	14	11	15	0	0	0	0	0	0	0	0	0	0	0	0	27849262	
1324	1	H	10	N	2500	0	40	285	101	22	16	23	0	0	0	0	0	0	0	0	0	0	0	0	27850713	
1325	1	H	10	N	2500	0	40	315	112	26	20	26	0	0	0	0	0	0	0	0	0	0	0	0	27851290	
1326	1	H	11	N	2500	2	1	56	9	2	2	5	0	0	0	0	0	0	0	0	0	0	0	0	27866890	
1327	1	H	12	N	2500	2	1	69	16	7	11	20	0	0	0	0	0	0	0	0	0	0	0	0	27875532	
1328	1	H	12	N	2500	6	40	353	111	27	24	42	0	0	0	0	0	0	0	0	0	0	0	0	27876047	
1329	1	H	12	N	2500	6	40	270	136	40	29	39	0	0	0	0	0	0	0	0	0	0	0	0	27876250	
1330	1	H	12	N	2500	6	40	354	136	34	28	44	0	0	0	0	0	0	0	0	0	0	0	0	27877826	
1331	1	H	12	N	2500	0	40	290	140	35	28	35	0	0	0	0	0	0	0	0	0	0	0	0	27878824	
1332	1	H	12	N	2500	0	40	391	146	38	31	48	0	0	0	0	0	0	0	0	0	0	0	0	27878964	
1333	1	H	12	N	2500	0	40	444	146	34	26	44	0	0	0	0	0	0	0	0	0	0	0	0	27879339	
1334	1	H	12	N	2500	0	40	391	147	42	35	44	0	0	0	0	0	0	0	0	0	0	0	0	27879370	
1335	1	H	12	N	2500	0	40	418	159	43	33	45	0	0	0	0	0	0	0	0	0	0	0	0	27879526	
1336	1	H	12	N	2500	0	40	312	104	22	19	31	0	0	0	0	0	0	0	0	0	0	0	0	27879542	
1337	1	H	12	N	2500	0	40	328	109	23	20	33	0	0	0	0	0	0	0	0	0	0	0	0	27879666	
1338	1	H	12	N	2500	0	40	343	140	41	33	50	0	0	0	0	0	0	0	0	0	0	0	0	27879682	
1339	1	H	12	N	2500	0	40	233	114	31	22	29	0	0	0	0	0	0	0	0	0	0	0	0	27880244	
1340	1	H	12	N	2500	0	40	324	112	27	22	32	0	0	0	0	0	0	0	0	0	0	0	0	27880337	
1341	1	H	12	N	2500	0	40	346	119	28	21	35	0	0	0	0	0	0	0	0	0	0	0	0	27881211	


Threshold source: EXT,  value 50
Min TOF = 50
EXT signal gain 1.6
Green signal gain 3.0
Yellow signal gain 3.0
Red signal gain 3.0
Green PMT voltage 700
Yellow PMT voltage 700
Red PMT voltage 900
Signal multipliers: 1.0,1.0,1.0,1.0
C:\Users\unionbio\Desktop\COPAS Templates\USE for L4 dispense4.csv